-254621.038    80.083     0.00    5.53
-254244.922    82.365     6.07    6.52
-253868.808    83.789     3.79    6.51
-253492.698    86.195     6.40    5.87
-253116.591    88.729     6.74    7.62
-252740.487    90.168     3.82    7.58
-252364.385    91.733     4.16    8.49
-251988.287    93.207     3.92    8.99
-251612.192    94.704     3.98    8.24
-251236.100    97.681     7.92    7.54
-250860.011    96.606    -2.86    8.12
-250483.925    92.526   -10.85    9.21
-250107.842    87.330   -13.82    8.17
-249731.761    85.033    -6.11    7.26
-249355.684    86.411     3.67    9.06
-248979.610    89.526     8.28    9.70
-248603.539    93.090     9.48    8.02
-248227.471    94.349     3.35    7.52
-247851.406    96.218     4.97    6.50
-247475.344    98.418     5.85    6.50
-247099.286   100.821     6.39    6.53
-246723.230   101.808     2.63    5.81
-246347.177   102.519     1.89    5.42
-245971.127   104.116     4.25    5.09
-245595.080   104.839     1.92    4.79
-245219.036   105.304     1.24    5.83
-244842.995   104.871    -1.15    6.53
-244466.957   104.254    -1.64    6.56
-244090.922   103.193    -2.82    6.72
-243714.890   101.460    -4.61    6.12
-243338.861   100.384    -2.86    6.42
-242962.835   100.573     0.50    6.04
-242586.812    99.654    -2.44    6.14
-242210.792    94.654   -13.30    9.55
-241834.775    89.682   -13.22   11.28
-241458.761    81.706   -21.21    8.99
-241082.750    77.102   -12.24    6.92
-240706.742    73.349    -9.98    7.62
-240330.736    69.090   -11.33    9.01
-239954.734    66.475    -6.96    7.76
-239578.735    64.629    -4.91    6.82
-239202.739    65.207     1.54    6.14
-238826.746    66.129     2.45    5.87
-238450.755    70.222    10.89    6.05
-238074.768    73.129     7.73    6.65
-237698.784    76.654     9.38    6.61
-237322.802    81.071    11.75    6.40
-236946.824    82.141     2.85    6.03
-236570.848    82.276     0.36    7.84
-236194.876    82.006    -0.72    8.31
-235818.906    84.680     7.11    8.52
-235442.940    84.519    -0.43    8.08
-235066.976    88.116     9.57    8.18
-234691.015    89.260     3.04    7.87
-234315.058    86.600    -7.07    9.37
-233939.103    79.244   -19.57   12.15
-233563.151    74.757   -11.94    9.47
-233187.202    74.023    -1.95    8.76
-232811.256    76.681     7.07    8.87
-232435.313    81.398    12.55    7.30
-232059.373    82.114     1.90    6.71
-231683.436    81.704    -1.09    7.00
-231307.501    79.454    -5.99    7.26
-230931.570    79.797     0.91    5.59
-230555.642    80.195     1.06    5.85
-230179.716    82.681     6.61    7.13
-229803.794    85.925     8.63    8.12
-229427.874    89.181     8.66    8.72
-229051.958    91.600     6.44    8.21
-228676.044    93.254     4.40    7.42
-228300.133    93.398     0.38    7.24
-227924.225    91.898    -3.99    7.47
-227548.320    89.812    -5.55    6.36
-227172.418    87.142    -7.11    6.73
-226796.519    84.365    -7.39    6.89
-226420.622    82.043    -6.18    7.72
-226044.729    81.603    -1.17    8.00
-225668.839    79.627    -5.26    8.60
-225292.951    79.504    -0.33    8.28
-224917.066    80.757     3.33    7.51
-224541.185    80.340    -1.11    5.15
-224165.306    82.681     6.23    5.88
-223789.430    84.871     5.82    6.61
-223413.557    86.075     3.21    6.26
-223037.687    87.270     3.18    6.24
-222661.820    86.384    -2.36    6.78
-222285.955    85.254    -3.01    6.31
-221910.094    84.347    -2.42    7.02
-221534.235    83.628    -1.91    7.21
-221158.379    80.339    -8.75    9.98
-220782.527    76.988    -8.92    9.52
-220406.677    76.167    -2.18    8.24
-220030.830    76.210     0.11    7.77
-219654.985    80.142    10.46    6.14
-219279.144    81.488     3.58    5.06
-218903.306    82.804     3.50    4.79
-218527.470    84.577     4.72    5.10
-218151.638    86.626     5.45    5.77
-217775.808    86.898     0.72    6.12
-217399.981    85.519    -3.67    7.22
-217024.157    82.575    -7.83    6.60
-216648.336    79.680    -7.70    6.79
-216272.517    78.871    -2.15    7.64
-215896.443    75.362    -9.33    7.88
-215520.055    72.706    -7.06    7.26
-215143.669    70.365    -6.22    6.39
-214767.287    69.411    -2.53    6.43
-214390.907    68.988    -1.13    6.38
-214014.530    68.167    -2.18    6.03
-213638.157    68.321     0.41    6.11
-213261.786    66.500    -4.84    4.73
-212885.417    64.960    -4.09    5.25
-212509.052    64.962     0.01    5.85
-212132.690    63.680    -3.41    5.69
-211756.330    62.686    -2.64    6.30
-211379.973    60.168    -6.69    6.93
-211003.619    58.681    -3.95    6.54
-210627.268    58.114    -1.51    6.94
-210250.920    57.918    -0.52    6.35
-209874.574    58.087     0.45    6.47
-209498.232    59.142     2.80    5.70
-209121.892    59.270     0.34    5.43
-208745.555    60.049     2.07    5.24
-208369.221    59.681    -0.98    5.06
-207992.890    58.424    -3.34    5.49
-207616.562    58.577     0.41    5.29
-207240.236    57.871    -1.88    5.51
-206863.913    58.270     1.06    6.06
-206487.593    59.404     3.02    7.61
-206111.276    61.347     5.16    6.92
-205734.962    63.142     4.77    5.63
-205358.651    63.092    -0.13    5.97
-204982.342    59.603    -9.27    7.05
-204606.036    56.600    -7.98    6.81
-204229.733    51.817   -12.71    7.84
-203853.433    45.859   -15.83    8.63
-203477.136    42.330    -9.38    7.75
-203100.841    39.731    -6.91    6.33
-202724.550    38.142    -4.22    4.04
-202348.261    38.365     0.59    2.87
-201971.975    36.731    -4.34    5.57
-201595.691    36.500    -0.61    6.31
-201219.411    36.347    -0.41    5.62
-200843.133    36.357     0.03    6.17
-200466.858    37.116     2.02    5.81
-200090.586    38.627     4.02    5.36
-199714.317    40.786     5.74    6.96
-199338.050    44.944    11.05    7.28
-198961.787    49.092    11.02    6.76
-198585.526    51.911     7.49    4.71
-198209.268    52.075     0.44    4.66
-197833.012    51.384    -1.84    5.44
-197456.760    48.680    -7.19    6.79
-197080.510    46.099    -6.86    6.13
-196704.263    45.552    -1.45    5.34
-196328.019    44.962    -1.57    4.47
-195951.777    46.573     4.28    5.40
-195575.538    49.244     7.10    6.08
-195199.303    50.116     2.32    6.40
-194823.069    51.424     3.48    5.94
-194446.839    53.330     5.07    4.30
-194070.612    54.142     2.16    3.47
-193694.387    55.735     4.24    4.15
-193318.165    56.102     0.97    4.67
-192941.945    58.249     5.71    5.09
-192565.729    60.686     6.48    4.87
-192189.515    62.654     5.23    6.54
-191813.304    64.786     5.67    5.99
-191437.096    65.599     2.16    5.37
-191060.890    68.321     7.24    6.31
-190684.688    70.710     6.35    7.38
-190308.488    74.218     9.33    9.47
-189932.290    76.988     7.36    9.26
-189556.096    79.141     5.72    8.38
-189179.904    81.075     5.14    6.99
-188803.715    80.962    -0.30    5.81
-188427.529    81.554     1.57    5.90
-188051.345    81.519    -0.09    5.72
-187675.165    82.479     2.55    6.22
-187298.987    84.707     5.92    6.31
-186922.811    87.384     7.12    7.63
-186546.639    88.465     2.87    6.56
-186170.469    88.626     0.43    4.76
-185794.302    86.039    -6.88    4.90
-185418.137    83.218    -7.50    5.48
-185041.976    80.543    -7.11    4.39
-184665.817    78.193    -6.25    4.59
-184289.661    76.349    -4.90    4.28
-183913.507    73.996    -6.25    4.99
-183537.356    73.629    -0.98    5.46
-183161.208    74.033     1.07    6.48
-182785.063    73.707    -0.87    6.89
-182408.921    73.444    -0.70    6.63
-182032.781    70.904    -6.75    6.57
-181656.643    70.168    -1.96    5.61
-181280.509    69.911    -0.68    5.77
-180904.377    68.783    -3.00    5.72
-180528.248    68.195    -1.56    4.88
-180152.122    66.762    -3.81    5.67
-179775.998    66.099    -1.76    5.72
-179399.877    65.398    -1.86    5.87
-179023.759    65.013    -1.02    5.55
-178647.643    65.844     2.21    5.24
-178271.531    65.706    -0.37    5.34
-177895.420    65.043    -1.76    6.18
-177519.313    64.844    -0.53    6.17
-177143.208    63.039    -4.80    5.44
-176767.106    63.839     2.13    5.93
-176391.007    63.128    -1.89    4.79
-176014.910    62.444    -1.82    4.82
-175638.816    61.954    -1.30    5.15
-175262.725    60.600    -3.60    4.36
-174886.636    59.304    -3.45    5.33
-174510.550    58.885    -1.11    5.45
-174134.467    59.210     0.86    5.35
-173758.386    58.114    -2.91    5.46
-173382.308    55.735    -6.32    5.67
-173006.233    54.523    -3.22    5.63
-172630.160    51.554    -7.89    5.70
-172254.090    48.460    -8.23    5.70
-171878.023    45.429    -8.06    5.04
-171501.958    42.654    -7.38    3.96
-171125.896    40.979    -4.46    3.35
-170749.837    42.128     3.06    5.19
-170373.780    45.065     7.81    7.92
-169997.726    48.090     8.05    8.01
-169621.675    51.549     9.20    7.73
-169245.626    53.929     6.33    6.22
-168869.580    55.321     3.70    5.82
-168493.537    57.204     5.01    5.67
-168117.496    59.090     5.02    5.28
-167741.458    60.793     4.53    5.25
-167365.423    63.546     7.32    5.30
-166989.390    65.898     6.25    4.83
-166613.360    67.312     3.76    4.31
-166237.332    70.104     7.43    4.72
-165861.308    70.492     1.03    4.60
-165485.285    71.429     2.49    4.80
-165109.266    70.295    -3.02    6.26
-164733.249    68.075    -5.90    6.96
-164357.234    67.575    -1.33    7.19
-163981.223    67.475    -0.27    7.19
-163605.214    68.944     3.91    6.63
-163229.207    72.432     9.28    6.77
-162853.203    76.859    11.78    8.60
-162477.202    82.087    13.90    8.67
-162101.204    84.904     7.49    7.21
-161725.208    85.424     1.38    5.76
-161349.214    83.540    -5.01    5.79
-160973.224    80.357    -8.47    5.70
-160597.236    77.384    -7.91    6.28
-160221.250    74.470    -7.75    6.39
-159845.267    72.193    -6.06    5.80
-159469.287    71.492    -1.86    5.75
-159093.309    70.379    -2.96    5.45
-158717.334    70.167    -0.56    5.89
-158341.362    69.654    -1.36    5.04
-157965.392    67.925    -4.60    4.21
-157589.425    67.142    -2.08    4.41
-157213.460    65.808    -3.55    4.80
-156837.498    63.349    -6.54    4.25
-156461.538    61.398    -5.19    4.11
-156085.581    59.765    -4.34    4.26
-155709.627    58.808    -2.55    3.84
-155333.675    57.372    -3.82    3.31
-154957.726    57.066    -0.81    3.83
-154581.780    56.600    -1.24    3.92
-154205.836    56.575    -0.07    3.96
-153829.895    56.470    -0.28    3.62
-153453.956    56.500     0.08    4.25
-153078.020    56.573     0.19    4.58
-152702.086    56.404    -0.45    4.42
-152326.155    56.090    -0.84    4.19
-151950.226    55.602    -1.30    4.47
-151574.301    54.898    -1.87    5.04
-151198.377    52.526    -6.31    4.83
-150822.457    51.295    -3.27    4.19
-150446.538    49.543    -4.66    3.42
-150070.623    50.629     2.89    4.30
-149694.710    52.238     4.28    4.87
-149318.799    54.049     4.82    5.14
-148942.891    55.475     3.79    4.56
-148566.986    57.311     4.88    4.53
-148191.083    59.303     5.30    4.88
-147815.183    62.627     8.84    5.85
-147439.285    66.979    11.58    8.37
-147063.390    71.270    11.42    8.08
-146687.497    73.330     5.48    6.85
-146311.607    74.295     2.57    5.32
-145935.720    73.295    -2.66    4.23
-145559.835    72.577    -1.91    3.77
-145183.952    71.681    -2.38    4.54
-144808.072    71.577    -0.28    4.94
-144432.195    71.891     0.83    5.64
-144056.320    73.765     4.99    6.06
-143680.448    76.330     6.82    5.55
-143304.578    78.600     6.04    5.43
-142928.711    80.207     4.27    6.09
-142552.846    80.347     0.37    5.95
-142176.984    78.904    -3.84    6.10
-141801.125    78.102    -2.14    5.67
-141425.267    78.168     0.18    5.32
-141049.413    81.357     8.49    6.44
-140673.154    84.295     7.81    6.31
-140296.797    86.546     5.98    4.34
-139920.444    86.372    -0.46    4.17
-139544.093    84.039    -6.20    4.46
-139167.745    82.090    -5.18    4.30
-138791.399    80.627    -3.89    4.04
-138415.055    80.167    -1.22    3.95
-138038.714    78.891    -3.39    3.46
-137662.376    77.765    -2.99    3.49
-137286.040    79.303     4.09    4.49
-136909.707    82.006     7.18    5.64
-136533.376    83.681     4.45    5.28
-136157.047    83.731     0.13    5.14
-135780.722    81.936    -4.77    5.55
-135404.398    79.475    -6.54    4.54
-135028.077    78.629    -2.25    4.32
-134651.759    78.682     0.14    4.39
-134275.443    77.577    -2.94    4.92
-133899.130    75.708    -4.97    4.43
-133522.819    74.500    -3.21    4.13
-133146.511    74.962     1.23    4.31
-132770.205    76.049     2.89    5.39
-132393.902    77.207     3.08    5.40
-132017.601    77.398     0.51    6.18
-131641.302    78.116     1.91    5.47
-131265.006    76.627    -3.96    5.51
-130888.713    76.303    -0.86    5.13
-130512.422    75.573    -1.94    4.32
-130136.134    73.952    -4.31    4.99
-129759.848    72.006    -5.17    5.01
-129383.564    71.096    -2.42    5.44
-129007.283    70.654    -1.17    6.06
-128631.005    71.859     3.20    7.40
-128254.729    72.293     1.15    6.77
-127878.455    72.167    -0.34    7.64
-127502.184    71.303    -2.30    8.55
-127125.915    70.680    -1.66    9.03
-126749.649    70.549    -0.35    7.98
-126373.385    70.808     0.69    6.67
-125997.124    69.898    -2.42    5.51
-125620.865    68.424    -3.92    5.44
-125244.609    65.879    -6.76    6.11
-124868.355    64.960    -2.44    6.94
-124492.103    62.523    -6.48    5.20
-124115.854    61.330    -3.17    4.66
-123739.608    59.681    -4.38    4.69
-123363.364    59.735     0.14    4.82
-122987.122    60.683     2.52    4.48
-122610.883    61.129     1.19    4.78
-122234.646    61.808     1.80    4.65
-121858.412    61.546    -0.70    4.40
-121482.180    60.295    -3.32    4.59
-121105.951    59.952    -0.91    4.34
-120729.724    59.681    -0.72    4.14
-120353.499    60.347     1.77    5.70
-119977.277    61.193     2.25    6.75
-119601.057    61.708     1.37    6.74
-119224.840    61.207    -1.33    7.53
-118848.625    61.167    -0.11    7.04
-118472.413    59.735    -3.81    6.42
-118096.203    59.885     0.40    5.83
-117719.995    59.654    -0.61    4.34
-117343.790    59.249    -1.08    4.29
-116967.587    58.871    -1.01    3.86
-116591.387    58.071    -2.13    3.71
-116215.189    57.449    -1.65    4.30
-115838.994    56.679    -2.05    4.42
-115462.800    56.349    -0.88    4.27
-115086.610    56.154    -0.52    4.81
-114710.422    55.812    -0.91    5.12
-114334.236    55.680    -0.35    4.94
-113958.052    53.962    -4.57    4.89
-113581.871    53.116    -2.25    5.08
-113205.693    50.627    -6.62    4.79
-112829.516    49.707    -2.44    4.99
-112453.343    48.372    -3.55    5.56
-112077.171    46.765    -4.27    5.03
-111701.002    45.526    -3.29    5.06
-111324.836    43.918    -4.28    5.21
-110948.671    43.735    -0.48    4.77
-110572.509    42.600    -3.02    4.69
-110196.350    43.438     2.23    5.89
-109820.193    43.295    -0.38    5.57
-109444.038    42.529    -2.04    5.84
-109067.886    43.276     1.98    6.07
-108691.736    43.454     0.47    5.49
-108315.588    44.602     3.05    5.17
-107939.443    44.418    -0.49    4.40
-107563.300    46.330     5.08    4.88
-107187.160    48.936     6.93    6.07
-106811.022    51.549     6.95    5.18
-106434.886    53.404     4.93    4.61
-106058.753    52.102    -3.46    4.49
-105682.622    49.627    -6.58    4.12
-105306.494    48.500    -2.99    4.16
-104930.367    46.962    -4.09    4.07
-104554.244    45.904    -2.81    4.07
-104178.122    44.249    -4.40    4.70
-103802.003    42.789    -3.88    4.74
-103425.886    41.654    -3.02    4.36
-103049.772    40.829    -2.19    3.90
-102673.660    41.411     1.55    3.74
-102297.550    41.552     0.37    3.95
-101921.443    40.339    -3.23    3.91
-101545.338    39.049    -3.43    3.07
-101169.235    37.600    -3.85    2.56
-100793.135    37.193    -1.08    2.27
-100417.037    36.312    -2.34    2.16
-100040.941    35.349    -2.56    2.03
 -99664.848    34.470    -2.34    2.22
 -99288.757    32.960    -4.02    3.96
 -98912.668    31.424    -4.09    5.26
 -98536.582    29.603    -4.84    6.89
 -98160.498    27.540    -5.49    6.94
 -97784.416    26.114    -3.79    7.34
 -97408.337    26.438     0.86    7.52
 -97032.260    25.898    -1.44    7.41
 -96656.186    25.529    -0.98    6.84
 -96280.113    24.330    -3.19    5.91
 -95904.043    22.475    -4.93    4.06
 -95527.976    21.142    -3.55    3.57
 -95151.910    20.731    -1.09    4.42
 -94775.847    21.114     1.02    4.68
 -94399.787    21.603     1.30    4.83
 -94023.728    22.023     1.12    4.77
 -93647.672    21.154    -2.31    4.94
 -93271.618    21.789     1.69    4.94
 -92895.567    22.357     1.51    4.16
 -92519.518    22.391     0.09    3.51
 -92143.471    22.808     1.11    2.42
 -91767.426    21.967    -2.24    2.52
 -91391.384    21.286    -1.81    2.16
 -91015.344    20.708    -1.54    1.73
 -90639.307    20.357    -0.93    1.70
 -90263.271    20.116    -0.64    1.74
 -89887.238    20.496     1.01    2.52
 -89511.207    21.808     3.49    3.18
 -89135.179    22.731     2.45    3.12
 -88759.153    23.680     2.52    1.83
 -88383.129    23.898     0.58    1.52
 -88007.107    25.167     3.38    4.83
 -87631.088    26.680     4.02    6.72
 -87255.071    29.043     6.29    6.84
 -86879.056    29.627     1.55    5.80
 -86503.044    31.168     4.10    6.69
 -86127.034    32.925     4.67    7.55
 -85751.026    34.962     5.42    7.21
 -85375.020    36.473     4.02    6.46
 -84999.017    36.526     0.14    6.47
 -84623.016    36.865     0.90    5.91
 -84247.017    38.321     3.87    4.58
 -83871.020    38.424     0.27    4.41
 -83495.026    39.276     2.27    2.99
 -83119.034    38.218    -2.81    3.33
 -82743.044    36.680    -4.09    4.86
 -82367.057    32.065   -12.28    9.56
 -81991.071    25.789   -16.69   10.65
 -81615.088    20.602   -13.80    9.74
 -81239.108    17.372    -8.59    6.07
 -80863.129    18.293     2.45    4.92
 -80487.153    18.141    -0.41    5.42
 -80111.179    18.925     2.08    5.53
 -79735.207    18.303    -1.65    5.38
 -79359.238    19.102     2.12    4.46
 -78983.271    19.311     0.56    4.17
 -78607.306    18.354    -2.55    4.61
 -78231.343    17.944    -1.09    4.60
 -77855.382    17.789    -0.41    5.18
 -77479.424    17.962     0.46    4.69
 -77103.468    19.496     4.08    5.70
 -76727.514    22.944     9.17    7.31
 -76351.563    27.786    12.88    8.95
 -75975.613    33.398    14.93    9.72
 -75599.666    40.276    18.30    6.78
 -75223.721    42.680     6.39    4.73
 -74847.779    44.554     4.99    4.85
 -74471.838    46.543     5.29    4.86
 -74095.900    47.898     3.60    4.36
 -73719.964    47.762    -0.36    3.92
 -73344.030    46.708    -2.80    3.73
 -72968.099    45.033    -4.46    3.58
 -72592.170    43.911    -2.98    2.81
 -72216.242    43.554    -0.95    3.12
 -71840.318    44.102     1.46    3.96
 -71464.395    45.006     2.40    3.95
 -71088.474    44.731    -0.73    4.21
 -70712.556    43.733    -2.65    4.55
 -70336.640    41.391    -6.23    4.76
 -69960.726    38.519    -7.64    3.30
 -69584.815    38.629     0.29    3.25
 -69208.905    38.765     0.36    3.92
 -68832.998    38.295    -1.25    4.75
 -68457.093    36.988    -3.48    5.06
 -68081.190    35.596    -3.70    4.14
 -67705.289    35.411    -0.49    3.55
 -67329.391    36.600     3.16    5.00
 -66953.494    39.357     7.33    5.75
 -66577.600    41.330     5.25    5.37
 -66201.708    42.265     2.49    4.57
 -65825.750    42.065    -0.53    4.05
 -65449.422    41.142    -2.45    3.93
 -65073.095    41.128    -0.04    3.75
 -64696.771    41.312     0.49    3.67
 -64320.448    42.418     2.94    3.56
 -63944.128    42.962     1.45    3.21
 -63567.810    43.871     2.41    3.64
 -63191.495    45.783     5.08    4.91
 -62815.181    48.154     6.30    5.55
 -62438.870    49.424     3.37    5.20
 -62062.561    50.552     3.00    5.03
 -61686.254    49.967    -1.55    4.79
 -61309.949    50.116     0.40    3.97
 -60933.646    51.519     3.73    4.33
 -60557.346    53.249     4.60    4.23
 -60181.047    55.438     5.82    4.16
 -59804.751    58.015     6.85    4.92
 -59428.457    61.470     9.18    5.32
 -59052.165    63.962     6.62    5.48
 -58675.876    63.762    -0.53    4.51
 -58299.588    63.885     0.33    3.83
 -57923.303    62.244    -4.36    3.68
 -57547.019    60.911    -3.54    3.16
 -57170.738    60.033    -2.33    3.44
 -56794.459    58.936    -2.91    3.32
 -56418.183    58.222    -1.90    3.86
 -56041.908    57.168    -2.80    3.90
 -55665.635    56.438    -1.94    3.89
 -55289.365    55.654    -2.08    4.12
 -54913.097    54.193    -3.88    4.79
 -54536.831    51.918    -6.05    6.03
 -54160.567    48.904    -8.01    4.96
 -53784.305    47.141    -4.69    3.36
 -53408.045    46.988    -0.41    3.81
 -53031.788    48.628     4.36    4.28
 -52655.533    49.500     2.32    4.07
 -52279.279    48.708    -2.11    4.84
 -51903.028    46.760    -5.18    5.07
 -51526.779    45.552    -3.21    5.04
 -51150.532    45.575     0.06    4.94
 -50774.287    46.330     2.01    4.59
 -50398.045    47.529     3.19    3.69
 -50021.804    49.844     6.15    4.18
 -49645.566    51.681     4.88    5.06
 -49269.329    54.006     6.18    5.71
 -48893.095    55.515     4.01    5.90
 -48516.863    56.526     2.69    5.93
 -48140.633    57.552     2.73    5.51
 -47764.405    59.071     4.04    5.00
 -47388.180    59.602     1.41    4.96
 -47011.956    60.710     2.95    4.22
 -46635.734    61.628     2.44    5.09
 -46259.515    61.167    -1.22    5.10
 -45883.298    60.168    -2.66    5.41
 -45507.082    58.496    -4.44    4.65
 -45130.869    56.286    -5.88    4.44
 -44754.658    54.629    -4.40    4.28
 -44378.449    53.627    -2.66    4.28
 -44002.242    53.295    -0.88    4.28
 -43626.037    52.603    -1.84    4.40
 -43249.835    52.492    -0.29    4.20
 -42873.634    51.222    -3.38    4.75
 -42497.436    49.303    -5.10    4.42
 -42121.239    47.475    -4.86    4.49
 -41745.045    46.321    -3.07    4.44
 -41368.852    45.960    -0.96    4.27
 -40992.662    44.654    -3.47    4.83
 -40616.474    43.891    -2.03    5.70
 -40240.288    41.654    -5.95    6.59
 -39864.104    39.962    -4.50    6.62
 -39487.922    38.065    -5.04    4.95
 -39111.742    37.244    -2.18    4.53
 -38735.564    36.181    -2.83    4.68
 -38359.389    36.154    -0.07    4.56
 -37983.215    36.087    -0.18    4.17
 -37607.043    35.979    -0.29    3.94
 -37230.874    36.859     2.34    4.02
 -36854.706    38.682     4.85    5.72
 -36478.541    39.492     2.15    6.14
 -36102.378    40.060     1.51    5.85
 -35726.216    39.979    -0.22    5.16
 -35350.057    39.577    -1.07    3.86
 -34973.900    39.519    -0.15    3.38
 -34597.745    39.475    -0.12    3.81
 -34221.591    39.312    -0.43    3.92
 -33845.440    39.708     1.05    3.84
 -33469.291    40.911     3.20    3.89
 -33093.144    42.654     4.64    4.44
 -32716.999    44.602     5.18    4.04
 -32340.856    46.293     4.50    4.18
 -31964.716    48.218     5.12    4.26
 -31588.577    50.600     6.33    4.42
 -31212.440    51.808     3.21    4.15
 -30836.305    51.829     0.06    4.41
 -30460.172    51.911     0.22    4.88
 -30084.042    51.168    -1.98    5.03
 -29707.913    50.168    -2.66    4.00
 -29331.786    49.492    -1.80    3.64
 -28955.661    48.602    -2.37    3.88
 -28579.539    48.071    -1.41    3.86
 -28203.418    49.679     4.27    4.40
 -27827.300    50.936     3.34    4.22
 -27451.183    52.303     3.63    4.56
 -27075.068    54.142     4.89    4.22
 -26698.956    53.918    -0.60    4.82
 -26322.845    53.347    -1.52    4.72
 -25946.737    52.821    -1.40    4.51
 -25570.630    51.911    -2.42    4.41
 -25194.526    52.543     1.68    3.55
 -24818.423    53.116     1.52    3.63
 -24442.322    54.783     4.43    3.85
 -24066.224    56.436     4.40    4.50
 -23690.127    58.789     6.26    4.88
 -23314.033    60.411     4.31    4.31
 -22937.940    59.817    -1.58    4.31
 -22561.850    58.154    -4.42    4.75
 -22185.761    56.789    -3.63    4.87
 -21809.675    55.372    -3.77    4.96
 -21433.590    53.654    -4.57    3.97
 -21057.507    52.681    -2.59    3.51
 -20681.427    51.970    -1.89    3.71
 -20305.348    52.526     1.48    3.96
 -19929.271    52.321    -0.55    3.56
 -19553.197    51.627    -1.84    3.43
 -19177.124    50.039    -4.22    3.80
 -18801.053    48.765    -3.39    3.05
 -18424.985    48.116    -1.73    3.04
 -18048.918    47.783    -0.89    3.62
 -17672.853    46.311    -3.91    4.09
 -17296.790    43.552    -7.34    4.78
 -16920.729    42.195    -3.61    4.36
 -16544.670    41.573    -1.65    3.39
 -16168.613    41.039    -1.42    3.81
 -15792.558    41.168     0.34    4.07
 -15416.505    41.193     0.07    3.88
 -15040.454    41.193     0.00    3.33
 -14664.405    39.708    -3.95    4.38
 -14288.358    37.918    -4.76    4.49
 -13912.313    37.962     0.12    4.39
 -13536.270    37.706    -0.68    4.31
 -13160.228    37.762     0.15    4.31
 -12784.189    36.629    -3.01    4.22
 -12408.152    36.844     0.57    4.32
 -12032.116    36.817    -0.07    5.13
 -11656.083    37.492     1.80    5.37
 -11280.051    37.498     0.02    4.91
 -10904.021    34.808    -7.15    6.18
 -10527.994    32.808    -5.32    5.95
 -10151.968    30.932    -4.99    6.79
  -9775.944    28.603    -6.19    6.07
  -9399.922    26.821    -4.74    6.24
  -9023.902    24.654    -5.76    6.98
  -8647.884    23.365    -3.43    6.35
  -8271.868    24.249     2.35    7.66
  -7895.854    25.844     4.24    7.95
  -7519.842    25.988     0.38    7.76
  -7143.831    26.606     1.64    6.24
  -6767.823    23.960    -7.04    7.04
  -6391.817    23.128    -2.21    7.24
  -6015.812    22.549    -1.54    6.64
  -5639.809    21.762    -2.09    6.05
  -5263.809    22.573     2.16    5.54
  -4887.810    23.054     1.28    5.51
  -4511.813    21.757    -3.45    4.81
  -4135.818    21.270    -1.30    5.23
  -3759.825    20.432    -2.23    5.18
  -3383.833    16.885    -9.43    6.60
  -3007.844    13.460    -9.11    8.26
  -2631.857    11.102    -6.27    8.16
  -2255.871     8.233    -7.63    7.29
  -1879.888     6.424    -4.81    7.22
  -1503.906     4.114    -6.14    5.95
  -1127.926     2.339    -4.72    4.59
   -751.948     0.808    -4.07    2.81
   -375.972    -0.123    -2.48    1.05
      0.002    -0.030     0.25    1.65
    375.974     2.276     6.13    6.20
    751.945     6.330    10.78    8.98
   1127.913     9.438     8.27    8.60
   1503.880    11.969     6.73    7.32
   1879.844    12.295     0.87    6.15
   2255.807    12.429     0.36    5.21
   2631.768    13.006     1.53    4.69
   3007.727    14.270     3.36    4.61
   3383.684    14.114    -0.41    5.57
   3759.640    14.065    -0.13    5.06
   4135.593    14.193     0.34    5.22
   4511.545    15.398     3.21    4.14
   4887.494    15.154    -0.65    3.96
   5263.442    15.786     1.68    3.48
   5639.388    16.731     2.51    2.93
   6015.332    17.877     3.05    2.60
   6391.275    17.116    -2.02    3.52
   6767.215    17.762     1.72    3.54
   7143.154    18.249     1.29    3.06
   7519.090    18.519     0.72    2.72
   7895.025    18.460    -0.16    3.07
   8270.958    16.988    -3.92    4.37
   8646.889    16.429    -1.49    4.67
   9022.818    16.979     1.46    5.31
   9398.934    18.579     4.26    4.65
   9775.233    20.444     4.95    3.70
  10151.530    20.885     1.17    2.69
  10527.825    20.844    -0.11    2.61
  10904.118    20.962     0.31    2.74
  11280.410    21.265     0.81    2.50
  11656.699    21.817     1.46    1.85
  12032.987    22.075     0.69    1.52
  12409.273    21.854    -0.59    2.23
  12785.557    21.962     0.29    2.72
  13161.839    22.039     0.20    3.10
  13538.120    22.182     0.38    2.87
  13914.398    20.925    -3.34    4.46
  14290.675    19.708    -3.23    4.86
  14666.950    18.418    -3.43    4.33
  15043.223    17.879    -1.43    4.17
  15419.495    17.762    -0.31    4.45
  15795.764    18.321     1.48    3.71
  16172.032    17.970    -0.93    4.31
  16548.298    18.128     0.42    4.58
  16924.562    18.844     1.90    4.38
  17300.824    19.779     2.49    3.77
  17677.084    19.654    -0.33    3.90
  18053.343    19.432    -0.59    4.10
  18429.600    19.654     0.59    3.72
  18805.855    20.710     2.81    3.59
  19182.108    21.962     3.33    3.31
  19558.359    23.526     4.16    1.98
  19934.609    24.169     1.71    1.29
  20310.856    24.114    -0.15    1.26
  20687.102    24.141     0.07    1.26
  21063.347    24.276     0.36    1.50
  21439.589    23.911    -0.97    2.17
  21815.830    23.411    -1.33    2.51
  22192.068    22.962    -1.19    2.56
  22568.305    19.706    -8.66    5.43
  22944.540    17.577    -5.66    6.81
  23320.774    16.817    -2.02    7.61
  23697.006    16.679    -0.36    8.18
  24073.235    17.786     2.94    8.33
  24449.463    17.932     0.39    8.72
  24825.690    17.033    -2.39    8.85
  25201.914    18.043     2.69    8.43
  25578.137    18.033    -0.03    7.49
  25954.358    17.783    -0.66    6.89
  26330.577    18.154     0.99    5.90
  26706.794    16.970    -3.15    6.72
  27083.010    16.628    -0.91    7.34
  27459.224    16.377    -0.67    7.37
  27835.436    16.706     0.87    7.06
  28211.646    16.708     0.01    7.30
  28587.855    18.090     3.67    6.28
  28964.062    18.834     1.98    5.68
  29340.267    19.244     1.09    4.79
  29716.470    18.944    -0.80    5.57
  30092.671    18.885    -0.16    4.79
  30468.871    20.911     5.38    3.44
  30845.069    21.988     2.86    3.48
  31221.265    23.438     3.86    2.95
  31597.460    23.357    -0.22    3.32
  31973.653    23.114    -0.65    3.30
  32349.844    22.207    -2.41    3.22
  32726.033    21.511    -1.85    2.59
  33102.220    21.604     0.25    2.56
  33478.406    21.628     0.06    2.56
  33854.590    21.904     0.73    2.17
  34230.773    22.475     1.52    2.01
  34606.953    22.602     0.34    1.74
  34983.132    22.181    -1.12    1.84
  35359.309    22.260     0.21    1.94
  35735.484    21.859    -1.06    1.88
  36111.658    21.411    -1.19    1.82
  36487.830    20.996    -1.10    1.74
  36864.000    21.504     1.35    2.26
  37240.169    22.883     3.66    3.05
  37616.335    25.222     6.22    5.89
  37992.500    29.546    11.50    7.63
  38368.664    33.384    10.20    7.95
  38744.825    35.789     6.39    6.47
  39120.985    37.765     5.25    4.62
  39497.143    36.829    -2.49    4.72
  39873.300    37.207     1.00    4.00
  40249.454    36.654    -1.47    4.03
  40625.607    35.783    -2.32    4.37
  41001.759    35.891     0.29    4.14
  41377.908    36.577     1.82    4.61
  41754.056    37.330     2.00    4.49
  42130.202    38.244     2.43    4.35
  42506.347    38.015    -0.61    4.26
  42882.490    38.391     1.00    3.71
  43258.631    39.757     3.63    3.81
  43634.770    40.243     1.29    2.96
  44010.908    39.039    -3.20    3.88
  44387.044    36.627    -6.41    5.52
  44763.178    33.762    -7.62    5.08
  45139.311    31.898    -4.96    6.57
  45515.442    32.182     0.76    7.45
  45891.571    30.065    -5.63    9.23
  46267.699    27.479    -6.87    9.58
  46643.824    24.222    -8.66    7.26
  47019.949    22.731    -3.96    5.31
  47396.071    24.706     5.25    4.52
  47772.192    27.808     8.25    5.35
  48148.311    31.602    10.09    6.34
  48524.429    34.834     8.59    6.22
  48900.545    37.844     8.00    5.05
  49276.659    40.114     6.04    4.31
  49652.771    41.339     3.26    3.50
  50028.882    41.382     0.11    3.42
  50404.991    39.988    -3.71    3.83
  50781.099    38.602    -3.69    3.83
  51157.205    37.238    -3.63    3.26
  51533.309    38.195     2.55    4.00
  51909.411    39.349     3.07    3.84
  52285.512    39.970     1.65    3.54
  52661.611    40.054     0.22    4.56
  53037.709    39.627    -1.14    5.15
  53413.805    39.218    -1.09    5.14
  53789.899    39.023    -0.52    4.83
  54165.992    37.918    -2.94    4.15
  54542.083    37.033    -2.35    5.49
  54918.172    37.529     1.32    5.06
  55294.260    39.546     5.36    5.42
  55670.346    40.438     2.37    5.33
  56046.430    40.952     1.37    4.97
  56422.513    40.083    -2.31    4.65
  56798.594    39.449    -1.68    4.50
  57174.673    39.911     1.23    4.34
  57550.751    39.349    -1.49    4.69
  57926.828    37.286    -5.49    5.44
  58302.902    36.599    -1.83    4.46
  58678.975    35.760    -2.23    3.69
  59055.046    36.154     1.05    3.53
  59431.116    36.249     0.25    2.92
  59807.184    35.812    -1.16    3.01
  60183.251    36.628     2.17    3.08
  60559.316    36.988     0.96    3.75
  60935.379    38.357     3.64    4.75
  61311.440    39.193     2.22    4.64
  61687.500    39.808     1.64    4.78
  62063.559    40.438     1.68    4.70
  62439.616    41.952     4.02    5.21
  62815.671    43.357     3.74    5.35
  63191.724    43.013    -0.91    5.54
  63567.776    42.116    -2.39    5.39
  63943.827    41.369    -1.99    4.87
  64319.875    41.812     1.18    4.47
  64695.923    41.384    -1.14    4.45
  65071.968    41.071    -0.83    4.01
  65448.012    40.918    -0.41    3.58
  65824.054    40.654    -0.70    3.16
  66200.095    40.834     0.48    2.77
  66576.134    41.496     1.76    2.69
  66952.172    42.479     2.61    3.49
  67328.208    43.438     2.55    3.92
  67704.242    44.629     3.17    4.48
  68080.275    45.577     2.52    4.24
  68456.306    45.265    -0.83    3.56
  68832.336    46.357     2.90    3.78
  69208.364    48.249     5.03    3.85
  69584.391    48.549     0.80    4.01
  69960.416    49.347     2.12    3.60
  70336.439    49.087    -0.69    3.60
  70712.461    49.204     0.31    3.73
  71088.481    50.154     2.53    4.01
  71464.500    51.708     4.13    4.05
  71840.517    53.654     5.18    3.86
  72216.532    55.065     3.75    3.31
  72592.546    56.049     2.62    4.31
  72968.559    56.765     1.91    4.55
  73344.569    57.065     0.80    4.72
  73720.579    57.265     0.53    5.13
  74096.586    58.279     2.70    4.61
  74472.592    58.988     1.88    4.74
  74848.597    60.283     3.44    3.92
  75224.600    60.438     0.41    3.22
  75600.602    61.492     2.80    3.65
  75976.602    62.365     2.32    4.05
  76352.600    64.167     4.79    4.39
  76728.597    66.087     5.11    4.13
  77104.592    68.703     6.96    4.64
  77480.586    70.475     4.71    3.46
  77856.578    70.207    -0.71    3.52
  78232.569    68.438    -4.70    4.12
  78608.558    66.090    -6.24    3.93
  78984.545    65.808    -0.75    3.88
  79360.532    66.210     1.07    4.37
  79736.516    68.167     5.21    5.08
  80112.499    71.071     7.72    4.54
  80488.481    72.312     3.30    4.77
  80864.461    73.013     1.86    5.34
  81240.439    72.561    -1.20    5.31
  81616.416    71.844    -1.91    4.97
  81992.391    72.207     0.97    3.61
  82368.365    71.060    -3.05    3.52
  82744.337    69.834    -3.26    4.51
  83120.308    68.654    -3.14    4.62
  83496.278    68.449    -0.55    4.55
  83872.245    69.500     2.80    5.37
  84248.212    72.218     7.23    4.91
  84624.437    72.789     1.52    4.55
  85000.707    73.577     2.09    4.57
  85376.976    72.629    -2.52    4.35
  85753.243    73.349     1.91    4.22
  86129.509    74.786     3.82    4.57
  86505.773    77.033     5.97    5.19
  86882.036    78.918     5.01    5.28
  87258.297    80.808     5.02    5.04
  87634.557    82.404     4.24    4.60
  88010.815    82.398    -0.02    4.00
  88387.072    82.706     0.82    3.61
  88763.327    83.099     1.04    3.42
  89139.581    82.398    -1.86    3.29
  89515.833    82.087    -0.83    3.23
  89892.084    81.859    -0.60    3.35
  90268.334    81.167    -1.84    3.01
  90644.581    81.891     1.92    3.73
  91020.828    82.839     2.52    3.68
  91397.073    83.193     0.94    3.67
  91773.316    82.706    -1.29    4.28
  92149.558    82.303    -1.07    4.26
  92525.798    81.492    -2.16    4.84
  92902.037    80.128    -3.63    5.81
  93278.275    78.330    -4.78    6.42
  93654.511    75.357    -7.90    4.70
  94030.745    75.561     0.54    5.04
  94406.978    77.629     5.50    4.84
  94783.210    78.244     1.64    4.36
  95159.440    79.265     2.71    4.32
  95535.669    80.962     4.51    4.32
  95911.896    81.735     2.06    4.37
  96288.122    81.286    -1.19    5.05
  96664.346    79.839    -3.85    5.20
  97040.569    77.808    -5.40    4.53
  97416.790    76.384    -3.79    3.96
  97793.010    74.911    -3.92    3.80
  98169.229    74.229    -1.81    3.76
  98545.446    73.127    -2.93    4.14
  98921.661    71.786    -3.56    4.31
  99297.875    70.762    -2.72    4.48
  99674.088    69.303    -3.88    4.12
 100050.299    68.546    -2.01    3.91
 100426.509    66.311    -5.94    3.26
 100802.717    65.654    -1.75    4.04
 101178.924    64.629    -2.72    4.42
 101555.130    63.546    -2.88    4.52
 101931.334    63.116    -1.14    4.72
 102307.537    62.627    -1.30    4.56
 102683.738    61.707    -2.45    3.88
 103059.938    60.321    -3.68    3.94
 103436.136    59.680    -1.70    4.15
 103812.333    60.571     2.37    4.46
 104188.528    62.207     4.35    4.79
 104564.722    64.142     5.14    4.73
 104940.915    65.627     3.95    3.56
 105317.106    66.167     1.44    3.15
 105693.296    64.970    -3.18    4.08
 106069.484    64.573    -1.05    4.39
 106445.671    62.573    -5.32    5.34
 106821.857    59.357    -8.55    5.96
 107198.041    57.013    -6.23    5.85
 107574.224    54.654    -6.27    3.82
 107950.405    55.006     0.93    4.37
 108326.585    57.729     7.24    5.77
 108702.764    60.470     7.29    5.98
 109078.941    63.470     7.97    5.93
 109455.116    66.060     6.88    5.65
 109831.291    66.829     2.05    5.63
 110207.464    68.460     4.33    4.89
 110583.635    70.573     5.62    5.05
 110959.805    70.365    -0.55    4.83
 111335.974    70.654     0.77    4.80
 111712.141    70.629    -0.07    5.11
 112088.307    70.244    -1.02    4.30
 112464.472    69.127    -2.97    4.74
 112840.635    69.519     1.04    5.20
 113216.797    68.844    -1.80    5.14
 113592.957    69.812     2.58    5.40
 113969.116    71.154     3.57    4.41
 114345.274    71.465     0.83    3.74
 114721.430    72.575     2.95    3.80
 115097.585    72.891     0.84    3.87
 115473.739    73.602     1.89    3.59
 115849.891    74.762     3.09    3.96
 116226.042    74.731    -0.08    3.94
 116602.191    74.760     0.08    3.64
 116978.339    74.404    -0.94    3.95
 117354.486    74.898     1.31    4.11
 117730.631    76.321     3.78    4.54
 118106.775    77.475     3.07    4.95
 118482.918    80.013     6.75    4.52
 118859.059    80.860     2.25    4.34
 119235.199    81.708     2.25    3.86
 119611.337    83.627     5.10    4.13
 119987.475    84.411     2.08    4.01
 120363.610    85.680     3.37    3.64
 120739.745    85.492    -0.50    3.56
 121115.878    84.706    -2.09    3.65
 121492.010    82.834    -4.98    4.28
 121868.140    81.526    -3.48    4.09
 122244.269    79.681    -4.90    5.35
 122620.397    78.295    -3.68    5.52
 122996.524    77.418    -2.33    5.53
 123372.649    76.821    -1.59    5.74
 123748.772    77.249     1.14    5.13
 124124.895    79.043     4.77    5.13
 124501.016    79.384     0.91    4.99
 124877.136    79.859     1.26    4.24
 125253.254    79.988     0.34    4.06
 125629.371    81.398     3.75    4.22
 126005.487    81.839     1.17    3.78
 126381.601    82.015     0.47    3.90
 126757.715    80.654    -3.62    4.12
 127133.826    79.898    -2.01    3.83
 127509.937    78.808    -2.90    4.30
 127886.046    77.918    -2.37    5.03
 128262.154    75.347    -6.84    5.94
 128638.260    75.573     0.60    7.08
 129014.366    77.681     5.60    8.25
 129390.469    80.424     7.29    8.94
 129766.572    85.015    12.21    7.37
 130142.673    88.249     8.60    8.37
 130518.773    92.060    10.13    8.18
 130894.872    95.573     9.34    6.44
 131270.969    97.276     4.53    6.19
 131647.065    95.426    -4.92    7.80
 132023.160    91.729    -9.83    8.80
 132399.254    87.575   -11.04    9.91
 132775.346    84.330    -8.63    9.86
 133151.437    79.270   -13.45    7.47
 133527.526    76.707    -6.81    6.98
 133903.615    74.681    -5.39    6.64
 134279.702    72.760    -5.11    5.43
 134655.787    71.424    -3.55    4.46
 135031.872    70.238    -3.15    5.22
 135407.955    68.549    -4.49    5.09
 135784.037    66.329    -5.90    5.22
 136160.118    64.454    -4.99    4.00
 136536.197    64.844     1.03    4.16
 136912.275    65.925     2.87    4.82
 137288.352    67.925     5.32    5.01
 137664.427    70.114     5.82    5.13
 138040.501    71.154     2.77    5.46
 138416.574    73.295     5.69    6.02
 138792.646    76.167     7.64    7.43
 139168.717    79.979    10.13    8.45
 139544.786    83.102     8.30    7.52
 139920.854    84.116     2.70    5.71
 140296.920    85.193     2.86    5.22
 140672.986    85.303     0.29    4.41
 141049.050    85.654     0.93    4.42
 141425.113    86.682     2.73    4.56
 141801.174    87.654     2.59    4.58
 142177.234    88.260     1.61    4.53
 142553.294    88.998     1.96    4.34
 142929.351    89.372     1.00    3.59
 143305.408    89.627     0.68    4.39
 143681.463    88.465    -3.09    4.70
 144057.517    86.789    -4.46    5.38
 144433.570    84.043    -7.30    6.55
 144809.622    80.444    -9.57    6.15
 145185.672    77.526    -7.76    6.30
 145561.721    76.492    -2.75    5.74
 145937.769    75.013    -3.93    4.58
 146313.816    73.449    -4.16    4.72
 146689.861    72.577    -2.32    4.92
 147065.906    70.377    -5.85    4.79
 147441.949    69.193    -3.15    5.32
 147817.990    68.411    -2.08    5.96
 148194.031    67.006    -3.74    5.95
 148570.070    65.330    -4.46    5.56
 148946.108    62.404    -7.78    3.78
 149322.145    61.603    -2.13    3.32
 149698.181    61.391    -0.56    3.41
 150074.215    61.988     1.59    3.47
 150450.248    62.783     2.11    3.14
 150826.280    62.904     0.32    2.36
 151202.311    62.023    -2.34    2.99
 151578.341    60.065    -5.21    3.82
 151954.369    59.276    -2.10    3.39
 152330.396    57.812    -3.89    4.25
 152706.422    55.065    -7.31    7.39
 153082.447    51.885    -8.46    9.42
 153458.470    47.979   -10.39   10.05
 153834.493    44.372    -9.59    9.74
 154210.514    40.628    -9.96    8.70
 154586.534    36.710   -10.42    6.11
 154962.553    33.438    -8.70    4.72
 155338.570    30.293    -8.36    6.66
 155714.586    27.398    -7.70    7.59
 156090.602    24.731    -7.09    7.18
 156466.616    24.599    -0.35    7.57
 156842.628    26.475     4.99    8.59
 157218.640    28.182     4.54    9.66
 157594.650    29.707     4.06    9.95
 157970.660    30.142     1.16   10.07
 158346.668    30.286     0.38    9.96
 158722.675    27.654    -7.00    8.99
 159098.680    27.065    -1.57    8.37
 159474.730    25.829    -3.28    7.69
 159850.970    25.438    -1.04    7.86
 160227.210    25.054    -1.02    8.10
 160603.448    27.470     6.42    9.06
 160979.685    28.182     1.89    9.09
 161355.920    29.871     4.49    9.36
 161732.155    30.043     0.46    9.68
 162108.388    29.233    -2.15   10.27
 162484.620    27.754    -3.93   10.15
 162860.851    25.546    -5.87    9.59
 163237.081    22.854    -7.15    8.27
 163613.310    23.102     0.66    7.83
 163989.538    24.681     4.20    7.54
 164365.764    28.286     9.58    7.36
 164741.989    31.372     8.20    5.53
 165118.213    32.470     2.92    4.70
 165494.436    33.099     1.67    4.00
 165870.658    33.244     0.39    4.03
 166246.879    34.071     2.20    3.11
 166623.098    34.079     0.02    2.86
 166999.317    33.449    -1.67    3.59
 167375.534    31.877    -4.18    3.46
 167751.750    30.817    -2.82    2.44
 168127.965    31.222     1.08    2.62
 168504.179    32.154     2.48    2.57
 168880.392    33.398     3.31    1.89
 169256.603    34.033     1.69    1.40
 169632.814    35.500     3.90    3.75
 170009.023    38.526     8.04    6.05
 170385.231    41.207     7.13    7.18
 170761.438    44.033     7.51    6.40
 171137.644    44.167     0.36    5.60
 171513.849    45.321     3.07    5.16
 171890.053    44.849    -1.26    5.76
 172266.255    45.552     1.87    5.83
 172642.457    46.904     3.60    5.26
 173018.657    46.602    -0.80    4.26
 173394.856    48.577     5.25    5.14
 173771.054    51.592     8.01    4.98
 174147.251    52.627     2.75    4.50
 174523.447    52.181    -1.19    4.85
 174899.642    49.844    -6.21    6.04
 175275.836    47.090    -7.32    6.64
 175652.028    44.168    -7.77    7.37
 176028.220    41.116    -8.11    6.67
 176404.410    39.424    -4.50    6.05
 176780.599    38.859    -1.50    6.36
 177156.787    38.600    -0.69    8.43
 177532.974    38.500    -0.27    8.28
 177909.160    39.859     3.61    7.97
 178285.345    39.599    -0.69    8.18
 178661.529    39.681     0.22    7.43
 179037.712    37.249    -6.46    8.03
 179413.893    35.844    -3.74    6.85
 179790.074    35.680    -0.43    6.39
 180166.253    34.561    -2.98    4.96
 180542.432    34.244    -0.84    5.41
 180918.609    34.295     0.14    5.57
 181294.785    34.321     0.07    5.55
 181670.960    35.244     2.45    4.90
 182047.134    35.060    -0.49    4.96
 182423.307    35.552     1.31    4.92
 182799.479    36.681     3.00    3.44
 183175.650    37.154     1.26    3.11
 183551.820    38.114     2.55    3.78
 183927.989    38.629     1.37    4.61
 184304.156    39.936     3.48    5.45
 184680.323    42.904     7.89    6.34
 185056.488    44.600     4.51    6.64
 185432.653    46.141     4.10    6.31
 185808.816    47.681     4.10    4.27
 186184.978    47.357    -0.86    4.37
 186561.140    46.213    -3.04    4.56
 186937.300    45.988    -0.60    4.34
 187313.459    45.090    -2.39    4.27
 187689.617    45.182     0.24    4.01
 188065.774    46.013     2.21    4.10
 188441.930    47.519     4.00    3.85
 188818.085    48.760     3.30    3.90
 189194.239    49.575     2.17    3.48
 189570.392    49.911     0.89    3.67
 189946.544    49.681    -0.61    3.10
 190322.695    49.812     0.35    3.92
 190698.844    48.911    -2.40    4.60
 191074.993    47.821    -2.90    4.66
 191451.141    46.786    -2.75    4.55
 191827.288    46.222    -1.50    4.36
 192203.433    46.735     1.37    4.84
 192579.578    48.249     4.02    5.31
 192955.721    49.904     4.40    4.87
 193331.864    50.577     1.79    4.49
 193708.006    51.729     3.06    4.28
 194084.146    52.904     3.12    3.92
 194460.286    52.834    -0.19    3.85
 194836.424    53.470     1.69    4.24
 195212.562    54.372     2.40    4.39
 195588.698    54.602     0.61    4.60
 195964.833    54.962     0.96    4.38
 196340.968    54.099    -2.30    5.03
 196717.101    51.970    -5.66    5.85
 197093.234    51.295    -1.79    5.32
 197469.365    50.854    -1.17    5.06
 197845.495    51.654     2.13    4.79
 198221.625    53.260     4.27    4.70
 198597.753    53.877     1.64    4.94
 198973.881    54.378     1.33    4.71
