# NaN NaN NaN ;Mean Elev.(m), Avg Gradient(m/km), RMS Gradient(m/km) - SRTM1     
#   28.474  -2.005   7.243 ;Mean Elev.(m), Avg Gradient(m/km), RMS Gradient(m/km) - ASTER GDEM
#   24.453  -2.678   7.113 ;Mean Elev.(m), Avg Gradient(m/km), RMS Gradient(m/km) - GMTED2010 
  8 295.489568  -3.355217    34.528    34.500 11 52492.09732134 22.440
 10 295.481421  -3.349718    27.839    26.850 10 52562.09735163 26.278
 12 295.479628  -3.348711    31.768    31.692  9 52632.09730926 28.451
 13 295.477085  -3.346633    32.185    32.173  9 52667.09732978 51.317
 14 295.489244  -3.356324    31.667    31.719 11 52702.09729837 29.626
 15 295.481719  -3.349874    33.422    33.311  9 52737.09734169 29.037
 16 295.481707  -3.350399    35.464    35.464 10 52772.09731028 52.421
 17 295.477241  -3.347657    36.243    36.213  8 52807.09736584 27.360
 18 295.480025  -3.349525    36.430    36.429  9 52842.09742427 52.632
 19 295.478247  -3.348544    33.178    33.167  9 52877.09746297 48.698
 20 295.488553  -3.355369    27.789    27.777 11 52912.09741976 51.877
 21 295.486321  -3.353773    28.126    27.989 10 52947.09737682 25.288
 23 295.478474  -3.347742    31.533    31.481  9 53017.09741101 27.444
 24 295.483086  -3.350906    28.815    28.995 10 53052.09738978 27.721
 25 295.469456  -3.340524    31.338    31.342  5 53087.09742850 22.169
 26 295.478537  -3.348170    33.945    33.947 10 53122.09739704 50.949
 27 295.471467  -3.341889    33.890    34.020  7 53157.09745466 25.903
 28 295.485318  -3.354183    34.229    34.238 10 53192.09744452 49.558
 29 295.483441  -3.351164    33.524    33.524 10 53227.09744618 52.114
 30 295.475616  -3.346936    29.930    29.748  8 53262.09742057 43.994
 31 295.468724  -3.340225    28.929    28.928  6 53297.09745787 48.617
 32 295.479704  -3.348060    29.710    29.873  9 53332.09742798 39.047
 33 295.482787  -3.351609    31.289    31.344 10 53367.09737263 38.465
 35 295.481003  -3.349102    32.410    32.391  9 53437.09739023 33.636
 36 295.475646  -3.345968    33.733    33.613  8 53472.09744336 38.628
 37 295.476340  -3.346685    35.570    35.577  9 53507.09747402 51.430
 38 295.475398  -3.346007    35.193    35.152  9 53542.09748113 32.830
 39 295.477035  -3.347654    32.182    32.136  9 53577.09746788 44.747
 40 295.476218  -3.346706    30.312    31.230  8 53612.09742017 26.675
 41 295.481343  -3.350390    23.631    23.466  9 53647.09742415 33.265
 42 295.472589  -3.342668    26.883    26.874  7 53682.09744140 51.301
 43 295.483272  -3.351434    28.112    28.115 10 53717.09736690 41.244
 44 295.487416  -3.354485    30.126    30.141 10 53752.09728551 44.396
 45 295.484143  -3.351372    32.612    32.629 10 53787.09731634 28.444
 46 295.482918  -3.351871    33.933    33.928 10 53822.09727095 47.705
 47 295.474708  -3.344476    34.719    34.777  8 53857.09736374 28.761
 48 295.485630  -3.354473    35.819    35.868 10 53892.09737455 44.343
 49 295.466806  -3.338439    33.504    33.493  6 53927.09743899 44.547
 50 295.470971  -3.341542    28.831    28.838  7 53962.09742265 42.218
 51 295.483282  -3.351461    25.507    25.517  9 53997.09736403 47.112
 52 295.482610  -3.350403    25.974    25.982 10 54032.09741599 38.458
 53 295.482171  -3.350256    28.572    28.603 10 54067.09740943 35.162
 54 295.478905  -3.347685    31.388    31.444  9 54102.09737063 38.339
 55 295.479746  -3.350006    33.214    33.227  9 54137.09733793 50.508
 56 295.478770  -3.349466    32.088    32.005  9 54172.09734751 17.825
 57 295.478428  -3.347949    33.877    33.875  9 54207.09734328 46.213
 58 295.479958  -3.348840    35.517    35.520 10 54242.09737617 50.441
 59 295.479761  -3.348907    35.197    35.128  9 54277.09739055 35.925
 60 295.481127  -3.350230    33.484    33.491 10 54312.09739058 50.642
 61 295.480160  -3.348930    26.760    26.561  9 54347.09736358 39.820
 62 295.480819  -3.350495    26.394    26.088  9 54382.09732759 23.180
 63 295.479629  -3.349866    29.010    28.416  9 54417.09731237 32.242
 64 295.480096  -3.349212    30.244    30.268 10 54452.09729701 32.163
 65 295.481848  -3.351243    32.160    32.187  9 54487.09730922 27.481
 66 295.481743  -3.351055    32.740    32.839 10 54522.09730975 46.292
 67 295.479452  -3.349071    34.219    34.224  9 54557.09731997 52.177
 68 295.478836  -3.347906    34.644    34.545  9 54592.09730709 26.722
 69 295.479144  -3.348369    35.624    35.620 10 54627.09732238 51.970
 70 295.477431  -3.348325    34.423    34.423  9 54662.09732989 51.661
 71 295.480868  -3.349480    30.806    30.813 10 54697.09730534 50.332
 72 295.479723  -3.348873    27.106    26.205 10 54732.09728649 37.312
 73 295.480173  -3.348348    27.337    27.072  9 54767.09728425 51.213
 74 295.478932  -3.349122    29.252    29.104  9 54802.09727961 33.599
 75 295.480037  -3.350063    30.202    30.217  9 54837.09727680 47.738
 76 295.479574  -3.348346    33.364    33.353  9 54872.09727879 51.625
 77 295.477647  -3.348349    34.831    34.844  9 54907.09728431 50.659
 78 295.478477  -3.348121    36.188    36.180 10 54942.09727179 52.253
 79 295.478287  -3.348270    36.827    36.891  9 54977.09729993 32.876
 80 295.478597  -3.347101    37.319    37.320  9 55012.09730792 50.421
 81 295.480255  -3.349400    35.823    35.799 10 55047.09729951 38.329
 82 295.479565  -3.348603    31.676    31.688  9 55082.09727189 51.697
 83 295.480859  -3.349671    30.903    31.307 10 55117.09723124 27.470
 84 295.478593  -3.347877    28.872    30.573  9 55152.09722922 32.031
 85 295.478747  -3.347471    29.285    29.235  9 55187.09721859 38.495
 86 295.478630  -3.347115    30.902    30.867  9 55222.09722835 40.232
 87 295.481054  -3.350193    31.602    31.709 10 55257.09721353 32.698
 88 295.478655  -3.347618    32.492    32.437  9 55292.09721628 33.321
 89 295.476903  -3.346580    34.637    34.655  9 55327.09719955 28.989
 90 295.478977  -3.347746    35.299    35.311  9 55362.09719503 52.471
 91 295.479498  -3.349193    33.022    32.973  9 55397.09720197 20.541
 92 295.481597  -3.349927    28.277    28.685 10 55432.09720985 30.572
 93 295.480830  -3.349255    23.798    23.166 10 55467.09716934 37.513
