# NaN NaN NaN ;Mean Elev.(m), Avg Gradient(m/km), RMS Gradient(m/km) - SRTM1     
#   34.226  -0.222   8.344 ;Mean Elev.(m), Avg Gradient(m/km), RMS Gradient(m/km) - ASTER GDEM
#   45.035  -0.610   4.289 ;Mean Elev.(m), Avg Gradient(m/km), RMS Gradient(m/km) - GMTED2010 
  7    49.252 52477.60245898 51.99 292.757975  -2.554876 32.193
  7    49.230 52477.60245962 53.27 292.757252  -2.558180 37.887
  7    49.250 52477.60246027 53.84 292.756522  -2.561490 37.887
  7    49.309 52477.60246091 51.38 292.755792  -2.564790 37.887
  7    49.394 52477.60246156 51.58 292.755072  -2.568100 37.887
  7    49.328 52477.60246220 51.80 292.754342  -2.571400 37.887
  7    49.223 52477.60246285 48.66 292.753612  -2.574710 37.887
  7    49.212 52477.60246349 48.34 292.752882  -2.578010 37.887
  7    49.203 52477.60246414 35.60 292.752162  -2.581320 37.887
  7    48.998 52477.60246478 33.98 292.751432  -2.584620 37.887
  7    49.086 52477.60246543 33.49 292.750702  -2.587930 37.887
  8    47.517 52512.60240767 49.90 292.764873  -2.588779 36.582
  8    47.508 52512.60240831 53.29 292.764143  -2.592089 36.582
  8    47.443 52512.60240896 52.61 292.763413  -2.595389 36.582
  8    47.459 52512.60240960 49.91 292.762693  -2.598699 36.582
  8    47.471 52512.60241025 50.96 292.761963  -2.601999 36.582
  8    47.471 52512.60241089 49.42 292.761233  -2.605309 36.582
  8    47.447 52512.60241153 53.54 292.760503  -2.608609 36.582
  8    47.438 52512.60241218 51.26 292.759783  -2.611919 36.582
  8    47.411 52512.60241282 52.63 292.759053  -2.615219 36.582
  8    47.368 52512.60241347 50.75 292.758323  -2.618529 36.582
  8    47.361 52512.60241411 48.10 292.757603  -2.621829 36.582
  8    47.365 52512.60241476 51.37 292.756873  -2.625139 36.582
  8    47.349 52512.60241540 48.99 292.756143  -2.628439 36.582
  8    47.334 52512.60241605 48.39 292.755423  -2.631749 36.582
  8    47.320 52512.60241669 41.88 292.754693  -2.635049 36.582
  8    47.227 52512.60241734 34.45 292.753963  -2.638359 36.582
  8    47.061 52512.60241798 31.26 292.753233  -2.641659 36.582
  8    47.001 52512.60241863 29.59 292.752513  -2.644969 36.582
  8    47.008 52512.60241927 28.09 292.751783  -2.648269 36.582
  9    43.212 52547.60244134 48.88 292.761097  -2.558386 27.363
  9    43.233 52547.60244199 53.76 292.760377  -2.561686 27.363
  9    43.244 52547.60244263 51.45 292.759647  -2.564996 27.363
  9    43.205 52547.60244328 49.64 292.758917  -2.568296 27.363
  9    43.114 52547.60244392 38.10 292.758187  -2.571606 27.363
  9    43.109 52547.60244457 39.01 292.757467  -2.574906 27.363
  9    43.244 52547.60244521 44.71 292.756737  -2.578216 27.363
  9    43.136 52547.60244586 40.71 292.756007  -2.581516 27.363
  9    42.871 52547.60244650 35.72 292.755277  -2.584826 27.363
  9    43.036 52547.60244715 33.41 292.754557  -2.588126 27.363
  9    43.122 52547.60244779 33.89 292.753827  -2.591436 27.363
  9    43.234 52547.60244843 39.34 292.753097  -2.594738 21.622
  9    43.730 52547.60244908 28.09 292.752367  -2.598048 21.622
  9    43.847 52547.60244972 26.32 292.751647  -2.601348 21.622
  9    43.067 52547.60245488 32.48 292.745827  -2.627788 21.622
 10    46.015 52582.60244967 49.98 292.762533  -2.566690 33.974
 10    45.933 52582.60245032 52.83 292.761803  -2.570000 33.974
 10    45.842 52582.60245096 50.00 292.761079  -2.573304 46.997
 10    45.922 52582.60245161 50.94 292.760349  -2.576614 46.997
 10    45.980 52582.60245225 49.35 292.759619  -2.579914 46.997
 10    45.973 52582.60245290 48.49 292.758899  -2.583224 46.997
 10    45.930 52582.60245354 45.23 292.758169  -2.586524 46.997
 10    45.810 52582.60245419 47.87 292.757439  -2.589834 46.997
 10    45.764 52582.60245483 47.53 292.756709  -2.593134 46.997
 10    45.716 52582.60245547 48.71 292.755989  -2.596444 46.997
 10    45.686 52582.60245612 50.27 292.755259  -2.599744 46.997
 10    45.685 52582.60245676 53.44 292.754529  -2.603054 46.997
 10    45.779 52582.60245741 53.94 292.753809  -2.606354 46.997
 10    45.796 52582.60246128 47.66 292.749439  -2.626184 46.997
 10    45.741 52582.60246192 49.11 292.748719  -2.629494 46.997
 10    45.724 52582.60246257 52.27 292.747989  -2.632794 46.997
 11    48.737 52617.60242084 29.17 292.759343  -2.556023 19.282
 11    48.797 52617.60242149 29.24 292.758623  -2.559333 19.282
 11    48.937 52617.60242213 30.70 292.757886  -2.562637 21.633
 11    49.101 52617.60242278 30.74 292.757166  -2.565947 21.633
 11    49.202 52617.60242342 44.90 292.756436  -2.569247 21.633
 11    49.365 52617.60242407 46.84 292.755706  -2.572557 21.633
 11    49.199 52617.60242471 42.01 292.754986  -2.575857 21.633
 11    48.869 52617.60242536 33.75 292.754256  -2.579167 21.633
 11    48.634 52617.60242600 34.51 292.753526  -2.582467 21.633
 11    48.898 52617.60242664 31.72 292.752806  -2.585777 21.633
 11    49.043 52617.60242729 32.57 292.752076  -2.589077 21.633
 12    50.234 52652.60240073 28.77 292.764775  -2.585744 10.927
 12    49.930 52652.60240138 25.16 292.764045  -2.589044 10.927
 12    49.868 52652.60240202 23.33 292.763315  -2.592354 10.927
 12    49.881 52652.60240267 22.06 292.762585  -2.595654 10.927
 12    49.579 52652.60240331 21.65 292.761865  -2.598964 10.927
 12    49.473 52652.60240396 21.99 292.761135  -2.602264 10.927
 12    49.367 52652.60240460 22.02 292.760405  -2.605574 10.927
 12    49.411 52652.60240524 22.54 292.759685  -2.608874 10.927
 12    49.519 52652.60240589 22.09 292.758955  -2.612184 10.927
 12    49.515 52652.60240653 23.27 292.758225  -2.615484 10.927
 12    49.644 52652.60240718 24.42 292.757495  -2.618794 10.927
 12    49.231 52652.60240847 26.34 292.756045  -2.625404 10.927
 12    49.185 52652.60240911 26.58 292.755315  -2.628704 10.927
 12    49.323 52652.60240976 25.08 292.754595  -2.632014 10.927
 12    49.539 52652.60241040 24.81 292.753865  -2.635314 10.927
 12    49.558 52652.60241105 26.79 292.753135  -2.638624 10.927
 12    49.682 52652.60241169 27.12 292.752408  -2.641927 17.269
 12    49.825 52652.60241234 26.23 292.751678  -2.645237 17.269
 12    49.898 52652.60241298 30.67 292.750948  -2.648537 17.269
 13    49.296 52687.60239535 43.49 292.762616  -2.567806 34.307
 13    49.193 52687.60239599 27.00 292.761886  -2.571116 34.307
 13    48.855 52687.60239663 25.36 292.761156  -2.574416 34.307
 13    48.942 52687.60239728 23.16 292.760436  -2.577726 34.307
 13    49.292 52687.60239792 28.24 292.759706  -2.581026 34.307
 13    49.243 52687.60239857 36.20 292.758976  -2.584336 34.307
 13    49.282 52687.60239921 39.22 292.758256  -2.587636 34.307
 13    49.261 52687.60239986 29.62 292.757526  -2.590946 34.307
 13    49.281 52687.60240050 33.19 292.756796  -2.594246 34.307
 13    49.267 52687.60240115 32.29 292.756076  -2.597556 34.307
 13    49.146 52687.60240179 27.36 292.755346  -2.600856 34.307
 13    49.121 52687.60240244 32.17 292.754616  -2.604166 34.307
 13    49.226 52687.60240308 45.00 292.753896  -2.607466 34.307
 13    48.790 52687.60240695 31.18 292.749528  -2.627301 29.770
 13    48.940 52687.60240759 27.90 292.748808  -2.630611 29.770
 13    48.989 52687.60240824 32.78 292.748078  -2.633911 29.770
 14    50.630 52722.60244162 27.47 292.761525  -2.561223  9.348
 14    50.529 52722.60244227 26.16 292.760795  -2.564523  9.348
 14    50.452 52722.60244291 25.44 292.760065  -2.567833  9.348
 14    50.446 52722.60244356 24.22 292.759335  -2.571133  9.348
 14    50.384 52722.60244420 23.14 292.758615  -2.574443  9.348
 14    50.377 52722.60244484 22.78 292.757885  -2.577743  9.348
 14    50.169 52722.60244549 22.59 292.757155  -2.581053  9.348
 14    49.948 52722.60244613 22.34 292.756435  -2.584353  9.348
 14    49.833 52722.60244678 23.13 292.755705  -2.587663  9.348
 14    50.037 52722.60244742 23.42 292.754975  -2.590963  9.348
 14    50.292 52722.60244807 23.90 292.754255  -2.594273  9.348
 14    50.323 52722.60244871 25.92 292.753525  -2.597573  9.348
 14    50.581 52722.60244936 25.32 292.752795  -2.600883  9.348
 14    50.428 52722.60245451 35.89 292.746981  -2.627325 21.870
 14    50.504 52722.60245516 42.76 292.746251  -2.630625 21.870
 15    51.291 52757.60246110 51.75 292.752789  -2.548851 41.179
 15    51.311 52757.60246175 51.19 292.752059  -2.552161 41.179
 15    51.349 52757.60246239 50.59 292.751341  -2.555466 38.233
 15    51.388 52757.60246304 50.95 292.750611  -2.558776 38.233
 15    51.405 52757.60246368 47.62 292.749881  -2.562076 38.233
 15    51.380 52757.60246433 43.18 292.749161  -2.565386 38.233
 15    51.323 52757.60246497 45.71 292.748431  -2.568686 38.233
 15    51.326 52757.60246562 47.38 292.747701  -2.571996 38.233
 15    51.314 52757.60246626 49.35 292.746971  -2.575296 38.233
 15    51.261 52757.60246691 48.38 292.746251  -2.578606 38.233
 15    51.293 52757.60246755 47.64 292.745521  -2.581906 38.233
 16    51.856 52792.60241557 50.12 292.762997  -2.565543 39.192
 16    51.871 52792.60241622 53.53 292.762267  -2.568853 39.192
 16    51.898 52792.60241686 46.32 292.761537  -2.572153 39.192
 16    51.590 52792.60241751 34.41 292.760807  -2.575463 39.192
 16    51.739 52792.60241815 35.42 292.760087  -2.578763 39.192
 16    51.721 52792.60241880 36.55 292.759357  -2.582073 39.192
 16    51.719 52792.60241944 32.04 292.758627  -2.585376 22.108
 16    51.337 52792.60242009 24.92 292.757897  -2.588686 22.108
 16    51.033 52792.60242073 24.26 292.757177  -2.591986 22.108
 16    51.215 52792.60242137 24.10 292.756447  -2.595296 22.108
 16    51.514 52792.60242202 23.85 292.755717  -2.598596 22.108
 16    51.500 52792.60242266 25.03 292.754987  -2.601906 22.108
 16    51.569 52792.60242331 28.01 292.754267  -2.605206 22.108
 16    51.629 52792.60242395 32.93 292.753537  -2.608516 22.108
 16    51.477 52792.60242782 27.52 292.749167  -2.628346 22.108
 16    51.581 52792.60242847 29.23 292.748447  -2.631646 22.108
 16    51.656 52792.60242911 31.49 292.747717  -2.634956 22.108
 17    51.862 52827.60248484 37.49 292.763888  -2.571289 18.696
 17    51.784 52827.60248549 35.13 292.763168  -2.574589 18.696
 17    51.610 52827.60248613 31.44 292.762438  -2.577899 18.696
 17    51.471 52827.60248678 29.95 292.761708  -2.581199 18.696
 17    51.508 52827.60248742 28.08 292.760978  -2.584509 18.696
 17    51.464 52827.60248807 25.96 292.760258  -2.587809 18.696
 17    51.315 52827.60248871 25.42 292.759528  -2.591119 18.696
 17    51.227 52827.60248935 25.46 292.758798  -2.594419 18.696
 17    51.265 52827.60249000 25.59 292.758068  -2.597729 18.696
 17    51.312 52827.60249064 25.41 292.757348  -2.601029 18.696
 17    51.484 52827.60249129 26.06 292.756618  -2.604339 18.696
 17    51.603 52827.60249193 26.97 292.755888  -2.607639 18.696
 17    51.586 52827.60249258 28.49 292.755158  -2.610949 18.696
 17    51.342 52827.60249580 25.65 292.751529  -2.627472 24.181
 17    51.313 52827.60249645 26.63 292.750799  -2.630782 24.181
 17    51.357 52827.60249709 28.23 292.750069  -2.634082 24.181
 17    51.472 52827.60249774 29.83 292.749339  -2.637392 24.181
 17    51.599 52827.60249838 31.49 292.748619  -2.640692 24.181
 18    49.029 52862.60253111 27.67 292.764422  -2.576761 13.973
 18    48.954 52862.60253175 24.46 292.763692  -2.580071 13.973
 18    48.933 52862.60253240 18.05 292.762962  -2.583371 13.973
 18    48.823 52862.60253304 17.42 292.762232  -2.586681 13.973
 18    48.046 52862.60253369 17.86 292.761512  -2.589981 13.973
 18    48.743 52862.60253433 16.97 292.760782  -2.593291 13.973
 18    48.789 52862.60253497 16.21 292.760052  -2.596591 13.973
 18    48.615 52862.60253562 17.04 292.759322  -2.599901 13.973
 18    48.504 52862.60253626 16.85 292.758602  -2.603201 13.973
 18    48.370 52862.60253691 18.20 292.757872  -2.606511 13.973
 18    47.875 52862.60253755 22.72 292.757142  -2.609811 13.973
 18    47.865 52862.60253820 23.63 292.756422  -2.613121 13.973
 18    47.589 52862.60253884 25.81 292.755692  -2.616421 13.973
 18    47.322 52862.60254078 17.59 292.753504  -2.626344 15.245
 18    47.166 52862.60254142 17.88 292.752784  -2.629644 15.245
 18    47.292 52862.60254207 17.35 292.752054  -2.632954 15.245
 18    47.528 52862.60254271 18.10 292.751324  -2.636254 15.245
 18    47.623 52862.60254336 18.55 292.750594  -2.639564 15.245
 18    47.670 52862.60254400 21.84 292.749874  -2.642864 15.245
 19    43.673 52897.60255757 41.09 292.760608  -2.558898 35.876
 19    43.650 52897.60255822 41.16 292.759878  -2.562198 35.876
 19    43.476 52897.60255886 35.98 292.759158  -2.565508 35.876
 19    47.719 52897.60255951 35.95 292.758428  -2.568808 35.876
 19    47.328 52897.60256015 33.13 292.757698  -2.572118 35.876
 19    43.839 52897.60256080 43.82 292.756968  -2.575418 35.876
 19    43.749 52897.60256144 52.63 292.756248  -2.578728 35.876
 19    43.866 52897.60256209 50.34 292.755518  -2.582028 35.876
 19    43.826 52897.60256273 51.61 292.754788  -2.585338 35.876
 19    43.753 52897.60256338 50.51 292.754068  -2.588638 35.876
 19    43.694 52897.60256402 51.33 292.753338  -2.591948 35.876
 19    43.774 52897.60256467 52.15 292.752608  -2.595248 35.876
 19    43.854 52897.60256531 45.14 292.751888  -2.598558 35.876
 20    47.518 52932.60250392 20.69 292.759647  -2.558568 23.167
 20    47.528 52932.60250457 24.65 292.758921  -2.561873 20.004
 20    47.547 52932.60250521 27.09 292.758191  -2.565183 20.004
 20    47.218 52932.60250586 35.73 292.757461  -2.568483 20.004
 20    47.468 52932.60250650 40.24 292.756741  -2.571793 20.004
 20    47.565 52932.60250715 29.88 292.756011  -2.575093 20.004
 20    44.924 52932.60250779 23.65 292.755281  -2.578403 20.004
 20    44.853 52932.60250844 22.20 292.754551  -2.581703 20.004
 20    44.633 52932.60250908 23.34 292.753831  -2.585013 20.004
 20    44.702 52932.60250973 22.20 292.753101  -2.588313 20.004
 21    46.425 52967.60251026 40.03 292.762338  -2.565159 24.940
 21    46.498 52967.60251091 50.23 292.761608  -2.568459 24.940
 21    46.411 52967.60251155 52.76 292.760878  -2.571769 24.940
 21    46.379 52967.60251220 51.79 292.760158  -2.575069 24.940
 21    46.425 52967.60251284 41.10 292.759428  -2.578379 24.940
 21    46.425 52967.60251349 30.47 292.758698  -2.581679 24.940
 21    46.202 52967.60251413 27.46 292.757968  -2.584989 24.940
 21    45.781 52967.60251478 26.10 292.757248  -2.588289 24.940
 21    45.778 52967.60251542 26.00 292.756518  -2.591599 24.940
 21    46.048 52967.60251606 24.61 292.755788  -2.594899 24.940
 21    46.259 52967.60251671 24.73 292.755058  -2.598209 24.940
 21    46.412 52967.60251735 24.90 292.754338  -2.601509 24.940
 21    48.268 52967.60251800 26.19 292.753608  -2.604819 24.940
 21    46.311 52967.60252251 42.57 292.748519  -2.627952 20.725
 21    46.190 52967.60252316 27.99 292.747789  -2.631262 20.725
 21    46.249 52967.60252380 38.22 292.747059  -2.634562 20.725
 22    48.694 53002.60253298 24.49 292.756876  -2.552761 32.610
 22    48.293 53002.60253362 21.74 292.756146  -2.556071 32.610
 22    48.537 53002.60253426 23.02 292.755416  -2.559371 32.610
 22    48.568 53002.60253491 36.82 292.754696  -2.562681 32.610
 22    48.586 53002.60253555 44.90 292.753966  -2.565981 32.610
 22    48.645 53002.60253620 43.87 292.753236  -2.569291 32.610
 22    48.723 53002.60253684 46.41 292.752506  -2.572591 32.610
 22    48.438 53002.60253749 29.21 292.751786  -2.575901 32.610
 22    48.396 53002.60253813 24.30 292.751056  -2.579201 32.610
 22    48.080 53002.60253878 23.40 292.750326  -2.582511 32.610
 22    47.803 53002.60253942 24.53 292.749606  -2.585811 32.610
 23    48.437 53037.60248322 24.73 292.758967  -2.558812 20.198
 23    48.256 53037.60248386 28.85 292.758237  -2.562122 20.198
 23    48.595 53037.60248450 31.81 292.757517  -2.565422 20.198
 23    48.574 53037.60248515 40.21 292.756787  -2.568732 20.198
 23    48.513 53037.60248579 48.09 292.756057  -2.572032 20.198
 23    48.646 53037.60248644 32.75 292.755337  -2.575342 20.198
 23    48.238 53037.60248708 28.76 292.754607  -2.578642 20.198
 23    47.783 53037.60248773 24.95 292.753877  -2.581952 20.198
 23    47.373 53037.60248837 24.28 292.753157  -2.585252 20.198
 23    47.444 53037.60248902 22.57 292.752427  -2.588562 20.198
 24    47.699 53072.60250929 22.87 292.760310  -2.560887 19.509
 24    47.620 53072.60250994 24.75 292.759580  -2.564187 19.509
 24    46.964 53072.60251058 31.99 292.758850  -2.567497 19.509
 24    47.392 53072.60251122 32.30 292.758130  -2.570797 19.509
 24    47.234 53072.60251187 34.88 292.757400  -2.574107 19.509
 24    46.687 53072.60251251 41.33 292.756670  -2.577407 19.509
 24    46.902 53072.60251316 21.86 292.755950  -2.580717 19.509
 24    46.429 53072.60251380 19.16 292.755220  -2.584017 19.509
 24    47.006 53072.60251445 17.29 292.754490  -2.587327 19.509
 24    47.540 53072.60251509 17.20 292.753760  -2.590627 19.509
 24    48.087 53072.60251574 17.39 292.753040  -2.593937 19.509
 24    48.173 53072.60251638 19.06 292.752310  -2.597237 19.509
 24    48.889 53072.60251703 30.70 292.751580  -2.600547 19.509
 25    50.191 53107.60248334 28.48 292.759392  -2.557445 27.580
 25    49.673 53107.60248398 29.47 292.758662  -2.560745 27.580
 25    49.925 53107.60248463 29.13 292.757932  -2.564055 27.580
 25    50.287 53107.60248527 42.18 292.757212  -2.567355 27.580
 25    50.358 53107.60248592 49.62 292.756482  -2.570665 27.580
 25    50.320 53107.60248656 34.63 292.755752  -2.573965 27.580
 25    49.892 53107.60248721 28.02 292.755032  -2.577275 27.580
 25    49.563 53107.60248785 27.65 292.754302  -2.580575 27.580
 25    49.182 53107.60248850 27.24 292.753572  -2.583885 27.580
 25    49.372 53107.60248914 24.98 292.752852  -2.587185 27.580
 26    50.190 53142.60251805 27.92 292.760992  -2.562821 18.872
 26    50.217 53142.60251869 25.51 292.760262  -2.566131 18.872
 26    50.225 53142.60251934 26.16 292.759542  -2.569431 18.872
 26    50.239 53142.60251998 24.28 292.758812  -2.572741 18.872
 26    49.996 53142.60252063 22.23 292.758082  -2.576041 18.872
 26    49.824 53142.60252127 22.67 292.757352  -2.579351 18.872
 26    49.421 53142.60252191 22.48 292.756632  -2.582651 18.872
 26    49.569 53142.60252256 21.30 292.755902  -2.585961 18.872
 26    49.457 53142.60252320 21.35 292.755172  -2.589261 18.872
 26    49.723 53142.60252385 22.03 292.754442  -2.592571 18.872
 26    50.016 53142.60252449 22.53 292.753722  -2.595871 18.872
 26    50.181 53142.60252514 27.93 292.752992  -2.599181 18.872
 26    50.224 53142.60252578 37.44 292.752265  -2.602484 38.196
 26    50.208 53142.60253094 39.06 292.746445  -2.628924 38.196
 27    49.605 53177.60254178 49.42 292.762815  -2.564125 45.562
 27    49.658 53177.60254242 49.20 292.762095  -2.567435 45.562
 27    49.602 53177.60254307 50.60 292.761365  -2.570735 45.562
 27    49.496 53177.60254371 48.71 292.760635  -2.574045 45.562
 27    49.484 53177.60254436 48.97 292.759915  -2.577345 45.562
 27    49.454 53177.60254500 48.95 292.759185  -2.580655 45.562
 27    49.429 53177.60254565 50.17 292.758455  -2.583955 45.562
 27    49.418 53177.60254629 48.57 292.757725  -2.587265 45.562
 27    49.418 53177.60254693 43.68 292.757005  -2.590565 45.562
 27    49.421 53177.60254758 46.02 292.756275  -2.593875 45.562
 27    49.429 53177.60254822 50.66 292.755545  -2.597175 45.562
 27    49.429 53177.60254887 47.97 292.754825  -2.600485 45.562
 27    49.443 53177.60254951 50.94 292.754095  -2.603785 45.562
 27    49.453 53177.60255016 52.21 292.753365  -2.607095 45.562
 27    49.308 53177.60255403 52.55 292.749001  -2.626928 30.949
 27    49.316 53177.60255467 52.25 292.748271  -2.630228 30.949
 27    49.312 53177.60255532 53.01 292.747551  -2.633538 30.949
 28    49.424 53212.60256133 52.47 292.760121  -2.559765 29.597
 28    49.358 53212.60256197 50.39 292.759401  -2.563075 29.597
 28    49.365 53212.60256261 52.77 292.758671  -2.566375 29.597
 28    49.424 53212.60256326 48.65 292.757941  -2.569685 29.597
 28    49.467 53212.60256390 47.87 292.757211  -2.572985 29.597
 28    49.514 53212.60256455 46.19 292.756491  -2.576295 29.597
 28    49.489 53212.60256519 40.43 292.755761  -2.579595 29.597
 28    49.440 53212.60256584 37.88 292.755031  -2.582905 29.597
 28    49.429 53212.60256648 40.50 292.754311  -2.586205 29.597
 28    49.371 53212.60256713 42.41 292.753581  -2.589515 29.597
 29    47.927 53247.60253070 24.30 292.762337  -2.563820 27.601
 29    47.483 53247.60253134 25.51 292.761607  -2.567130 27.601
 29    43.855 53247.60253198 38.17 292.760877  -2.570430 27.601
 29    43.868 53247.60253263 39.00 292.760157  -2.573740 27.601
 29    43.787 53247.60253327 42.20 292.759427  -2.577040 27.601
 29    43.671 53247.60253392 51.91 292.758697  -2.580350 27.601
 29    43.644 53247.60253456 51.98 292.757977  -2.583650 27.601
 29    43.638 53247.60253521 50.14 292.757247  -2.586960 27.601
 29    43.633 53247.60253585 39.11 292.756517  -2.590260 27.601
 29    43.470 53247.60253650 29.95 292.755797  -2.593570 27.601
 29    43.205 53247.60253714 27.00 292.755067  -2.596870 27.601
 29    43.170 53247.60253779 26.83 292.754337  -2.600180 27.601
 29    43.705 53247.60253843 28.48 292.753607  -2.603480 27.601
 29    47.590 53247.60253908 38.51 292.752887  -2.606790 27.601
 29    45.031 53247.60254294 33.73 292.748527  -2.626625 19.602
 29    43.608 53247.60254359 42.84 292.747797  -2.629925 19.602
 29    43.697 53247.60254423 48.37 292.747067  -2.633235 19.602
 30    44.984 53282.60251938 49.39 292.759098  -2.557598 33.327
 30    44.817 53282.60252002 49.51 292.758368  -2.560898 33.327
 30    44.794 53282.60252067 35.80 292.757638  -2.564208 33.327
 30    47.739 53282.60252131 28.85 292.756918  -2.567508 33.327
 30    47.434 53282.60252196 42.47 292.756188  -2.570818 33.327
 30    47.727 53282.60252260 40.19 292.755458  -2.574118 33.327
 30    44.783 53282.60252325 47.75 292.754728  -2.577428 33.327
 30    44.875 53282.60252389 46.98 292.754008  -2.580728 33.327
 30    44.695 53282.60252454 39.53 292.753278  -2.584038 33.327
 30    44.497 53282.60252518 29.49 292.752548  -2.587338 33.327
 31    47.214 53317.60252420 21.22 292.762902  -2.569401 14.547
 31    47.269 53317.60252485 21.79 292.762182  -2.572701 14.547
 31    47.237 53317.60252549 21.41 292.761452  -2.576011 14.547
 31    47.171 53317.60252614 18.80 292.760722  -2.579311 14.547
 31    46.758 53317.60252678 15.26 292.759992  -2.582621 14.547
 31    46.590 53317.60252743 14.80 292.759272  -2.585921 14.547
 31    46.620 53317.60252807 14.92 292.758542  -2.589231 14.547
 31    46.771 53317.60252871 15.32 292.757812  -2.592531 14.547
 31    47.621 53317.60252936 14.89 292.757092  -2.595841 14.547
 31    47.828 53317.60253000 15.30 292.756362  -2.599141 14.547
 31    47.837 53317.60253065 17.22 292.755632  -2.602451 14.547
 31    47.939 53317.60253129 21.47 292.754902  -2.605751 14.547
 31    48.276 53317.60253194 26.94 292.754182  -2.609061 14.547
 31    46.388 53317.60253516 22.99 292.750537  -2.625584 25.914
 31    46.112 53317.60253581 23.28 292.749817  -2.628894 25.914
 31    46.352 53317.60253645 23.65 292.749087  -2.632194 25.914
 31    46.373 53317.60253710 25.98 292.748357  -2.635504 25.914
 32    48.843 53352.60249054 48.62 292.764420  -2.572395 45.580
 32    48.840 53352.60249119 53.06 292.763700  -2.575705 45.580
 32    48.735 53352.60249183 52.78 292.762970  -2.579005 45.580
 32    48.775 53352.60249248 49.39 292.762240  -2.582315 45.580
 32    48.807 53352.60249312 50.11 292.761520  -2.585615 45.580
 32    48.610 53352.60249377 55.43 292.760790  -2.588925 45.580
 32    48.573 53352.60249441 52.88 292.760060  -2.592225 45.580
 32    48.557 53352.60249505 44.21 292.759340  -2.595535 45.580
 32    48.552 53352.60249570 45.52 292.758610  -2.598835 45.580
 32    48.535 53352.60249634 50.92 292.757880  -2.602145 45.580
 32    48.524 53352.60249699 50.34 292.757160  -2.605445 45.580
 32    48.525 53352.60249763 50.71 292.756430  -2.608755 45.580
 32    48.534 53352.60249828 50.84 292.755700  -2.612055 45.580
 32    48.553 53352.60250086 51.93 292.752791  -2.625279 29.423
 32    48.561 53352.60250150 52.28 292.752071  -2.628589 29.423
 32    48.563 53352.60250215 51.73 292.751341  -2.631889 29.423
 32    48.570 53352.60250279 51.95 292.750611  -2.635199 29.423
 32    48.580 53352.60250344 51.42 292.749881  -2.638499 29.423
 32    48.588 53352.60250408 51.88 292.749161  -2.641809 29.423
 33    48.812 53387.60248160 49.43 292.760730  -2.562080 26.504
 33    48.859 53387.60248224 50.65 292.760000  -2.565380 26.504
 33    48.848 53387.60248289 50.11 292.759270  -2.568690 26.504
 33    48.796 53387.60248353 50.29 292.758550  -2.571990 26.504
 33    48.830 53387.60248418 45.82 292.757820  -2.575300 26.504
 33    48.807 53387.60248482 37.58 292.757090  -2.578600 26.504
 33    48.653 53387.60248547 34.96 292.756360  -2.581910 26.504
 33    48.661 53387.60248611 35.10 292.755640  -2.585210 26.504
 33    48.555 53387.60248675 34.97 292.754910  -2.588520 26.504
 33    48.625 53387.60248740 35.92 292.754180  -2.591820 26.504
 33    48.706 53387.60248804 42.79 292.753450  -2.595130 26.504
 33    48.725 53387.60248869 44.52 292.752730  -2.598430 26.504
 33    48.706 53387.60248933 40.36 292.752000  -2.601740 26.504
 33    48.563 53387.60249449 42.26 292.746180  -2.628183 31.347
 34    49.149 53422.60248634 37.31 292.764503  -2.581044 24.258
 34    49.076 53422.60248699 33.46 292.763773  -2.584344 24.258
 34    48.838 53422.60248763 25.86 292.763053  -2.587654 24.258
 34    48.490 53422.60248828 24.72 292.762323  -2.590954 24.258
 34    48.127 53422.60248892 23.94 292.761593  -2.594264 24.258
 34    48.473 53422.60248956 23.14 292.760863  -2.597564 24.258
 34    48.494 53422.60249021 23.32 292.760143  -2.600874 24.258
 34    48.509 53422.60249085 24.22 292.759413  -2.604174 24.258
 34    48.776 53422.60249150 24.67 292.758683  -2.607484 24.258
 34    48.784 53422.60249214 25.65 292.757960  -2.610787  8.924
 34    48.842 53422.60249279 27.74 292.757230  -2.614097  8.924
 34    48.762 53422.60249343 29.98 292.756500  -2.617397  8.924
 34    48.857 53422.60249472 25.35 292.755050  -2.624007  8.924
 34    48.482 53422.60249537 25.38 292.754320  -2.627317  8.924
 34    48.297 53422.60249601 25.66 292.753590  -2.630617  8.924
 34    48.354 53422.60249666 24.91 292.752870  -2.633927  8.924
 34    48.454 53422.60249730 25.36 292.752140  -2.637227  8.924
 34    48.546 53422.60249795 26.10 292.751410  -2.640537  8.924
 34    48.726 53422.60249859 27.15 292.750690  -2.643837  8.924
 35    50.472 53457.60248945 32.54 292.764185  -2.570263 18.708
 35    50.308 53457.60249010 30.18 292.763455  -2.573573 18.708
 35    50.170 53457.60249074 28.88 292.762735  -2.576873 18.708
 35    50.282 53457.60249139 26.14 292.762005  -2.580183 18.708
 35    50.489 53457.60249203 27.88 292.761275  -2.583483 18.708
 35    50.421 53457.60249268 26.34 292.760545  -2.586793 18.708
 35    50.314 53457.60249332 24.03 292.759825  -2.590093 18.708
 35    49.881 53457.60249397 24.52 292.759095  -2.593403 18.708
 35    49.738 53457.60249461 25.55 292.758365  -2.596703 18.708
 35    49.825 53457.60249526 25.72 292.757635  -2.600013 18.708
 35    50.089 53457.60249590 25.97 292.756915  -2.603313 18.708
 35    50.278 53457.60249655 28.60 292.756185  -2.606623 18.708
 35    50.353 53457.60249719 35.21 292.755455  -2.609925 25.010
 35    50.386 53457.60249784 42.64 292.754725  -2.613235 25.010
 35    49.724 53457.60250041 29.45 292.751815  -2.626455 25.010
 35    49.733 53457.60250106 28.12 292.751095  -2.629755 25.010
 35    49.968 53457.60250170 27.62 292.750365  -2.633065 25.010
 35    50.085 53457.60250235 27.60 292.749635  -2.636365 25.010
 35    50.125 53457.60250299 29.72 292.748905  -2.639675 25.010
 36    51.332 53492.60257108 34.24 292.756605  -2.551651 28.962
 36    51.115 53492.60257173 29.35 292.755875  -2.554951 28.962
 36    50.981 53492.60257237 29.31 292.755145  -2.558261 28.962
 36    51.277 53492.60257302 43.26 292.754415  -2.561561 28.962
 36    51.332 53492.60257366 44.07 292.753695  -2.564871 28.962
 36    51.395 53492.60257430 41.97 292.752965  -2.568171 28.962
 36    51.367 53492.60257495 37.21 292.752235  -2.571481 28.962
 36    51.220 53492.60257559 29.16 292.751515  -2.574781 28.962
 36    50.820 53492.60257624 22.44 292.750785  -2.578091 28.962
 36    50.757 53492.60257688 23.77 292.750055  -2.581391 28.962
 36    51.076 53492.60257753 24.82 292.749335  -2.584701 28.962
 37    50.753 53527.60255434 47.57 292.764529  -2.571959 49.186
 37    50.740 53527.60255498 52.99 292.763799  -2.575259 49.186
 37    50.729 53527.60255563 53.43 292.763069  -2.578569 49.186
 37    50.705 53527.60255627 50.54 292.762349  -2.581869 49.186
 37    50.664 53527.60255691 52.47 292.761619  -2.585179 49.186
 37    50.644 53527.60255756 50.96 292.760889  -2.588479 49.186
 37    50.596 53527.60255820 53.43 292.760169  -2.591789 49.186
 37    50.532 53527.60255885 53.53 292.759439  -2.595089 49.186
 37    50.515 53527.60255949 52.14 292.758709  -2.598399 49.186
 37    50.532 53527.60256014 51.35 292.757979  -2.601699 49.186
 37    50.429 53527.60256078 38.66 292.757259  -2.605009 49.186
 37    50.598 53527.60256143 42.03 292.756529  -2.608309 49.186
 37    50.602 53527.60256207 44.81 292.755799  -2.611619 49.186
 37    50.533 53527.60256465 51.93 292.752896  -2.624841 40.330
 37    50.528 53527.60256530 51.78 292.752166  -2.628141 40.330
 37    50.535 53527.60256594 52.29 292.751436  -2.631451 40.330
 37    50.532 53527.60256658 51.69 292.750706  -2.634751 40.330
 37    50.531 53527.60256723 52.33 292.749986  -2.638061 40.330
 37    50.541 53527.60256787 52.10 292.749256  -2.641361 40.330
 38    47.999 53562.60258095 24.09 292.756899  -2.554766 21.058
 38    48.027 53562.60258160 23.55 292.756179  -2.558066 21.058
 38    48.166 53562.60258224 31.51 292.755449  -2.561376 21.058
 38    48.175 53562.60258289 40.74 292.754719  -2.564676 21.058
 38    48.034 53562.60258353 35.72 292.753999  -2.567986 21.058
 38    47.985 53562.60258418 30.96 292.753269  -2.571286 21.058
 38    47.909 53562.60258482 24.15 292.752539  -2.574596 21.058
 38    47.791 53562.60258547 17.62 292.751819  -2.577896 21.058
 38    47.641 53562.60258611 17.46 292.751089  -2.581206 21.058
 38    48.947 53562.60258675 16.00 292.750359  -2.584506 21.058
 39    40.998 53597.60252359 32.51 292.764153  -2.571295 30.553
 39    42.145 53597.60252423 34.27 292.763423  -2.574605 30.553
 39    42.142 53597.60252488 37.16 292.762703  -2.577905 30.553
 39    42.091 53597.60252552 43.61 292.761973  -2.581215 30.553
 39    42.086 53597.60252617 46.06 292.761243  -2.584515 30.553
 39    42.178 53597.60252681 51.35 292.760523  -2.587825 30.553
 39    42.151 53597.60252746 50.17 292.759793  -2.591125 30.553
 39    41.991 53597.60252810 50.73 292.759063  -2.594435 30.553
 39    42.108 53597.60252875 49.06 292.758333  -2.597735 30.553
 39    42.094 53597.60252939 47.27 292.757613  -2.601045 30.553
 39    42.123 53597.60253004 48.24 292.756883  -2.604345 30.553
 39    42.109 53597.60253068 43.35 292.756153  -2.607655 30.553
 39    41.968 53597.60253133 34.21 292.755434  -2.610960 12.806
 39    43.769 53597.60253455 34.79 292.751794  -2.627490 12.806
 39    45.611 53597.60253519 29.37 292.751064  -2.630790 12.806
 39    45.205 53597.60253584 30.40 292.750344  -2.634100 12.806
 39    41.948 53597.60253648 34.55 292.749614  -2.637400 12.806
 39    41.986 53597.60253713 47.28 292.748884  -2.640710 12.806
 40    46.952 53632.60251599 26.62 292.758654  -2.555111 13.417
 40    41.156 53632.60251664 29.97 292.757924  -2.558421 13.417
 40    41.018 53632.60251728 33.72 292.757204  -2.561721 13.417
 40    46.889 53632.60251793 27.50 292.756474  -2.565031 13.417
 40    46.983 53632.60251857 36.75 292.755744  -2.568331 13.417
 40    46.790 53632.60251922 33.17 292.755014  -2.571641 13.417
 40    45.530 53632.60251986 23.00 292.754294  -2.574941 13.417
 40    40.311 53632.60252051 22.22 292.753564  -2.578251 13.417
 40    40.282 53632.60252115 21.80 292.752834  -2.581551 13.417
 40    40.221 53632.60252179 21.08 292.752104  -2.584861 13.417
 40    40.109 53632.60252244 20.54 292.751384  -2.588161 13.417
 41    41.917 53667.60253862 50.30 292.758440  -2.555708 31.026
 41    41.810 53667.60253926 48.23 292.757710  -2.559018 31.026
 41    41.578 53667.60253991 43.68 292.756980  -2.562318 31.026
 41    46.545 53667.60254055 26.49 292.756260  -2.565628 31.026
 41    46.596 53667.60254120 38.57 292.755530  -2.568928 31.026
 41    46.656 53667.60254184 34.88 292.754800  -2.572238 31.026
 41    41.934 53667.60254249 49.76 292.754080  -2.575538 31.026
 41    41.772 53667.60254313 51.54 292.753350  -2.578848 31.026
 41    41.840 53667.60254377 49.23 292.752620  -2.582148 31.026
 41    41.782 53667.60254442 53.55 292.751900  -2.585458 31.026
 41    41.809 53667.60254506 48.32 292.751170  -2.588758 31.026
 42    46.628 53702.60248664 50.98 292.764619  -2.570058 37.200
 42    46.660 53702.60248729 52.57 292.763889  -2.573358 37.200
 42    46.685 53702.60248793 46.16 292.763169  -2.576668 37.200
 42    46.665 53702.60248858 47.45 292.762439  -2.579968 37.200
 42    46.642 53702.60248922 46.61 292.761709  -2.583278 37.200
 42    46.604 53702.60248987 49.54 292.760989  -2.586578 37.200
 42    46.554 53702.60249051 49.83 292.760259  -2.589888 37.200
 42    46.505 53702.60249115 53.39 292.759529  -2.593188 37.200
 42    46.451 53702.60249180 49.98 292.758809  -2.596498 37.200
 42    46.417 53702.60249244 48.47 292.758079  -2.599798 37.200
 42    46.530 53702.60249309 51.76 292.757349  -2.603108 37.200
 42    46.572 53702.60249373 51.52 292.756619  -2.606408 37.200
 42    46.569 53702.60249438 51.44 292.755899  -2.609718 37.200
 42    46.554 53702.60249502 43.69 292.755169  -2.613028 37.200
 42    46.459 53702.60249760 51.14 292.752258  -2.626243 27.512
 42    46.446 53702.60249825 48.20 292.751538  -2.629553 27.512
 42    46.388 53702.60249889 48.03 292.750808  -2.632853 27.512
 42    46.370 53702.60249954 52.11 292.750078  -2.636163 27.512
 42    46.369 53702.60250018 52.96 292.749348  -2.639463 27.512
 44    49.295 53772.60240828 40.27 292.764620  -2.576319 19.071
 44    49.337 53772.60240893 38.58 292.763890  -2.579619 19.071
 44    49.281 53772.60240957 29.31 292.763170  -2.582929 19.071
 44    49.191 53772.60241022 27.52 292.762440  -2.586229 19.071
 44    48.928 53772.60241086 26.99 292.761710  -2.589539 19.071
 44    48.816 53772.60241150 25.98 292.760990  -2.592839 19.071
 44    48.905 53772.60241215 24.47 292.760260  -2.596149 19.071
 44    48.815 53772.60241279 24.38 292.759530  -2.599449 19.071
 44    48.914 53772.60241344 24.47 292.758800  -2.602759 19.071
 44    49.001 53772.60241408 25.48 292.758080  -2.606059 19.071
 44    49.106 53772.60241473 27.03 292.757350  -2.609369 19.071
 44    49.202 53772.60241537 29.08 292.756620  -2.612669 19.071
 44    49.250 53772.60241602 36.83 292.755900  -2.615979 19.071
 44    49.132 53772.60241795 52.32 292.753713  -2.625893 24.888
 44    49.133 53772.60241860 48.14 292.752983  -2.629203 24.888
 44    49.158 53772.60241924 46.52 292.752253  -2.632503 24.888
 44    49.185 53772.60241989 47.97 292.751533  -2.635813 24.888
 44    49.203 53772.60242053 48.45 292.750803  -2.639113 24.888
 44    49.228 53772.60242117 48.08 292.750073  -2.642423 24.888
 47    51.634 53877.60246392 34.86 292.763139  -2.569670 25.130
 47    51.570 53877.60246456 30.96 292.762409  -2.572970 25.130
 47    51.509 53877.60246521 28.92 292.761679  -2.576280 25.130
 47    51.485 53877.60246585 27.20 292.760959  -2.579580 25.130
 47    51.598 53877.60246650 27.32 292.760229  -2.582890 25.130
 47    51.420 53877.60246714 25.31 292.759499  -2.586190 25.130
 47    51.206 53877.60246779 24.73 292.758769  -2.589500 25.130
 47    51.026 53877.60246843 25.32 292.758049  -2.592800 25.130
 47    51.182 53877.60246908 24.84 292.757319  -2.596110 25.130
 47    51.429 53877.60246972 24.65 292.756589  -2.599410 25.130
 47    51.542 53877.60247037 26.43 292.755859  -2.602720 25.130
 47    51.618 53877.60247101 28.02 292.755139  -2.606020 25.130
 47    51.700 53877.60247166 37.36 292.754409  -2.609330 25.130
 47    51.497 53877.60247488 33.53 292.750773  -2.625853 38.558
 47    51.551 53877.60247552 35.27 292.750043  -2.629163 38.558
 47    51.585 53877.60247617 38.38 292.749323  -2.632463 38.558
 47    51.583 53877.60247681 38.61 292.748593  -2.635773 38.558
 48    47.953 53912.60251268 30.98 292.757373  -2.553640 32.735
 48    48.096 53912.60251333 28.32 292.756643  -2.556950 32.735
 48    48.303 53912.60251397 31.72 292.755918  -2.560254 30.584
 48    48.410 53912.60251462 40.33 292.755188  -2.563564 30.584
 48    48.349 53912.60251526 36.64 292.754458  -2.566864 30.584
 48    47.950 53912.60251591 41.04 292.753738  -2.570174 30.584
 48    47.884 53912.60251655 36.95 292.753008  -2.573474 30.584
 48    47.813 53912.60251720 24.10 292.752278  -2.576784 30.584
 48    47.628 53912.60251784 15.65 292.751558  -2.580084 30.584
 48    47.622 53912.60251849 15.93 292.750828  -2.583394 30.584
 48    47.785 53912.60251913 16.20 292.750098  -2.586694 30.584
 49    46.683 53947.60252770 34.53 292.755293  -2.552114 27.178
 49    47.252 53947.60252834 31.96 292.754563  -2.555424 27.178
 49    45.880 53947.60252899 34.98 292.753842  -2.558727 18.078
 49    48.341 53947.60252963 31.58 292.753112  -2.562037 18.078
 49    48.336 53947.60253028 28.58 292.752382  -2.565337 18.078
 49    47.988 53947.60253092 26.73 292.751662  -2.568647 18.078
 49    47.356 53947.60253157 27.31 292.750932  -2.571947 18.078
 49    47.136 53947.60253221 22.98 292.750202  -2.575257 18.078
 49    46.836 53947.60253286 20.26 292.749482  -2.578557 18.078
 49    46.318 53947.60253350 18.06 292.748752  -2.581867 18.078
 49    48.720 53947.60253414 18.20 292.748022  -2.585167 18.078
 50    43.050 53982.60247185 52.49 292.761090  -2.561459 31.646
 50    43.039 53982.60247249 53.50 292.760371  -2.564764 38.031
 50    42.848 53982.60247314 41.35 292.759641  -2.568074 38.031
 50    42.560 53982.60247378 33.46 292.758911  -2.571374 38.031
 50    42.948 53982.60247443 34.42 292.758191  -2.574684 38.031
 50    43.095 53982.60247507 49.06 292.757461  -2.577984 38.031
 50    42.977 53982.60247572 55.18 292.756731  -2.581294 38.031
 50    43.074 53982.60247636 50.77 292.756011  -2.584594 38.031
 50    42.973 53982.60247701 52.25 292.755281  -2.587904 38.031
 50    42.873 53982.60247765 46.19 292.754551  -2.591204 38.031
 50    43.082 53982.60247830 39.69 292.753821  -2.594514 38.031
 50    43.057 53982.60247894 48.59 292.753101  -2.597814 38.031
 50    43.069 53982.60247959 41.06 292.752371  -2.601124 38.031
 50    43.802 53982.60248474 35.05 292.746551  -2.627564 38.031
 51    42.350 54017.60250013 30.96 292.762510  -2.567052 30.458
 51    42.453 54017.60250078 43.51 292.761780  -2.570352 30.458
 51    42.327 54017.60250142 40.11 292.761050  -2.573662 30.458
 51    42.412 54017.60250206 34.97 292.760330  -2.576962 30.458
 51    42.491 54017.60250271 47.08 292.759600  -2.580272 30.458
 51    42.345 54017.60250335 52.71 292.758870  -2.583572 30.458
 51    42.457 54017.60250400 51.04 292.758140  -2.586882 30.458
 51    42.357 54017.60250464 50.04 292.757420  -2.590182 30.458
 51    42.326 54017.60250529 50.86 292.756690  -2.593492 30.458
 51    42.438 54017.60250593 48.84 292.755960  -2.596792 30.458
 51    42.388 54017.60250658 50.33 292.755230  -2.600102 30.458
 51    42.319 54017.60250722 49.72 292.754510  -2.603402 30.458
 51    42.260 54017.60250787 38.76 292.753780  -2.606712 30.458
 51    45.723 54017.60251173 33.35 292.749411  -2.626544 13.611
 51    43.839 54017.60251238 31.93 292.748691  -2.629844 13.611
 51    42.306 54017.60251302 44.50 292.747961  -2.633154 13.611
 52    44.234 54052.60249969 43.93 292.764694  -2.587878 23.153
 52    44.185 54052.60250033 46.05 292.763964  -2.591178 23.153
 52    44.105 54052.60250098 43.71 292.763234  -2.594488 23.153
 52    44.056 54052.60250162 32.76 292.762514  -2.597788 23.153
 52    43.532 54052.60250227 27.18 292.761784  -2.601098 23.153
 52    44.060 54052.60250291 27.04 292.761054  -2.604398 23.153
 52    43.935 54052.60250356 29.98 292.760334  -2.607708 23.153
 52    43.976 54052.60250420 27.49 292.759604  -2.611008 23.153
 52    44.039 54052.60250484 32.02 292.758874  -2.614318 23.153
 52    43.977 54052.60250549 34.43 292.758144  -2.617618 23.153
 52    43.937 54052.60250613 40.52 292.757424  -2.620928 23.153
 52    43.942 54052.60250678 39.29 292.756694  -2.624228 23.153
 52    44.002 54052.60250742 29.56 292.755964  -2.627538 23.153
 52    44.911 54052.60250807 27.93 292.755239  -2.630841 13.266
 52    45.066 54052.60250871 25.30 292.754509  -2.634151 13.266
 52    43.932 54052.60250936 22.72 292.753779  -2.637451 13.266
 52    44.033 54052.60251000 22.52 292.753059  -2.640761 13.266
 52    43.943 54052.60251065 33.41 292.752329  -2.644061 13.266
 52    44.193 54052.60251129 29.57 292.751599  -2.647371 13.266
 53    48.371 54087.60248682 45.84 292.762983  -2.564215 26.291
 53    48.383 54087.60248746 44.48 292.762253  -2.567525 26.291
 53    48.188 54087.60248811 36.48 292.761523  -2.570825 26.291
 53    48.129 54087.60248875 32.61 292.760793  -2.574135 26.291
 53    48.067 54087.60248940 28.68 292.760073  -2.577435 26.291
 53    47.807 54087.60249004 27.05 292.759343  -2.580745 26.291
 53    47.467 54087.60249069 25.04 292.758613  -2.584045 26.291
 53    47.074 54087.60249133 22.24 292.757893  -2.587355 26.291
 53    46.712 54087.60249198 21.91 292.757163  -2.590655 26.291
 53    47.147 54087.60249262 20.78 292.756433  -2.593965 26.291
 53    47.488 54087.60249327 20.31 292.755713  -2.597265 26.291
 53    47.733 54087.60249391 19.13 292.754983  -2.600575 26.291
 53    48.055 54087.60249456 21.66 292.754253  -2.603875 26.291
 53    48.159 54087.60249520 28.99 292.753523  -2.607185 26.291
 53    48.284 54087.60249907 47.01 292.749163  -2.627015 26.291
 53    48.230 54087.60249971 48.67 292.748442  -2.630320 29.088
 53    48.136 54087.60250036 40.87 292.747712  -2.633630 29.088
 54    50.902 54122.60241010 50.35 292.762310  -2.563957 41.080
 54    50.938 54122.60241075 51.06 292.761578  -2.567264 48.148
 54    50.799 54122.60241139 52.59 292.760858  -2.570574 48.148
 54    50.760 54122.60241204 53.06 292.760128  -2.573874 48.148
 54    50.754 54122.60241268 52.11 292.759398  -2.577184 48.148
 54    50.756 54122.60241333 51.51 292.758678  -2.580484 48.148
 54    50.763 54122.60241397 52.96 292.757948  -2.583794 48.148
 54    50.780 54122.60241462 51.44 292.757218  -2.587094 48.148
 54    50.791 54122.60241526 52.07 292.756498  -2.590404 48.148
 54    50.802 54122.60241591 51.12 292.755768  -2.593704 48.148
 54    50.810 54122.60241655 51.06 292.755038  -2.597014 48.148
 54    50.811 54122.60241719 51.69 292.754318  -2.600314 48.148
 54    50.806 54122.60241784 52.21 292.753588  -2.603624 48.148
 54    50.639 54122.60242235 55.11 292.748498  -2.626754 48.148
 54    50.638 54122.60242300 51.93 292.747778  -2.630064 48.148
 54    50.633 54122.60242364 51.17 292.747046  -2.633370 20.900
 55    49.852 54157.60244892 28.60 292.761089  -2.563499 24.029
 55    49.974 54157.60244957 28.57 292.760359  -2.566799 24.029
 55    49.978 54157.60245021 29.06 292.759639  -2.570109 24.029
 55    49.864 54157.60245086 24.33 292.758909  -2.573409 24.029
 55    50.045 54157.60245150 24.55 292.758179  -2.576719 24.029
 55    49.507 54157.60245215 22.82 292.757449  -2.580019 24.029
 55    49.207 54157.60245279 24.29 292.756729  -2.583329 24.029
 55    49.187 54157.60245344 24.19 292.755999  -2.586629 24.029
 55    49.408 54157.60245408 23.26 292.755269  -2.589939 24.029
 55    49.653 54157.60245473 23.26 292.754549  -2.593239 24.029
 55    49.826 54157.60245537 23.70 292.753819  -2.596549 24.029
 55    49.977 54157.60245602 32.42 292.753089  -2.599849 24.029
 55    50.002 54157.60245666 39.17 292.752369  -2.603159 24.029
 55    49.769 54157.60246182 45.79 292.746545  -2.629601 32.047
 56    50.231 54192.60240985 50.04 292.762172  -2.564148 39.712
 56    50.155 54192.60241049 52.74 292.761442  -2.567448 39.712
 56    50.205 54192.60241114 52.35 292.760722  -2.570758 39.712
 56    50.276 54192.60241178 51.03 292.759992  -2.574058 39.712
 56    50.305 54192.60241243 52.35 292.759262  -2.577368 39.712
 56    50.193 54192.60241307 51.73 292.758542  -2.580678 39.712
 56    50.112 54192.60241371 49.37 292.757812  -2.583978 39.712
 56    50.107 54192.60241436 49.49 292.757082  -2.587278 39.712
 56    50.110 54192.60241500 45.07 292.756362  -2.590588 39.712
 56    50.122 54192.60241565 43.79 292.755636  -2.593894 39.580
 56    50.139 54192.60241629 48.47 292.754906  -2.597204 39.580
 56    50.146 54192.60241694 47.25 292.754176  -2.600504 39.580
 56    50.164 54192.60241758 48.77 292.753446  -2.603814 39.580
 56    50.083 54192.60242210 53.64 292.748366  -2.626944 39.580
 56    50.051 54192.60242274 51.17 292.747636  -2.630254 39.580
 56    49.998 54192.60242339 50.65 292.746906  -2.633554 39.580
 57    51.394 54227.60245984 44.20 292.761654  -2.562879 30.483
 57    51.402 54227.60246048 43.08 292.760924  -2.566179 30.483
 57    51.425 54227.60246113 38.62 292.760204  -2.569489 30.483
 57    51.281 54227.60246177 30.56 292.759474  -2.572789 30.483
 57    51.057 54227.60246242 32.10 292.758744  -2.576099 30.483
 57    50.712 54227.60246306 31.28 292.758014  -2.579399 30.483
 57    50.738 54227.60246371 27.79 292.757294  -2.582709 30.483
 57    50.580 54227.60246435 26.73 292.756564  -2.586009 30.483
 57    50.749 54227.60246500 25.42 292.755834  -2.589319 30.483
 57    50.988 54227.60246564 25.05 292.755110  -2.592624 39.472
 57    51.231 54227.60246629 25.59 292.754380  -2.595934 39.472
 57    51.378 54227.60246693 30.47 292.753650  -2.599234 39.472
 57    51.450 54227.60246758 42.03 292.752930  -2.602544 39.472
 57    51.245 54227.60247273 52.32 292.747110  -2.628984 39.472
 58    51.200 54262.60247919 48.01 292.762502  -2.563023 37.380
 58    51.145 54262.60247984 49.53 292.761772  -2.566323 37.380
 58    51.146 54262.60248048 49.15 292.761052  -2.569633 37.380
 58    51.129 54262.60248113 40.12 292.760322  -2.572933 37.380
 58    51.134 54262.60248177 40.82 292.759592  -2.576243 37.380
 58    51.140 54262.60248242 33.99 292.758862  -2.579543 37.380
 58    50.994 54262.60248306 29.99 292.758142  -2.582853 37.380
 58    50.875 54262.60248371 29.77 292.757412  -2.586153 37.380
 58    50.739 54262.60248435 28.44 292.756682  -2.589463 37.380
 58    50.802 54262.60248500 27.15 292.755958  -2.592766 30.959
 58    50.882 54262.60248564 27.92 292.755228  -2.596076 30.959
 58    51.108 54262.60248628 29.58 292.754498  -2.599376 30.959
 58    51.190 54262.60248693 40.54 292.753778  -2.602686 30.959
 58    51.157 54262.60248757 41.45 292.753048  -2.605986 30.959
 58    51.099 54262.60249209 43.52 292.747958  -2.629126 30.959
 58    51.120 54262.60249273 47.12 292.747228  -2.632426 30.959
 59    47.886 54297.60248497 42.53 292.762267  -2.565281 39.694
 59    47.820 54297.60248561 48.73 292.761537  -2.568581 39.694
 59    47.790 54297.60248625 46.14 292.760807  -2.571891 39.694
 59    47.785 54297.60248690 50.62 292.760077  -2.575191 39.694
 59    47.854 54297.60248754 51.08 292.759357  -2.578501 39.694
 59    47.914 54297.60248819 47.78 292.758627  -2.581801 39.694
 59    47.930 54297.60248883 46.78 292.757897  -2.585111 39.694
 59    47.882 54297.60248948 43.67 292.757176  -2.588414 29.137
 59    47.815 54297.60249012 32.44 292.756446  -2.591724 29.137
 59    47.441 54297.60249077 26.69 292.755716  -2.595024 29.137
 59    47.658 54297.60249141 26.01 292.754996  -2.598334 29.137
 59    47.848 54297.60249206 24.93 292.754266  -2.601634 29.137
 59    48.560 54297.60249270 27.04 292.753536  -2.604944 29.137
 59    47.785 54297.60249721 47.14 292.748446  -2.628074 29.137
 59    47.765 54297.60249786 49.94 292.747726  -2.631384 29.137
 60    49.045 54332.60247488 25.79 292.763076  -2.565968 28.416
 60    46.806 54332.60247553 24.76 292.762356  -2.569278 28.416
 60    46.988 54332.60247617 28.27 292.761626  -2.572578 28.416
 60    42.061 54332.60247682 29.72 292.760896  -2.575888 28.416
 60    42.106 54332.60247746 32.80 292.760176  -2.579188 28.416
 60    42.121 54332.60247811 42.28 292.759446  -2.582498 28.416
 60    42.135 54332.60247875 48.57 292.758716  -2.585798 28.416
 60    42.096 54332.60247940 46.45 292.757986  -2.589108 28.416
 60    42.156 54332.60248004 42.97 292.757266  -2.592412 24.593
 60    42.166 54332.60248069 39.42 292.756536  -2.595722 24.593
 60    42.103 54332.60248133 42.02 292.755806  -2.599022 24.593
 60    41.951 54332.60248198 37.77 292.755086  -2.602332 24.593
 60    47.822 54332.60248262 25.16 292.754356  -2.605632 24.593
 60    48.010 54332.60248326 26.70 292.753626  -2.608942 24.593
 60    46.751 54332.60248713 46.67 292.749266  -2.628772 24.593
 60    47.505 54332.60248778 30.32 292.748536  -2.632072 24.593
 60    47.570 54332.60248842 29.75 292.747816  -2.635382 24.593
 62    47.657 54402.60241771 28.66 292.762671  -2.563679 28.975
 62    44.105 54402.60241836 38.71 292.761941  -2.566989 28.975
 62    44.229 54402.60241900 39.03 292.761211  -2.570289 28.975
 62    46.813 54402.60241965 29.30 292.760491  -2.573599 28.975
 62    44.258 54402.60242029 27.92 292.759761  -2.576899 28.975
 62    46.186 54402.60242094 21.65 292.759031  -2.580209 28.975
 62    44.058 54402.60242158 18.92 292.758301  -2.583509 28.975
 62    45.473 54402.60242223 16.88 292.757581  -2.586819 28.975
 62    46.023 54402.60242287 15.37 292.756851  -2.590119 28.975
 62    46.442 54402.60242351 15.87 292.756121  -2.593429 28.975
 62    46.866 54402.60242416 16.42 292.755398  -2.596733 25.300
 62    47.264 54402.60242480 15.59 292.754668  -2.600043 25.300
 62    47.985 54402.60242545 15.64 292.753938  -2.603343 25.300
 62    48.080 54402.60242609 27.92 292.753218  -2.606653 25.300
 62    46.611 54402.60242996 38.17 292.748848  -2.626483 25.300
 62    44.155 54402.60243061 43.47 292.748128  -2.629783 25.300
 62    43.997 54402.60243125 47.60 292.747398  -2.633093 25.300
 63    48.331 54437.60237472 33.35 292.761436  -2.563187 33.626
 63    48.434 54437.60237537 42.62 292.760706  -2.566497 33.626
 63    48.485 54437.60237601 50.33 292.759976  -2.569797 33.626
 63    48.366 54437.60237665 52.42 292.759256  -2.573107 33.626
 63    48.419 54437.60237730 36.63 292.758526  -2.576407 33.626
 63    48.017 54437.60237794 27.81 292.757796  -2.579717 33.626
 63    47.836 54437.60237859 26.15 292.757078  -2.583022 33.832
 63    47.232 54437.60237923 30.08 292.756348  -2.586332 33.832
 63    46.791 54437.60237988 26.20 292.755618  -2.589632 33.832
 63    45.936 54437.60238052 24.46 292.754898  -2.592942 33.832
 63    47.483 54437.60238117 22.80 292.754168  -2.596242 33.832
 63    47.884 54437.60238181 21.46 292.753438  -2.599552 33.832
 63    48.332 54437.60238246 29.79 292.752708  -2.602852 33.832
 63    48.167 54437.60238761 41.76 292.746898  -2.629292 33.832
 64    49.244 54472.60240348 49.70 292.763439  -2.566416 34.301
 64    49.258 54472.60240413 51.84 292.762709  -2.569716 34.301
 64    49.311 54472.60240477 53.10 292.761979  -2.573026 34.301
 64    49.386 54472.60240542 50.39 292.761259  -2.576326 34.301
 64    49.457 54472.60240606 38.48 292.760529  -2.579636 34.301
 64    48.991 54472.60240671 32.59 292.759799  -2.582936 34.301
 64    48.763 54472.60240735 29.31 292.759079  -2.586246 34.301
 64    48.342 54472.60240800 26.44 292.758349  -2.589546 34.301
 64    48.390 54472.60240864 25.46 292.757619  -2.592856 34.301
 64    48.774 54472.60240929 25.17 292.756893  -2.596159 36.618
 64    49.156 54472.60240993 24.83 292.756163  -2.599469 36.618
 64    49.253 54472.60241058 27.52 292.755433  -2.602769 36.618
 64    49.214 54472.60241122 39.21 292.754713  -2.606079 36.618
 64    49.261 54472.60241186 44.48 292.753983  -2.609379 36.618
 64    49.269 54472.60241509 51.42 292.750343  -2.625909 36.618
 64    49.079 54472.60241573 57.45 292.749623  -2.629209 36.618
 64    49.070 54472.60241638 54.14 292.748893  -2.632519 36.618
 64    49.089 54472.60241702 53.23 292.748163  -2.635819 36.618
 65    49.956 54507.60238625 40.69 292.762295  -2.564561 35.878
 65    50.143 54507.60238689 42.52 292.761575  -2.567871 35.878
 65    50.115 54507.60238754 50.34 292.760845  -2.571171 35.878
 65    50.222 54507.60238818 51.61 292.760115  -2.574481 35.878
 65    50.153 54507.60238883 50.21 292.759395  -2.577781 35.878
 65    50.056 54507.60238947 43.40 292.758665  -2.581091 35.878
 65    50.119 54507.60239012 44.73 292.757935  -2.584391 35.878
 65    50.146 54507.60239076 44.71 292.757215  -2.587701 35.878
 65    50.130 54507.60239141 51.74 292.756485  -2.591001 35.878
 65    50.037 54507.60239205 45.38 292.755755  -2.594311 35.878
 65    50.044 54507.60239270 52.64 292.755035  -2.597611 35.878
 65    50.025 54507.60239334 52.38 292.754305  -2.600921 35.878
 65    50.017 54507.60239399 52.46 292.753575  -2.604221 35.878
 65    49.889 54507.60239850 50.42 292.748488  -2.627366 36.581
 65    49.894 54507.60239914 54.09 292.747758  -2.630666 36.581
 65    49.893 54507.60239979 52.12 292.747038  -2.633976 36.581
 66    50.971 54542.60241800 48.79 292.762489  -2.567481 39.556
 66    50.979 54542.60241864 47.87 292.761759  -2.570781 39.556
 66    51.004 54542.60241929 47.02 292.761039  -2.574091 39.556
 66    50.873 54542.60241993 39.74 292.760309  -2.577391 39.556
 66    50.918 54542.60242058 42.90 292.759579  -2.580701 39.556
 66    50.854 54542.60242122 42.40 292.758849  -2.584001 39.556
 66    50.827 54542.60242187 39.06 292.758129  -2.587311 39.556
 66    50.817 54542.60242251 27.65 292.757399  -2.590611 39.556
 66    50.548 54542.60242316 25.64 292.756669  -2.593921 39.556
 66    50.617 54542.60242380 25.03 292.755949  -2.597221 39.556
 66    50.843 54542.60242445 26.29 292.755219  -2.600531 39.556
 66    50.759 54542.60242509 34.18 292.754489  -2.603831 39.556
 66    50.795 54542.60242573 47.19 292.753769  -2.607141 39.556
 66    50.761 54542.60242960 51.11 292.749399  -2.626971 39.556
 66    50.757 54542.60243025 50.48 292.748676  -2.630276 29.268
 66    50.756 54542.60243089 51.64 292.747946  -2.633586 29.268
 67    51.203 54577.60238781 44.31 292.762500  -2.563420 27.892
 67    51.149 54577.60238845 42.64 292.761770  -2.566730 27.892
 67    51.171 54577.60238910 48.55 292.761040  -2.570030 27.892
 67    51.193 54577.60238974 44.30 292.760320  -2.573340 27.892
 67    50.949 54577.60239039 30.53 292.759590  -2.576640 27.892
 67    50.757 54577.60239103 24.77 292.758860  -2.579950 27.892
 67    50.244 54577.60239168 24.67 292.758140  -2.583250 27.892
 67    50.278 54577.60239232 23.09 292.757410  -2.586560 27.892
 67    50.293 54577.60239297 22.96 292.756680  -2.589860 27.892
 67    50.571 54577.60239361 23.14 292.755960  -2.593170 27.892
 67    50.934 54577.60239425 23.53 292.755230  -2.596470 27.892
 67    51.028 54577.60239490 26.47 292.754500  -2.599780 27.892
 67    51.097 54577.60239554 34.47 292.753780  -2.603080 27.892
 67    50.960 54577.60239619 46.50 292.753050  -2.606390 27.892
 67    50.917 54577.60240006 43.40 292.748684  -2.626225 39.172
 67    50.938 54577.60240070 42.74 292.747964  -2.629525 39.172
 67    50.952 54577.60240135 42.84 292.747234  -2.632835 39.172
 68    51.207 54612.60240853 37.70 292.762657  -2.565019 24.880
 68    51.168 54612.60240918 33.76 292.761937  -2.568329 24.880
 68    51.353 54612.60240982 36.52 292.761207  -2.571629 24.880
 68    51.124 54612.60241047 28.16 292.760477  -2.574939 24.880
 68    50.997 54612.60241111 26.10 292.759757  -2.578239 24.880
 68    50.815 54612.60241176 25.55 292.759027  -2.581549 24.880
 68    50.706 54612.60241240 24.37 292.758297  -2.584849 24.880
 68    50.592 54612.60241304 23.80 292.757577  -2.588159 24.880
 68    50.458 54612.60241369 23.62 292.756847  -2.591459 24.880
 68    50.783 54612.60241433 23.49 292.756117  -2.594769 24.880
 68    50.995 54612.60241498 23.40 292.755387  -2.598069 24.880
 68    51.139 54612.60241562 29.01 292.754667  -2.601379 24.880
 68    51.134 54612.60241627 36.18 292.753937  -2.604679 24.880
 68    51.523 54612.60241691 41.98 292.753207  -2.607989 24.880
 68    51.095 54612.60242078 41.48 292.748845  -2.627821 41.037
 68    51.111 54612.60242143 46.15 292.748115  -2.631121 41.037
 68    51.099 54612.60242207 38.95 292.747395  -2.634431 41.037
 69    49.400 54647.60241502 44.29 292.761925  -2.561722 45.740
 69    49.328 54647.60241567 47.59 292.761195  -2.565022 45.740
 69    49.346 54647.60241631 48.11 292.760475  -2.568332 45.740
 69    49.394 54647.60241696 50.35 292.759745  -2.571632 45.740
 69    49.457 54647.60241760 51.24 292.759015  -2.574942 45.740
 69    49.500 54647.60241825 52.35 292.758295  -2.578242 45.740
 69    49.426 54647.60241889 55.35 292.757565  -2.581552 45.740
 69    49.383 54647.60241954 54.97 292.756835  -2.584852 45.740
 69    49.302 54647.60242018 51.29 292.756115  -2.588162 45.740
 69    49.265 54647.60242083 52.24 292.755385  -2.591462 45.740
 69    49.273 54647.60242147 54.22 292.754655  -2.594772 45.740
 69    49.248 54647.60242212 54.74 292.753925  -2.598072 45.740
 69    49.252 54647.60242276 51.65 292.753205  -2.601382 45.740
 69    49.271 54647.60242340 44.56 292.752475  -2.604682 45.740
 69    49.259 54647.60242792 52.85 292.747382  -2.627825 29.301
 69    49.267 54647.60242856 47.66 292.746652  -2.631125 29.301
 70    46.404 54682.60241583 54.49 292.761887  -2.564588 22.232
 70    46.082 54682.60241648 45.30 292.761157  -2.567888 22.232
 70    47.873 54682.60241712 38.21 292.760437  -2.571198 22.232
 70    47.539 54682.60241777 36.21 292.759707  -2.574498 22.232
 70    46.042 54682.60241841 43.81 292.758977  -2.577808 22.232
 70    46.075 54682.60241906 44.48 292.758257  -2.581108 22.232
 70    46.009 54682.60241970 39.74 292.757527  -2.584418 22.232
 70    45.900 54682.60242035 37.61 292.756797  -2.587718 22.232
 70    45.788 54682.60242099 32.09 292.756077  -2.591028 22.232
 70    45.581 54682.60242164 28.93 292.755347  -2.594328 22.232
 70    45.381 54682.60242228 28.70 292.754617  -2.597638 22.232
 70    49.222 54682.60242292 28.46 292.753887  -2.600938 22.232
 70    49.148 54682.60242357 36.96 292.753167  -2.604248 22.232
 70    46.289 54682.60242808 47.80 292.748075  -2.627383 29.199
 70    46.181 54682.60242873 46.94 292.747345  -2.630693 29.199
 71    49.492 54717.60236409 22.52 292.762741  -2.565823 14.920
 71    47.571 54717.60236474 19.60 292.762021  -2.569123 14.920
 71    47.296 54717.60236538 22.33 292.761291  -2.572433 14.920
 71    47.245 54717.60236603 23.75 292.760561  -2.575733 14.920
 71    46.955 54717.60236667 21.40 292.759841  -2.579043 14.920
 71    46.559 54717.60236731 19.81 292.759111  -2.582343 14.920
 71    41.500 54717.60236796 18.04 292.758381  -2.585653 14.920
 71    46.304 54717.60236860 14.89 292.757661  -2.588953 14.920
 71    47.172 54717.60236925 13.85 292.756931  -2.592263 14.920
 71    47.320 54717.60236989 13.39 292.756201  -2.595563 14.920
 71    47.591 54717.60237054 15.32 292.755481  -2.598873 14.920
 71    48.002 54717.60237118 16.39 292.754751  -2.602173 14.920
 71    48.931 54717.60237183 22.62 292.754021  -2.605483 14.920
 71    47.275 54717.60237634 35.67 292.748934  -2.628617 21.399
 71    46.895 54717.60237698 29.67 292.748214  -2.631927 21.399
 71    47.358 54717.60237763 28.09 292.747484  -2.635227 21.399
 72    43.339 54752.60238867 53.07 292.761535  -2.563356 32.263
 72    43.176 54752.60238931 35.69 292.760805  -2.566656 32.263
 72    47.682 54752.60238996 26.98 292.760075  -2.569966 32.263
 72    47.063 54752.60239060 32.28 292.759355  -2.573266 32.263
 72    43.095 54752.60239124 38.72 292.758625  -2.576576 32.263
 72    43.094 54752.60239189 52.08 292.757895  -2.579876 32.263
 72    43.081 54752.60239253 53.24 292.757165  -2.583186 32.263
 72    43.112 54752.60239318 52.16 292.756445  -2.586486 32.263
 72    43.167 54752.60239382 52.11 292.755715  -2.589796 32.263
 72    43.070 54752.60239447 53.16 292.754985  -2.593096 32.263
 72    43.176 54752.60239511 50.91 292.754265  -2.596406 32.263
 72    43.124 54752.60239576 53.56 292.753535  -2.599706 32.263
 72    43.015 54752.60239640 43.68 292.752805  -2.603016 32.263
 72    44.189 54752.60240156 40.64 292.746989  -2.629458 23.990
 73    46.528 54787.60235414 51.04 292.762090  -2.562933 33.937
 73    46.577 54787.60235479 48.83 292.761360  -2.566243 33.937
 73    46.524 54787.60235543 37.66 292.760630  -2.569543 33.937
 73    46.840 54787.60235608 31.37 292.759910  -2.572853 33.937
 73    46.553 54787.60235672 46.66 292.759180  -2.576153 33.937
 73    46.580 54787.60235737 49.83 292.758450  -2.579463 33.937
 73    46.560 54787.60235801 51.52 292.757730  -2.582763 33.937
 73    46.553 54787.60235866 52.25 292.757000  -2.586073 33.937
 73    46.518 54787.60235930 51.48 292.756270  -2.589373 33.937
 73    46.458 54787.60235994 52.28 292.755550  -2.592683 33.937
 73    46.463 54787.60236059 50.16 292.754820  -2.595983 33.937
 73    46.508 54787.60236123 51.81 292.754090  -2.599293 33.937
 73    46.498 54787.60236188 51.28 292.753360  -2.602593 33.937
 73    47.972 54787.60236252 33.32 292.752640  -2.605903 33.937
 73    46.445 54787.60236704 38.14 292.747551  -2.629039 24.212
 73    46.477 54787.60236768 43.17 292.746821  -2.632349 24.212
 74    47.683 54822.60238257 52.76 292.762468  -2.564184 35.727
 74    47.543 54822.60238321 53.73 292.761738  -2.567484 35.727
 74    47.528 54822.60238386 42.59 292.761008  -2.570794 35.727
 74    47.525 54822.60238450 42.92 292.760288  -2.574094 35.727
 74    47.540 54822.60238515 48.43 292.759558  -2.577404 35.727
 74    47.500 54822.60238579 42.24 292.758828  -2.580704 35.727
 74    47.503 54822.60238644 41.76 292.758108  -2.584014 35.727
 74    47.490 54822.60238708 40.34 292.757378  -2.587314 35.727
 74    47.475 54822.60238773 39.98 292.756648  -2.590624 35.727
 74    47.444 54822.60238837 37.57 292.755918  -2.593924 35.727
 74    47.389 54822.60238902 32.91 292.755198  -2.597234 35.727
 74    47.602 54822.60238966 37.05 292.754468  -2.600534 35.727
 74    47.593 54822.60239031 40.02 292.753738  -2.603844 35.727
 74    48.098 54822.60239095 36.30 292.753012  -2.607147 31.367
 74    47.482 54822.60239482 45.09 292.748652  -2.626977 31.367
 74    47.465 54822.60239546 54.54 292.747922  -2.630287 31.367
 74    47.450 54822.60239611 53.47 292.747192  -2.633587 31.367
 75    49.562 54857.60235068 44.87 292.762509  -2.565506 32.104
 75    49.595 54857.60235133 47.69 292.761779  -2.568806 32.104
 75    49.673 54857.60235197 46.62 292.761059  -2.572116 32.104
 75    49.465 54857.60235262 34.17 292.760329  -2.575416 32.104
 75    49.226 54857.60235326 35.17 292.759599  -2.578726 32.104
 75    48.795 54857.60235391 32.59 292.758879  -2.582026 32.104
 75    48.410 54857.60235455 31.17 292.758149  -2.585336 32.104
 75    47.885 54857.60235520 25.91 292.757419  -2.588636 32.104
 75    47.942 54857.60235584 26.32 292.756699  -2.591946 32.104
 75    48.556 54857.60235649 24.56 292.755969  -2.595246 32.104
 75    49.179 54857.60235713 22.90 292.755239  -2.598556 32.104
 75    49.562 54857.60235777 28.92 292.754509  -2.601856 32.104
 75    49.607 54857.60235842 42.45 292.753789  -2.605166 32.104
 75    49.587 54857.60236293 47.03 292.748701  -2.628299 34.528
 75    49.480 54857.60236358 40.82 292.747971  -2.631609 34.528
 75    49.355 54857.60236422 40.10 292.747241  -2.634909 34.528
 76    51.499 54892.60238497 47.67 292.761378  -2.559562 34.432
 76    51.502 54892.60238561 50.38 292.760658  -2.562872 34.432
 76    51.287 54892.60238625 49.23 292.759928  -2.566172 34.432
 76    51.303 54892.60238690 51.99 292.759198  -2.569482 34.432
 76    51.303 54892.60238754 51.39 292.758478  -2.572782 34.432
 76    51.310 54892.60238819 50.28 292.757748  -2.576092 34.432
 76    51.306 54892.60238883 45.16 292.757018  -2.579392 34.432
 76    51.329 54892.60238948 36.92 292.756298  -2.582702 34.432
 76    51.240 54892.60239012 31.54 292.755568  -2.586002 34.432
 76    50.820 54892.60239077 29.16 292.754838  -2.589312 34.432
 76    50.953 54892.60239141 29.00 292.754108  -2.592612 34.432
 76    51.188 54892.60239206 31.13 292.753388  -2.595922 34.432
 76    51.168 54892.60239270 42.76 292.752658  -2.599222 34.432
 76    51.174 54892.60239335 47.75 292.751928  -2.602532 34.432
 76    51.134 54892.60239850 48.20 292.746116  -2.628976 40.250
 77    49.439 54927.60234744 15.29 292.761106  -2.562400  6.177
 77    50.176 54927.60234809 15.39 292.760386  -2.565700  6.177
 77    51.045 54927.60234873 16.58 292.759656  -2.569010  6.177
 77    51.295 54927.60234938 17.01 292.758926  -2.572310  6.177
 77    51.291 54927.60235002 18.74 292.758206  -2.575620  6.177
 77    51.388 54927.60235067 20.44 292.757476  -2.578920  6.177
 77    51.179 54927.60235131 21.42 292.756746  -2.582230  6.177
 77    51.079 54927.60235196 23.54 292.756026  -2.585530  6.177
 77    51.154 54927.60235260 21.83 292.755296  -2.588840  6.177
 77    51.471 54927.60235325 21.58 292.754566  -2.592140  6.177
 77    51.714 54927.60235389 21.19 292.753846  -2.595450  6.177
 77    52.027 54927.60235453 22.12 292.753116  -2.598750  6.177
 77    52.011 54927.60235518 24.91 292.752386  -2.602060  6.177
 77    51.991 54927.60236034 35.63 292.746570  -2.628497 30.945
 78    52.224 54962.60238368 34.32 292.761739  -2.561020 26.226
 78    52.147 54962.60238433 35.19 292.761009  -2.564320 26.226
 78    52.312 54962.60238497 34.55 292.760289  -2.567630 26.226
 78    52.323 54962.60238562 35.39 292.759559  -2.570930 26.226
 78    52.206 54962.60238626 29.41 292.758829  -2.574240 26.226
 78    51.749 54962.60238690 28.62 292.758109  -2.577540 26.226
 78    51.591 54962.60238755 27.16 292.757379  -2.580850 26.226
 78    51.400 54962.60238819 26.34 292.756649  -2.584150 26.226
 78    51.440 54962.60238884 25.07 292.755929  -2.587460 26.226
 78    51.831 54962.60238948 25.20 292.755199  -2.590760 26.226
 78    52.137 54962.60239013 26.53 292.754469  -2.594070 26.226
 78    52.225 54962.60239077 29.06 292.753739  -2.597370 26.226
 78    52.354 54962.60239142 38.69 292.753019  -2.600680 26.226
 78    52.378 54962.60239206 47.25 292.752289  -2.603980 26.226
 78    52.264 54962.60239657 40.82 292.747194  -2.627123 41.288
 78    52.241 54962.60239722 44.51 292.746474  -2.630423 41.288
 79    52.443 54997.60240464 49.38 292.760623  -2.558395 44.142
 79    52.392 54997.60240528 54.03 292.759893  -2.561695 44.142
 79    52.380 54997.60240593 49.18 292.759173  -2.565005 44.142
 79    52.376 54997.60240657 52.38 292.758443  -2.568305 44.142
 79    52.388 54997.60240722 49.52 292.757713  -2.571615 44.142
 79    52.401 54997.60240786 49.34 292.756993  -2.574915 44.142
 79    52.405 54997.60240850 46.73 292.756263  -2.578225 44.142
 79    52.427 54997.60240915 50.43 292.755533  -2.581525 44.142
 79    52.449 54997.60240979 45.51 292.754813  -2.584835 44.142
 79    52.389 54997.60241044 42.36 292.754083  -2.588135 44.142
 79    52.322 54997.60241108 49.06 292.753353  -2.591445 44.142
 79    52.314 54997.60241173 48.51 292.752623  -2.594745 44.142
 79    52.315 54997.60241237 50.23 292.751903  -2.598055 44.142
 80    51.118 55032.60239486 50.12 292.761262  -2.563499 45.311
 80    51.023 55032.60239550 50.86 292.760542  -2.566809 45.311
 80    50.923 55032.60239615 44.35 292.759812  -2.570109 45.311
 80    50.917 55032.60239679 52.59 292.759082  -2.573419 45.311
 80    50.933 55032.60239744 52.34 292.758362  -2.576719 45.311
 80    50.939 55032.60239808 48.10 292.757632  -2.580029 45.311
 80    50.963 55032.60239873 47.29 292.756902  -2.583329 45.311
 80    50.989 55032.60239937 46.97 292.756182  -2.586639 45.311
 80    51.013 55032.60240002 44.37 292.755452  -2.589939 45.311
 80    50.933 55032.60240066 38.78 292.754722  -2.593249 45.311
 80    50.890 55032.60240131 39.94 292.753992  -2.596549 45.311
 80    50.840 55032.60240195 50.44 292.753272  -2.599859 45.311
 80    50.833 55032.60240260 46.32 292.752542  -2.603159 45.311
 80    50.912 55032.60240775 48.62 292.746720  -2.629603 39.806
 81    46.447 55067.60238382 50.59 292.762366  -2.566634 19.423
 81    46.575 55067.60238447 38.20 292.761636  -2.569934 19.423
 81    46.353 55067.60238511 33.80 292.760916  -2.573244 19.423
 81    46.575 55067.60238576 33.92 292.760186  -2.576544 19.423
 81    46.517 55067.60238640 44.00 292.759456  -2.579854 19.423
 81    46.543 55067.60238705 36.67 292.758736  -2.583154 19.423
 81    46.479 55067.60238769 37.54 292.758006  -2.586464 19.423
 81    46.486 55067.60238834 36.43 292.757276  -2.589764 19.423
 81    46.467 55067.60238898 36.51 292.756556  -2.593074 19.423
 81    46.465 55067.60238962 34.45 292.755826  -2.596374 19.423
 81    46.410 55067.60239027 34.86 292.755096  -2.599684 19.423
 81    46.505 55067.60239091 37.97 292.754366  -2.602984 19.423
 81    47.996 55067.60239156 39.56 292.753646  -2.606294 19.423
 81    48.065 55067.60239543 40.92 292.749286  -2.626128 25.572
 81    48.031 55067.60239607 42.27 292.748556  -2.629428 25.572
 81    46.669 55067.60239672 40.11 292.747826  -2.632738 25.572
 82    41.816 55102.60232253 47.98 292.761408  -2.560603 31.439
 82    41.761 55102.60232318 43.86 292.760678  -2.563903 31.439
 82    48.792 55102.60232382 28.07 292.759948  -2.567213 31.439
 82    48.890 55102.60232447 35.76 292.759228  -2.570513 31.439
 82    41.655 55102.60232511 29.39 292.758498  -2.573823 31.439
 82    41.911 55102.60232575 41.54 292.757768  -2.577123 31.439
 82    41.848 55102.60232640 50.46 292.757048  -2.580433 31.439
 82    41.928 55102.60232704 52.10 292.756313  -2.583737 34.657
 82    41.838 55102.60232769 51.90 292.755593  -2.587047 34.657
 82    41.800 55102.60232833 52.89 292.754863  -2.590347 34.657
 82    41.863 55102.60232898 50.43 292.754133  -2.593657 34.657
 82    41.800 55102.60232962 52.26 292.753413  -2.596957 34.657
 82    41.868 55102.60233027 48.33 292.752683  -2.600267 34.657
 82    41.707 55102.60233091 38.27 292.751953  -2.603567 34.657
 82    47.355 55102.60233607 34.52 292.746143  -2.630007 34.657
 83    44.592 55137.60233070 45.17 292.761730  -2.565227 23.267
 83    44.354 55137.60233134 37.99 292.761000  -2.568527 23.267
 83    44.314 55137.60233198 35.36 292.760270  -2.571837 23.267
 83    44.343 55137.60233263 32.30 292.759550  -2.575137 23.267
 83    44.461 55137.60233327 31.59 292.758820  -2.578447 23.267
 83    44.356 55137.60233392 30.88 292.758090  -2.581747 23.267
 83    44.260 55137.60233456 27.67 292.757370  -2.585057 23.267
 83    44.218 55137.60233521 24.95 292.756640  -2.588357 23.267
 83    44.124 55137.60233585 23.90 292.755910  -2.591667 23.267
 83    44.306 55137.60233650 22.90 292.755180  -2.594967 23.267
 83    46.756 55137.60233714 21.98 292.754460  -2.598277 23.267
 83    47.224 55137.60233779 20.96 292.753730  -2.601577 23.267
 83    47.964 55137.60233843 29.19 292.753000  -2.604887 23.267
 83    44.974 55137.60234294 36.79 292.747915  -2.628021 25.098
 83    44.840 55137.60234359 37.37 292.747185  -2.631331 25.098
 84    46.493 55172.60229169 44.30 292.762033  -2.565397 28.763
 84    46.559 55172.60229233 43.19 292.761303  -2.568697 28.763
 84    46.229 55172.60229298 34.21 292.760583  -2.572007 28.763
 84    46.334 55172.60229362 37.69 292.759853  -2.575307 28.763
 84    46.471 55172.60229427 46.07 292.759123  -2.578617 28.763
 84    46.488 55172.60229491 47.42 292.758403  -2.581917 28.763
 84    46.519 55172.60229556 49.14 292.757673  -2.585227 28.763
 84    46.524 55172.60229620 48.44 292.756943  -2.588527 28.763
 84    46.485 55172.60229685 49.46 292.756223  -2.591837 28.763
 84    46.481 55172.60229749 51.44 292.755493  -2.595137 28.763
 84    46.458 55172.60229814 46.10 292.754763  -2.598447 28.763
 84    46.452 55172.60229878 44.81 292.754043  -2.601747 28.763
 84    46.257 55172.60229943 39.82 292.753313  -2.605057 28.763
 84    47.739 55172.60230394 39.16 292.748225  -2.628193 29.718
 84    46.562 55172.60230458 43.70 292.747495  -2.631503 29.718
 85    49.791 55207.60232475 41.37 292.761703  -2.564602 26.786
 85    49.802 55207.60232539 45.70 292.760973  -2.567902 26.786
 85    49.765 55207.60232604 43.81 292.760243  -2.571212 26.786
 85    49.818 55207.60232668 48.53 292.759523  -2.574512 26.786
 85    49.802 55207.60232733 44.62 292.758793  -2.577822 26.786
 85    49.586 55207.60232797 29.51 292.758063  -2.581122 26.786
 85    49.224 55207.60232862 25.22 292.757343  -2.584432 26.786
 85    48.986 55207.60232926 22.94 292.756613  -2.587732 26.786
 85    48.988 55207.60232991 21.69 292.755883  -2.591042 26.786
 85    49.182 55207.60233055 21.90 292.755153  -2.594342 26.786
 85    49.487 55207.60233120 22.32 292.754433  -2.597652 26.786
 85    49.566 55207.60233184 27.91 292.753703  -2.600952 26.786
 85    49.593 55207.60233249 40.29 292.752973  -2.604262 26.786
 85    49.561 55207.60233700 49.35 292.747878  -2.627394 39.424
 85    49.547 55207.60233764 46.27 292.747158  -2.630704 39.424
 86    49.266 55242.60229633 30.90 292.761548  -2.562309 24.811
 86    49.318 55242.60229698 40.85 292.760818  -2.565619 24.811
 86    49.215 55242.60229762 38.20 292.760088  -2.568919 24.811
 86    49.265 55242.60229827 46.84 292.759368  -2.572229 24.811
 86    49.362 55242.60229891 50.47 292.758638  -2.575529 24.811
 86    49.266 55242.60229955 27.24 292.757908  -2.578839 24.811
 86    48.794 55242.60230020 22.77 292.757188  -2.582139 24.811
 86    48.403 55242.60230084 22.14 292.756458  -2.585449 24.811
 86    48.128 55242.60230149 19.83 292.755728  -2.588749 24.811
 86    48.481 55242.60230213 19.42 292.755008  -2.592059 24.811
 86    48.562 55242.60230278 20.56 292.754278  -2.595359 24.811
 86    48.967 55242.60230342 23.27 292.753548  -2.598669 24.811
 86    49.158 55242.60230407 33.01 292.752818  -2.601969 24.811
 86    49.084 55242.60230922 42.32 292.747011  -2.628414 32.293
 87    49.539 55277.60231782 39.75 292.761808  -2.562893 28.343
 87    49.529 55277.60231846 48.06 292.761088  -2.566203 28.343
 87    49.430 55277.60231911 45.67 292.760358  -2.569503 28.343
 87    49.508 55277.60231975 48.44 292.759628  -2.572813 28.343
 87    49.470 55277.60232040 43.46 292.758908  -2.576113 28.343
 87    49.336 55277.60232104 35.39 292.758178  -2.579423 28.343
 87    49.285 55277.60232169 33.73 292.757448  -2.582723 28.343
 87    49.280 55277.60232233 31.89 292.756728  -2.586033 28.343
 87    49.135 55277.60232297 24.25 292.755998  -2.589333 28.343
 87    49.099 55277.60232362 24.84 292.755268  -2.592643 28.343
 87    49.176 55277.60232426 25.33 292.754538  -2.595953 28.343
 87    49.278 55277.60232491 29.24 292.753818  -2.599253 28.343
 87    49.296 55277.60232555 41.86 292.753088  -2.602553 28.343
 87    49.261 55277.60233071 44.93 292.747267  -2.628999 35.562
 87    49.279 55277.60233136 43.72 292.746547  -2.632309 35.562
 88    50.944 55312.60228102 52.78 292.762597  -2.563179 32.175
 88    51.003 55312.60228167 46.45 292.761877  -2.566479 32.175
 88    51.008 55312.60228231 50.99 292.761147  -2.569789 32.175
 88    50.873 55312.60228295 47.03 292.760417  -2.573089 32.175
 88    50.852 55312.60228360 48.71 292.759697  -2.576399 32.175
 88    50.797 55312.60228424 42.91 292.758967  -2.579699 32.175
 88    50.765 55312.60228489 37.93 292.758237  -2.583009 32.175
 88    50.715 55312.60228553 37.99 292.757517  -2.586309 32.175
 88    50.871 55312.60228618 32.47 292.756787  -2.589619 32.175
 88    50.905 55312.60228682 32.20 292.756057  -2.592919 32.175
 88    50.876 55312.60228747 31.07 292.755337  -2.596229 32.175
 88    50.847 55312.60228811 35.11 292.754607  -2.599529 32.175
 88    50.833 55312.60228876 42.37 292.753877  -2.602839 32.175
 88    50.896 55312.60228940 46.22 292.753147  -2.606139 32.175
 88    50.807 55312.60229391 52.91 292.748069  -2.629284 30.431
 88    50.796 55312.60229456 53.88 292.747339  -2.632584 30.431
 89    51.039 55347.60228901 49.22 292.762088  -2.566830 31.666
 89    51.086 55347.60228966 49.42 292.761358  -2.570140 31.666
 89    50.868 55347.60229030 44.70 292.760638  -2.573440 31.666
 89    50.866 55347.60229094 42.92 292.759908  -2.576750 31.666
 89    50.817 55347.60229159 33.69 292.759178  -2.580050 31.666
 89    50.513 55347.60229223 31.79 292.758458  -2.583360 31.666
 89    50.369 55347.60229288 26.68 292.757728  -2.586660 31.666
 89    50.120 55347.60229352 25.82 292.756998  -2.589970 31.666
 89    49.945 55347.60229417 24.19 292.756268  -2.593270 31.666
 89    50.526 55347.60229481 23.28 292.755548  -2.596580 31.666
 89    50.757 55347.60229546 24.55 292.754818  -2.599880 31.666
 89    50.794 55347.60229610 32.77 292.754088  -2.603190 31.666
 89    50.922 55347.60229675 45.34 292.753366  -2.606492 40.834
 89    50.769 55347.60230062 48.43 292.748996  -2.626322 40.834
 89    50.772 55347.60230126 49.64 292.748276  -2.629632 40.834
 89    50.776 55347.60230190 46.99 292.747546  -2.632932 40.834
 90    47.753 55382.60227945 45.28 292.761684  -2.564454 35.111
 90    47.805 55382.60228009 46.18 292.760954  -2.567764 35.111
 90    48.830 55382.60228074 32.97 292.760224  -2.571064 35.111
 90    48.331 55382.60228138 40.33 292.759494  -2.574374 35.111
 90    48.218 55382.60228203 44.87 292.758774  -2.577674 35.111
 90    47.702 55382.60228267 51.20 292.758044  -2.580984 35.111
 90    47.607 55382.60228331 53.22 292.757314  -2.584284 35.111
 90    47.758 55382.60228396 50.49 292.756594  -2.587594 35.111
 90    47.618 55382.60228460 49.89 292.755864  -2.590894 35.111
 90    47.560 55382.60228525 46.94 292.755134  -2.594204 35.111
 90    47.476 55382.60228589 38.30 292.754414  -2.597504 35.111
 90    47.729 55382.60228654 46.88 292.753684  -2.600814 35.111
 90    47.682 55382.60228718 41.52 292.752954  -2.604114 35.111
 90    47.810 55382.60229170 47.53 292.747864  -2.627259 31.046
 90    47.909 55382.60229234 47.04 292.747134  -2.630559 31.046
 91    44.029 55417.60230704 52.72 292.762572  -2.563729 32.171
 91    44.128 55417.60230768 47.32 292.761852  -2.567039 32.171
 91    48.327 55417.60230833 32.54 292.761122  -2.570339 32.171
 91    43.754 55417.60230897 29.72 292.760392  -2.573649 32.171
 91    43.878 55417.60230962 34.59 292.759672  -2.576949 32.171
 91    44.035 55417.60231026 51.14 292.758942  -2.580259 32.171
 91    43.974 55417.60231091 49.99 292.758212  -2.583559 32.171
 91    44.036 55417.60231155 50.73 292.757492  -2.586869 32.171
 91    44.019 55417.60231220 48.08 292.756762  -2.590169 32.171
 91    43.989 55417.60231284 39.64 292.756032  -2.593479 32.171
 91    43.906 55417.60231349 42.47 292.755302  -2.596779 32.171
 91    43.869 55417.60231413 34.53 292.754582  -2.600089 32.171
 91    43.946 55417.60231478 42.41 292.753852  -2.603389 32.171
 91    47.938 55417.60231542 35.40 292.753122  -2.606699 32.171
 91    45.030 55417.60231929 43.58 292.748756  -2.626533 25.477
 91    47.765 55417.60231993 39.81 292.748036  -2.629833 25.477
 91    44.679 55417.60232058 39.75 292.747306  -2.633143 25.477
 92    39.919 55452.60228900 34.60 292.762933  -2.564276 31.890
 92    39.233 55452.60228965 33.31 292.762203  -2.567586 31.890
 92    39.191 55452.60229029 27.07 292.761473  -2.570886 31.890
 92    38.664 55452.60229094 28.70 292.760753  -2.574196 31.890
 92    38.751 55452.60229158 30.74 292.760023  -2.577496 31.890
 92    38.889 55452.60229223 40.54 292.759293  -2.580806 31.890
 92    38.798 55452.60229287 48.61 292.758573  -2.584106 31.890
 92    38.734 55452.60229352 52.36 292.757843  -2.587416 31.890
 92    38.740 55452.60229416 52.01 292.757113  -2.590716 31.890
 92    38.795 55452.60229481 50.71 292.756393  -2.594026 31.890
 92    38.910 55452.60229545 52.33 292.755663  -2.597326 31.890
 92    38.784 55452.60229610 52.01 292.754933  -2.600636 31.890
 92    38.726 55452.60229674 51.24 292.754203  -2.603936 31.890
 92    47.524 55452.60229738 35.41 292.753483  -2.607246 31.890
 92    48.022 55452.60230125 36.12 292.749124  -2.627079 15.367
 92    48.723 55452.60230190 29.34 292.748394  -2.630379 15.367
 92    44.535 55452.60230254 38.43 292.747664  -2.633689 15.367
 93    39.042 55487.60221201 41.88 292.762618  -2.568083 21.851
 93    38.940 55487.60221266 29.48 292.761888  -2.571393 21.851
 93    38.674 55487.60221330 28.05 292.761158  -2.574693 21.851
 93    38.583 55487.60221395 29.42 292.760438  -2.578003 21.851
 93    38.062 55487.60221459 45.79 292.759708  -2.581303 21.851
 93    37.915 55487.60221523 42.52 292.758978  -2.584613 21.851
 93    37.959 55487.60221588 38.44 292.758258  -2.587913 21.851
 93    38.000 55487.60221652 35.67 292.757528  -2.591223 21.851
 93    37.952 55487.60221717 31.68 292.756798  -2.594523 21.851
 93    37.984 55487.60221781 31.17 292.756078  -2.597833 21.851
 93    37.792 55487.60221846 29.92 292.755348  -2.601133 21.851
 93    38.112 55487.60221910 36.85 292.754618  -2.604443 21.851
 93    47.346 55487.60221975 32.06 292.753898  -2.607743 21.851
 93    47.978 55487.60222362 34.94 292.749533  -2.627578 11.194
 93    48.019 55487.60222426 28.55 292.748803  -2.630888 11.194
 93    44.663 55487.60222490 38.75 292.748083  -2.634188 11.194
