# NaN NaN NaN ;Mean Elev.(m), Avg Gradient(m/km), RMS Gradient(m/km) - SRTM1     
#   24.303  -0.052   4.596 ;Mean Elev.(m), Avg Gradient(m/km), RMS Gradient(m/km) - ASTER GDEM
#   20.199  -0.670   5.040 ;Mean Elev.(m), Avg Gradient(m/km), RMS Gradient(m/km) - GMTED2010 
  7    32.280 52468.59073818 25.38 296.774230  -3.912139 11.379
  7    31.984 52468.59073882 24.38 296.773510  -3.915449 11.379
  7    31.780 52468.59073947 24.84 296.772780  -3.918749 11.379
  7    31.975 52468.59074011 24.94 296.772050  -3.922059 11.379
  7    32.152 52468.59074076 25.89 296.771320  -3.925359 11.379
  7    32.262 52468.59074140 30.04 296.770590  -3.928669 11.379
  7    32.647 52468.59074205 31.25 296.769860  -3.931969 11.379
  7    32.311 52468.59074269 33.84 296.769140  -3.935279 11.379
  8    22.064 52503.59072621 29.19 296.774413  -3.911865 15.642
  8    21.772 52503.59072686 29.00 296.773693  -3.915165 15.642
  8    22.100 52503.59072750 29.86 296.772963  -3.918475 15.642
  8    22.054 52503.59072815 34.36 296.772233  -3.921775 15.642
  8    22.066 52503.59072879 33.81 296.771503  -3.925085 15.642
  8    22.107 52503.59072944 36.21 296.770773  -3.928385 15.642
  8    22.144 52503.59073008 42.58 296.770043  -3.931695 15.642
  8    22.167 52503.59073072 45.87 296.769323  -3.934995 15.642
  9    27.488 52538.59071035 47.71 296.776689  -3.911386 18.023
  9    27.398 52538.59071099 41.67 296.775969  -3.914686 18.023
  9    27.215 52538.59071163 41.52 296.775239  -3.917996 18.023
  9    27.262 52538.59071228 40.92 296.774509  -3.921296 18.023
  9    27.289 52538.59071292 43.22 296.773779  -3.924606 18.023
  9    27.314 52538.59071357 45.13 296.773049  -3.927906 18.023
 10    21.766 52573.59075187 24.24 296.772610  -3.911278  7.726
 10    21.410 52573.59075251 24.46 296.771880  -3.914588  7.726
 10    21.135 52573.59075316 25.04 296.771150  -3.917888  7.726
 10    21.354 52573.59075380 26.44 296.770420  -3.921188  7.726
 10    21.603 52573.59075444 26.37 296.769690  -3.924494 12.043
 10    21.723 52573.59075509 28.03 296.768960  -3.927804 12.043
 10    22.756 52573.59075573 28.88 296.768230  -3.931104 12.043
 10    21.821 52573.59075638 46.59 296.767500  -3.934414 12.043
 11    25.760 52608.59071084 21.32 296.776997  -3.913201 13.018
 11    25.656 52608.59071148 21.55 296.776277  -3.916501 13.018
 11    25.743 52608.59071213 22.27 296.775547  -3.919811 13.018
 11    25.801 52608.59071277 23.07 296.774817  -3.923111 13.018
 11    25.781 52608.59071341 25.21 296.774087  -3.926421 13.018
 12    27.712 52643.59070494 17.71 296.774857  -3.910919 12.995
 12    27.518 52643.59070559 16.09 296.774127  -3.914219 12.995
 12    27.409 52643.59070623 16.08 296.773397  -3.917529 12.995
 12    27.442 52643.59070687 16.92 296.772667  -3.920829 12.995
 12    27.523 52643.59070752 17.72 296.771937  -3.924139 12.995
 12    27.668 52643.59070816 18.50 296.771207  -3.927439 12.995
 12    27.783 52643.59070881 25.50 296.770477  -3.930749 12.995
 12    27.758 52643.59070945 28.16 296.769757  -3.934049 12.995
 13    27.452 52678.59068662 50.92 296.779825  -3.912401 17.828
 13    27.291 52678.59068726 44.58 296.779100  -3.915698 14.846
 13    27.243 52678.59068791 47.04 296.778370  -3.919008 14.846
 13    27.293 52678.59068855 43.84 296.777640  -3.922308 14.846
 13    27.313 52678.59068920 43.95 296.776910  -3.925618 14.846
 13    27.346 52678.59068984 44.83 296.776190  -3.928918 14.846
 15    29.817 52748.59075222 24.17 296.766526  -3.910494 22.106
 15    29.570 52748.59075287 19.22 296.765796  -3.913794 22.106
 15    29.274 52748.59075351 19.36 296.765066  -3.917104 22.106
 15    29.443 52748.59075416 19.41 296.764346  -3.920404 22.106
 15    29.417 52748.59075480 20.76 296.763616  -3.923714 22.106
 15    29.266 52748.59075545 23.19 296.762886  -3.927014 22.106
 15    29.573 52748.59075609 23.10 296.762156  -3.930324 22.106
 15    29.725 52748.59075674 25.97 296.761426  -3.933624 22.106
 16    31.831 52783.59069268 30.84 296.773854  -3.910596 26.207
 16    31.447 52783.59069332 23.18 296.773124  -3.913896 26.207
 16    31.190 52783.59069397 23.65 296.772404  -3.917206 26.207
 16    31.238 52783.59069461 24.47 296.771674  -3.920506 26.207
 16    31.629 52783.59069526 25.03 296.770944  -3.923816 26.207
 16    31.755 52783.59069590 31.04 296.770214  -3.927116 26.207
 16    31.863 52783.59069655 34.56 296.769484  -3.930426 26.207
 16    31.857 52783.59069719 36.60 296.768754  -3.933726 26.207
 17    32.445 52818.59077035 28.28 296.773181  -3.912107 24.813
 17    32.116 52818.59077100 25.66 296.772451  -3.915417 24.813
 17    31.924 52818.59077164 25.59 296.771721  -3.918717 24.813
 17    32.219 52818.59077229 26.36 296.770991  -3.922027 24.813
 17    32.451 52818.59077293 33.14 296.770271  -3.925327 24.813
 17    32.493 52818.59077358 38.41 296.769541  -3.928637 24.813
 17    32.512 52818.59077422 39.20 296.768811  -3.931937 24.813
 17    32.560 52818.59077487 39.27 296.768081  -3.935247 24.813
 20    28.515 52923.59080797 15.34 296.775136  -3.913286  7.207
 20    25.414 52923.59080861 16.31 296.774406  -3.916596  7.207
 20    23.840 52923.59080925 16.45 296.773676  -3.919896  7.207
 20    24.340 52923.59080990 16.46 296.772946  -3.923206  7.207
 20    25.525 52923.59081054 17.46 296.772216  -3.926506  7.207
 21    26.676 52958.59077360 23.26 296.782028  -3.910186 12.354
 21    26.854 52958.59077425 15.42 296.781298  -3.913496 12.354
 21    25.819 52958.59077489 14.91 296.780568  -3.916796 12.354
 21    24.759 52958.59077554 15.12 296.779838  -3.920106 12.354
 21    24.094 52958.59077618 15.02 296.779108  -3.923406 12.354
 21    23.961 52958.59077682 15.37 296.778378  -3.926716 12.354
 22    27.391 52993.59080136 13.90 296.778382  -3.910112  7.737
 22    26.404 52993.59080201 14.14 296.777652  -3.913412  7.737
 22    24.990 52993.59080265 15.03 296.776922  -3.916722  7.737
 22    24.213 52993.59080330 16.06 296.776192  -3.920022  7.737
 22    23.978 52993.59080394 17.74 296.775462  -3.923332  7.737
 22    24.174 52993.59080458 18.22 296.774732  -3.926632  7.737
 23    27.484 53028.59076599 51.05 296.780019  -3.911382 16.407
 23    27.385 53028.59076664 31.11 296.779299  -3.914682 16.407
 23    27.058 53028.59076728 25.35 296.778569  -3.917992 16.407
 23    26.450 53028.59076793 23.64 296.777839  -3.921292 16.407
 23    26.756 53028.59076857 25.51 296.777109  -3.924602 16.407
 23    27.433 53028.59076922 25.65 296.776379  -3.927902 16.407
 24    26.038 53063.59077415 20.27 296.781521  -3.911561  8.211
 24    24.483 53063.59077479 19.67 296.780801  -3.914861  8.211
 24    24.452 53063.59077544 18.08 296.780071  -3.918171  8.211
 24    24.282 53063.59077608 18.64 296.779341  -3.921471  8.211
 24    24.769 53063.59077673 17.66 296.778611  -3.924781  8.211
 24    25.820 53063.59077737 19.27 296.777881  -3.928081  8.211
 25    28.421 53098.59078941 44.27 296.770898  -3.911890 22.590
 25    28.485 53098.59079006 40.84 296.770168  -3.915190 22.590
 25    28.487 53098.59079070 46.96 296.769438  -3.918500 22.590
 25    28.503 53098.59079135 51.86 296.768718  -3.921800 22.590
 25    28.339 53098.59079199 50.72 296.767988  -3.925110 22.590
 25    28.365 53098.59079264 53.18 296.767258  -3.928410 22.590
 25    28.403 53098.59079328 49.91 296.766528  -3.931720 22.590
 26    30.173 53133.59077200 31.34 296.783528  -3.911330 26.347
 26    29.790 53133.59077265 25.70 296.782808  -3.914630 26.347
 26    29.028 53133.59077329 21.29 296.782078  -3.917940 26.347
 26    29.141 53133.59077394 22.33 296.781348  -3.921240 26.347
 26    29.543 53133.59077458 23.15 296.780618  -3.924550 26.347
 26    29.946 53133.59077523 27.37 296.779888  -3.927850 26.347
 28    30.124 53203.59084612 38.06 296.774734  -3.910791 22.954
 28    30.129 53203.59084677 41.02 296.774004  -3.914101 22.954
 28    30.217 53203.59084741 43.71 296.773274  -3.917401 22.954
 28    30.125 53203.59084806 47.79 296.772544  -3.920711 22.954
 28    30.108 53203.59084870 50.97 296.771824  -3.924011 22.954
 28    30.132 53203.59084935 49.62 296.771094  -3.927321 22.954
 28    30.201 53203.59084999 48.26 296.770364  -3.930621 22.954
 28    30.264 53203.59085064 49.73 296.769634  -3.933931 22.954
 29    28.799 53238.59081436 37.64 296.782395  -3.911107 16.833
 29    28.559 53238.59081500 25.77 296.781665  -3.914407 16.833
 29    28.133 53238.59081565 25.63 296.780935  -3.917717 16.833
 29    28.168 53238.59081629 26.66 296.780205  -3.921017 16.833
 29    28.584 53238.59081694 27.35 296.779475  -3.924327 16.833
 29    28.701 53238.59081758 29.68 296.778755  -3.927627 16.833
 30    25.539 53273.59077556 34.60 296.777743  -3.911744 11.438
 30    25.156 53273.59077621 26.87 296.777013  -3.915054 11.438
 30    25.171 53273.59077685 24.91 296.776283  -3.918354 11.438
 30    25.194 53273.59077750 24.33 296.775553  -3.921664 11.438
 30    25.339 53273.59077814 24.65 296.774823  -3.924964 11.438
 30    25.382 53273.59077879 28.37 296.774093  -3.928274 11.438
 31    24.488 53308.59083312 37.39 296.770818  -3.912017 16.265
 31    24.264 53308.59083376 34.30 296.770088  -3.915327 16.265
 31    24.336 53308.59083441 37.58 296.769358  -3.918627 16.265
 31    24.408 53308.59083505 42.81 296.768628  -3.921937 16.265
 31    24.424 53308.59083570 48.29 296.767908  -3.925237 16.265
 31    24.388 53308.59083634 48.95 296.767178  -3.928547 16.265
 31    24.213 53308.59083699 39.65 296.766448  -3.931847 16.265
 33    27.032 53378.59074194 31.29 296.779311  -3.912386  9.870
 33    27.134 53378.59074258 35.63 296.778581  -3.915696  9.870
 33    27.106 53378.59074323 27.57 296.777851  -3.918996  9.870
 33    26.384 53378.59074387 25.06 296.777121  -3.922306  9.870
 33    26.250 53378.59074452 26.08 296.776391  -3.925606  9.870
 33    26.460 53378.59074516 26.82 296.775661  -3.928916  9.870
 34    26.601 53413.59077597 53.80 296.780293  -3.913219 25.216
 34    26.555 53413.59077661 47.91 296.779563  -3.916529 25.216
 34    26.633 53413.59077725 49.63 296.778833  -3.919829 25.216
 34    26.611 53413.59077790 53.17 296.778103  -3.923139 25.216
 34    26.615 53413.59077854 48.93 296.777383  -3.926439 25.216
 35    29.322 53448.59076476 26.96 296.775855  -3.912384 22.087
 35    29.021 53448.59076540 26.54 296.775126  -3.915699 12.004
 35    29.142 53448.59076605 26.55 296.774396  -3.918999 12.004
 35    29.155 53448.59076669 27.09 296.773666  -3.922299 12.004
 35    29.211 53448.59076734 28.65 296.772936  -3.925609 12.004
 36    30.549 53483.59084992 23.03 296.768486  -3.912052 21.136
 36    30.190 53483.59085057 19.82 296.767766  -3.915362 21.136
 36    29.739 53483.59085121 20.99 296.767036  -3.918662 21.136
 36    29.999 53483.59085186 21.04 296.766306  -3.921972 21.136
 36    30.194 53483.59085250 23.26 296.765576  -3.925272 21.136
 36    30.352 53483.59085314 23.56 296.764846  -3.928582 21.136
 36    30.275 53483.59085379 25.74 296.764116  -3.931882 21.136
 37    31.613 53518.59084825 29.35 296.777680  -3.910789 24.543
 37    31.265 53518.59084890 23.11 296.776950  -3.914099 24.543
 37    30.471 53518.59084954 26.64 296.776220  -3.917399 24.543
 37    30.981 53518.59085019 28.53 296.775490  -3.920709 24.543
 37    31.208 53518.59085083 31.07 296.774770  -3.924009 24.543
 37    31.440 53518.59085148 36.16 296.774040  -3.927319 24.543
 38    31.186 53553.59087086 32.57 296.769516  -3.910884 18.652
 38    30.855 53553.59087150 23.36 296.768786  -3.914184 18.652
 38    30.621 53553.59087215 23.34 296.768056  -3.917494 18.652
 38    30.491 53553.59087279 23.58 296.767336  -3.920794 18.652
 38    30.590 53553.59087344 24.14 296.766606  -3.924104 18.652
 38    30.719 53553.59087408 25.31 296.765876  -3.927404 18.652
 38    30.887 53553.59087473 26.37 296.765146  -3.930714 18.652
 38    30.927 53553.59087537 27.90 296.764416  -3.934014 18.652
 39    26.795 53588.59081912 42.48 296.781530  -3.910616 14.851
 39    26.358 53588.59081977 30.28 296.780810  -3.913926 14.851
 39    26.290 53588.59082041 30.44 296.780080  -3.917226 14.851
 39    26.797 53588.59082106 30.41 296.779350  -3.920536 14.851
 39    26.709 53588.59082170 35.18 296.778620  -3.923836 14.851
 39    26.791 53588.59082235 33.64 296.777890  -3.927146 14.851
 40    20.646 53623.59079265 47.57 296.769223  -3.911022 19.378
 40    20.609 53623.59079329 41.80 296.768493  -3.914332 19.378
 40    20.486 53623.59079394 33.03 296.767773  -3.917632 19.378
 40    20.492 53623.59079458 31.86 296.767043  -3.920942 19.378
 40    20.358 53623.59079523 30.73 296.766313  -3.924242 19.378
 40    20.630 53623.59079587 29.56 296.765583  -3.927552 19.378
 40    22.116 53623.59079652 30.00 296.764853  -3.930852 19.378
 40    21.219 53623.59079716 40.60 296.764123  -3.934162 19.378
 41    22.731 53658.59082035 14.37 296.773466  -3.913178 10.644
 41    22.367 53658.59082099 14.98 296.772736  -3.916488 10.644
 41    20.603 53658.59082164 15.55 296.772016  -3.919788 10.644
 41    19.941 53658.59082228 15.14 296.771286  -3.923098 10.644
 41    20.240 53658.59082293 15.97 296.770556  -3.926398 10.644
 41    20.087 53658.59082357 22.36 296.769826  -3.929708 10.644
 41    21.122 53658.59082422 25.96 296.769096  -3.933008 10.644
 42    23.179 53693.59079988 16.81 296.775131  -3.911230 12.502
 42    23.007 53693.59080052 18.22 296.774401  -3.914530 12.502
 42    22.392 53693.59080117 21.09 296.773671  -3.917840 12.502
 42    21.949 53693.59080181 20.75 296.772941  -3.921140 12.502
 42    22.383 53693.59080246 22.32 296.772211  -3.924450 12.502
 42    22.762 53693.59080310 24.39 296.771491  -3.927750 12.502
 43    23.395 53728.59072315 18.60 296.779334  -3.912695 14.005
 43    23.311 53728.59072379 17.71 296.778604  -3.915995 14.005
 43    23.229 53728.59072444 19.05 296.777874  -3.919305 14.005
 43    23.285 53728.59072508 18.66 296.777144  -3.922605 14.005
 43    23.212 53728.59072573 19.13 296.776414  -3.925915 14.005
 44    26.290 53763.59068261 24.31 296.783063  -3.910978 15.722
 44    25.886 53763.59068325 24.59 296.782333  -3.914278 15.722
 44    25.879 53763.59068390 25.83 296.781603  -3.917588 15.722
 44    25.966 53763.59068454 27.23 296.780883  -3.920888 15.722
 44    25.944 53763.59068518 28.31 296.780153  -3.924198 15.722
 44    25.924 53763.59068583 31.39 296.779423  -3.927498 15.722
 45    29.277 53798.59069126 29.20 296.780646  -3.910461 24.566
 45    29.047 53798.59069190 22.14 296.779916  -3.913761 24.566
 45    28.168 53798.59069255 23.67 296.779186  -3.917071 24.566
 45    28.321 53798.59069319 24.49 296.778456  -3.920371 24.566
 45    28.834 53798.59069384 24.65 296.777726  -3.923681 24.566
 45    29.087 53798.59069448 27.68 296.777006  -3.926981 24.566
 47    34.838 53868.59075162 20.10 296.774323  -3.911349 30.411
 47    33.593 53868.59075227 19.61 296.773603  -3.914659 30.411
 47    33.791 53868.59075291 18.74 296.772873  -3.917959 30.411
 47    33.971 53868.59075356 19.14 296.772143  -3.921269 30.411
 47    34.316 53868.59075420 20.19 296.771413  -3.924569 30.411
 47    34.928 53868.59075485 24.33 296.770683  -3.927879 30.411
 47    35.833 53868.59075549 29.39 296.769953  -3.931179 30.411
 47    36.852 53868.59075614 24.52 296.769223  -3.934489 30.411
 48    31.739 53903.59078406 29.95 296.774343  -3.912270 23.305
 48    31.600 53903.59078471 32.68 296.773613  -3.915580 23.305
 48    31.598 53903.59078535 31.98 296.772893  -3.918880 23.305
 48    31.678 53903.59078600 35.02 296.772163  -3.922190 23.305
 48    31.756 53903.59078664 41.59 296.771433  -3.925490 23.305
 48    31.804 53903.59078729 42.43 296.770703  -3.928800 23.305
 48    31.860 53903.59078793 44.71 296.769973  -3.932100 23.305
 49    29.797 53938.59081934 31.00 296.766313  -3.909567 12.395
 49    28.753 53938.59081998 30.22 296.765583  -3.912877 12.395
 49    28.724 53938.59082063 32.37 296.764863  -3.916177 12.395
 49    29.019 53938.59082127 33.20 296.764133  -3.919487 12.395
 49    29.083 53938.59082191 35.40 296.763403  -3.922787 12.395
 49    29.175 53938.59082256 37.91 296.762673  -3.926097 12.395
 49    29.221 53938.59082320 43.39 296.761943  -3.929397 12.395
 49    29.238 53938.59082385 47.67 296.761213  -3.932707 12.395
 50    24.058 53973.59078169 29.68 296.772858  -3.912941  6.775
 50    23.972 53973.59078233 30.07 296.772128  -3.916241  6.775
 50    23.888 53973.59078298 30.65 296.771398  -3.919551  6.775
 50    23.987 53973.59078362 30.55 296.770678  -3.922851  6.775
 50    23.635 53973.59078427 30.34 296.769948  -3.926161  6.775
 50    23.993 53973.59078491 28.40 296.769218  -3.929461  6.775
 50    24.447 53973.59078556 36.72 296.768488  -3.932771  6.775
 51    26.483 54008.59077137 14.96 296.777687  -3.911078  8.409
 51    20.489 54008.59077202 15.94 296.776957  -3.914378  8.409
 51    20.487 54008.59077266 16.83 296.776227  -3.917688  8.409
 51    20.462 54008.59077331 17.87 296.775497  -3.920988  8.409
 51    20.579 54008.59077395 18.44 296.774767  -3.924298  8.409
 51    20.657 54008.59077459 19.29 296.774037  -3.927598  8.409
 52    27.349 54043.59079345 12.82 296.781444  -3.910540  9.100
 52    25.704 54043.59079409 13.38 296.780724  -3.913840  9.100
 52    25.115 54043.59079474 13.53 296.779994  -3.917150  9.100
 52    22.028 54043.59079538 14.15 296.779264  -3.920450  9.100
 52    21.372 54043.59079603 15.11 296.778534  -3.923760  9.100
 52    21.112 54043.59079667 15.66 296.777804  -3.927060  9.100
 53    25.111 54078.59078734 20.37 296.776380  -3.911612 11.813
 53    24.608 54078.59078798 21.88 296.775650  -3.914912 11.813
 53    24.495 54078.59078863 22.72 296.774920  -3.918222 11.813
 53    24.468 54078.59078927 23.63 296.774200  -3.921522 11.813
 53    24.605 54078.59078992 25.19 296.773470  -3.924832 11.813
 53    24.904 54078.59079056 25.62 296.772740  -3.928132 11.813
 54    27.576 54113.59072442 29.84 296.776508  -3.911592 13.954
 54    27.146 54113.59072506 30.34 296.775778  -3.914902 13.954
 54    27.404 54113.59072571 30.87 296.775048  -3.918202 13.954
 54    27.623 54113.59072635 31.52 296.774318  -3.921512 13.954
 54    27.741 54113.59072700 37.71 296.773588  -3.924812 13.954
 54    27.753 54113.59072764 38.06 296.772868  -3.928122 13.954
 56    28.124 54183.59071378 21.61 296.776931  -3.910092 10.709
 56    27.759 54183.59071443 18.88 296.776201  -3.913392 10.709
 56    27.004 54183.59071507 20.88 296.775481  -3.916702 10.709
 56    27.120 54183.59071572 21.40 296.774751  -3.920002 10.709
 56    27.642 54183.59071636 21.29 296.774021  -3.923312 10.709
 56    27.882 54183.59071701 22.61 296.773291  -3.926612 10.709
 57    30.174 54218.59074069 24.08 296.774884  -3.911784 21.885
 57    29.730 54218.59074133 23.13 296.774154  -3.915094 21.885
 57    29.295 54218.59074198 24.33 296.773424  -3.918394 21.885
 57    29.711 54218.59074262 29.06 296.772694  -3.921704 21.885
 57    30.025 54218.59074327 27.76 296.771974  -3.925004 21.885
 57    30.232 54218.59074391 30.34 296.771244  -3.928314 21.885
 57    30.416 54218.59074456 40.84 296.770511  -3.931611 13.073
 57    30.301 54218.59074520 36.59 296.769781  -3.934921 13.073
 58    31.888 54253.59076547 47.05 296.775794  -3.910758 15.771
 58    31.663 54253.59076611 36.77 296.775064  -3.914058 15.771
 58    31.335 54253.59076676 34.22 296.774334  -3.917368 15.771
 58    31.478 54253.59076740 34.75 296.773604  -3.920668 15.771
 58    31.567 54253.59076805 42.36 296.772884  -3.923978 15.771
 58    31.601 54253.59076869 38.78 296.772154  -3.927278 15.771
 59    31.292 54288.59077013 32.16 296.777792  -3.913099 11.958
 59    31.129 54288.59077078 33.10 296.777062  -3.916409 11.958
 59    31.138 54288.59077142 34.23 296.776342  -3.919709 11.958
 59    31.271 54288.59077207 34.83 296.775612  -3.923019 11.958
 59    31.230 54288.59077271 35.83 296.774882  -3.926319 11.958
 60    28.673 54323.59076724 30.39 296.777712  -3.912850  6.652
 60    28.747 54323.59076789 31.43 296.776982  -3.916160  6.652
 60    28.667 54323.59076853 31.79 296.776262  -3.919460  6.652
 60    28.562 54323.59076918 32.61 296.775532  -3.922770  6.652
 60    28.609 54323.59076982 34.11 296.774802  -3.926070  6.652
 61    22.130 54358.59072314 31.48 296.778229  -3.910869  6.864
 61    21.820 54358.59072378 31.46 296.777499  -3.914179  6.864
 61    21.746 54358.59072443 31.97 296.776769  -3.917479  6.864
 61    21.855 54358.59072507 32.90 296.776049  -3.920789  6.864
 61    21.951 54358.59072572 34.59 296.775319  -3.924089  6.864
 61    21.948 54358.59072636 38.95 296.774589  -3.927399  6.864
 62    21.346 54393.59070767 39.80 296.776982  -3.912286 11.873
 62    21.163 54393.59070831 36.82 296.776252  -3.915596 11.873
 62    21.148 54393.59070895 36.28 296.775522  -3.918896 11.873
 62    21.299 54393.59070960 37.10 296.774792  -3.922206 11.873
 62    21.166 54393.59071024 34.22 296.774062  -3.925506 11.873
 63    24.399 54428.59067395 41.05 296.777891  -3.912436 15.072
 63    24.101 54428.59067459 42.08 296.777161  -3.915736 15.072
 63    24.243 54428.59067523 45.61 296.776431  -3.919046 15.072
 63    24.153 54428.59067588 48.11 296.775701  -3.922346 15.072
 63    24.217 54428.59067652 47.31 296.774971  -3.925656 15.072
 64    26.395 54463.59068609 20.86 296.777427  -3.911372  8.405
 64    25.884 54463.59068673 17.55 296.776697  -3.914682  8.405
 64    25.633 54463.59068737 17.50 296.775967  -3.917982  8.405
 64    25.315 54463.59068802 20.84 296.775237  -3.921292  8.405
 64    25.372 54463.59068866 23.01 296.774507  -3.924592  8.405
 64    25.810 54463.59068931 23.54 296.773777  -3.927902  8.405
 65    28.651 54498.59068343 27.70 296.778047  -3.911033 20.291
 65    28.287 54498.59068407 19.26 296.777317  -3.914343 20.291
 65    27.808 54498.59068472 20.04 296.776591  -3.917640 17.054
 65    27.925 54498.59068536 22.91 296.775861  -3.920950 17.054
 65    28.228 54498.59068600 22.37 296.775131  -3.924250 17.054
 65    28.399 54498.59068665 25.33 296.774411  -3.927560 17.054
 66    29.332 54533.59069970 28.84 296.778316  -3.910504 24.974
 66    29.155 54533.59070035 20.86 296.777586  -3.913804 24.974
 66    28.750 54533.59070099 19.33 296.776856  -3.917114 24.974
 66    28.493 54533.59070164 21.75 296.776136  -3.920414 24.974
 66    28.946 54533.59070228 25.36 296.775406  -3.923724 24.974
 66    29.195 54533.59070293 28.47 296.774676  -3.927024 24.974
 67    30.456 54568.59068735 22.21 296.777471  -3.913124 22.588
 67    30.079 54568.59068800 22.66 296.776741  -3.916434 22.588
 67    30.107 54568.59068864 21.96 296.776011  -3.919734 22.588
 67    30.256 54568.59068929 23.21 296.775281  -3.923044 22.588
 67    30.582 54568.59068993 30.94 296.774551  -3.926344 22.588
 68    31.616 54603.59069433 34.17 296.776372  -3.910183 12.279
 68    31.331 54603.59069497 33.64 296.775642  -3.913493 12.279
 68    31.332 54603.59069562 34.89 296.774912  -3.916793 12.279
 68    31.323 54603.59069626 34.78 296.774182  -3.920103 12.279
 68    31.408 54603.59069691 34.85 296.773462  -3.923403 12.279
 68    31.339 54603.59069755 34.94 296.772732  -3.926713 12.279
 69    31.373 54638.59070591 22.48 296.775213  -3.912997 27.326
 69    30.949 54638.59070655 21.10 296.774483  -3.916297 27.326
 69    30.715 54638.59070720 23.55 296.773753  -3.919607 27.326
 69    31.224 54638.59070784 23.96 296.773033  -3.922907 27.326
 69    31.365 54638.59070849 27.65 296.772303  -3.926217 27.326
 70    30.029 54673.59070789 32.90 296.775712  -3.910284 16.883
 70    29.839 54673.59070853 24.66 296.774992  -3.913584 16.883
 70    29.627 54673.59070918 23.37 296.774262  -3.916894 16.883
 70    29.477 54673.59070982 24.04 296.773532  -3.920194 16.883
 70    29.665 54673.59071047 24.31 296.772802  -3.923504 16.883
 70    29.817 54673.59071111 26.51 296.772072  -3.926804 16.883
 71    27.205 54708.59066611 21.32 296.779170  -3.910341 11.153
 71    26.898 54708.59066676 15.34 296.778450  -3.913641 11.153
 71    26.012 54708.59066740 15.24 296.777720  -3.916951 11.153
 71    25.728 54708.59066805 16.29 296.776990  -3.920251 11.153
 71    26.715 54708.59066869 16.97 296.776260  -3.923561 11.153
 71    27.469 54708.59066934 19.06 296.775530  -3.926861 11.153
 72    27.037 54743.59067447 14.49 296.776447  -3.910480  6.989
 72    26.130 54743.59067511 14.56 296.775717  -3.913780  6.989
 72    23.501 54743.59067576 15.13 296.774987  -3.917090  6.989
 72    23.062 54743.59067640 15.86 296.774257  -3.920390  6.989
 72    22.900 54743.59067705 16.01 296.773537  -3.923700  6.989
 72    22.884 54743.59067769 15.96 296.772807  -3.927000  6.989
 73    27.113 54778.59064926 14.08 296.778341  -3.910381 13.066
 73    24.981 54778.59064990 14.58 296.777611  -3.913691 13.066
 73    24.444 54778.59065055 14.78 296.776881  -3.916991 13.066
 73    22.721 54778.59065119 17.93 296.776151  -3.920301 13.066
 73    22.492 54778.59065184 18.91 296.775431  -3.923601 13.066
 73    22.540 54778.59065248 19.94 296.774701  -3.926911 13.066
 74    25.626 54813.59066780 19.54 296.776277  -3.912702 11.691
 74    25.312 54813.59066845 20.10 296.775547  -3.916002 11.691
 74    25.074 54813.59066909 21.79 296.774817  -3.919312 11.691
 74    24.635 54813.59066974 22.95 296.774097  -3.922612 11.691
 74    25.043 54813.59067038 24.74 296.773367  -3.925922 11.691
 75    26.389 54848.59064893 34.53 296.776990  -3.911927 12.990
 75    26.159 54848.59064957 33.53 296.776260  -3.915227 12.990
 75    26.303 54848.59065022 35.14 296.775530  -3.918537 12.990
 75    26.347 54848.59065086 37.90 296.774800  -3.921837 12.990
 75    26.406 54848.59065151 39.86 296.774070  -3.925147 12.990
 75    26.352 54848.59065215 38.95 296.773350  -3.928447 12.990
 76    29.800 54883.59067166 32.78 296.775170  -3.911477 11.768
 76    29.658 54883.59067230 30.99 296.774440  -3.914787 11.768
 76    29.327 54883.59067295 32.13 296.773720  -3.918087 11.768
 76    29.511 54883.59067359 32.36 296.772990  -3.921397 11.768
 76    29.491 54883.59067423 34.64 296.772260  -3.924697 11.768
 76    29.621 54883.59067488 37.02 296.771530  -3.928007 11.768
 77    31.271 54918.59065077 28.04 296.775035  -3.910895 25.137
 77    31.040 54918.59065141 21.53 296.774315  -3.914205 25.137
 77    30.199 54918.59065206 25.46 296.773585  -3.917505 25.137
 77    30.547 54918.59065270 27.01 296.772855  -3.920815 25.137
 77    30.934 54918.59065335 27.08 296.772125  -3.924115 25.137
 77    31.320 54918.59065399 29.09 296.771395  -3.927425 25.137
 77    31.489 54918.59065464 43.31 296.770675  -3.930725 25.137
 77    31.528 54918.59065528 40.56 296.769945  -3.934035 25.137
 78    32.168 54953.59066548 30.67 296.775098  -3.913148 20.441
 78    31.968 54953.59066612 31.53 296.774368  -3.916448 20.441
 78    32.429 54953.59066677 31.99 296.773638  -3.919758 20.441
 78    32.581 54953.59066741 36.99 296.772918  -3.923058 20.441
 78    32.630 54953.59066806 43.19 296.772188  -3.926368 20.441
 79    33.208 54988.59068971 35.77 296.773842  -3.910826 22.345
 79    32.815 54988.59069036 31.46 296.773112  -3.914126 22.345
 79    32.851 54988.59069100 32.12 296.772382  -3.917436 22.345
 79    33.221 54988.59069165 33.10 296.771662  -3.920736 22.345
 79    33.231 54988.59069229 39.89 296.770932  -3.924046 22.345
 79    33.286 54988.59069294 42.75 296.770202  -3.927346 22.345
 79    33.296 54988.59069358 41.78 296.769472  -3.930656 22.345
 79    33.269 54988.59069423 45.99 296.768742  -3.933956 22.345
 80    33.198 55023.59068181 29.74 296.777802  -3.912552 24.536
 80    32.824 55023.59068245 29.19 296.777072  -3.915852 24.536
 80    32.680 55023.59068310 30.92 296.776342  -3.919162 24.536
 80    32.886 55023.59068374 31.73 296.775622  -3.922462 24.536
 80    33.102 55023.59068438 36.34 296.774892  -3.925772 24.536
 81    31.547 55058.59067661 25.31 296.776944  -3.912374 22.005
 81    31.121 55058.59067726 22.49 296.776214  -3.915674 22.005
 81    30.861 55058.59067790 23.40 296.775484  -3.918984 22.005
 81    31.066 55058.59067855 24.19 296.774754  -3.922284 22.005
 81    31.433 55058.59067919 28.68 296.774024  -3.925594 22.005
 82    26.761 55093.59063105 23.64 296.776799  -3.910682 10.144
 82    26.264 55093.59063170 24.16 296.776069  -3.913982 10.144
 82    26.065 55093.59063234 26.05 296.775349  -3.917292 10.144
 82    25.949 55093.59063299 28.02 296.774619  -3.920592 10.144
 82    26.065 55093.59063363 29.73 296.773889  -3.923902 10.144
 82    26.277 55093.59063428 29.73 296.773159  -3.927202 10.144
 83    22.431 55128.59061828 37.86 296.776040  -3.912724 10.963
 83    22.249 55128.59061892 36.80 296.775310  -3.916034 10.963
 83    22.454 55128.59061957 35.69 296.774590  -3.919334 10.963
 83    22.464 55128.59062021 35.08 296.773860  -3.922644 10.963
 83    22.394 55128.59062086 33.09 296.773130  -3.925944 10.963
 84    19.337 55163.59059286 21.21 296.776880  -3.912581 17.735
 84    19.639 55163.59059350 21.42 296.776150  -3.915891 17.735
 84    19.719 55163.59059415 22.75 296.775420  -3.919191 17.735
 84    19.912 55163.59059479 23.59 296.774690  -3.922501 17.735
 84    20.263 55163.59059544 23.53 296.773960  -3.925801 17.735
 85    27.258 55198.59060912 14.39 296.775798  -3.911257 14.959
 85    26.226 55198.59060976 14.93 296.775068  -3.914557 14.959
 85    25.940 55198.59061041 13.62 296.774338  -3.917867 14.959
 85    25.870 55198.59061105 13.99 296.773618  -3.921167 14.959
 85    25.935 55198.59061169 15.92 296.772888  -3.924477 14.959
 85    26.287 55198.59061234 24.91 296.772158  -3.927777 14.959
 86    26.640 55233.59059809 20.31 296.775793  -3.913012 16.575
 86    26.253 55233.59059873 17.68 296.775063  -3.916322 16.575
 86    25.862 55233.59059938 18.37 296.774333  -3.919622 16.575
 86    26.007 55233.59060002 17.73 296.773603  -3.922932 16.575
 86    26.347 55233.59060067 20.42 296.772883  -3.926232 16.575
 87    27.857 55268.59060356 20.29 296.776802  -3.910914 15.968
 87    27.522 55268.59060420 18.86 296.776072  -3.914214 15.968
 87    27.273 55268.59060485 19.05 296.775342  -3.917524 15.968
 87    27.426 55268.59060549 18.90 296.774622  -3.920824 15.968
 87    27.604 55268.59060614 18.37 296.773892  -3.924134 15.968
 87    27.787 55268.59060678 23.11 296.773162  -3.927434 15.968
 88    29.400 55303.59057667 29.64 296.778759  -3.911217 23.128
 88    29.180 55303.59057731 21.09 296.778029  -3.914527 23.128
 88    28.811 55303.59057795 19.84 296.777309  -3.917827 23.128
 88    28.933 55303.59057860 22.20 296.776579  -3.921137 23.128
 88    29.169 55303.59057924 22.89 296.775849  -3.924437 23.128
 88    29.458 55303.59057989 25.07 296.775119  -3.927747 23.128
 89    31.289 55338.59057679 41.25 296.776633  -3.911604 14.521
 89    30.879 55338.59057744 35.67 296.775903  -3.914904 14.521
 89    31.027 55338.59057808 37.03 296.775173  -3.918214 14.521
 89    31.092 55338.59057873 42.87 296.774443  -3.921514 14.521
 89    31.140 55338.59057937 42.61 296.773713  -3.924824 14.521
 89    31.219 55338.59058002 41.70 296.772993  -3.928124 14.521
 90    31.432 55373.59056787 27.20 296.777539  -3.911491 26.622
 90    31.042 55373.59056851 22.94 296.776809  -3.914791 26.622
 90    30.793 55373.59056916 22.06 296.776079  -3.918101 26.622
 90    30.837 55373.59056980 22.97 296.775359  -3.921401 26.622
 90    31.095 55373.59057045 24.83 296.774629  -3.924711 26.622
 90    31.325 55373.59057109 26.57 296.773899  -3.928011 26.622
 91    28.558 55408.59058841 33.12 296.778006  -3.911756  8.599
 91    28.494 55408.59058905 33.09 296.777276  -3.915056  8.599
 91    28.433 55408.59058970 34.07 296.776546  -3.918366  8.599
 91    28.405 55408.59059034 33.93 296.775826  -3.921666  8.599
 91    28.437 55408.59059099 33.81 296.775096  -3.924976  8.599
 91    28.280 55408.59059163 35.41 296.774366  -3.928276  8.599
 92    21.110 55443.59058568 22.33 296.777073  -3.912710 12.918
 92    20.976 55443.59058632 22.85 296.776343  -3.916010 12.918
 92    20.875 55443.59058697 23.13 296.775613  -3.919320 12.918
 92    20.859 55443.59058761 23.51 296.774883  -3.922620 12.918
 92    21.013 55443.59058826 23.31 296.774153  -3.925930 12.918
 93    17.880 55478.59052421 32.74 296.778359  -3.912200 13.715
 93    18.066 55478.59052486 33.01 296.777629  -3.915500 13.715
 93    18.100 55478.59052550 35.68 296.776909  -3.918810 13.715
 93    18.199 55478.59052615 39.78 296.776179  -3.922110 13.715
 93    18.325 55478.59052679 38.35 296.775449  -3.925420 13.715
 93    18.262 55478.59052744 40.09 296.774719  -3.928720 13.715
