# NaN NaN NaN ;Mean Elev.(m), Avg Gradient(m/km), RMS Gradient(m/km) - SRTM1     
#   21.081  -0.652   3.876 ;Mean Elev.(m), Avg Gradient(m/km), RMS Gradient(m/km) - ASTER GDEM
#   12.494  -0.522   3.593 ;Mean Elev.(m), Avg Gradient(m/km), RMS Gradient(m/km) - GMTED2010 
  8 298.437281  -3.730370    26.355    26.360  6 52486.08929324 43.304
  9 298.437453  -3.731908    23.932    23.946  7 52521.08925992 34.355
 11 298.435057  -3.734198    17.416    17.526  7 52591.08930168 37.375
 12 298.443521  -3.727180    20.272    20.247  7 52626.08922486 42.292
 13 298.437512  -3.731499    21.155    21.158  7 52661.08926676 25.033
 14 298.440179  -3.728228    21.505    21.507  6 52696.08924617 30.276
 15 298.442617  -3.725621    23.172    23.202  7 52731.08927419 27.325
 16 298.432555  -3.735789    25.067    25.076  6 52766.08928212 32.358
 17 298.439967  -3.729177    26.390    26.388  6 52801.08928185 36.275
 18 298.440545  -3.727808    26.488    26.510  7 52836.08934891 33.278
 19 298.440710  -3.727526    24.630    24.769  7 52871.08938973 25.537
 20 298.439186  -3.729974    20.192    20.242  7 52906.08938641 32.421
 21 298.440554  -3.728360    18.076    18.370  6 52941.08931794 25.037
 23 298.434614  -3.733482    19.538    19.310  7 53011.08936855 22.094
 24 298.436582  -3.731360    21.045    21.172  7 53046.08933352 34.883
 25 298.432710  -3.734669    20.823    20.819  6 53081.08936699 30.350
 26 298.434081  -3.734754    23.494    23.477  7 53116.08933745 26.776
 27 298.433770  -3.735196    24.780    24.779  7 53151.08938553 30.637
 28 298.444547  -3.724070    24.886    24.900  7 53186.08937453 35.016
 29 298.438531  -3.729953    24.177    24.176  7 53221.08939966 43.635
 30 298.433769  -3.733856    21.001    20.998  6 53256.08937550 28.816
 31 298.431785  -3.735593    18.317    18.367  7 53291.08938812 34.406
 32 298.440859  -3.727025    19.105    19.192  7 53326.08936405 17.569
 33 298.441342  -3.727106    19.859    19.973  7 53361.08932200 21.160
 34 298.437155  -3.731428    20.834    20.896  7 53396.08934100 37.526
 35 298.440283  -3.729103    22.037    22.023  7 53431.08933350 26.357
 36 298.438789  -3.730483    24.423    24.496  7 53466.08936381 38.116
 37 298.432264  -3.734785    25.990    25.996  7 53501.08942136 42.464
 38 298.438480  -3.730226    26.120    26.148  7 53536.08941198 41.675
 40 298.437897  -3.731519    18.062    18.026  7 53606.08936752 29.797
 41 298.436054  -3.732041    19.599    20.054  6 53641.08936748 17.188
 42 298.433500  -3.734251    13.626    13.606  6 53676.08938642 29.156
 43 298.440846  -3.726519    19.083    19.353  7 53711.08931729 18.719
 44 298.441240  -3.728217    19.529    19.554  7 53746.08922736 21.377
 45 298.441623  -3.727599    22.697    22.700  6 53781.08925874 44.084
 46 298.439981  -3.728300    23.866    23.863  7 53816.08922688 26.543
 47 298.434817  -3.733440    24.982    25.141  7 53851.08929420 31.294
 48 298.444983  -3.725422    26.245    26.310  7 53886.08930400 27.954
 49 298.430142  -3.737158    26.048    26.036  6 53921.08937228 47.527
 50 298.430735  -3.737032    22.773    22.763  7 53956.08936945 32.296
 52 298.438996  -3.729116    16.605    16.999  7 54026.08935550 23.782
 53 298.442902  -3.726575    16.184    16.219  6 54061.08934877 29.754
 54 298.437357  -3.730455    19.960    19.958  7 54096.08932142 32.745
 55 298.438938  -3.728808    22.088    22.160  7 54131.08926965 26.837
 56 298.436580  -3.731441    22.011    22.037  6 54166.08929378 21.396
 57 298.437980  -3.729484    22.701    22.804  7 54201.08927223 29.062
 58 298.439336  -3.729838    25.347    25.365  7 54236.08930898 29.335
 59 298.438674  -3.730172    26.195    26.303  6 54271.08933003 35.886
 60 298.438583  -3.729549    25.353    25.350  6 54306.08933237 36.770
 61 298.438639  -3.728686    21.284    21.270  7 54341.08931411 36.292
 62 298.438486  -3.730034    16.441    15.668  6 54376.08926683 25.557
 63 298.437739  -3.730491    18.633    18.602  6 54411.08926030 19.392
 64 298.438809  -3.729859    19.469    19.475  7 54446.08923074 37.239
 65 298.439173  -3.728995    21.208    21.218  6 54481.08925218 27.228
 66 298.439413  -3.728910    23.068    23.068  7 54516.08924503 45.378
 67 298.437716  -3.730488    24.511    24.489  6 54551.08926480 46.277
 68 298.438718  -3.730385    25.024    24.995  6 54586.08924096 25.134
 69 298.437823  -3.730199    26.318    26.393  7 54621.08926006 35.423
 70 298.436715  -3.730984    25.887    25.940  7 54656.08926975 36.745
 71 298.437824  -3.730801    23.576    23.521  7 54691.08925479 34.219
 72 298.439443  -3.730417    17.991    18.005  7 54726.08922139 35.400
 73 298.437216  -3.730369    16.673    16.014  6 54761.08923143 30.028
 74 298.437962  -3.730528    18.700    18.886  6 54796.08921386 17.568
 75 298.437668  -3.729646    20.665    20.817  7 54831.08923213 27.513
 76 298.439082  -3.729639    22.632    22.645  6 54866.08920973 35.966
 77 298.436527  -3.732082    24.683    24.667  7 54901.08923015 31.876
 78 298.438826  -3.730257    26.570    26.597  7 54936.08920015 44.506
 80 298.436006  -3.731211    27.563    27.709  7 55006.08925227 31.602
 81 298.438918  -3.730209    27.272    27.314  7 55041.08924031 36.616
 82 298.437715  -3.730918    24.402    24.421  7 55076.08922188 27.735
 83 298.438667  -3.730643    17.955    17.554  7 55111.08917289 28.425
 84 298.436908  -3.731952    15.685    15.639  7 55146.08917453 38.849
 85 298.438692  -3.729144    17.003    17.010  6 55181.08915075 35.054
 86 298.437538  -3.729484    20.450    20.503  7 55216.08916994 27.221
 87 298.439972  -3.728965    21.613    21.716  7 55251.08914718 32.141
 88 298.436957  -3.731816    22.630    22.683  6 55286.08916288 27.205
 89 298.436551  -3.731646    25.073    25.039  7 55321.08913760 37.405
 90 298.437276  -3.730861    26.101    26.096  7 55356.08913779 44.942
 91 298.437559  -3.730255    24.719    24.715  6 55391.08913835 27.396
 92 298.438460  -3.729123    21.383    21.459  7 55426.08915476 34.101
 93 298.438866  -3.729137    15.721    16.468  7 55461.08912222 25.716
