-172261.686   187.900     0.00   40.54
-171885.538   196.150    21.93   40.12
-171509.390   202.175    16.02   34.97
-171133.242   211.014    23.50   25.65
-170757.093   197.500   -35.93   25.86
-170380.943   182.834   -38.99   21.49
-170004.793   170.771   -32.07   22.60
-169628.643   160.744   -26.66   18.73
-169252.492   152.366   -22.27   15.53
-168876.340   151.334    -2.74   13.12
-168500.188   145.432   -15.69   16.80
-168124.035   136.064   -24.90   18.16
-167747.882   127.380   -23.08   14.62
-167371.729   122.623   -12.65   13.44
-166995.575   118.511   -10.93   13.74
-166619.420   114.688   -10.16   11.93
-166243.265   112.307    -6.33   12.18
-165867.109   106.355   -15.83   11.05
-165490.953   101.018   -14.19   13.04
-165114.796    93.406   -20.24   13.25
-164738.639    84.316   -24.16   11.28
-164362.481    79.600   -12.54    9.80
-163986.323    78.226    -3.65    9.92
-163610.164    78.835     1.62   11.70
-163234.005    79.231     1.05   12.05
-162857.845    73.798   -14.44   14.10
-162481.685    70.068    -9.92   13.57
-162105.524    67.676    -6.36   15.11
-161729.362    68.594     2.44   16.69
-161353.200    78.457    26.22   21.78
-160977.038    87.150    23.11   20.30
-160600.874    87.231     0.22   19.26
-160224.711    81.842   -14.33   20.44
-159848.547    70.176   -31.01   18.86
-159472.382    58.834   -30.15   13.95
-159096.216    51.900   -18.43    8.48
-158720.051    51.124    -2.06    7.21
-158343.884    53.761     7.01    7.19
-157967.717    54.842     2.87    5.70
-157591.550    53.124    -4.57    6.18
-157215.381    48.561   -12.13    5.84
-156839.213    45.933    -6.99    6.99
-156463.044    41.744   -11.14    7.53
-156086.874    39.807    -5.15    6.74
-155710.703    36.860    -7.84    6.34
-155334.532    34.261    -6.91    3.53
-154958.361    33.714    -1.45    4.10
-154582.241    34.303     1.57    5.72
-154206.193    35.177     2.32    7.12
-153830.144    38.176     7.98    8.83
-153454.095    39.307     3.01    8.36
-153078.046    37.662    -4.37    7.73
-152701.996    36.528    -3.02    7.28
-152325.945    33.226    -8.78    4.64
-151949.893    33.122    -0.28    5.10
-151573.841    34.047     2.46    6.70
-151197.789    35.560     4.02    7.38
-150821.736    36.525     2.57    7.66
-150445.682    34.457    -5.50    7.22
-150069.628    33.528    -2.47    7.27
-149693.573    28.744   -12.72    7.54
-149317.517    25.098    -9.69    7.41
-148941.461    24.204    -2.38    7.21
-148565.404    22.150    -5.46    6.73
-148189.347    22.996     2.25    7.22
-147813.289    20.852    -5.70    8.53
-147437.231    17.202    -9.71    8.02
-147061.171    20.175     7.91   10.58
-146685.112    22.432     6.00   13.20
-146309.051    26.501    10.82   16.52
-145932.990    26.650     0.40   14.98
-145556.929    25.636    -2.70   13.78
-145180.867    23.852    -4.74   12.44
-144804.804    23.474    -1.01   11.68
-144428.740    23.181    -0.78    9.76
-144052.676    24.175     2.64    6.98
-143676.612    23.867    -0.82    6.11
-143300.547    20.150    -9.89    7.75
-142924.481    16.457    -9.82    7.57
-142548.414    17.622     3.10    8.69
-142172.347    20.201     6.86    9.00
-141796.279    23.728     9.38    6.84
-141420.211    25.334     4.27    4.74
-141044.142    24.123    -3.22    6.18
-140668.072    20.842    -8.72    8.54
-140292.002    16.808   -10.73    9.45
-139915.931    10.622   -16.45    7.52
-139539.859     8.386    -5.94    5.92
-139163.787     6.339    -5.44    4.21
-138787.714     7.636     3.45    5.19
-138411.641     8.366     1.94    5.34
-138035.566     9.007     1.70    5.40
-137659.492    10.200     3.17    5.80
-137283.416     9.611    -1.56    6.18
-136907.340    11.960     6.25    8.64
-136531.263    17.791    15.50   13.25
-136155.186    25.339    20.07   12.66
-135779.108    31.728    16.99    7.70
-135403.029    33.765     5.41    5.27
-135026.950    33.867     0.27    4.50
-134650.870    31.844    -5.38    5.62
-134274.789    28.860    -7.93    7.43
-133898.708    27.150    -4.55    8.29
-133522.626    23.622    -9.38   11.46
-133146.543    19.970    -9.71   13.20
-132770.459    20.474     1.34   16.00
-132394.375    22.177     4.53   16.25
-132018.291    22.474     0.79   14.63
-131642.205    20.900    -4.19   13.38
-131266.119    16.944   -10.52   11.03
-130890.032    16.125    -2.18   14.65
-130513.945    16.690     1.50   15.98
-130137.857    21.950    13.98   15.88
-129761.768    22.939     2.63   10.73
-129385.679    27.676    12.59   10.32
-129009.589    31.501    10.17    9.55
-128633.498    34.550     8.11   10.34
-128257.406    40.483    15.78   12.68
-127881.314    48.420    21.10   17.86
-127505.221    60.386    31.82   23.51
-127129.127    72.761    32.90   25.53
-126753.033    78.303    14.74   22.07
-126376.938    77.739    -1.50   19.88
-126000.842    70.750   -18.58   13.66
-125624.746    65.447   -14.10   11.92
-125248.649    63.879    -4.17   14.12
-124872.551    62.044    -4.88   13.59
-124496.452    56.725   -14.14   15.67
-124120.353    51.906   -12.81   18.11
-123744.253    43.150   -23.28   16.17
-123368.153    37.465   -15.11   11.78
-122992.051    39.860     6.37   13.78
-122615.949    45.474    14.93   16.09
-122239.846    54.425    23.80   17.11
-121863.743    62.360    21.10   15.00
-121487.639    67.011    12.37   13.68
-121111.534    70.690     9.78   13.99
-120735.428    74.750    10.79   12.51
-120359.322    75.201     1.20   14.28
-119983.214    75.970     2.05   16.14
-119607.107    79.238     8.69   18.40
-119230.998    77.582    -4.40   17.32
-118854.889    75.501    -5.53   16.44
-118478.779    77.339     4.89   15.46
-118102.668    79.842     6.66   15.59
-117726.556    83.555     9.87   14.88
-117350.444    86.124     6.83   15.19
-116974.331    90.228    10.91   17.14
-116598.217    92.560     6.20   16.40
-116222.103    93.987     3.80   16.51
-115845.988   101.125    18.98   16.39
-115469.872   110.457    24.81   17.88
-115093.755   117.538    18.83   18.28
-114717.637   116.177    -3.62   20.65
-114341.519   115.474    -1.87   22.02
-113965.400   108.960   -17.32   24.19
-113589.280   102.970   -15.93   21.65
-113213.160   104.435     3.90   18.64
-112837.039   107.919     9.26   18.57
-112460.917   115.281    19.57   20.05
-112084.794   121.844    17.45   24.09
-111708.670   118.944    -7.71   27.65
-111332.546   119.202     0.69   28.28
-110956.421   116.518    -7.14   19.48
-110580.295   124.413    20.99   16.27
-110204.168   137.226    34.07   20.82
-109828.041   149.123    31.63   23.01
-109451.913   150.662     4.09   24.42
-109075.784   146.575   -10.87   25.60
-108699.654   143.622    -7.85   25.05
-108323.524   146.231     6.94   22.99
-107947.393   151.285    13.44   23.59
-107571.260   153.014     4.60   24.93
-107195.128   150.501    -6.68   24.89
-106818.994   148.378    -5.64   22.13
-106442.860   152.075     9.83   19.29
-106066.724   158.281    16.50   16.13
-105690.588   160.258     5.25   14.83
-105314.452   158.688    -4.17   15.07
-104938.314   152.176   -17.31   14.27
-104562.176   152.097    -0.21   17.32
-104186.037   153.339     3.30   20.88
-103809.897   151.637    -4.52   21.98
-103433.756   147.261   -11.63   20.87
-103057.614   142.791   -11.88   19.27
-102681.472   134.791   -21.27   19.51
-102305.329   129.525   -14.00   19.48
-101929.185   121.771   -20.61   20.61
-101553.040   114.690   -18.83   16.93
-101176.894   111.983    -7.20   16.50
-100800.748   110.204    -4.73   16.39
-100424.601   113.761     9.46   16.79
-100048.453   117.597    10.20   14.14
 -99672.304   122.098    11.97   12.66
 -99296.154   135.825    36.49   24.16
 -98920.004   151.676    42.14   27.07
 -98543.852   154.457     7.39   27.86
 -98167.700   154.457     0.00   31.40
 -97791.547   145.068   -24.96   32.23
 -97415.393   142.662    -6.40   33.94
 -97039.239   143.123     1.22   34.51
 -96663.083   135.939   -19.10   31.93
 -96286.927   126.413   -25.33   28.89
 -95910.770   114.400   -31.94   25.84
 -95534.612   102.483   -31.68   18.11
 -95158.453    93.807   -23.06   13.96
 -94782.293    90.622    -8.47   13.05
 -94406.133    89.944    -1.80   12.59
 -94029.972    90.288     0.91   12.16
 -93653.809    87.465    -7.50   13.02
 -93277.646    83.176   -11.40   15.85
 -92901.482    75.717   -19.83   15.31
 -92525.318    71.097   -12.28   14.28
 -92149.152    68.662    -6.47   15.04
 -91772.986    63.842   -12.81   17.39
 -91396.818    58.609   -13.91   18.18
 -91020.650    56.509    -5.58   17.21
 -90644.481    54.528    -5.27   15.08
 -90268.312    56.393     4.96   16.64
 -89892.141    63.447    18.75   18.02
 -89515.969    70.944    19.93   17.09
 -89139.797    70.867    -0.20   13.66
 -88763.623    67.816    -8.11   14.01
 -88387.449    67.288    -1.40   13.68
 -88011.274    66.303    -2.62   12.64
 -87635.098    72.566    16.65   13.59
 -87258.922    76.650    10.85   14.09
 -86882.744    81.662    13.33   12.94
 -86506.565    83.258     4.24   11.11
 -86130.386    85.860     6.92   11.90
 -85754.206    84.842    -2.71   12.01
 -85378.024    84.025    -2.17   12.34
 -85001.842    80.420    -9.58   13.35
 -84625.659    79.047    -3.65   13.34
 -84249.476    81.509     6.54   15.22
 -83873.291    84.761     8.65   15.24
 -83497.105    85.177     1.11   15.14
 -83120.919    84.150    -2.73   15.59
 -82744.731    79.992   -11.05   16.14
 -82368.543    71.800   -21.78   18.65
 -81992.354    68.177    -9.63   19.03
 -81616.164    68.375     0.52   17.99
 -81239.973    71.798     9.10   17.06
 -80863.781    72.825     2.73   15.35
 -80487.588    67.150   -15.09   18.52
 -80111.395    58.124   -23.99   18.80
 -79735.200    47.228   -28.96   16.31
 -79359.145    39.705   -20.01   14.13
 -78983.128    32.406   -19.41   11.07
 -78607.111    27.316   -13.54    7.54
 -78231.093    25.725    -4.23    8.15
 -77855.074    26.465     1.97   10.81
 -77479.054    26.316    -0.40   11.90
 -77103.033    28.690     6.31   12.97
 -76727.011    34.011    14.15   12.03
 -76350.989    37.176     8.42    8.81
 -75974.965    38.893     4.57    5.55
 -75598.940    38.095    -2.12    6.64
 -75222.915    36.000    -5.57    6.72
 -74846.888    32.355    -9.69    8.57
 -74470.861    27.702   -12.37    7.57
 -74094.833    24.420    -8.73    5.71
 -73718.804    21.791    -6.99    5.19
 -73342.774    22.355     1.50    4.82
 -72966.742    21.038    -3.50    5.87
 -72590.710    18.534    -6.66    7.59
 -72214.678    13.844   -12.47    9.53
 -71838.644    10.047   -10.10    8.96
 -71462.609     5.944   -10.91    6.85
 -71086.573     2.998    -7.84    4.93
 -70710.536     1.258    -4.63    5.11
 -70334.499     0.825    -1.15    5.24
 -69958.460     0.014    -2.16    3.92
 -69582.420    -0.389    -1.07    3.20
 -69206.380    -0.607    -0.58    2.99
 -68830.338     1.150     4.67    5.54
 -68454.296     8.611    19.84   15.55
 -68078.253    19.226    28.23   20.17
 -67702.208    32.447    35.16   21.11
 -67326.163    47.492    40.01   16.63
 -66950.117    56.176    23.09   15.60
 -66574.069    64.650    22.53   13.48
 -66198.021    68.204     9.45   12.03
 -65821.972    70.231     5.39   12.27
 -65445.922    73.176     7.83   11.44
 -65069.871    74.406     3.27   11.39
 -64693.819    76.806     6.38   12.10
 -64317.766    79.413     6.93   16.23
 -63941.712    80.041     1.67   17.87
 -63565.657    75.233   -12.79   17.58
 -63189.601    64.483   -28.59   17.77
 -62813.544    55.636   -23.53   15.11
 -62437.486    47.509   -21.61   13.46
 -62061.427    44.944    -6.82   13.45
 -61685.367    45.807     2.29   15.60
 -61309.306    44.044    -4.69   17.26
 -60933.244    41.611    -6.47   16.42
 -60557.181    41.893     0.75   16.43
 -60181.117    44.150     6.00   15.67
 -59805.052    41.933    -5.89   15.39
 -59428.986    40.393    -4.10   15.94
 -59052.919    36.798    -9.56   18.10
 -58676.851    27.939   -23.56   20.80
 -58300.782    17.561   -27.60   17.69
 -57924.713     8.750   -23.43   14.58
 -57548.642     1.597   -19.02    8.12
 -57172.570    -1.934    -9.39    2.37
 -56796.497    -2.748    -2.16    1.45
 -56420.423    -2.986    -0.63    1.60
 -56044.348    -0.429     6.80    7.53
 -55668.272     4.228    12.39   13.61
 -55292.195    13.124    23.65   21.31
 -54916.117    22.474    24.86   26.69
 -54540.038    26.518    10.75   26.21
 -54163.958    27.825     3.47   23.72
 -53787.877    27.578    -0.66   19.18
 -53411.795    32.068    11.94   19.24
 -53035.712    39.771    20.48   17.97
 -52659.628    42.771     7.98   15.77
 -52283.542    43.447     1.80   12.15
 -51907.456    45.177     4.60   12.60
 -51531.369    48.850     9.76   13.88
 -51155.281    54.728    15.63   12.59
 -50779.192    59.393    12.40   11.35
 -50403.101    60.329     2.49   11.38
 -50027.010    62.071     4.63   10.27
 -49650.917    62.021    -0.13    9.87
 -49274.824    62.501     1.28    8.89
 -48898.729    61.637    -2.30    9.74
 -48522.634    65.955    11.48   15.79
 -48146.537    72.913    18.50   15.66
 -47770.440    75.355     6.49   14.75
 -47394.341    75.816     1.23   14.25
 -47018.241    70.124   -15.14   15.33
 -46642.140    65.609   -12.00   14.12
 -46266.039    63.123    -6.61   13.92
 -45889.936    58.041   -13.51   14.65
 -45513.832    55.733    -6.14   13.66
 -45137.727    57.623     5.03   14.16
 -44761.621    61.893    11.35   14.62
 -44385.513    71.014    24.25   13.45
 -44009.405    71.919     2.40   15.15
 -43633.296    68.201    -9.89   15.15
 -43257.186    66.278    -5.11   13.10
 -42881.074    68.018     4.63   14.03
 -42504.962    76.457    22.44   14.62
 -42128.848    80.798    11.54   16.41
 -41752.733    79.041    -4.67   16.16
 -41376.618    74.123   -13.08   15.15
 -41000.501    63.993   -26.93   12.29
 -40624.383    55.252   -23.24   12.74
 -40248.264    52.913    -6.22   11.70
 -39872.144    54.233     3.51   13.48
 -39496.023    59.852    14.94   15.09
 -39119.901    66.177    16.82   14.56
 -38743.777    70.044    10.28   12.78
 -38367.653    73.021     7.92   13.35
 -37991.527    75.771     7.31   12.84
 -37615.401    77.913     5.69   14.44
 -37239.273    81.228     8.82   15.75
 -36863.144    82.781     4.13   14.99
 -36487.014    83.744     2.56   15.35
 -36110.883    87.800    10.78   16.61
 -35734.751    90.663     7.61   16.85
 -35358.618    94.960    11.42   16.31
 -34982.484    92.366    -6.90   17.16
 -34606.348    86.927   -14.46   17.68
 -34230.212    87.842     2.43   16.70
 -33854.074    91.124     8.73   16.42
 -33477.935    97.733    17.57   16.05
 -33101.795   107.281    25.38   13.09
 -32725.654   112.372    13.53    8.51
 -32349.512   113.393     2.71    4.63
 -31973.369   110.406    -7.94    6.61
 -31597.225   107.231    -8.44    7.06
 -31221.079   108.702     3.91    7.16
 -30844.933   109.860     3.08    7.04
 -30468.785   107.350    -6.67   13.80
 -30092.636    99.609   -20.58   23.10
 -29716.486    94.150   -14.51   23.82
 -29340.335    91.226    -7.77   21.83
 -28964.183    89.761    -3.90   19.06
 -28588.029    84.312   -14.49   18.15
 -28211.875    74.312   -26.58   18.68
 -27835.719    68.123   -16.45   16.48
 -27459.562    70.867     7.30   20.03
 -27083.404    73.122     5.99   20.89
 -26707.245    74.400     3.40   19.10
 -26331.085    74.228    -0.45   16.40
 -25954.924    70.400   -10.18   14.48
 -25578.761    71.228     2.20   13.23
 -25202.598    74.560     8.86   12.93
 -24826.433    71.834    -7.25   14.40
 -24450.267    74.816     7.93   17.11
 -24074.100    78.380     9.47   18.47
 -23697.931    78.879     1.33   19.50
 -23321.762    76.325    -6.79   20.48
 -22945.591    67.637   -23.10   20.50
 -22569.419    56.378   -29.93   15.27
 -22193.246    45.987   -27.62   10.74
 -21817.072    40.933   -13.44   12.89
 -21440.897    36.041   -13.00   12.23
 -21064.721    28.739   -19.41   11.33
 -20688.543    25.555    -8.46    9.34
 -20312.364    27.450     5.04   10.55
 -19936.184    31.816    11.61   11.52
 -19560.003    36.447    12.31    7.94
 -19183.821    37.906     3.88    6.65
 -18807.637    42.939    13.38   10.57
 -18431.453    51.560    22.92   16.53
 -18055.267    62.511    29.11   16.46
 -17679.080    70.406    20.99   14.60
 -17302.891    73.705     8.77   12.81
 -16926.702    70.765    -7.82   14.09
 -16550.511    64.714   -16.09   14.08
 -16174.320    54.056   -28.33   14.03
 -15798.127    44.717   -24.82   13.71
 -15421.932    36.041   -23.06   10.71
 -15045.737    36.420     1.01    9.98
 -14669.540    39.676     8.66   10.35
 -14293.343    46.258    17.50   12.90
 -13917.144    57.714    30.45   16.63
 -13540.944    66.329    22.90   16.24
 -13164.742    70.544    11.20   10.53
 -12788.540    66.933    -9.60   12.85
 -12412.336    58.380   -22.74   12.44
 -12036.131    52.098   -16.70    9.46
 -11659.924    50.987    -2.95    8.22
 -11283.717    51.534     1.45    8.98
 -10907.508    54.555     8.03   10.13
 -10531.298    58.413    10.25   12.63
 -10155.087    63.893    14.57   12.77
  -9778.875    68.087    11.15   10.12
  -9402.662    68.509     1.12    8.36
  -9026.447    65.334    -8.44   10.90
  -8650.231    59.906   -14.43   12.67
  -8274.014    50.252   -25.66   15.93
  -7897.795    38.852   -30.30   19.58
  -7521.576    29.124   -25.86   16.78
  -7145.355    18.509   -28.22   13.86
  -6769.132    13.068   -14.46    9.88
  -6392.909    11.360    -4.54    7.78
  -6016.685     9.765    -4.24    7.50
  -5640.459     9.714    -0.14    6.65
  -5264.232     7.744    -5.23    5.33
  -4888.003     5.965    -4.73    4.09
  -4511.810     5.068    -2.38    4.25
  -4135.834     4.366    -1.87    3.89
  -3759.856     6.150     4.74    5.09
  -3383.876     8.400     5.98    5.34
  -3007.896    11.150     7.31    5.56
  -2631.914    12.047     2.39    5.26
  -2255.931    11.150    -2.39    7.46
  -1879.947     7.021   -10.98    8.25
  -1503.961     2.622   -11.70    6.13
  -1127.974     0.021    -6.92    2.87
   -751.986    -0.850    -2.32    0.00
   -375.997    -0.661     0.50    0.62
     -0.006    -0.013     1.73    1.72
    375.985     0.509     1.39    1.99
    751.979     0.857     0.93    2.05
   1127.973     0.816    -0.11    2.11
   1503.969     0.360    -1.21    2.12
   1879.965    -0.337    -1.85    1.39
   2255.964    -0.715    -1.01    0.67
   2631.963    -0.013     1.87    2.62
   3007.964     1.578     4.23    4.45
   3383.966     2.675     2.92    4.34
   3759.969     3.970     3.45    3.59
   4135.974     5.285     3.50    3.82
   4511.980     5.919     1.69    4.29
   4887.987     5.798    -0.32    4.88
   5263.995     5.202    -1.59    4.50
   5640.005     5.021    -0.48    4.16
   6016.016     4.842    -0.48    4.32
   6392.028     4.594    -0.66    4.44
   6768.042     3.860    -1.95    4.24
   7144.057     3.380    -1.28    3.06
   7520.073     3.316    -0.17    3.46
   7896.090     2.560    -2.01    3.84
   8272.109     1.285    -3.39    3.47
   8648.129     0.204    -2.88    2.13
   9024.151     0.744     1.44    2.03
   9400.173     1.566     2.19    1.98
   9776.197     2.278     1.89    2.43
  10152.223     2.850     1.52    3.16
  10528.249     2.609    -0.64    3.31
  10904.277     2.200    -1.09    3.10
  11280.306     1.992    -0.55    1.82
  11656.337     2.098     0.28    1.86
  12032.369     1.447    -1.73    2.01
  12408.402     0.483    -2.56    1.94
  12784.436    -0.489    -2.59    1.10
  13160.472     0.852     3.57    4.53
  13536.509     5.255    11.71    7.52
  13912.548     8.892     9.67    6.84
  14288.588    10.765     4.98    5.49
  14664.629     9.278    -3.95    5.49
  15040.671     7.900    -3.67    4.88
  15416.715     6.933    -2.57    4.03
  15792.760     6.771    -0.43    3.93
  16168.807     8.281     4.02    4.10
  16544.854     7.400    -2.34    4.37
  16920.903     6.636    -2.03    4.46
  17296.954     4.611    -5.38    4.49
  17673.006     2.123    -6.62    3.11
  18049.059     1.150    -2.59    2.44
  18425.113     0.123    -2.73    1.71
  18801.169     0.725     1.60    2.18
  19177.226     1.123     1.06    2.26
  19553.285     1.420     0.79    2.38
  19929.345     0.663    -2.01    2.01
  20305.406     1.235     1.52    2.43
  20681.469     2.073     2.23    2.51
  21057.533     2.842     2.05    2.81
  21433.598     2.635    -0.55    2.96
  21809.665     2.014    -1.65    3.18
  22185.733     0.285    -4.60    1.92
  22561.802    -0.661    -2.52    0.66
  22937.873    -0.800    -0.37    0.22
  23313.945    -0.499     0.80    0.92
  23690.019    -0.035     1.23    1.23
  24066.093     0.518     1.47    1.26
  24442.170     1.432     2.43    1.85
  24818.247     2.501     2.84    2.39
  25194.326     3.052     1.47    2.50
  25570.407     3.571     1.38    2.24
  25946.488     2.900    -1.78    1.66
  26322.572     2.906     0.02    1.57
  26698.656     2.987     0.22    1.76
  27074.742     3.176     0.50    1.81
  27450.829     2.944    -0.62    1.94
  27826.918     2.692    -0.67    2.05
  28203.008     2.688    -0.01    2.20
  28579.099     2.860     0.46    2.22
  28955.192     3.150     0.77    2.39
  29331.287     4.226     2.86    3.15
  29707.382     4.650     1.12    3.13
  30083.479     3.226    -3.78    3.83
  30459.578     2.255    -2.58    4.17
  30835.678     3.098     2.24    5.00
  31211.779     6.927    10.18    9.72
  31587.881    11.775    12.89   10.95
  31963.985    16.303    12.04   10.78
  32340.091    19.122     7.49    9.87
  32716.198    16.474    -7.04   10.08
  33092.306    11.933   -12.07    7.83
  33468.416    11.906    -0.07    6.95
  33844.527    12.071     0.44    6.68
  34220.639    11.427    -1.71    6.13
  34596.753     9.825    -4.26    5.98
  34972.869     7.202    -6.97    5.60
  35348.985     7.177    -0.07    5.18
  35725.104     7.867     1.84    4.71
  36101.223    10.097     5.93    4.68
  36477.344    11.097     2.66    4.26
  36853.467    11.366     0.71    3.70
  37229.591    11.893     1.40    4.02
  37605.716    15.011     8.29    6.53
  37981.843    16.791     4.73    6.70
  38357.971    18.675     5.01    6.79
  38734.101    18.561    -0.30    7.16
  39110.232    19.717     3.07    6.85
  39486.364    21.123     3.74    7.12
  39862.498    23.717     6.90    6.50
  40238.634    27.420     9.84    4.96
  40614.771    29.400     5.26    3.15
  40990.909    30.637     3.29    2.23
  41367.049    32.585     5.18    4.66
  41743.190    36.582    10.63    7.22
  42119.333    39.781     8.51    6.68
  42495.477    41.965     5.81    4.72
  42871.622    42.047     0.22    5.16
  43247.769    40.744    -3.46    4.73
  43623.918    40.175    -1.51    4.17
  44000.068    39.538    -1.69    4.18
  44376.219    39.996     1.22    4.57
  44752.372    42.201     5.86    3.84
  45128.526    43.181     2.61    3.59
  45504.682    41.662    -4.04    4.99
  45880.839    39.123    -6.75    6.16
  46256.998    36.744    -6.32    6.26
  46633.158    34.744    -5.32    6.43
  47009.320    33.650    -2.91    6.88
  47385.483    32.637    -2.69    6.19
  47761.648    31.765    -2.32    5.06
  48137.814    32.717     2.53    4.14
  48513.982    34.278     4.15    4.48
  48890.151    35.611     3.54    4.56
  49266.321    34.765    -2.25    5.00
  49642.493    34.204    -1.49    5.30
  50018.667    33.662    -1.44    4.89
  50394.842    32.825    -2.23    5.86
  50771.018    32.728    -0.26    6.34
  51147.196    34.231     3.99    6.73
  51523.376    34.181    -0.13    7.23
  51899.557    33.867    -0.83    7.41
  52275.739    33.176    -1.84    7.55
  52651.923    32.955    -0.59    6.44
  53028.109    32.662    -0.78    6.11
  53404.296    32.344    -0.85    5.26
  53780.484    33.226     2.35    5.39
  54156.674    34.571     3.57    5.94
  54532.866    36.987     6.42    5.37
  54909.059    37.702     1.90    5.29
  55285.254    36.996    -1.88    6.20
  55661.450    34.252    -7.29    6.09
  56037.647    32.312    -5.16    5.09
  56413.846    31.047    -3.36    5.06
  56790.047    31.258     0.56    4.62
  57166.249    31.879     1.65    4.58
  57542.453    31.717    -0.43    4.87
  57918.658    30.561    -3.07    6.05
  58294.865    26.970    -9.55    7.42
  58671.073    23.739    -8.59    8.01
  59047.283    21.455    -6.07    8.51
  59423.494    18.842    -6.95   11.09
  59799.707    16.316    -6.71   11.44
  60175.921    13.018    -8.77   10.65
  60552.137    11.919    -2.92   10.18
  60928.354    10.906    -2.69    8.49
  61304.573    15.439    12.05    9.16
  61680.794    16.637     3.18   10.19
  62057.016    18.525     5.02   11.24
  62433.239    18.690     0.44   11.43
  62809.465    17.650    -2.77   12.00
  63185.691    17.893     0.65   11.68
  63561.919    18.261     0.98   12.40
  63938.149    22.852    12.20   12.51
  64314.381    29.372    17.33    8.85
  64690.613    32.913     9.41    5.11
  65066.848    33.425     1.36    2.99
  65443.084    33.177    -0.66    3.18
  65819.321    32.875    -0.80    3.00
  66195.561    33.366     1.31    2.75
  66571.801    33.987     1.65    3.08
  66948.043    33.992     0.01    2.99
  67324.287    33.457    -1.42    3.09
  67700.533    33.676     0.58    2.96
  68076.780    33.123    -1.47    3.51
  68453.028    34.355     3.27    3.96
  68829.278    35.622     3.37    3.70
  69205.530    36.175     1.47    3.21
  69581.783    36.386     0.56    3.05
  69958.038    35.844    -1.44    3.52
  70334.294    34.825    -2.71    4.22
  70710.388    34.150    -1.80    4.65
  71086.327    33.781    -0.98    5.49
  71462.269    34.560     2.07    5.16
  71838.211    33.663    -2.39    5.61
  72214.156    33.950     0.76    4.93
  72590.102    34.406     1.21    3.88
  72966.049    34.307    -0.26    2.86
  73341.999    33.068    -3.30    3.48
  73717.949    33.355     0.76    3.76
  74093.902    33.571     0.57    4.10
  74469.856    34.372     2.13    4.48
  74845.811    36.432     5.48    4.18
  75221.769    36.594     0.43    3.52
  75597.727    36.765     0.45    3.64
  75973.688    35.714    -2.80    3.63
  76349.650    35.591    -0.33    3.00
  76725.613    35.771     0.48    2.93
  77101.578    36.041     0.72    3.13
  77477.545    35.771    -0.72    3.95
  77853.514    35.175    -1.59    4.05
  78229.484    34.690    -1.29    4.06
  78605.455    34.098    -1.57    3.44
  78981.428    34.047    -0.14    3.23
  79357.403    34.334     0.76    3.20
  79733.380    34.474     0.37    3.05
  80109.358    34.842     0.98    3.34
  80485.338    34.913     0.19    3.69
  80861.319    34.900    -0.03    3.72
  81237.302    35.571     1.78    4.43
  81613.287    36.844     3.39    4.45
  81989.273    36.886     0.11    3.89
  82365.261    36.688    -0.53    3.65
  82741.250    35.962    -1.93    5.31
  83117.241    36.312     0.93    6.35
  83493.234    35.960    -0.93    6.59
  83869.228    36.960     2.66    6.00
  84245.225    36.765    -0.52    6.41
  84621.222    37.339     1.53    5.74
  84997.222    37.560     0.59    4.84
  85373.222    37.278    -0.75    4.68
  85749.225    37.124    -0.41    4.61
  86125.229    37.744     1.65    4.69
  86501.235    38.867     2.99    3.95
  86877.243    38.860    -0.02    4.20
  87253.252    39.205     0.92    3.82
  87629.263    38.933    -0.72    3.55
  88005.275    39.038     0.28    2.75
  88381.290    38.258    -2.08    2.76
  88757.306    37.662    -1.58    2.56
  89133.323    37.650    -0.03    2.99
  89509.342    38.755     2.94    3.55
  89885.363    39.097     0.91    3.52
  90261.386    38.538    -1.49    4.19
  90637.410    36.867    -4.44    5.21
  91013.436    36.420    -1.19    4.83
  91389.463    36.637     0.58    4.97
  91765.492    38.807     5.77    3.91
  92141.523    40.303     3.98    2.66
  92517.556    41.095     2.11    3.31
  92893.590    42.355     3.35    2.89
  93269.626    41.919    -1.16    3.53
  93645.663    40.011    -5.07    5.01
  94021.703    38.798    -3.22    5.86
  94397.744    37.879    -2.44    5.18
  94773.786    37.420    -1.22    4.62
  95149.831    38.636     3.23    4.94
  95525.877    39.092     1.21    5.14
  95901.924    40.400     3.48    5.88
  96277.974    42.255     4.93    5.85
  96654.025    42.933     1.80    5.98
  97030.078    44.047     2.96    4.72
  97406.132    43.571    -1.27    4.21
  97782.188    42.702    -2.31    4.00
  98158.246    41.544    -3.08    3.18
  98534.306    40.919    -1.66    3.92
  98910.367    40.474    -1.18    4.42
  99286.430    40.992     1.38    4.40
  99662.495    42.550     4.14    4.99
 100038.561    44.121     4.18    4.08
 100414.630    44.501     1.01    3.31
 100790.699    44.528     0.07    2.81
 101166.771    44.528     0.00    2.38
 101542.844    44.366    -0.43    2.30
 101918.919    45.316     2.53    2.74
 102294.996    44.675    -1.71    3.15
 102671.075    45.150     1.26    3.46
 103047.155    44.366    -2.08    3.57
 103423.237    42.791    -4.19    3.98
 103799.320    40.518    -6.04    6.47
 104175.406    37.073    -9.16    6.86
 104551.493    34.906    -5.76    6.95
 104927.582    35.226     0.85    7.38
 105303.672    38.177     7.85    7.54
 105679.765    41.571     9.02    5.79
 106055.859    43.662     5.56    3.69
 106431.954    45.240     4.20    3.32
 106808.052    46.329     2.89    3.75
 107184.151    47.447     2.97    3.37
 107560.252    47.987     1.44    3.41
 107936.355    48.555     1.51    2.88
 108312.459    48.538    -0.04    2.84
 108688.566    48.097    -1.17    3.25
 109064.674    48.432     0.89    3.46
 109440.784    48.852     1.12    3.23
 109816.895    48.944     0.25    2.58
 110193.008    49.021     0.20    2.25
 110569.123    48.560    -1.23    2.42
 110945.240    48.663     0.27    2.49
 111321.359    48.842     0.48    2.33
 111697.479    48.798    -0.12    2.83
 112073.601    49.474     1.80    2.77
 112449.725    49.663     0.50    2.85
 112825.851    49.868     0.55    2.84
 113201.978    51.355     3.95    2.98
 113578.107    51.755     1.06    2.95
 113954.238    50.825    -2.47    4.12
 114330.371    50.420    -1.08    3.43
 114706.505    50.233    -0.50    3.17
 115082.642    50.834     1.60    3.07
 115458.780    51.406     1.52    2.39
 115834.920    51.041    -0.97    3.65
 116211.061    47.432    -9.60    8.73
 116587.205    39.432   -21.27   16.23
 116963.350    32.965   -17.19   17.84
 117339.497    29.231    -9.93   17.21
 117715.646    31.125     5.04   17.93
 118091.796    32.879     4.67   17.74
 118467.949    35.501     6.97   17.18
 118844.103    37.636     5.68   16.32
 119220.259    38.521     2.35   16.06
 119596.417    43.226    12.51   13.31
 119972.576    47.021    10.09    8.92
 120348.738    49.622     6.91    3.96
 120724.901    48.913    -1.89    4.63
 121101.066    48.122    -2.10    5.03
 121477.232    48.044    -0.21    5.26
 121853.401    48.996     2.53    4.53
 122229.571    49.717     1.92    2.89
 122605.744    49.939     0.59    2.81
 122981.918    49.913    -0.07    3.14
 123358.094    49.098    -2.17    4.05
 123734.271    48.366    -1.95    5.12
 124110.451    47.278    -2.89    5.65
 124486.632    46.611    -1.77    5.18
 124862.815    45.798    -2.16    4.87
 125239.000    46.717     2.44    3.64
 125615.187    47.366     1.72    3.79
 125991.376    47.662     0.79    3.70
 126367.566    47.893     0.61    3.50
 126743.758    46.978    -2.43    4.01
 127119.953    47.303     0.86    3.26
 127496.148    48.071     2.04    3.79
 127872.346    48.761     1.83    3.58
 128248.546    49.623     2.29    2.21
 128624.747    49.755     0.35    2.24
 129000.951    48.662    -2.90    2.61
 129377.156    47.702    -2.55    2.72
 129753.363    45.650    -5.46    5.05
 130129.572    41.339   -11.46    8.71
 130505.782    33.275   -21.44   15.58
 130881.995    21.739   -30.66   17.43
 131258.209     9.664   -32.10   12.46
 131634.426     3.474   -16.45    5.52
 132010.644     1.339    -5.68    3.81
 132386.864     0.150    -3.16    0.00
 132763.086     0.150     0.00    0.00
 133139.309     0.150     0.00    0.00
 133515.535     0.150     0.00    0.00
 133891.762     0.755     1.61    3.73
 134267.992     6.852    16.21   13.72
 134644.223    18.970    32.21   20.05
 135020.456    27.662    23.10   19.20
 135396.691    38.492    28.78   12.26
 135772.927    43.788    14.08    4.32
 136149.166    44.432     1.71    4.44
 136525.407    41.068    -8.94    9.52
 136901.649    36.483   -12.19   12.50
 137277.893    34.201    -6.07   12.92
 137654.140    33.350    -2.26   13.51
 138030.388    38.663    14.12   12.78
 138406.638    39.068     1.08   14.39
 138782.889    33.474   -14.87   19.30
 139159.143    30.285    -8.48   20.30
 139535.399    27.733    -6.78   20.11
 139911.656    26.589    -3.04   20.89
 140287.916    28.047     3.88   20.29
 140664.177    27.095    -2.53   20.56
 141040.440    32.123    13.36   20.72
 141416.705    39.860    20.56   17.97
 141792.972    47.457    20.19    9.50
 142169.241    48.420     2.56    7.96
 142545.512    48.406    -0.04    7.40
 142921.784    48.094    -0.83    8.60
 143298.059    47.355    -1.96    9.40
 143674.336    46.483    -2.32    9.57
 144050.614    47.525     2.77    8.37
 144426.894    47.555     0.08    8.23
 144803.177    47.177    -1.01    7.45
 145179.461    48.150     2.59    6.97
 145555.747    51.987    10.20    5.65
 145931.693    53.538     4.13    4.61
 146307.598    52.714    -2.19    4.55
 146683.505    53.201     1.30    3.95
 147059.414    53.202     0.00    4.01
 147435.325    52.807    -1.05    4.00
 147811.237    54.175     3.64    3.57
 148187.152    54.944     2.05    3.49
 148563.068    54.987     0.11    3.35
 148938.987    55.047     0.16    2.71
 149314.907    54.636    -1.09    2.76
 149690.829    54.739     0.27    3.18
 150066.753    54.816     0.20    3.22
 150442.679    55.681     2.30    3.15
 150818.607    55.662    -0.05    2.98
 151194.537    55.650    -0.03    3.25
 151570.469    55.555    -0.25    3.58
 151946.403    54.098    -3.87    5.08
 152322.339    53.288    -2.15    5.22
 152698.277    51.611    -4.46    6.20
 153074.217    51.996     1.02    6.22
 153450.158    51.852    -0.38    6.47
 153826.102    51.439    -1.10    6.77
 154202.047    50.201    -3.29    8.67
 154577.995    49.303    -2.39   10.24
 154953.944    48.231    -2.85   10.99
 155329.896    45.728    -6.66   12.85
 155705.849    39.474   -16.64   17.14
 156081.805    37.420    -5.46   17.44
 156457.762    38.663     3.31   18.82
 156833.721    42.493    10.19   18.65
 157209.683    50.355    20.91   12.42
 157585.646    54.150    10.09    7.67
 157961.611    56.094     5.17    5.13
 158337.578    57.150     2.81    2.54
 158713.547    56.816    -0.89    2.39
 159089.518    56.534    -0.75    3.32
 159465.492    54.097    -6.48    6.54
 159841.467    47.939   -16.38   12.98
 160217.444    32.014   -42.36   22.45
 160593.423    17.893   -37.56   19.31
 160969.404    16.881    -2.69   19.23
 161345.387    22.955    16.15   23.49
 161721.372    30.071    18.93   23.33
 162097.359    33.150     8.19   22.21
 162473.348    30.825    -6.18   20.73
 162849.339    30.420    -1.08   20.21
 163225.332    37.921    19.95   18.76
 163601.327    41.124     8.52   18.79
 163977.324    41.765     1.70   20.04
 164353.322    40.372    -3.71   19.68
 164729.323    40.585     0.57   18.61
 165105.326    45.733    13.69   12.52
 165481.331    47.386     4.40    8.32
 165857.338    47.044    -0.91    8.11
 166233.347    46.919    -0.33    7.80
 166609.358    48.231     3.49    7.33
 166985.371    50.097     4.96    6.87
 167361.386    50.893     2.12    6.64
 167737.403    51.122     0.61    6.45
 168113.422    53.176     5.46    4.35
 168489.443    54.825     4.39    3.58
 168865.467    55.312     1.29    4.34
 169241.492    55.690     1.01    4.26
 169617.519    55.816     0.34    3.73
 169993.548    56.406     1.57    2.84
 170369.579    56.150    -0.68    2.76
 170745.612    56.231     0.22    2.81
 171121.648    56.483     0.67    2.46
 171497.685    57.202     1.91    3.09
 171873.724    55.329    -4.98    8.22
 172249.765    46.380   -23.80   21.03
 172625.809    35.329   -29.39   24.78
 173001.854    24.483   -28.84   20.41
 173377.902    20.097   -11.66   15.14
 173753.951    25.509    14.39   15.08
 174130.003    33.316    20.76   17.48
 174506.056    38.303    13.26   19.22
 174882.112    39.771     3.90   20.83
 175258.170    38.014    -4.67   21.97
 175634.229    37.339    -1.80   20.73
 176010.291    33.705    -9.66   19.95
 176386.355    35.585     5.00   19.84
 176762.421    43.100    19.98   18.71
 177138.489    47.555    11.85   17.18
 177514.559    49.575     5.37   15.82
 177890.631    51.097     4.05   13.65
 178266.705    53.791     7.16   12.17
 178642.781    54.068     0.74   12.36
 179018.859    55.150     2.87   11.15
 179394.940    58.816     9.75    5.03
 179771.022    59.123     0.81    5.33
 180147.107    59.044    -0.21    5.67
 180523.193    58.407    -1.70    5.85
 180899.282    56.073    -6.21    9.33
 181275.372    55.252    -2.18   10.08
 181651.465    58.261     8.00    5.75
 182027.560    60.852     6.89    5.15
 182403.657    61.474     1.65    4.97
 182779.756    61.413    -0.16    5.00
 183155.857    62.325     2.42    6.37
 183531.960    63.582     3.34    5.76
 183908.066    64.303     1.92    5.19
 184284.173    63.650    -1.74    7.38
 184660.282    60.860    -7.42    9.19
 185036.394    50.987   -26.25   19.99
 185412.508    40.775   -27.15   21.95
 185788.623    34.939   -15.52   18.79
 186164.741    33.204    -4.61   15.95
 186540.861    45.014    31.40   13.51
 186916.983    51.607    17.53    9.49
 187293.107    55.098     9.28    8.15
 187669.234    49.278   -15.48   17.72
 188045.362    42.235   -18.72   20.57
 188421.493    37.150   -13.52   19.70
 188797.625    34.123    -8.05   17.43
 189173.760    33.258    -2.30   14.93
 189549.897    37.075    10.15   14.47
 189926.036    41.501    11.77   12.15
 190302.177    49.176    20.41   11.81
 190678.320    55.255    16.16   10.40
 191054.465    61.432    16.42    6.99
 191430.612    64.744     8.81    6.54
 191806.762    66.975     5.93    6.96
 192182.914    69.334     6.27    6.46
 192559.067    71.650     6.16    3.57
 192935.223    72.717     2.84    2.63
 193311.381    72.066    -1.73    5.23
 193687.542    69.380    -7.14    7.67
 194063.704    66.509    -7.63   10.85
 194439.868    63.121    -9.01   13.23
 194816.035    59.226   -10.35   13.52
 195192.204    58.717    -1.35   12.17
 195568.375    59.927     3.22   12.13
 195944.548    62.816     7.68    8.90
 196320.723    64.150     3.54    7.42
 196696.900    63.201    -2.52    7.61
 197073.080    62.492    -1.89    6.80
 197449.261    60.150    -6.23    8.67
 197825.445    56.609    -9.41   13.12
 198201.631    54.491    -5.63   14.21
 198577.819    54.303    -0.50   14.33
 198954.009    55.538     3.28   15.30
 199330.202    64.312    23.32    6.91
 199706.396    66.609     6.11    5.16
 200082.593    67.366     2.01    5.86
 200458.792    67.201    -0.44    7.73
 200834.993    66.121    -2.87    9.19
 201211.196    65.509    -1.63    8.73
 201587.401    65.334    -0.46    7.96
 201963.609    65.900     1.50    8.58
 202339.819    64.124    -4.72   13.09
 202716.030    62.987    -3.02   14.42
 203092.245    62.560    -1.14   13.80
 203468.461    65.255     7.16    9.36
 203844.679    66.406     3.06    8.20
 204220.900    57.555   -23.53   18.11
 204597.123    50.688   -18.25   20.41
 204973.348    46.650   -10.73   20.59
 205349.575    50.927    11.37   22.56
 205725.804    62.798    31.55   20.46
 206102.036    71.204    22.34   11.56
 206478.269    69.987    -3.23   10.02
 206854.505    62.285   -20.47   13.59
 207230.743    54.921   -19.57   13.85
 207606.984    53.075    -4.91   12.16
 207983.226    53.044    -0.08   12.85
 208359.471    51.420    -4.32   11.96
 208735.718    48.765    -7.06   10.36
 209111.967    45.150    -9.61   10.37
 209488.218    40.676   -11.89    9.69
 209864.472    32.702   -21.19   13.16
 210240.728    25.252   -19.80   14.92
 210616.986    19.285   -15.86   16.49
 210993.246    14.992   -11.41   15.39
 211369.508    15.825     2.21   15.67
 211745.773    15.035    -2.10   15.30
 212122.040    13.609    -3.79   15.40
 212498.309    11.906    -4.53   15.21
 212874.580    10.447    -3.88   16.69
 213250.853    12.420     5.24   20.71
 213627.129    19.650    19.21   25.77
 214003.407    31.600    31.76   26.40
 214379.687    42.807    29.79   24.61
 214755.970    56.852    37.33   19.06
 215132.254    65.996    24.30   16.36
 215508.541    69.597     9.57   16.29
 215884.830    71.714     5.63   16.93
 216261.121    78.555    18.18   17.55
 216637.415    80.970     6.42   17.93
 217013.711    83.038     5.50   15.94
 217390.009    83.097     0.16   16.45
 217766.309    79.073   -10.69   17.88
 218142.612    82.089     8.02   20.50
 218518.917    95.021    34.37   22.22
 218895.224   100.528    14.63   21.32
 219271.533   102.123     4.24   19.53
 219647.844    94.366   -20.61   21.35
 220024.158    83.538   -28.77   20.31
 220400.474    77.714   -15.48   15.67
 220776.673    75.735    -5.26   14.22
 221152.539    78.420     7.14   15.76
 221528.408    84.355    15.79   16.17
 221904.278    85.970     4.30   20.88
 222280.151    87.432     3.89   22.58
 222656.027    86.492    -2.50   24.44
 223031.904    81.021   -14.55   22.40
 223407.784    80.609    -1.10   16.69
 223783.666    79.068    -4.10   14.55
 224159.551    83.492    11.77   14.70
 224535.437    85.493     5.33   12.62
 224911.326    82.944    -6.78   13.96
 225287.217    82.123    -2.18   14.18
 225663.111    81.788    -0.89   14.91
 226039.006    84.636     7.58   15.50
 226414.904    84.733     0.26   14.76
 226790.805    85.965     3.28   16.07
 227166.707    88.585     6.97   18.72
 227542.612    88.285    -0.80   18.97
 227918.519    92.098    10.15   17.55
 228294.428    91.150    -2.52   16.70
 228670.340    91.329     0.48   17.03
 229046.254    91.609     0.74   17.69
 229422.170    94.816     8.53   18.93
 229798.089    97.609     7.43   19.34
 230174.010    93.393   -11.22   19.39
 230549.933    93.339    -0.14   16.93
 230925.858    94.816     3.93   19.10
 231301.786    98.432     9.62   20.52
 231677.716   101.098     7.09   19.28
 232053.649   101.788     1.84   20.64
 232429.583   106.202    11.74   19.83
 232805.520   106.177    -0.07   19.52
 233181.459   106.860     1.82   18.89
 233557.401   101.585   -14.03   13.55
 233933.345    98.447    -8.35   11.51
 234309.291   101.413     7.89   10.95
 234685.240   105.765    11.58   15.59
 235061.190   111.662    15.69   21.75
 235437.144   114.960     8.77   22.02
 235813.099   113.700    -3.35   20.97
 236189.057   105.095   -22.89   22.35
 236565.017    94.690   -27.68   18.53
 236940.980    87.231   -19.84   16.42
 237316.944    81.692   -14.73   15.34
 237692.911    81.714     0.06   15.89
 238068.881    80.432    -3.41   17.26
 238444.853    77.288    -8.36   17.45
 238820.827    74.662    -6.98   15.45
 239196.803    74.483    -0.48   12.52
 239572.782    78.623    11.01   12.40
 239948.763    81.406     7.40   15.98
 240324.747    86.041    12.33   19.59
 240700.732    89.571     9.39   20.20
 241076.720    87.560    -5.35   18.99
 241452.711    84.150    -9.07   18.30
 241828.704    81.285    -7.62   17.80
 242204.699    77.996    -8.75   14.90
 242580.697    76.714    -3.41   15.30
 242956.696    76.261    -1.20   16.87
 243332.699    72.663    -9.57   18.53
 243708.703    74.733     5.50   18.71
 244084.710    80.867    16.32   21.84
 244460.720    91.825    29.14   21.80
 244836.731    99.983    21.70   17.70
 245212.745    98.432    -4.13   20.07
 245588.762    90.927   -19.96   20.88
 245964.781    85.071   -15.58   19.68
 246340.802    81.457    -9.61   18.38
 246716.825    81.571     0.30   17.90
 247092.851    81.176    -1.05   18.70
 247468.879    81.544     0.98   18.48
 247844.910    85.675    10.98   18.16
 248220.943    87.960     6.08   16.27
 248596.978    87.425    -1.42   15.63
 248973.016    89.044     4.31   14.72
 249349.056    89.538     1.31   14.94
 249725.099    90.933     3.71   14.88
 250101.144    93.122     5.82   13.94
 250477.191    95.097     5.25   14.06
 250853.241    91.325   -10.03   15.94
 251229.293    86.879   -11.82   13.41
 251605.348    86.375    -1.34   15.01
 251981.404    85.571    -2.14   14.81
 252357.464    95.860    27.36   17.47
 252733.525   104.255    22.32   18.73
 253109.589   105.662     3.74   18.95
 253485.656   101.939    -9.90   20.87
 253861.725    96.906   -13.38   16.97
 254237.796    93.329    -9.51   16.52
 254613.870    85.566   -20.64   17.12
 254989.946    85.400    -0.44   15.79
 255366.024    80.996   -11.71   12.36
 255742.105    78.538    -6.53   13.07
 256118.189    75.690    -7.57   13.48
 256494.275    77.066     3.66   15.81
 256870.363    82.893    15.49   19.83
 257246.453    90.483    20.18   19.87
 257622.546    96.663    16.43   20.23
 257998.642   105.025    22.23   20.22
 258374.740   105.380     0.95   19.82
 258750.840   108.518     8.34   18.46
 259126.943   111.582     8.15   19.02
 259503.048   106.662   -13.08   16.88
 259879.155   111.842    13.77   17.77
 260255.265   112.788     2.52   18.16
 260631.378   111.560    -3.27   16.04
 261007.493   102.483   -24.13   20.74
 261383.610    93.150   -24.82   19.70
 261759.730    85.842   -19.43   18.83
 262135.852    77.677   -21.71   13.87
 262511.977    82.258    12.18   13.69
 262888.104    87.636    14.30   10.76
 263264.233    91.518    10.32   10.91
 263640.365    96.432    13.06   11.45
 264016.500   100.285    10.24   11.10
 264392.637   106.560    16.68   11.71
 264768.776   110.867    11.45   14.60
 265144.918   112.176     3.48   16.95
 265521.062   116.987    12.79   20.16
 265897.209   121.175    11.13   22.73
 266273.358   131.611    27.75   25.41
 266649.510   148.038    43.67   22.35
 267025.664   154.406    16.93   19.22
 267401.820   151.400    -7.99   20.48
 267777.979   144.439   -18.51   21.38
 268154.141   139.303   -13.65   17.55
 268530.305   139.400     0.26   13.37
 268906.471   139.150    -0.66   13.41
 269282.640   133.623   -14.69   15.51
 269658.812   127.555   -16.13   14.80
 270034.985   117.073   -27.87   17.08
 270411.162   110.094   -18.55   16.54
 270787.341   103.816   -16.69   13.42
 271163.522   100.970    -7.57   12.05
 271539.706   104.611     9.68   14.64
 271915.892   108.528    10.41   15.40
 272292.081   116.611    21.49   15.97
 272668.272   126.150    25.36   17.09
 273044.466   130.122    10.56   15.66
 273420.662   136.534    17.05   19.95
 273796.861   147.663    29.58   23.81
 274173.062   155.044    19.62   25.90
 274549.266   158.816    10.03   21.06
 274925.472   154.650   -11.08   20.03
 275301.681   143.202   -30.43   19.44
 275677.892   133.228   -26.51   14.54
 276054.106   127.663   -14.79   11.63
 276430.322   125.560    -5.59   11.42
 276806.541   126.150     1.57   11.19
 277182.762   125.483    -1.77   11.99
 277558.986   126.662     3.14   12.94
 277935.212   133.281    17.59   13.82
 278311.441   137.886    12.24   12.76
 278687.672   138.919     2.74   12.76
 279063.906   133.739   -13.77   13.44
 279440.143   130.705    -8.06   13.78
 279816.382   123.597   -18.89   10.98
 280192.623   121.204    -6.36   10.41
 280568.867   120.501    -1.87    9.87
 280945.114   120.457    -0.12    9.58
 281321.363   122.578     5.64    8.64
