-338128.058    34.738     0.00   10.92
-337752.314    35.509     2.05   11.12
-337376.574    39.301    10.09   10.08
-337000.837    42.740     9.15    8.35
-336624.741    44.098     3.61    6.55
-336248.300    44.163     0.17    5.51
-335871.863    44.917     2.00    4.52
-335495.429    45.468     1.46    3.08
-335118.999    46.206     1.96    2.35
-334742.573    45.721    -1.29    2.59
-334366.150    45.753     0.08    1.86
-333989.730    45.680    -0.19    1.56
-333613.314    45.601    -0.21    1.94
-333236.902    44.842    -2.02    2.87
-332860.493    44.834    -0.02    3.40
-332484.088    45.771     2.49    3.65
-332107.686    46.285     1.37    3.72
-331731.288    48.023     4.62    2.46
-331354.894    48.482     1.22    1.87
-330978.502    48.607     0.33    1.78
-330602.115    48.560    -0.12    1.79
-330225.731    48.740     0.48    2.42
-329849.350    49.468     1.94    2.72
-329472.973    49.706     0.63    2.52
-329096.600    49.969     0.70    2.47
-328720.230    49.023    -2.51    2.41
-328343.863    48.721    -0.80    2.30
-327967.500    48.753     0.08    2.29
-327591.141    48.765     0.03    2.33
-327214.785    48.812     0.12    2.22
-326838.433    48.663    -0.40    2.38
-326462.084    48.374    -0.77    2.44
-326085.739    47.972    -1.07    2.83
-325709.397    46.812    -3.08    3.35
-325333.058    45.551    -3.35    3.13
-324956.724    44.861    -1.84    2.82
-324580.392    44.579    -0.75    2.38
-324204.064    44.154    -1.13    2.32
-323827.740    44.073    -0.22    2.37
-323451.419    44.208     0.36    2.36
-323075.102    44.654     1.18    2.45
-322698.788    44.482    -0.46    2.40
-322322.478    44.969     1.29    2.41
-321946.171    44.611    -0.95    2.71
-321569.867    44.970     0.95    2.61
-321193.567    44.765    -0.54    2.70
-320817.271    45.457     1.84    3.03
-320440.978    46.150     1.84    3.20
-320064.689    46.455     0.81    2.60
-319688.403    46.278    -0.47    2.45
-319312.120    46.049    -0.61    2.12
-318935.841    45.551    -1.32    1.68
-318559.566    45.672     0.32    1.80
-318183.293    46.428     2.01    2.32
-317807.025    47.759     3.54    2.61
-317430.760    48.714     2.54    3.24
-317054.498    48.996     0.75    3.14
-316678.240    48.128    -2.31    4.41
-316301.985    48.022    -0.28    5.20
-315925.734    48.374     0.94    5.52
-315549.486    46.893    -3.94    6.28
-315173.242    45.996    -2.39    6.49
-314797.001    46.252     0.68    5.89
-314420.763    45.893    -0.95    5.57
-314044.529    46.919     2.73    3.91
-313668.299    47.645     1.93    4.33
-313292.072    48.688     2.77    4.19
-312915.848    49.312     1.66    3.29
-312539.628    49.385     0.19    2.43
-312163.411    48.861    -1.39    2.39
-311787.198    48.780    -0.22    2.62
-311410.988    48.996     0.57    3.02
-311034.781    48.970    -0.07    2.64
-310658.578    47.621    -3.59    4.09
-310282.379    44.124    -9.30    7.44
-309906.182    39.355   -12.68    9.51
-309529.990    35.374   -10.58    8.31
-309153.800    31.945    -9.12    4.89
-308777.615    31.591    -0.94    3.26
-308401.432    31.073    -1.38    3.76
-308025.253    29.073    -5.32    5.52
-307649.077    28.312    -2.02    5.49
-307272.905    27.733    -1.54    5.00
-306896.737    25.663    -5.50    6.74
-306520.571    23.765    -5.04    7.68
-306144.409    20.107    -9.73    9.06
-305768.251    18.158    -5.18    9.37
-305392.096    16.180    -5.26   10.15
-305015.944    12.536    -9.69    7.14
-304639.796    10.175    -6.28    4.41
-304263.651     9.152    -2.72    3.51
-303887.509    11.483     6.20    7.98
-303511.371    13.175     4.50    8.67
-303135.236    14.690     4.03    8.99
-302759.105    17.022     6.20    9.25
-302382.977    19.212     5.82    9.54
-302006.853    22.098     7.67    9.10
-301630.732    23.201     2.93    8.33
-301254.614    25.470     6.03    7.85
-300878.500    27.680     5.88    6.92
-300502.389    28.688     2.68    6.61
-300126.281    29.446     2.01    5.83
-299750.177    28.551    -2.38    5.76
-299374.076    28.312    -0.64    5.27
-298997.979    28.785     1.26    4.99
-298621.885    29.915     3.00    5.62
-298245.794    31.575     4.41    5.63
-297869.707    29.715    -4.95    6.75
-297493.623    27.893    -4.84    6.46
-297117.542    26.586    -3.48    5.80
-296741.465    27.163     1.53    5.81
-296365.391    27.534     0.99    5.35
-295989.321    28.482     2.52    5.18
-295613.254    28.970     1.30    4.83
-295237.190    30.075     2.94    4.50
-294861.130    29.391    -1.82    4.57
-294485.073    28.891    -1.33    4.52
-294109.019    28.381    -1.36    4.87
-293732.969    27.557    -2.19    4.89
-293356.922    26.266    -3.43    5.87
-292980.879    25.022    -3.31    6.78
-292604.838    24.391    -1.68    6.90
-292228.802    22.726    -4.43    6.46
-291852.768    21.212    -4.03    5.47
-291476.738    20.437    -2.06    4.88
-291100.711    19.304    -3.01    4.40
-290724.688    16.816    -6.61    5.00
-290348.667    14.413    -6.39    4.66
-289972.651    12.355    -5.47    4.27
-289596.637    10.834    -4.05    3.38
-289220.627    10.073    -2.02    3.13
-288844.620    10.364     0.78    4.21
-288468.617    10.611     0.66    5.17
-288092.617    12.591     5.26    8.66
-287716.620    15.227     7.01   10.07
-287340.626    16.801     4.19    9.21
-286964.636    17.158     0.95    7.20
-286588.649    17.320     0.43    5.36
-286212.666    19.233     5.09    6.61
-285836.686    22.753     9.36    7.45
-285460.709    25.266     6.69    5.67
-285084.735    23.878    -3.69    6.02
-284708.765    20.560    -8.83    6.76
-284332.798    16.816    -9.96    5.77
-283956.834    16.135    -1.81    5.98
-283580.874    18.765     7.00    7.87
-283204.917    23.374    12.26    7.66
-282828.963    27.534    11.07    4.83
-282453.013    29.312     4.73    2.99
-282077.065    29.996     1.82    2.19
-281701.122    30.185     0.50    2.25
-281325.181    29.150    -2.75    2.54
-280949.244    28.521    -1.67    2.73
-280573.310    27.246    -3.39    3.29
-280197.379    26.482    -2.03    2.63
-279821.452    26.212    -0.72    2.65
-279445.528    25.996    -0.58    2.45
-279069.607    25.726    -0.72    2.27
-278693.690    25.253    -1.26    1.96
-278317.775    24.671    -1.55    1.85
-277941.864    23.945    -1.93    1.73
-277565.957    23.888    -0.15    1.91
-277190.052    24.714     2.20    2.67
-276814.151    25.618     2.40    2.96
-276438.253    26.355     1.96    2.96
-276062.359    27.628     3.39    2.59
-275686.468    27.714     0.23    2.01
-275310.580    27.158    -1.48    2.06
-274934.695    26.586    -1.52    2.20
-274558.813    25.771    -2.17    2.40
-274182.935    25.190    -1.54    2.14
-273807.060    24.996    -0.52    1.91
-273431.188    24.861    -0.36    1.95
-273055.320    24.591    -0.72    1.92
-272679.455    24.861     0.72    2.04
-272303.593    24.801    -0.16    2.16
-271927.734    25.046     0.65    2.15
-271551.879    24.816    -0.61    2.56
-271176.026    23.807    -2.69    2.88
-270800.178    22.663    -3.04    3.64
-270424.332    21.180    -3.94    4.12
-270048.489    19.917    -3.36    4.13
-269672.650    20.733     2.17    6.55
-269296.814    21.124     1.04    7.37
-268920.981    21.158     0.09    8.15
-268545.152    22.391     3.28    8.62
-268169.326    22.221    -0.45    8.76
-267793.503    22.225     0.01    8.41
-267417.683    20.401    -4.85    7.68
-267041.866    17.293    -8.27    7.07
-266666.053    13.672    -9.64    6.03
-266290.243    10.834    -7.55    4.19
-265914.436     9.274    -4.15    1.19
-265538.632    10.571     3.45    5.07
-265162.832    14.996    11.78    8.96
-264787.035    18.942    10.50    9.42
-264411.241    23.304    11.61    8.72
-264035.450    26.785     9.27    6.83
-263659.662    29.285     6.65    6.38
-263283.878    30.206     2.45    5.17
-262908.097    30.970     2.03    3.58
-262532.319    30.834    -0.36    3.10
-262156.544    30.180    -1.74    3.27
-261780.772    30.646     1.24    3.26
-261404.437    33.425     7.38    6.06
-261028.028    36.455     8.05    7.83
-260651.623    40.266    10.12    8.01
-260275.221    43.239     7.90    6.84
-259898.821    46.266     8.04    4.61
-259522.426    46.690     1.13    3.82
-259146.033    47.146     1.21    3.22
-258769.643    47.457     0.83    3.42
-258393.257    47.942     1.29    3.76
-258016.874    49.022     2.87    3.93
-257640.494    48.628    -1.05    4.74
-257264.117    47.868    -2.02    5.44
-256887.744    47.391    -1.27    5.37
-256511.374    47.201    -0.50    4.89
-256135.007    47.834     1.68    4.01
-255758.643    49.075     3.30    2.76
-255382.282    49.150     0.20    2.94
-255005.924    49.774     1.66    2.75
-254629.570    50.663     2.36    2.91
-254253.219    51.320     1.75    2.32
-253876.871    51.266    -0.14    2.21
-253500.526    50.266    -2.66    2.59
-253124.184    49.274    -2.64    2.13
-252747.846    48.970    -0.81    2.06
-252371.510    49.371     1.06    2.25
-251995.178    49.680     0.82    1.95
-251618.849    49.346    -0.89    2.03
-251242.524    49.812     1.24    2.02
-250866.201    50.124     0.83    2.10
-250489.881    50.355     0.61    2.31
-250113.565    50.868     1.36    2.26
-249737.252    50.607    -0.69    2.38
-249360.942    50.680     0.19    2.45
-248984.635    50.842     0.43    2.37
-248608.331    50.690    -0.40    1.98
-248232.031    50.560    -0.35    2.27
-247855.733    51.522     2.56    2.74
-247479.439    52.374     2.26    2.87
-247103.148    52.320    -0.14    3.24
-246726.860    51.135    -3.15    3.36
-246350.575    50.252    -2.35    2.87
-245974.294    50.171    -0.22    2.47
-245598.015    50.077    -0.25    2.48
-245221.740    50.596     1.38    3.38
-244845.468    51.206     1.62    3.84
-244469.198    51.150    -0.15    3.94
-244092.932    51.522     0.99    3.54
-243716.670    50.740    -2.08    3.21
-243340.410    50.135    -1.61    3.35
-242964.153    49.154    -2.61    3.45
-242587.900    48.560    -1.58    3.04
-242211.649    48.024    -1.43    3.02
-241835.402    47.175    -2.25    3.32
-241459.158    46.329    -2.25    3.64
-241082.917    46.023    -0.81    3.32
-240706.679    45.618    -1.08    3.12
-240330.445    45.347    -0.72    3.27
-239954.213    44.509    -2.23    3.89
-239577.984    43.196    -3.49    4.20
-239201.759    42.834    -0.96    4.33
-238825.537    41.796    -2.76    4.25
-238449.317    43.601     4.80    4.54
-238073.101    44.864     3.36    4.12
-237696.888    43.293    -4.18    5.66
-237320.678    41.919    -3.65    6.14
-236944.472    39.417    -6.65    6.00
-236568.268    40.163     1.98    7.34
-236192.067    41.509     3.58    8.67
-235815.870    42.690     3.14    8.76
-235439.675    43.893     3.20    8.30
-235063.484    42.278    -4.29    7.91
-234687.296    39.551    -7.25    7.46
-234311.111    38.699    -2.27    7.20
-233934.929    39.915     3.23    8.25
-233558.750    41.483     4.17    8.63
-233182.574    43.124     4.36    7.84
-232806.401    44.618     3.97    6.10
-232430.231    44.621     0.01    5.65
-232054.065    44.047    -1.53    5.89
-231677.901    44.206     0.42    5.76
-231301.741    44.618     1.09    4.93
-230925.583    45.381     2.03    5.02
-230549.429    46.864     3.94    4.89
-230173.277    47.663     2.12    4.93
-229797.129    48.304     1.70    4.48
-229420.984    49.274     2.58    3.85
-229044.842    49.150    -0.33    3.20
-228668.703    49.816     1.77    2.47
-228292.567    49.482    -0.89    2.81
-227916.434    49.347    -0.36    2.67
-227540.304    49.104    -0.65    2.60
-227164.177    49.628     1.39    1.82
-226788.053    49.421    -0.55    2.14
-226411.933    49.239    -0.48    2.27
-226035.815    49.771     1.41    2.20
-225659.700    50.381     1.62    2.15
-225283.589    50.364    -0.04    2.27
-224907.480    49.104    -3.35    3.45
-224531.375    46.381    -7.24    5.68
-224155.272    44.688    -4.50    6.44
-223779.173    44.274    -1.10    6.40
-223403.076    44.919     1.72    7.07
-223026.983    48.246     8.85    5.53
-222650.893    49.522     3.39    3.37
-222274.805    49.945     1.12    1.54
-221898.721    49.996     0.14    1.58
-221522.640    49.807    -0.50    1.84
-221146.562    50.075     0.71    1.68
-220770.487    50.591     1.37    1.80
-220394.414    50.252    -0.90    1.70
-220018.345    50.107    -0.39    1.43
-219642.279    49.534    -1.52    1.70
-219266.216    48.611    -2.45    2.06
-218890.156    48.534    -0.20    2.14
-218514.099    48.239    -0.79    2.10
-218138.045    48.628     1.03    2.16
-217761.994    49.075     1.19    1.53
-217385.946    48.996    -0.21    1.43
-217009.901    48.970    -0.07    1.51
-216633.859    48.888    -0.22    1.63
-216257.819    48.812    -0.20    1.47
-215881.783    48.791    -0.06    1.63
-215505.750    49.183     1.04    1.75
-215129.720    49.654     1.25    1.74
-214753.693    50.022     0.98    1.55
-214377.669    50.293     0.72    1.33
-214001.648    50.201    -0.25    1.26
-213625.630    50.320     0.32    1.25
-213249.615    50.227    -0.25    1.29
-212873.603    50.175    -0.14    1.34
-212497.594    50.073    -0.27    1.29
-212121.588    49.699    -1.00    1.58
-211745.585    50.047     0.93    1.70
-211369.584    50.022    -0.07    2.11
-210993.587    50.329     0.82    2.47
-210617.593    50.374     0.12    2.15
-210241.602    49.726    -1.73    2.06
-209865.613    49.812     0.23    1.50
-209489.628    49.688    -0.33    1.49
-209113.646    49.840     0.40    1.19
-208737.666    49.891     0.14    1.35
-208361.690    50.252     0.96    1.43
-207985.717    50.509     0.68    1.59
-207609.746    50.022    -1.30    3.04
-207233.779    48.753    -3.38    4.17
-206857.814    47.893    -2.29    3.99
-206481.852    47.201    -1.84    4.50
-206105.894    47.022    -0.48    4.48
-205729.938    47.212     0.51    4.64
-205353.985    46.765    -1.19    4.63
-204978.036    45.075    -4.50    5.07
-204602.089    44.274    -2.13    5.26
-204226.145    44.077    -0.52    4.91
-203850.204    43.888    -0.50    5.57
-203474.266    44.942     2.80    5.16
-203098.331    45.868     2.46    4.42
-202722.399    45.746    -0.32    3.44
-202346.469    46.022     0.74    3.52
-201970.543    45.312    -1.89    3.93
-201594.620    44.801    -1.36    4.10
-201218.699    43.227    -4.19    4.90
-200842.782    42.077    -3.06    5.43
-200466.867    39.740    -6.22    8.10
-200090.956    38.893    -2.25    9.82
-199715.047    36.759    -5.68   11.14
-199339.141    35.549    -3.22   12.30
-198963.239    34.816    -1.95   12.54
-198587.339    33.688    -3.00   11.68
-198211.442    32.885    -2.14   12.26
-197835.548    31.131    -4.67   12.54
-197459.656    31.753     1.65   11.88
-197083.768    33.077     3.52   11.47
-196707.883    37.534    11.86   11.27
-196332.000    41.643    10.93    8.70
-195956.121    41.646     0.01    7.97
-195580.244    42.285     1.70    7.10
-195204.371    43.246     2.56    5.99
-194828.500    43.765     1.38    5.76
-194452.632    45.482     4.57    4.53
-194076.767    45.893     1.09    4.64
-193700.905    45.381    -1.36    4.91
-193325.045    46.945     4.16    3.91
-192949.189    47.706     2.03    3.92
-192573.336    49.534     4.86    2.69
-192197.485    51.406     4.98    4.00
-191821.637    52.968     4.16    3.20
-191445.793    53.401     1.15    3.12
-191069.951    53.374    -0.07    3.41
-190694.112    51.428    -5.18    3.93
-190318.276    48.996    -6.47    4.62
-189942.442    47.139    -4.94    4.72
-189566.612    45.596    -4.11    4.52
-189190.785    43.706    -5.03    7.84
-188814.960    40.834    -7.64   10.47
-188439.138    36.047   -12.74   13.48
-188063.319    32.917    -8.33   13.54
-187687.503    25.868   -18.76   12.95
-187311.690    23.812    -5.47    9.79
-186935.880    24.688     2.33   11.06
-186559.930    26.131     3.84   12.16
-186183.552    31.073    13.13   13.86
-185807.177    35.371    11.42   12.27
-185430.804    38.663     8.75    9.61
-185054.434    41.320     7.06    6.08
-184678.068    41.239    -0.22    3.80
-184301.704    39.699    -4.09    4.85
-183925.343    35.158   -12.06    8.89
-183548.984    27.739   -19.71   10.78
-183172.629    21.721   -15.99    9.24
-182796.277    18.233    -9.27    7.96
-182419.927    21.239     7.99   12.40
-182043.580    26.432    13.80   13.73
-181667.236    31.312    12.97   13.05
-181290.895    32.970     4.41   10.32
-180914.557    33.943     2.59    8.96
-180538.222    35.663     4.57    6.87
-180161.889    35.861     0.53    6.36
-179785.559    38.206     6.23    6.06
-179409.232    40.271     5.49    6.37
-179032.908    42.996     7.24    5.98
-178656.587    45.293     6.10    4.38
-178280.269    46.915     4.31    3.11
-177903.953    46.915     0.00    3.08
-177527.641    46.050    -2.30    3.18
-177151.331    44.801    -3.32    3.70
-176775.024    44.321    -1.28    4.18
-176398.719    44.457     0.36    4.47
-176022.418    45.023     1.50    3.56
-175646.119    45.868     2.25    3.11
-175269.824    46.549     1.81    2.87
-174893.531    45.688    -2.29    3.01
-174517.241    44.706    -2.61    3.02
-174140.953    44.124    -1.55    3.23
-173764.669    42.690    -3.81    3.83
-173388.387    43.233     1.44    4.50
-173012.108    44.047     2.16    4.11
-172635.832    44.440     1.04    2.60
-172259.559    42.765    -4.45    4.18
-171883.289    37.753   -13.32   10.24
-171507.021    30.158   -20.18   12.78
-171130.756    21.347   -23.42   12.59
-170754.494    15.801   -14.74    8.65
-170378.235    11.227   -12.16    4.37
-170001.978    10.746    -1.28    3.87
-169625.725    11.401     1.74    5.77
-169249.474    12.521     2.98    6.18
-168873.226    13.996     3.92    8.73
-168496.981    13.304    -1.84    8.92
-168120.738    13.522     0.58    9.10
-167744.498    13.509    -0.04   10.59
-167368.261    14.385     2.33   11.26
-166992.027    17.075     7.15   13.27
-166615.796    22.201    13.63   16.01
-166239.567    27.690    14.59   15.47
-165863.341    31.868    11.10   12.95
-165487.118    35.637    10.02    7.56
-165110.898    34.455    -3.14    6.69
-164734.681    35.266     2.16    6.73
-164358.466    35.107    -0.42    6.71
-163982.254    33.278    -4.86    6.66
-163606.045    34.069     2.10    7.20
-163229.838    33.834    -0.63    7.27
-162853.635    31.921    -5.08   12.06
-162477.434    30.022    -5.05   15.07
-162101.236    27.838    -5.81   16.67
-161725.040    25.104    -7.27   17.08
-161348.848    24.096    -2.68   17.96
-160972.658    25.482     3.69   17.86
-160596.471    23.266    -5.89   18.28
-160220.286    21.470    -4.78   17.54
-159844.105    15.440   -16.03   17.14
-159467.926     9.329   -16.25   14.01
-159091.750     3.252   -16.15    6.71
-158715.576     1.690    -4.15    2.30
-158339.406     1.915     0.60    2.11
-157963.238     2.023     0.29    2.62
-157587.073     2.417     1.05    2.31
-157210.910     2.621     0.54    2.40
-156834.750     2.293    -0.87    2.31
-156458.594     1.996    -0.79    2.08
-156082.439     1.285    -1.89    2.30
-155706.288     0.049    -3.29    2.75
-155330.139    -0.707    -2.01    2.38
-154953.993    -0.804    -0.26    2.40
-154577.850    -0.925    -0.32    3.02
-154201.709     0.496     3.78    3.49
-153825.571     0.628     0.35    3.50
-153449.436     0.524    -0.28    3.55
-153073.304     0.842     0.85    3.29
-152697.174     0.740    -0.27    3.57
-152321.047     1.539     2.13    3.74
-151944.922     2.834     3.44    4.56
-151568.801     1.672    -3.09    4.24
-151192.682    -0.464    -5.68    3.67
-150816.566    -2.654    -5.82    2.44
-150440.452    -1.274     3.67    6.76
-150064.342     4.838    16.25   15.65
-149688.233    14.391    25.40   20.70
-149312.128    24.611    27.18   21.82
-148936.025    35.104    27.90   15.83
-148559.925    40.271    13.74    8.55
-148183.828    41.891     4.31    4.29
-147807.734    39.135    -7.33    6.10
-147431.642    36.726    -6.41    7.34
-147055.552    35.455    -3.38    7.64
-146679.466    36.175     1.91    8.18
-146303.382    35.996    -0.48    8.77
-145927.301    34.849    -3.05    9.71
-145551.222    36.509     4.42    8.87
-145175.147    36.293    -0.57    8.12
-144799.074    36.915     1.65    7.33
-144423.003    38.175     3.35    3.80
-144046.935    36.672    -4.00    4.71
-143670.870    34.611    -5.48    5.88
-143294.808    33.611    -2.66    6.20
-142918.748    33.047    -1.50    6.91
-142542.691    31.320    -4.59    8.56
-142166.637    32.898     4.20    8.48
-141790.585    34.864     5.23    8.41
-141414.536    36.357     3.97    7.05
-141038.489    39.834     9.25    4.15
-140662.446    41.385     4.12    4.10
-140286.405    42.285     2.39    3.16
-139910.366    42.996     1.89    3.08
-139534.330    43.844     2.26    2.27
-139158.297    43.680    -0.44    2.73
-138782.267    42.917    -2.03    3.10
-138406.239    43.185     0.71    2.94
-138030.214    42.534    -1.73    3.60
-137654.191    40.417    -5.63    6.28
-137278.171    37.560    -7.60    7.70
-136902.154    35.611    -5.18    8.41
-136526.139    34.765    -2.25    8.21
-136150.127    36.158     3.70    7.83
-135774.118    36.621     1.23    7.15
-135398.111    35.457    -3.09    6.63
-135022.107    36.024     1.51    6.43
-134646.106    36.212     0.50    5.90
-134270.107    37.158     2.52    5.88
-133894.111    37.536     1.01    5.63
-133518.117    36.996    -1.44    5.10
-133142.126    36.614    -1.02    4.84
-132766.138    38.124     4.02    3.76
-132390.152    38.943     2.18    3.08
-132014.169    39.774     2.21    2.94
-131638.189    41.252     3.93    2.69
-131262.211    42.699     3.85    2.56
-130886.236    42.945     0.65    2.09
-130510.263    42.304    -1.71    2.70
-130134.293    41.124    -3.14    3.13
-129758.326    40.706    -1.11    2.92
-129382.361    40.175    -1.41    3.44
-129006.399    40.124    -0.14    3.97
-128630.439    40.857     1.95    4.35
-128254.482    41.726     2.31    4.59
-127878.528    43.699     5.25    2.90
-127502.576    43.726     0.07    3.10
-127126.627    42.206    -4.04    4.50
-126750.680    41.282    -2.46    4.61
-126374.736    40.296    -2.62    5.72
-125998.795    40.838     1.44    6.40
-125622.856    42.266     3.80    6.03
-125246.920    41.893    -0.99    7.33
-124870.986    39.443    -6.52    9.06
-124495.055    38.128    -3.50    8.55
-124119.127    36.338    -4.76    8.10
-123743.201    38.329     5.30    6.56
-123367.278    40.807     6.59    4.12
-122991.357    40.432    -1.00    4.64
-122615.439    37.821    -6.95    5.41
-122239.523    35.079    -7.29    5.20
-121863.610    31.455    -9.64    5.90
-121487.700    27.104   -11.58    8.26
-121111.792    22.618   -11.94   10.50
-120735.886    17.942   -12.44   12.15
-120359.984    15.551    -6.36   13.41
-119984.084    13.371    -5.80   12.69
-119608.186    10.549    -7.51   11.51
-119232.291     7.915    -7.01    9.37
-118856.398     7.611    -0.81    7.94
-118480.509     6.891    -1.92    7.72
-118104.621     5.049    -4.90    5.21
-117728.736     4.861    -0.50    4.80
-117352.854     5.483     1.66    5.04
-116976.974     4.672    -2.16    4.72
-116601.097     5.381     1.89    4.73
-116225.223     5.496     0.31    4.99
-115849.351     5.731     0.63    5.34
-115473.481     5.645    -0.23    5.39
-115097.614     5.645     0.00    5.37
-114721.750     5.699     0.14    5.33
-114345.888     5.915     0.58    5.05
-113970.028     6.774     2.29    5.28
-113594.171     7.071     0.79    5.21
-113218.317     7.945     2.32    5.34
-112842.465     8.591     1.72    5.71
-112466.616     9.278     1.83    5.38
-112090.769     8.891    -1.03    4.90
-111714.925     9.663     2.05    3.83
-111338.772    10.618     2.54    3.52
-110962.424    11.868     3.32    3.87
-110586.079    13.524     4.40    3.03
-110209.736    15.432     5.07    3.14
-109833.395    15.534     0.27    4.20
-109457.057    13.183    -6.25    7.88
-109080.722     8.942   -11.27    8.63
-108704.389     7.726    -3.23    8.26
-108328.058    10.338     6.94    8.68
-107951.730    14.726    11.66    6.12
-107575.405    16.579     4.93    4.63
-107199.082    15.733    -2.25    5.16
-106822.762    14.919    -2.16    6.25
-106446.444    15.285     0.97    5.73
-106070.128    15.575     0.77    5.45
-105693.815    16.740     3.09    4.54
-105317.505    18.098     3.61    2.85
-104941.197    18.320     0.59    3.04
-104564.892    16.611    -4.54    6.06
-104188.589    12.699   -10.40    9.09
-103812.288    10.893    -4.80    9.86
-103435.991    10.838    -0.15    9.62
-103059.695    14.465     9.64    8.69
-102683.402    17.842     8.98    4.42
-102307.112    17.312    -1.41    2.97
-101930.824    16.861    -1.20    3.10
-101554.538    17.050     0.50    2.76
-101178.256    16.357    -1.84    3.15
-100801.975    14.101    -6.00    4.18
-100425.697    11.893    -5.87    4.68
-100049.422     8.942    -7.84    3.89
 -99673.148     6.688    -5.99    2.77
 -99296.878     5.765    -2.45    2.48
 -98920.610     5.457    -0.82    2.71
 -98544.344     5.401    -0.15    2.93
 -98168.081     6.586     3.15    3.01
 -97791.820     7.428     2.24    3.30
 -97415.562     8.320     2.37    3.05
 -97039.306     8.726     1.08    2.38
 -96663.053    10.183     3.87    4.27
 -96286.802    11.663     3.93    5.83
 -95910.554    12.128     1.24    6.65
 -95534.308    11.079    -2.79    7.39
 -95158.065     9.128    -5.19    8.33
 -94781.824     7.913    -3.23    8.09
 -94405.585     6.654    -3.35    7.32
 -94029.349     7.765     2.95    7.34
 -93653.115    10.050     6.07    8.86
 -93276.884    16.496    17.13    9.75
 -92900.655    21.765    14.01    7.37
 -92524.429    24.047     6.07    4.65
 -92148.205    23.834    -0.57    3.74
 -91771.984    23.446    -1.03    4.04
 -91395.765    24.158     1.89    4.91
 -91019.548    26.536     6.32    5.03
 -90643.334    28.401     4.96    4.25
 -90267.123    29.301     2.39    3.96
 -89890.913    29.663     0.96    3.94
 -89514.707    30.560     2.39    3.14
 -89138.502    30.718     0.42    2.91
 -88762.300    31.180     1.23    2.55
 -88386.101    30.774    -1.08    2.54
 -88009.904    31.338     1.50    2.76
 -87633.709    31.150    -0.50    3.06
 -87257.517    32.050     2.39    3.00
 -86881.327    33.233     3.14    2.47
 -86505.139    33.338     0.28    2.51
 -86128.954    33.221    -0.31    2.47
 -85752.772    33.347     0.34    2.58
 -85376.592    33.457     0.29    2.75
 -85000.414    33.175    -0.75    2.97
 -84624.238    33.104    -0.19    3.00
 -84248.066    32.699    -1.08    2.76
 -83871.895    32.212    -1.29    2.56
 -83495.727    31.688    -1.39    2.26
 -83119.561    31.124    -1.50    2.40
 -82743.398    30.796    -0.87    1.94
 -82367.237    31.278     1.28    2.73
 -81991.078    31.672     1.05    2.82
 -81614.922    31.857     0.49    2.74
 -81238.768    31.945     0.23    2.64
 -80862.617    31.482    -1.23    2.65
 -80486.468    31.150    -0.88    2.43
 -80110.321    30.654    -1.32    2.50
 -79734.177    29.796    -2.28    2.29
 -79358.035    29.482    -0.83    2.06
 -78981.896    29.721     0.63    2.66
 -78605.759    29.483    -0.63    2.98
 -78229.624    29.718     0.62    3.70
 -77853.492    28.753    -2.57    4.68
 -77477.362    28.942     0.50    5.21
 -77101.234    29.206     0.70    4.80
 -76725.109    30.611     3.74    4.01
 -76348.986    32.050     3.83    3.46
 -75972.866    32.970     2.45    2.94
 -75596.748    33.101     0.35    2.64
 -75220.632    33.496     1.05    2.17
 -74844.518    32.868    -1.67    2.23
 -74468.407    32.714    -0.41    2.27
 -74092.299    32.443    -0.72    2.44
 -73716.193    31.645    -2.12    2.21
 -73340.089    31.381    -0.70    2.23
 -72963.987    30.726    -1.74    2.24
 -72587.888    30.646    -0.21    2.27
 -72211.791    30.871     0.60    2.69
 -71835.696    30.282    -1.57    3.15
 -71459.604    29.320    -2.56    3.90
 -71083.514    29.347     0.07    4.35
 -70707.427    28.888    -1.22    4.28
 -70331.342    28.680    -0.55    5.05
 -69955.259    27.496    -3.15    5.57
 -69579.178    27.071    -1.13    6.75
 -69203.100    28.098     2.73    8.52
 -68827.025    31.915    10.15    9.63
 -68450.951    37.073    13.72    6.93
 -68074.880    38.522     3.85    5.19
 -67698.811    40.259     4.62    3.69
 -67322.745    40.690     1.15    3.98
 -66946.681    40.252    -1.16    4.79
 -66570.619    37.801    -6.52    5.88
 -66194.559    36.688    -2.96    5.34
 -65818.502    36.663    -0.07    4.72
 -65442.447    37.396     1.95    3.15
 -65066.395    38.104     1.88    2.85
 -64690.344    37.726    -1.01    2.82
 -64314.297    37.259    -1.24    3.55
 -63938.251    36.917    -0.91    3.22
 -63562.208    37.246     0.87    3.10
 -63186.167    35.947    -3.45    4.46
 -62810.128    34.560    -3.69    4.32
 -62434.092    34.834     0.73    4.50
 -62058.058    35.470     1.69    4.80
 -61682.026    36.891     3.78    4.34
 -61305.996    38.663     4.71    3.25
 -60929.969    38.746     0.22    2.37
 -60553.944    38.919     0.46    2.46
 -60177.922    40.440     4.05    2.79
 -59801.902    41.175     1.95    2.69
 -59425.884    41.714     1.43    2.19
 -59049.868    41.902     0.50    1.89
 -58673.855    42.293     1.04    1.87
 -58297.843    42.834     1.44    1.83
 -57921.835    42.536    -0.79    2.28
 -57545.828    42.285    -0.67    2.36
 -57169.824    41.618    -1.78    2.29
 -56793.822    41.150    -1.24    2.19
 -56417.822    41.175     0.07    2.10
 -56041.825    41.206     0.08    2.27
 -55665.830    41.672     1.24    2.43
 -55289.837    42.304     1.68    2.56
 -54913.846    43.175     2.32    2.35
 -54537.858    43.077    -0.26    2.10
 -54161.872    42.534    -1.44    1.96
 -53785.888    42.320    -0.57    2.14
 -53409.906    42.470     0.40    2.08
 -53033.927    41.509    -2.56    3.43
 -52657.950    40.871    -1.70    3.65
 -52281.975    41.150     0.74    3.65
 -51906.003    41.073    -0.20    3.68
 -51530.033    41.807     1.95    3.01
 -51154.065    42.457     1.73    1.77
 -50778.099    41.834    -1.66    2.18
 -50402.135    42.022     0.50    2.08
 -50026.174    41.893    -0.34    2.36
 -49650.215    41.680    -0.57    2.19
 -49274.259    41.338    -0.91    2.10
 -48898.304    41.124    -0.57    2.00
 -48522.352    40.791    -0.89    1.92
 -48146.402    40.861     0.19    1.86
 -47770.454    41.075     0.57    2.02
 -47394.508    41.509     1.16    1.98
 -47018.565    41.726     0.58    2.01
 -46642.624    42.364     1.70    2.10
 -46266.685    43.027     1.76    2.72
 -45890.749    43.175     0.39    2.69
 -45514.814    43.586     1.09    2.74
 -45138.882    43.579    -0.02    3.03
 -44762.952    43.432    -0.39    2.73
 -44387.025    43.482     0.13    2.80
 -44011.099    43.022    -1.23    3.15
 -43635.176    43.022     0.00    3.08
 -43259.255    43.443     1.12    2.56
 -42883.336    43.618     0.46    2.30
 -42507.419    44.073     1.21    2.08
 -42131.505    43.970    -0.27    2.16
 -41755.593    43.969    -0.00    1.95
 -41379.683    43.942    -0.07    1.87
 -41003.775    43.050    -2.37    1.51
 -40627.869    42.753    -0.79    1.44
 -40251.966    42.374    -1.01    1.89
 -39876.065    42.143    -0.62    2.18
 -39500.166    41.688    -1.21    2.21
 -39124.269    41.483    -0.55    2.23
 -38748.375    41.413    -0.19    2.09
 -38372.482    41.970     1.48    1.81
 -37996.592    41.672    -0.79    1.81
 -37620.704    41.259    -1.10    1.52
 -37244.818    41.575     0.84    1.73
 -36868.935    41.381    -0.52    1.90
 -36493.053    41.618     0.63    1.91
 -36116.747    42.075     1.22    2.14
 -35740.429    41.896    -0.48    2.41
 -35364.114    41.801    -0.25    1.97
 -34987.801    41.320    -1.28    2.26
 -34611.490    40.834    -1.29    2.39
 -34235.181    40.266    -1.51    2.84
 -33858.875    38.699    -4.17    4.01
 -33482.570    37.829    -2.31    4.15
 -33106.268    36.196    -4.34    4.64
 -32729.968    35.304    -2.37    4.90
 -32353.670    34.266    -2.76    5.20
 -31977.375    32.970    -3.44    5.79
 -31601.081    30.374    -6.90    6.43
 -31224.790    28.417    -5.20    5.74
 -30848.501    28.457     0.11    5.73
 -30472.214    31.073     6.95    6.51
 -30095.929    35.024    10.50    5.95
 -29719.646    37.759     7.27    4.74
 -29343.366    39.227     3.90    4.08
 -28967.087    40.699     3.91    3.64
 -28590.811    41.304     1.61    3.26
 -28214.537    42.293     2.63    2.54
 -27838.265    42.780     1.29    1.84
 -27461.996    42.780     0.00    1.57
 -27085.728    42.718    -0.16    1.67
 -26709.463    42.663    -0.15    1.69
 -26333.199    42.896     0.62    1.77
 -25956.938    43.023     0.34    1.89
 -25580.679    43.496     1.26    1.85
 -25204.422    43.364    -0.35    1.84
 -24828.168    43.765     1.07    1.75
 -24451.915    43.699    -0.18    2.03
 -24075.664    42.996    -1.87    2.77
 -23699.416    42.718    -0.74    3.57
 -23323.170    41.699    -2.71    4.18
 -22946.926    41.864     0.44    4.13
 -22570.684    43.025     3.08    4.17
 -22194.444    44.381     3.60    4.08
 -21818.207    45.304     2.45    2.95
 -21441.971    45.455     0.40    2.43
 -21065.738    45.699     0.65    2.46
 -20689.506    46.050     0.93    2.62
 -20313.277    46.740     1.83    2.79
 -19937.050    46.746     0.02    2.83
 -19560.825    46.455    -0.77    2.82
 -19184.602    46.124    -0.88    3.24
 -18808.382    45.522    -1.60    3.71
 -18432.163    43.654    -4.97    4.51
 -18055.946    43.050    -1.61    4.62
 -17679.732    42.175    -2.32    4.39
 -17303.520    42.522     0.92    4.30
 -16927.309    43.801     3.40    3.82
 -16551.101    44.733     2.48    3.63
 -16174.895    45.774     2.77    3.42
 -15798.691    45.868     0.25    4.11
 -15422.490    45.586    -0.75    4.23
 -15046.290    44.196    -3.69    4.75
 -14670.092    44.212     0.04    4.52
 -14293.897    45.347     3.02    3.34
 -13917.703    45.347     0.00    2.75
 -13541.512    44.246    -2.93    3.56
 -13165.323    42.482    -4.69    4.54
 -12789.136    40.996    -3.95    5.17
 -12412.951    39.816    -3.14    5.97
 -12036.768    38.432    -3.68    6.37
 -11660.587    38.428    -0.01    6.48
 -11284.408    36.868    -4.15    7.56
 -10908.231    35.312    -4.14    7.57
 -10532.056    34.663    -1.73    7.83
 -10155.884    33.428    -3.28    7.82
  -9779.713    33.563     0.36    8.17
  -9403.545    33.259    -0.81    9.56
  -9027.378    30.252    -7.99   11.13
  -8651.214    28.121    -5.67   12.21
  -8275.051    25.259    -7.61   11.71
  -7898.891    23.780    -3.93   12.32
  -7522.733    23.023    -2.01   13.35
  -7146.577    22.816    -0.55   13.93
  -6770.423    20.401    -6.42   13.52
  -6394.271    17.945    -6.53   12.09
  -6018.121    16.714    -3.27   10.65
  -5641.973    17.047     0.89   10.75
  -5265.827    18.131     2.88   12.22
  -4889.683    18.047    -0.22   12.74
  -4513.541    16.180    -4.96   12.93
  -4137.402    14.746    -3.81   11.57
  -3761.264    13.645    -2.93    9.74
  -3385.128    14.051     1.08    6.63
  -3008.995    17.023     7.90    5.97
  -2632.863    19.945     7.77    3.07
  -2256.734    20.590     1.71    2.79
  -1880.606    19.893    -1.85    3.28
  -1504.481    18.443    -3.86    5.34
  -1128.357    12.940   -14.63   10.18
   -752.236     6.201   -17.92   10.51
   -376.117     1.293   -13.05    7.19
      0.001     2.124     2.21    6.37
    376.116     6.943    12.81    7.81
    752.229     9.996     8.12    6.28
   1128.341    11.996     5.32    3.91
   1504.450    11.842    -0.41    3.78
   1880.557    13.483     4.36    4.88
   2256.662    15.663     5.79    4.23
   2632.766    16.347     1.82    4.04
   3008.867    17.401     2.80    3.20
   3384.966    15.023    -6.32    6.57
   3761.063    11.645    -8.98    9.01
   4137.158     8.539    -8.26   10.25
   4513.251     3.171   -14.27    8.99
   4889.343    -0.557    -9.91    4.67
   5265.432    -2.004    -3.85    0.00
   5641.519    -2.004     0.00    0.00
   6017.604    -2.004     0.00    0.00
   6393.687    -2.004     0.00    0.00
   6769.768    -2.004     0.00    0.00
   7145.848    -2.004     0.00    0.00
   7521.925    -1.085     2.44    3.22
   7898.000     0.970     5.46    5.74
   8274.073     4.646     9.78    8.82
   8650.144    10.596    15.82   10.57
   9026.214    14.861    11.34    9.55
   9402.281    19.536    12.43    5.56
   9778.346    21.699     5.75    2.32
  10154.410    21.915     0.57    1.99
  10530.471    22.218     0.81    2.74
  10906.530    23.196     2.60    1.96
  11282.588    24.075     2.34    2.27
  11658.643    24.536     1.23    2.80
  12034.696    25.278     1.97    2.95
  12410.748    25.233    -0.12    3.27
  12786.797    26.022     2.10    3.77
  13162.845    27.834     4.82    4.85
  13538.890    31.483     9.70    6.17
  13914.934    35.274    10.08    5.37
  14290.976    38.206     7.80    4.22
  14667.015    40.046     4.89    3.05
  15043.053    40.878     2.21    3.40
  15419.089    41.381     1.34    3.79
  15795.123    40.888    -1.31    4.51
  16171.155    40.482    -1.08    4.49
  16547.184    39.888    -1.58    4.18
  16923.212    40.079     0.51    4.20
  17299.238    40.201     0.32    5.24
  17675.262    37.432    -7.36    8.72
  18051.285    31.374   -16.11   12.05
  18427.305    25.047   -16.83   11.05
  18803.323    20.278   -12.68    7.43
  19179.339    18.150    -5.66    4.67
  19555.354    17.320    -2.21    3.55
  19931.366    17.175    -0.39    3.23
  20307.377    17.266     0.24    2.79
  20683.385    16.158    -2.95    3.96
  21059.392    14.154    -5.33    5.80
  21435.397    11.465    -7.15    5.60
  21811.399    11.124    -0.91    5.07
  22187.400    12.391     3.37    5.64
  22563.399    14.374     5.28    3.80
  22939.396    14.888     1.37    2.87
  23315.391    15.329     1.17    2.53
  23691.384    15.075    -0.68    2.54
  24067.376    15.355     0.74    2.51
  24443.365    15.482     0.34    2.74
  24819.353    15.124    -0.95    3.01
  25195.338    15.432     0.82    3.06
  25571.322    15.073    -0.95    3.22
  25947.303    15.563     1.30    3.94
  26323.283    16.432     2.31    3.95
  26699.261    17.942     4.02    3.58
  27075.237    19.239     3.45    1.99
  27451.211    19.131    -0.29    2.18
  27827.183    18.878    -0.67    2.73
  28203.154    19.278     1.06    2.99
  28579.122    19.304     0.07    2.90
  28955.089    19.246    -0.15    2.89
  29331.053    18.549    -1.85    4.12
  29707.016    19.357     2.15    3.98
  30082.977    19.759     1.07    3.96
  30458.936    19.714    -0.12    3.52
  30834.893    19.563    -0.40    3.57
  31210.848    18.996    -1.51    3.42
  31586.801    18.560    -1.16    4.01
  31962.753    18.457    -0.27    4.13
  32338.702    17.672    -2.09    3.85
  32714.650    17.252    -1.12    4.18
  33090.596    16.443    -2.15    4.35
  33466.540    15.645    -2.12    4.62
  33842.482    14.131    -4.03    4.33
  34218.422    13.163    -2.58    2.86
  34594.360    14.304     3.04    3.28
  34970.297    14.791     1.30    2.97
  35346.231    15.274     1.28    3.04
  35722.164    14.970    -0.81    3.02
  36098.095    15.718     1.99    3.76
  36474.024    16.706     2.63    3.73
  36849.951    17.611     2.41    3.93
  37225.876    18.338     1.93    4.05
  37601.800    18.996     1.75    3.56
  37977.721    17.812    -3.15    4.72
  38353.641    16.546    -3.37    4.97
  38729.681    15.266    -3.40    5.94
  39105.972    13.296    -5.24    5.73
  39482.261    10.714    -6.86    6.30
  39858.548     8.524    -5.82    6.16
  40234.833     5.158    -8.94    4.46
  40611.116     3.746    -3.75    3.64
  40987.398     3.785     0.10    3.07
  41363.677     3.571    -0.57    3.37
  41739.955     3.190    -1.01    3.00
  42116.231     3.596     1.08    2.39
  42492.505     3.347    -0.66    2.21
  42868.777     3.807     1.22    2.18
  43245.048     4.812     2.67    3.70
  43621.316     5.227     1.10    4.68
  43997.583     5.075    -0.40    5.14
  44373.848     7.218     5.70    7.16
  44750.111     8.945     4.59    7.11
  45126.372    10.913     5.23    6.72
  45502.632    11.346     1.15    6.81
  45878.890    11.022    -0.86    6.84
  46255.145     8.107    -7.75    7.39
  46631.399     8.347     0.64    7.16
  47007.652     6.834    -4.02    7.19
  47383.902     4.338    -6.63    7.42
  47760.150     2.098    -5.95    6.67
  48136.397    -0.491    -6.88    4.63
  48512.642    -1.604    -2.96    2.60
  48888.885    -0.389     3.23    4.15
  49265.127    -0.241     0.39    4.83
  49641.366    -0.301    -0.16    4.18
  50017.604    -0.286     0.04    3.75
  50393.840     1.816     5.59    6.61
  50770.074     3.468     4.39    7.50
  51146.306     2.765    -1.87    8.00
  51522.537     4.413     4.38    9.47
  51898.765     4.842     1.14   10.53
  52274.992     8.688    10.22   10.83
  52651.218    13.849    13.72    9.28
  53027.441    17.753    10.38    5.76
  53403.662    18.915     3.09    5.81
  53779.882    20.185     3.38    5.46
  54156.100    21.180     2.64    5.60
  54532.317    22.885     4.53    5.01
  54908.531    24.483     4.25    3.29
  55284.744    25.150     1.77    3.40
  55660.955    25.522     0.99    3.67
  56037.164    26.428     2.41    3.76
  56413.371    26.996     1.51    3.86
  56789.577    27.124     0.34    3.84
  57165.780    28.079     2.54    3.25
  57541.982    27.073    -2.68    4.05
  57918.183    26.357    -1.90    3.55
  58294.381    26.154    -0.54    3.65
  58670.578    26.483     0.88    3.36
  59046.773    26.402    -0.22    3.37
  59422.966    27.417     2.70    3.25
  59799.158    28.158     1.97    3.08
  60175.347    28.563     1.08    2.85
  60551.535    29.432     2.31    2.45
  60927.722    29.753     0.85    2.65
  61303.906    29.740    -0.04    2.22
  61680.089    29.970     0.61    2.36
  62056.270    30.131     0.43    2.16
  62432.449    30.812     1.81    2.24
  62808.626    31.098     0.76    2.40
  63184.802    31.381     0.75    2.74
  63560.976    31.401     0.06    2.85
  63937.148    30.628    -2.06    3.36
  64313.319    30.293    -0.89    3.64
  64689.488    30.185    -0.29    3.77
  65065.655    31.077     2.37    3.74
  65441.820    31.527     1.20    3.40
  65817.984    31.637     0.29    2.73
  66194.145    31.073    -1.50    3.34
  66570.306    30.690    -1.02    3.93
  66946.464    31.406     1.90    4.12
  67322.621    32.996     4.23    4.23
  67698.776    33.457     1.23    3.43
  68074.929    34.075     1.64    3.30
  68451.080    33.185    -2.37    3.58
  68827.230    32.239    -2.51    2.87
  69203.378    30.996    -3.31    2.45
  69579.525    30.630    -0.97    2.24
  69955.669    30.746     0.31    2.63
  70331.812    31.022     0.73    2.54
  70707.953    32.312     3.43    2.44
  71084.093    32.401     0.24    2.94
  71460.231    31.861    -1.44    2.99
  71836.367    31.196    -1.77    2.64
  72212.501    30.791    -1.08    1.72
  72588.634    30.996     0.55    1.91
  72964.765    31.301     0.81    1.85
  73340.894    31.406     0.28    1.68
  73717.022    31.579     0.46    1.56
  74093.148    31.785     0.55    1.45
  74469.272    31.534    -0.67    1.64
  74845.395    31.075    -1.22    2.01
  75221.516    30.753    -0.86    2.03
  75597.635    30.864     0.30    2.32
  75973.752    31.071     0.55    2.34
  76349.868    31.591     1.38    2.30
  76725.982    31.628     0.10    2.22
  77102.095    30.347    -3.40    2.70
  77478.206    29.563    -2.08    2.58
  77854.315    29.482    -0.22    2.40
  78230.422    29.282    -0.53    2.14
  78606.528    29.098    -0.49    2.15
  78982.632    28.046    -2.80    1.77
  79358.735    27.690    -0.95    1.97
  79734.835    27.671    -0.05    2.10
  80110.934    28.128     1.21    2.35
  80487.032    28.791     1.76    2.48
  80863.128    30.073     3.41    2.63
  81239.222    30.996     2.45    2.25
  81615.314    31.829     2.22    1.96
  81991.405    33.364     4.08    2.31
  82367.494    33.611     0.66    2.61
  82743.582    30.913    -7.18    5.63
  83119.668    29.611    -3.46    6.91
  83495.752    27.996    -4.30    7.08
  83871.834    27.185    -2.16    7.54
  84247.915    24.807    -6.32    8.08
  84623.994    24.509    -0.79    7.65
  85000.072    25.124     1.63    6.89
  85376.148    28.146     8.03    5.93
  85752.222    31.212     8.15    2.60
  86128.295    31.621     1.09    2.33
  86504.366    31.654     0.09    2.03
  86880.435    32.259     1.61    1.78
  87256.503    32.293     0.09    1.65
  87632.569    32.321     0.07    1.69
  88008.634    32.128    -0.51    1.70
  88384.697    31.774    -0.94    1.79
  88760.758    31.970     0.52    1.98
  89136.818    31.746    -0.59    2.29
  89512.876    31.483    -0.70    2.28
  89888.932    31.150    -0.89    2.37
  90264.987    30.767    -1.02    2.58
  90641.040    30.618    -0.40    2.48
  91017.092    29.672    -2.52    4.19
  91393.142    26.915    -7.33    6.41
  91769.190    19.996   -18.40   11.89
  92145.237    12.591   -19.69   12.81
  92521.282     6.575   -16.00    9.42
  92897.325     4.549    -5.39    6.25
  93273.367    11.864    19.45   11.30
  93649.407    20.699    23.49   11.25
  94025.446    26.971    16.68    7.84
  94401.483    29.943     7.90    4.32
  94777.519    31.135     3.17    3.49
  95153.552    32.077     2.51    3.57
  95529.585    33.110     2.75    2.60
  95905.615    33.945     2.22    2.38
  96281.645    34.432     1.30    2.02
  96657.672    34.761     0.87    1.83
  97033.698    35.131     0.99    1.53
  97409.722    35.618     1.29    1.80
  97785.745    35.807     0.50    2.11
  98161.766    34.124    -4.47    4.00
  98537.786    33.455    -1.78    4.49
  98913.804    32.740    -1.90    5.35
  99289.820    30.628    -5.62    7.16
  99665.835    27.098    -9.39    8.67
 100041.848    26.050    -2.79    9.44
 100417.860    27.679     4.33    9.92
 100793.870    31.124     9.16    9.40
 101169.879    36.246    13.62    2.83
 101545.886    36.347     0.27    2.26
 101921.891    36.374     0.07    2.13
 102297.895    35.807    -1.51    2.60
 102673.897    35.586    -0.59    2.37
 103049.898    34.967    -1.65    2.76
 103425.897    34.201    -2.04    3.21
 103801.895    31.443    -7.33    6.83
 104177.891    27.635   -10.13    9.59
 104553.885    22.611   -13.36    9.95
 104929.878    19.455    -8.39    9.44
 105305.870    17.534    -5.11    8.18
 105681.860    15.759    -4.72    6.88
 106057.848    13.919    -4.89    7.12
 106433.835    13.185    -1.95    7.49
 106809.820    14.022     2.22    8.23
 107185.803    13.227    -2.11    7.47
 107561.786    13.024    -0.54    6.59
 107937.766    13.428     1.08    7.43
 108313.745    13.455     0.07    7.18
 108689.723    12.293    -3.09    5.67
 109065.699    13.601     3.48    5.87
 109441.673    15.329     4.60    6.70
 109817.646    17.021     4.50    6.56
 110193.617    17.417     1.05    7.84
 110569.587    17.374    -0.11    7.67
 110945.556    16.381    -2.64    7.08
 111321.522    17.206     2.20    8.42
 111697.488    17.417     0.56    7.35
 112073.452    20.212     7.43    8.83
 112449.414    22.304     5.56    9.44
 112825.374    22.468     0.44    9.34
 113201.334    20.663    -4.80   10.82
 113577.291    18.596    -5.50    9.57
 113953.455    16.761    -4.88    8.22
 114329.716    19.428     7.09    9.28
 114705.975    23.618    11.13    8.95
 115082.232    26.266     7.04    7.91
 115458.488    29.099     7.53    7.81
