# NaN NaN NaN ;Mean Elev.(m), Avg Gradient(m/km), RMS Gradient(m/km) - SRTM1     
#   -0.984  -0.398   1.886 ;Mean Elev.(m), Avg Gradient(m/km), RMS Gradient(m/km) - ASTER GDEM
#    1.089  -0.278   1.024 ;Mean Elev.(m), Avg Gradient(m/km), RMS Gradient(m/km) - GMTED2010 
  7 305.970182  -2.074250     6.080     6.647 31 52452.06767512 25.171
  9 305.975033  -2.066515     5.783     5.865 30 52522.06762809 19.831
 11 305.972215  -2.071617     3.219     3.369 30 52592.06767266 28.000
 12 305.982824  -2.055248     3.652     3.767 30 52627.06759153 34.441
 13 305.974804  -2.067114     4.641     4.768 30 52662.06763688 23.529
 14 305.978370  -2.062518     5.338     5.356 29 52697.06761516 21.468
 15 305.981287  -2.058427     5.621     5.834 29 52732.06763956 24.324
 16 305.971876  -2.071405     6.773     6.781 31 52767.06764630 26.121
 17 305.976839  -2.065682     6.280     6.565 30 52802.06765520 26.001
 18 305.977609  -2.062627     6.488     6.487 30 52837.06772123 25.322
 19 305.977718  -2.063830     6.071     6.025 30 52872.06776128 25.025
 20 305.977807  -2.064330     5.157     5.215 30 52907.06775219 26.653
 21 305.979510  -2.058927     3.658     3.825 30 52942.06768231 36.514
 23 305.973141  -2.069824     3.745     3.764 30 53012.06773485 29.905
 24 305.975038  -2.067560     5.224     5.328 31 53047.06770233 28.178
 25 305.971382  -2.075554     5.515     5.744 31 53082.06773528 20.409
 26 305.972579  -2.071624     6.605     6.600 31 53117.06770645 24.575
 27 305.972026  -2.073735     6.746     6.926 31 53152.06775534 36.103
 28 305.981408  -2.056635     6.031     6.276 30 53187.06774517 28.639
 29 305.976864  -2.065024     5.911     5.896 30 53222.06776683 31.935
 30 305.972601  -2.072939     5.226     5.259 31 53257.06774149 22.993
 31 305.970323  -2.075515     4.461     4.464 31 53292.06775783 30.780
 32 305.978172  -2.063872     3.590     3.621 30 53327.06773393 27.872
 33 305.979038  -2.062243     4.335     4.290 30 53362.06769013 35.216
 34 305.975052  -2.067495     4.501     4.444 30 53397.06771021 27.097
 35 305.977929  -2.063744     5.617     5.579 30 53432.06770235 38.280
 36 305.975608  -2.065493     6.181     6.419 30 53467.06773635 24.987
 37 305.971195  -2.072829     7.166     7.229 31 53502.06778892 25.787
 38 305.975732  -2.066052     6.457     6.647 30 53537.06778254 33.260
 39 305.971874  -2.071407     6.251     6.167 31 53572.06778624 25.463
 40 305.975309  -2.066442     5.020     4.950 30 53607.06773564 26.319
 41 305.974541  -2.068714     3.529     3.373 30 53642.06773592 26.142
 42 305.972101  -2.073029     2.863     2.818 31 53677.06775402 23.549
 43 305.978477  -2.061730     3.583     3.563 30 53712.06768508 28.175
 44 305.979268  -2.062852     4.796     4.952 30 53747.06759671 31.460
 45 305.979295  -2.062981     5.832     6.120 30 53782.06762774 36.050
 46 305.977925  -2.062505     6.519     6.895 30 53817.06759384 27.134
 47 305.972670  -2.070273     8.125     8.115 31 53852.06766457 48.404
 48 305.982617  -2.056213     7.668     7.899 29 53887.06767246 30.593
 49 305.969096  -2.079119     6.980     7.119 31 53922.06774073 24.138
 50 305.969836  -2.076225     6.158     6.185 32 53957.06773641 23.083
 51 305.978849  -2.062418     4.821     4.905 30 53992.06766117 33.227
 52 305.977153  -2.065415     4.041     3.960 30 54027.06772473 29.619
 53 305.979755  -2.060213     3.485     3.421 30 54062.06771871 25.429
 55 305.976419  -2.064293     5.305     5.329 30 54132.06764032 39.331
 56 305.974671  -2.067427     6.077     6.126 30 54167.06766181 34.721
 57 305.975881  -2.066244     6.102     6.332 31 54202.06764293 30.201
 58 305.976532  -2.063818     6.694     6.951 30 54237.06767962 33.879
 59 305.976672  -2.066375     6.838     7.191 30 54272.06769911 36.276
 60 305.976543  -2.065900     6.397     6.487 30 54307.06770111 31.047
 61 305.976615  -2.063743     5.708     5.745 30 54342.06768173 28.495
 62 305.975972  -2.064781     4.221     4.112 30 54377.06763628 29.881
 63 305.976052  -2.067372     3.848     3.839 30 54412.06762799 24.935
 64 305.976324  -2.065576     3.931     4.022 31 54447.06760100 23.442
 66 305.976983  -2.064072     6.068     6.118 30 54517.06761518 37.335
 67 305.975980  -2.067473     7.094     7.121 30 54552.06763296 35.884
 68 305.976198  -2.065358     6.948     7.083 30 54587.06761119 28.899
 69 305.975720  -2.066176     7.400     7.392 31 54622.06762954 36.390
 70 305.974773  -2.067852     7.000     7.160 31 54657.06763856 33.218
 71 305.975779  -2.065750     6.158     6.213 30 54692.06762252 27.649
 72 305.977053  -2.066096     5.035     4.980 30 54727.06759156 29.858
 73 305.975365  -2.066603     4.070     3.879 30 54762.06759923 28.623
 74 305.975987  -2.067602     4.097     4.007 30 54797.06758375 27.294
 75 305.975490  -2.065483     5.042     5.044 30 54832.06758911 36.101
 76 305.976445  -2.063503     5.828     5.899 30 54867.06758066 36.026
 77 305.974542  -2.068558     7.372     7.366 31 54902.06759825 37.407
 78 305.976650  -2.065057     7.368     7.576 30 54937.06757005 34.757
 79 305.976212  -2.066483     8.049     8.083 30 54972.06760327 33.078
 80 305.974684  -2.068773     7.874     7.972 30 55007.06762025 29.491
 81 305.976505  -2.065258     7.509     7.526 30 55042.06760938 27.800
 82 305.975853  -2.066718     6.415     6.413 30 55077.06758933 25.346
 83 305.976392  -2.065697     4.759     4.684 30 55112.06754189 26.561
 84 305.974816  -2.067169     3.420     3.513 30 55147.06754281 26.557
 85 305.976440  -2.066299     3.489     3.415 30 55182.06752116 25.653
 86 305.976109  -2.067585     4.967     5.053 30 55217.06753758 21.365
 87 305.977580  -2.064171     5.654     5.625 30 55252.06751756 34.759
 88 305.975077  -2.067968     6.008     5.882 31 55287.06753086 37.570
 89 305.974512  -2.067913     6.442     6.814 30 55322.06750687 39.961
 90 305.975046  -2.066234     7.324     7.392 30 55357.06750650 39.222
 91 305.975880  -2.067506     6.537     6.513 30 55392.06750779 30.434
 92 305.976735  -2.066391     5.756     5.749 30 55427.06752281 37.453
 93 305.977010  -2.064116     4.136     3.873 30 55462.06748901 35.287
