# NaN NaN NaN ;Mean Elev.(m), Avg Gradient(m/km), RMS Gradient(m/km) - SRTM1     
#   65.310  -4.118   6.563 ;Mean Elev.(m), Avg Gradient(m/km), RMS Gradient(m/km) - ASTER GDEM
#   61.348  -4.579   7.119 ;Mean Elev.(m), Avg Gradient(m/km), RMS Gradient(m/km) - GMTED2010 
  8    62.956 52485.11117131 21.01 290.624175  -4.147891 19.480
  8    63.520 52485.11117195 21.48 290.623445  -4.144581 19.480
  8    63.209 52485.11117260 23.06 290.622715  -4.141281 19.480
  8    63.447 52485.11117324 28.28 290.621985  -4.137971 19.480
  8    62.781 52485.11118162 22.29 290.612515  -4.095012 12.009
  8    63.065 52485.11118227 24.67 290.611785  -4.091712 12.009
  8    63.279 52485.11118291 23.89 290.611065  -4.088412 12.009
  9    59.734 52520.11113530 50.68 290.625296  -4.146745 16.081
  9    59.611 52520.11113594 49.60 290.624566  -4.143445 16.081
  9    59.651 52520.11113659 50.62 290.623836  -4.140135 16.081
  9    59.636 52520.11113723 47.91 290.623116  -4.136835 16.081
  9    59.366 52520.11114561 46.59 290.613647  -4.093877 19.583
  9    59.311 52520.11114626 45.06 290.612917  -4.090567 19.583
 10    56.592 52555.11118591 50.74 290.620556  -4.149804 23.429
 10    56.593 52555.11118656 52.68 290.619826  -4.146494 23.429
 10    56.581 52555.11118720 51.39 290.619096  -4.143194 23.429
 10    56.382 52555.11119623 53.02 290.608899  -4.096927 22.567
 10    56.286 52555.11119687 49.59 290.608169  -4.093627 22.567
 10    56.273 52555.11119752 51.67 290.607439  -4.090317 22.567
 11    61.767 52590.11117386 40.75 290.623519  -4.147112 13.412
 11    61.680 52590.11117451 38.07 290.622789  -4.143802 13.412
 11    61.750 52590.11117515 40.29 290.622059  -4.140502 13.412
 11    61.446 52590.11118418 32.57 290.611857  -4.094234 19.963
 11    61.610 52590.11118482 39.86 290.611127  -4.090934 19.963
 11    61.590 52590.11118547 36.78 290.610397  -4.087634 19.963
 12    63.928 52625.11110665 34.19 290.629957  -4.147511 11.978
 12    63.145 52625.11110730 32.36 290.629227  -4.144211 11.978
 12    62.774 52625.11110794 32.03 290.628497  -4.140901 11.978
 12    62.686 52625.11110859 28.68 290.627777  -4.137601 11.978
 12    62.288 52625.11110923 28.25 290.627047  -4.134291 11.978
 12    62.174 52625.11110987 25.91 290.626317  -4.130991 11.978
 12    63.197 52625.11111632 39.65 290.619029  -4.097941 21.075
 12    63.285 52625.11111697 45.52 290.618299  -4.094641 21.075
 12    63.189 52625.11111761 48.84 290.617579  -4.091341 21.075
 13    64.039 52660.11114027 53.17 290.625690  -4.146315 20.682
 13    63.876 52660.11114091 50.32 290.624960  -4.143015 20.682
 13    64.126 52660.11114156 47.78 290.624230  -4.139705 20.682
 13    64.282 52660.11114220 50.93 290.623500  -4.136405 20.682
 13    63.720 52660.11114994 33.12 290.614757  -4.096748 23.652
 13    63.799 52660.11115058 42.46 290.614037  -4.093448 23.652
 13    63.791 52660.11115123 41.51 290.613307  -4.090138 23.652
 14    63.606 52695.11112069 24.01 290.627425  -4.145875 11.420
 14    63.536 52695.11112133 23.62 290.626695  -4.142565 11.420
 14    63.758 52695.11112198 24.25 290.625965  -4.139265 11.420
 14    63.790 52695.11112262 24.43 290.625235  -4.135955 11.420
 14    63.697 52695.11112327 26.24 290.624515  -4.132655 11.420
 14    63.660 52695.11113036 25.34 290.616495  -4.096308 24.379
 14    63.851 52695.11113100 30.29 290.615765  -4.092998 24.379
 14    63.895 52695.11113165 38.50 290.615035  -4.089698 24.379
 15    64.768 52730.11115163 42.75 290.630221  -4.146956  9.381
 15    64.957 52730.11115227 37.52 290.629491  -4.143646  9.381
 15    64.547 52730.11115292 32.36 290.628771  -4.140346  9.381
 15    64.123 52730.11115356 33.61 290.628041  -4.137036  9.381
 15    64.077 52730.11115421 34.14 290.627311  -4.133736  9.381
 15    64.113 52730.11115485 34.28 290.626581  -4.130426  9.381
 15    64.622 52730.11116130 36.12 290.619299  -4.097386 12.600
 15    64.601 52730.11116194 40.95 290.618569  -4.094086 12.600
 15    64.603 52730.11116259 45.61 290.617839  -4.090776 12.600
 17    65.918 52800.11115151 48.58 290.629120  -4.146856 12.169
 17    66.312 52800.11115215 46.17 290.628390  -4.143556 12.169
 17    65.738 52800.11115280 47.66 290.627660  -4.140249 33.161
 17    65.927 52800.11115344 45.79 290.626940  -4.136949 33.161
 17    65.750 52800.11115409 47.36 290.626210  -4.133639 33.161
 17    65.626 52800.11116118 39.30 290.618190  -4.097289 33.161
 17    65.677 52800.11116182 48.99 290.617460  -4.093989 33.161
 17    65.703 52800.11116247 48.08 290.616730  -4.090689 33.161
 18    64.534 52835.11121969 33.56 290.629388  -4.146387  9.064
 18    64.898 52835.11122034 41.37 290.628658  -4.143077  9.064
 18    64.791 52835.11122098 43.31 290.627928  -4.139777  9.064
 18    64.935 52835.11122163 40.96 290.627209  -4.136470 26.781
 18    64.784 52835.11122227 42.72 290.626479  -4.133170 26.781
 18    64.788 52835.11122292 44.81 290.625749  -4.129860 26.781
 18    64.539 52835.11122936 35.07 290.618459  -4.096820 26.781
 18    64.646 52835.11123001 47.17 290.617729  -4.093510 26.781
 18    64.497 52835.11123065 50.49 290.616999  -4.090210 26.781
 19    59.257 52870.11126085 37.19 290.630294  -4.147650  7.948
 19    59.052 52870.11126149 26.22 290.629564  -4.144350  7.948
 19    59.030 52870.11126213 24.41 290.628844  -4.141040  7.948
 19    58.791 52870.11126278 24.05 290.628114  -4.137740  7.948
 19    58.658 52870.11126342 25.37 290.627379  -4.134433 22.889
 19    60.840 52870.11126407 23.60 290.626649  -4.131133 22.889
 19    58.883 52870.11127052 46.05 290.619369  -4.098083 22.889
 19    58.798 52870.11127116 51.69 290.618639  -4.094783 22.889
 19    58.846 52870.11127180 43.61 290.617909  -4.091473 22.889
 20    57.292 52905.11126416 47.59 290.626197  -4.147004 16.987
 20    57.474 52905.11126480 44.42 290.625467  -4.143694 16.987
 20    57.423 52905.11126545 44.18 290.624737  -4.140394 16.987
 20    57.574 52905.11126609 42.35 290.624007  -4.137094 16.987
 20    57.054 52905.11127447 38.14 290.614536  -4.094136 12.975
 20    57.476 52905.11127512 43.37 290.613806  -4.090826 12.975
 21    59.580 52940.11119722 49.97 290.625543  -4.145236 23.760
 21    59.715 52940.11119787 49.60 290.624813  -4.141926 23.760
 21    59.238 52940.11119851 53.14 290.624083  -4.138626 23.760
 21    59.283 52940.11119916 53.28 290.623353  -4.135326 23.760
 21    59.095 52940.11120689 36.85 290.614619  -4.095667 20.838
 21    59.095 52940.11120754 47.76 290.613889  -4.092367 20.838
 21    59.262 52940.11120818 42.18 290.613159  -4.089057 20.838
 22    61.179 52975.11124094 47.79 290.624809  -4.149016 17.068
 22    60.588 52975.11124159 46.53 290.624079  -4.145706 17.068
 22    61.455 52975.11124223 35.26 290.623349  -4.142406 17.068
 22    60.737 52975.11124288 35.95 290.622619  -4.139106 17.068
 22    60.441 52975.11125126 49.25 290.613143  -4.096149 25.334
 22    60.458 52975.11125190 52.43 290.612413  -4.092839 25.334
 22    60.627 52975.11125255 50.91 290.611693  -4.089539 25.334
 23    64.397 53010.11124582 48.49 290.621623  -4.148607 29.089
 23    64.319 53010.11124646 45.42 290.620893  -4.145307 29.089
 23    64.330 53010.11124711 44.62 290.620163  -4.141997 29.089
 23    64.076 53010.11125613 42.19 290.609961  -4.095740 19.322
 23    64.024 53010.11125678 48.24 290.609231  -4.092440 19.322
 23    64.082 53010.11125742 45.90 290.608501  -4.089130 19.322
 24    59.833 53045.11120778 33.93 290.624248  -4.149297 13.745
 24    59.468 53045.11120843 28.31 290.623518  -4.145997 13.745
 24    59.352 53045.11120907 27.35 290.622788  -4.142687 13.745
 24    59.489 53045.11120971 26.84 290.622058  -4.139387 13.745
 24    58.884 53045.11121810 27.32 290.612589  -4.096429 14.833
 24    59.346 53045.11121874 22.77 290.611859  -4.093119 14.833
 24    59.496 53045.11121939 21.94 290.611129  -4.089819 14.833
 25    62.495 53080.11124123 51.27 290.620751  -4.150711 23.040
 25    62.580 53080.11124188 48.48 290.620021  -4.147411 23.040
 25    62.320 53080.11124252 49.51 290.619291  -4.144101 23.040
 25    61.445 53080.11125155 26.76 290.609099  -4.097843 24.256
 25    61.830 53080.11125219 31.17 290.608369  -4.094533 24.256
 25    61.943 53080.11125284 40.99 290.607639  -4.091233 24.256
 25    62.121 53080.11125348 47.05 290.606909  -4.087923 24.256
 26    63.930 53115.11121200 51.22 290.621102  -4.149477 26.034
 26    63.818 53115.11121264 48.23 290.620372  -4.146177 26.034
 26    64.019 53115.11121329 50.89 290.619642  -4.142867 26.034
 26    63.407 53115.11122231 32.72 290.609443  -4.096611 35.034
 26    63.487 53115.11122296 44.43 290.608713  -4.093301 35.034
 26    63.579 53115.11122360 49.62 290.607983  -4.090001 35.034
 27    63.888 53150.11125912 40.33 290.621251  -4.149249 15.087
 27    63.788 53150.11125977 37.65 290.620521  -4.145939 15.087
 27    63.804 53150.11126041 39.06 290.619801  -4.142639 15.087
 27    63.335 53150.11126944 36.34 290.609597  -4.096372 26.345
 27    63.608 53150.11127008 45.86 290.608867  -4.093072 26.345
 27    63.627 53150.11127073 48.39 290.608137  -4.089762 26.345
 28    64.285 53185.11125098 49.40 290.632152  -4.143953 18.414
 28    64.441 53185.11125163 46.90 290.631422  -4.140653 18.414
 28    63.809 53185.11125227 48.65 290.630692  -4.137353 18.414
 28    63.674 53185.11125292 48.75 290.629962  -4.134043 18.414
 28    63.720 53185.11125356 46.97 290.629232  -4.130743 18.414
 28    63.484 53185.11125421 50.06 290.628512  -4.127433 18.414
 28    63.383 53185.11125937 52.16 290.622678  -4.101005 37.955
 28    63.330 53185.11126001 51.26 290.621948  -4.097695 37.955
 28    63.435 53185.11126065 47.89 290.621218  -4.094395 37.955
 28    63.431 53185.11126130 45.51 290.620488  -4.091085 37.955
 29    62.048 53220.11127607 46.56 290.625776  -4.146698 18.817
 29    62.509 53220.11127671 45.28 290.625046  -4.143398 18.817
 29    61.756 53220.11127736 41.29 290.624316  -4.140098 18.817
 29    61.911 53220.11127800 45.42 290.623586  -4.136788 18.817
 29    61.556 53220.11128638 51.14 290.614115  -4.093830 33.706
 29    61.521 53220.11128703 47.90 290.613395  -4.090530 33.706
 30    60.571 53255.11125250 21.53 290.621359  -4.149554 10.799
 30    59.945 53255.11125315 21.71 290.620629  -4.146244 10.799
 30    59.274 53255.11125379 23.77 290.619899  -4.142944 10.799
 30    58.579 53255.11126282 25.19 290.609702  -4.096686 13.225
 30    58.621 53255.11126346 22.48 290.608972  -4.093376 13.225
 30    59.407 53255.11126410 20.71 290.608252  -4.090076 13.225
 31    58.941 53290.11126074 47.10 290.620087  -4.153663 19.239
 31    58.624 53290.11126138 49.98 290.619357  -4.150363 19.239
 31    58.683 53290.11126203 48.70 290.618627  -4.147053 19.239
 31    58.825 53290.11126267 47.11 290.617897  -4.143753 19.239
 31    58.222 53290.11127170 48.65 290.607697  -4.097486 21.350
 31    58.323 53290.11127234 47.22 290.606967  -4.094186 21.350
 31    58.409 53290.11127298 43.04 290.606237  -4.090876 21.350
 31    58.319 53290.11127363 38.39 290.605507  -4.087576 21.350
 32    63.323 53325.11123685 36.62 290.630198  -4.146283 10.457
 32    62.178 53325.11123750 25.38 290.629468  -4.142973 10.457
 32    62.034 53325.11123814 26.63 290.628738  -4.139673 10.457
 32    61.889 53325.11123879 27.82 290.628008  -4.136363 10.457
 32    61.926 53325.11123943 26.55 290.627278  -4.133063 10.457
 32    62.174 53325.11124008 25.56 290.626548  -4.129763 10.457
 32    62.037 53325.11124653 25.07 290.619266  -4.096715  8.365
 32    62.269 53325.11124717 25.05 290.618536  -4.093415  8.365
 32    62.278 53325.11124781 29.44 290.617806  -4.090105  8.365
 33    64.314 53360.11119666 44.13 290.630197  -4.147707 16.837
 33    63.632 53360.11119731 51.90 290.629467  -4.144407 16.837
 33    63.597 53360.11119795 49.48 290.628737  -4.141107 16.837
 33    63.357 53360.11119860 41.95 290.628017  -4.137797 16.837
 33    63.226 53360.11119924 43.40 290.627287  -4.134497 16.837
 33    63.124 53360.11119988 41.87 290.626557  -4.131187 16.837
 33    61.776 53360.11120633 28.40 290.619268  -4.098148 14.761
 33    60.928 53360.11120698 28.28 290.618538  -4.094838 14.761
 33    62.801 53360.11120762 27.11 290.617818  -4.091538 14.761
 34    63.294 53395.11121547 52.87 290.624640  -4.146580 20.219
 34    63.464 53395.11121611 47.18 290.623910  -4.143270 20.219
 34    63.258 53395.11121675 50.90 290.623180  -4.139970 20.219
 34    63.256 53395.11121740 51.16 290.622450  -4.136660 20.219
 34    62.776 53395.11122514 49.64 290.613711  -4.097013 35.070
 34    62.801 53395.11122578 51.80 290.612981  -4.093703 35.070
 34    62.806 53395.11122642 50.27 290.612251  -4.090403 35.070
 35    63.855 53430.11120826 41.87 290.628371  -4.146333 12.713
 35    63.926 53430.11120891 41.63 290.627641  -4.143033 12.713
 35    63.801 53430.11120955 40.99 290.626921  -4.139723 12.713
 35    63.767 53430.11121020 40.57 290.626191  -4.136423 12.713
 35    63.487 53430.11121084 39.50 290.625461  -4.133113 12.713
 35    63.381 53430.11121793 51.45 290.617442  -4.096765 29.706
 35    63.451 53430.11121858 53.07 290.616722  -4.093465 29.706
 35    63.567 53430.11121922 46.47 290.615992  -4.090155 29.706
 36    63.983 53465.11123497 31.14 290.627258  -4.146454 11.405
 36    63.734 53465.11123562 25.59 290.626528  -4.143144 11.405
 36    63.520 53465.11123626 27.57 290.625798  -4.139844 11.405
 36    63.659 53465.11123691 28.30 290.625079  -4.136538 11.006
 36    63.910 53465.11123755 27.39 290.624349  -4.133238 11.006
 36    63.924 53465.11124464 25.87 290.616329  -4.096888 11.006
 36    64.023 53465.11124529 26.00 290.615599  -4.093578 11.006
 36    64.195 53465.11124593 30.27 290.614869  -4.090278 11.006
 37    65.582 53500.11129654 47.25 290.619870  -4.152583 23.511
 37    65.523 53500.11129718 47.22 290.619140  -4.149273 23.511
 37    65.500 53500.11129783 41.73 290.618410  -4.145973 23.511
 37    65.328 53500.11129847 47.35 290.617680  -4.142673 23.511
 37    64.904 53500.11130750 46.40 290.607477  -4.096406 36.946
 37    64.922 53500.11130814 47.70 290.606757  -4.093106 36.946
 37    64.936 53500.11130879 49.53 290.606027  -4.089796 36.946
 38    62.339 53535.11128514 32.85 290.626688  -4.145550  9.179
 38    62.125 53535.11128578 31.88 290.625958  -4.142250  9.179
 38    62.010 53535.11128643 32.49 290.625228  -4.138940  9.179
 38    62.033 53535.11128707 33.14 290.624498  -4.135640  9.179
 38    61.883 53535.11129481 48.03 290.615757  -4.095981 29.582
 38    61.989 53535.11129545 46.16 290.615027  -4.092681 29.582
 38    61.996 53535.11129610 44.42 290.614297  -4.089371 29.582
 39    59.249 53570.11129545 31.79 290.620724  -4.151675 13.102
 39    59.052 53570.11129610 29.23 290.619994  -4.148365 13.102
 39    58.963 53570.11129674 27.41 290.619264  -4.145065 13.102
 39    59.336 53570.11129738 27.65 290.618534  -4.141755 13.102
 39    59.077 53570.11130641 32.69 290.608342  -4.095496 13.999
 39    58.938 53570.11130705 31.08 290.607612  -4.092196 13.999
 39    59.078 53570.11130770 37.23 290.606882  -4.088886 13.999
 40    55.381 53605.11124357 49.37 290.625458  -4.145118 13.542
 40    55.344 53605.11124421 40.84 290.624728  -4.141818 13.542
 40    55.216 53605.11124486 42.62 290.623998  -4.138508 13.542
 40    55.144 53605.11124550 48.13 290.623278  -4.135208 13.542
 40    54.991 53605.11125324 50.83 290.614531  -4.095549 23.293
 40    54.858 53605.11125388 52.28 290.613811  -4.092249 23.293
 40    54.885 53605.11125453 52.85 290.613081  -4.088939 23.293
 41    55.923 53640.11124255 16.57 290.623228  -4.147720  6.585
 41    55.134 53640.11124319 18.16 290.622498  -4.144420  6.585
 41    54.307 53640.11124384 17.73 290.621768  -4.141110  6.585
 41    60.528 53640.11125286 12.37 290.611569  -4.094853  6.300
 41    59.969 53640.11125351 11.61 290.610839  -4.091543  6.300
 41    59.752 53640.11125415 11.04 290.610109  -4.088243  6.300
 42    59.728 53675.11126185 46.02 290.621036  -4.150010 19.072
 42    59.760 53675.11126249 50.28 290.620306  -4.146700 19.072
 42    59.353 53675.11126314 46.58 290.619576  -4.143400 19.072
 42    59.065 53675.11127216 49.09 290.609372  -4.097142 20.099
 42    58.963 53675.11127281 41.39 290.608642  -4.093832 20.099
 42    58.946 53675.11127345 47.14 290.607922  -4.090532 20.099
 43    59.434 53710.11119243 48.69 290.629780  -4.146544 19.217
 43    59.576 53710.11119307 41.01 290.629050  -4.143244 19.217
 43    59.435 53710.11119372 46.25 290.628320  -4.139944 19.217
 43    59.255 53710.11119436 46.23 290.627600  -4.136634 19.217
 43    59.286 53710.11119501 45.32 290.626870  -4.133334 19.217
 43    59.267 53710.11119565 51.97 290.626140  -4.130024 19.217
 43    59.051 53710.11120210 48.31 290.618853  -4.096985 24.211
 43    59.041 53710.11120274 52.21 290.618123  -4.093675 24.211
 43    59.125 53710.11120339 48.57 290.617403  -4.090375 24.211
 45    65.258 53780.11113275 44.76 290.630254  -4.147046 13.410
 45    64.549 53780.11113339 36.30 290.629524  -4.143746 13.410
 45    64.496 53780.11113404 43.25 290.628794  -4.140436 13.410
 45    64.562 53780.11113468 40.14 290.628064  -4.137136 13.410
 45    64.346 53780.11113533 41.07 290.627344  -4.133826 13.410
 45    64.314 53780.11113597 40.54 290.626614  -4.130526 13.410
 45    64.008 53780.11114242 51.50 290.619330  -4.097479 36.946
 45    64.095 53780.11114306 49.71 290.618600  -4.094179 36.946
 45    64.209 53780.11114371 46.95 290.617870  -4.090869 36.946
 46    64.575 53815.11110341 28.58 290.627954  -4.146621 17.367
 46    64.224 53815.11110405 29.50 290.627224  -4.143321 17.367
 46    64.203 53815.11110470 26.03 290.626494  -4.140011 17.367
 46    64.142 53815.11110534 25.34 290.625774  -4.136711 17.367
 46    64.331 53815.11110599 26.96 290.625044  -4.133401 17.367
 46    64.016 53815.11111308 31.56 290.617030  -4.097051 23.965
 46    64.199 53815.11111372 33.76 290.616300  -4.093751 23.965
 46    64.362 53815.11111437 37.95 290.615580  -4.090451 23.965
 47    66.185 53850.11116744 52.01 290.622467  -4.148332 32.758
 47    66.097 53850.11116808 51.90 290.621747  -4.145022 32.758
 47    65.999 53850.11116873 49.86 290.621017  -4.141722 32.758
 47    65.357 53850.11117775 38.03 290.610809  -4.095464 35.475
 47    65.620 53850.11117840 40.04 290.610079  -4.092154 35.475
 47    65.674 53850.11117904 49.11 290.609349  -4.088854 35.475
 49    60.325 53920.11124610 33.29 290.618285  -4.153969 16.539
 49    60.417 53920.11124675 21.11 290.617555  -4.150659 16.539
 49    60.331 53920.11124739 20.59 290.616835  -4.147359 16.539
 49    60.464 53920.11124804 20.26 290.616105  -4.144049 16.539
 49    60.122 53920.11125706 38.23 290.605902  -4.097791 12.867
 49    60.069 53920.11125771 27.95 290.605172  -4.094491 12.867
 49    60.076 53920.11125835 27.49 290.604442  -4.091181 12.867
 49    60.142 53920.11125900 33.71 290.603712  -4.087881 12.867
 50    59.076 53955.11124543 39.42 290.618041  -4.153016 14.161
 50    58.590 53955.11124608 24.28 290.617311  -4.149716 14.161
 50    55.178 53955.11124672 24.88 290.616581  -4.146406 14.161
 50    55.639 53955.11125639 37.51 290.605659  -4.096837 16.725
 50    55.749 53955.11125704 48.84 290.604929  -4.093537 16.725
 50    55.633 53955.11125768 49.21 290.604199  -4.090237 16.725
 50    55.753 53955.11125833 46.04 290.603469  -4.086927 16.725
 51    55.516 53990.11116440 48.37 290.629894  -4.146484 20.359
 51    56.085 53990.11116504 49.89 290.629164  -4.143184 20.359
 51    55.627 53990.11116569 49.76 290.628434  -4.139874 20.359
 51    55.544 53990.11116633 47.00 290.627704  -4.136574 20.359
 51    55.519 53990.11116698 50.91 290.626974  -4.133264 20.359
 51    55.688 53990.11116762 48.83 290.626254  -4.129964 20.359
 51    55.044 53990.11117407 48.04 290.618969  -4.096915 16.787
 51    55.273 53990.11117471 32.42 290.618239  -4.093615 16.787
 51    55.213 53990.11117536 37.67 290.617509  -4.090305 16.787
 52    57.884 54025.11122979 20.85 290.626480  -4.145170 13.318
 52    57.189 54025.11123044 23.26 290.625750  -4.141860 13.318
 52    56.846 54025.11123108 25.37 290.625020  -4.138560 13.318
 52    56.858 54025.11123173 24.23 290.624290  -4.135250 13.318
 52    57.322 54025.11123946 27.33 290.615542  -4.095602 13.721
 52    57.363 54025.11124011 34.41 290.614812  -4.092292 13.721
 52    57.448 54025.11124075 40.71 290.614082  -4.088992 13.721
 53    60.824 54060.11122208 28.13 290.631955  -4.146371 21.018
 53    60.989 54060.11122272 34.58 290.631235  -4.143071 21.018
 53    60.876 54060.11122336 44.15 290.630505  -4.139761 21.018
 53    61.434 54060.11122401 43.18 290.629775  -4.136461 21.018
 53    61.150 54060.11122465 44.21 290.629045  -4.133151 21.018
 53    61.275 54060.11122530 35.57 290.628315  -4.129851 21.018
 53    60.694 54060.11122594 40.54 290.627585  -4.126551 21.018
 53    60.236 54060.11123110 26.58 290.621762  -4.100112 17.699
 53    60.248 54060.11123175 27.01 290.621032  -4.096802 17.699
 53    60.403 54060.11123239 32.52 290.620302  -4.093502 17.699
 54    63.868 54095.11119750 28.29 290.625400  -4.147992 26.523
 54    63.708 54095.11119815 32.77 290.624670  -4.144692 26.523
 54    64.135 54095.11119879 26.90 290.623940  -4.141382 26.523
 54    62.929 54095.11119944 23.55 290.623220  -4.138082 26.523
 54    62.992 54095.11120782 42.86 290.613744  -4.095124 25.263
 54    63.133 54095.11120846 48.46 290.613024  -4.091814 25.263
 54    63.132 54095.11120911 49.62 290.612294  -4.088514 25.263
 55    65.762 54130.11114202 51.53 290.627484  -4.147967 28.246
 55    65.881 54130.11114267 48.93 290.626764  -4.144657 28.246
 55    65.459 54130.11114331 48.77 290.626034  -4.141357 28.246
 55    65.470 54130.11114396 47.37 290.625304  -4.138047 28.246
 55    65.389 54130.11114460 45.38 290.624574  -4.134747 28.246
 55    65.028 54130.11115234 39.68 290.615824  -4.095100 37.411
 55    65.196 54130.11115298 46.11 290.615094  -4.091790 37.411
 55    65.223 54130.11115363 47.08 290.614364  -4.088490 37.411
 57    65.046 54200.11114457 51.45 290.626228  -4.147680 18.537
 57    64.962 54200.11114521 50.75 290.625498  -4.144370 18.537
 57    64.942 54200.11114586 48.84 290.624778  -4.141070 18.537
 57    64.971 54200.11114650 48.36 290.624040  -4.137765 40.982
 57    64.425 54200.11115488 51.44 290.614570  -4.094805 40.982
 57    64.497 54200.11115553 52.60 290.613840  -4.091505 40.982
 57    64.392 54200.11115617 48.67 290.613110  -4.088205 40.982
 58    66.209 54235.11118386 39.82 290.626957  -4.146897 14.398
 58    65.984 54235.11118451 33.85 290.626227  -4.143587 14.398
 58    65.037 54235.11118515 32.88 290.625507  -4.140287 14.398
 58    65.017 54235.11118580 30.99 290.624772  -4.136981 27.223
 58    65.003 54235.11118644 31.17 290.624042  -4.133681 27.223
 58    65.138 54235.11119353 41.76 290.616032  -4.097331 27.223
 58    65.136 54235.11119418 40.82 290.615302  -4.094021 27.223
 58    65.252 54235.11119482 45.99 290.614572  -4.090721 27.223
 59    62.688 54270.11120448 26.97 290.626338  -4.146242 13.356
 59    62.110 54270.11120512 24.97 290.625608  -4.142942 13.356
 59    62.092 54270.11120577 21.06 290.624888  -4.139632 13.356
 59    62.581 54270.11120641 19.42 290.624158  -4.136332 13.356
 59    62.398 54270.11121415 31.46 290.615415  -4.096673 19.247
 59    62.061 54270.11121479 25.29 290.614685  -4.093373 19.247
 59    62.448 54270.11121544 25.58 290.613955  -4.090063 19.247
 60    59.044 54305.11120716 50.04 290.626359  -4.145651 14.267
 60    59.032 54305.11120781 51.39 290.625639  -4.142341 14.267
 60    58.993 54305.11120845 48.89 290.624909  -4.139041 14.267
 60    58.991 54305.11120910 53.24 290.624175  -4.135733 32.015
 60    58.559 54305.11121683 48.31 290.615435  -4.096083 32.015
 60    58.820 54305.11121748 43.10 290.614705  -4.092773 32.015
 60    58.609 54305.11121812 47.66 290.613975  -4.089473 32.015
 61    55.892 54340.11119003 47.90 290.626344  -4.145687 12.608
 61    56.332 54340.11119068 45.60 290.625624  -4.142387 12.608
 61    55.822 54340.11119132 46.48 290.624894  -4.139077 12.608
 61    55.830 54340.11119197 45.31 290.624164  -4.135777 12.608
 61    55.511 54340.11119970 41.85 290.615424  -4.096119 20.419
 61    55.778 54340.11120035 44.83 290.614694  -4.092819 20.419
 61    55.598 54340.11120099 40.94 290.613964  -4.089509 20.419
 62    56.172 54375.11114144 32.54 290.626115  -4.144960 12.392
 62    55.750 54375.11114208 34.82 290.625385  -4.141650 12.392
 62    55.861 54375.11114273 21.73 290.624655  -4.138350 12.392
 62    56.105 54375.11114337 24.06 290.623935  -4.135040 12.392
 62    60.289 54375.11115111 17.76 290.615189  -4.095391 11.326
 62    60.634 54375.11115175 16.98 290.614459  -4.092081 11.326
 62    55.770 54375.11115240 23.46 290.613729  -4.088781 11.326
 63    61.068 54410.11113589 40.58 290.625413  -4.147205 16.736
 63    60.862 54410.11113653 24.52 290.624683  -4.143905 16.736
 63    60.347 54410.11113718 25.33 290.623953  -4.140605 16.736
 63    60.533 54410.11113782 25.34 290.623223  -4.137295 16.736
 63    60.414 54410.11114620 47.70 290.613751  -4.094337 28.765
 63    60.256 54410.11114685 46.63 290.613031  -4.091037 28.765
 64    62.839 54445.11110414 21.85 290.626660  -4.145462 10.340
 64    62.714 54445.11110479 22.58 290.625930  -4.142152 10.340
 64    62.507 54445.11110543 23.15 290.625200  -4.138852 10.340
 64    62.528 54445.11110608 22.96 290.624470  -4.135542 10.340
 64    62.378 54445.11111381 37.68 290.615730  -4.095895 28.797
 64    62.533 54445.11111446 43.30 290.615000  -4.092585 28.797
 64    62.620 54445.11111510 51.48 290.614270  -4.089285 28.797
 65    63.781 54480.11112712 34.96 290.626694  -4.145060 17.505
 65    63.302 54480.11112777 29.22 290.625974  -4.141760 17.505
 65    63.263 54480.11112841 26.68 290.625244  -4.138450 17.505
 65    63.316 54480.11112906 24.56 290.624514  -4.135150 17.505
 65    63.291 54480.11113679 29.47 290.615771  -4.095492 20.113
 65    63.061 54480.11113744 29.62 290.615041  -4.092192 20.113
 65    63.010 54480.11113808 28.89 290.614311  -4.088892 20.113
 66    64.202 54515.11111825 48.14 290.627598  -4.146869 12.388
 66    63.890 54515.11111889 51.06 290.626868  -4.143559 12.388
 66    64.190 54515.11111954 40.20 290.626138  -4.140259 12.388
 66    63.784 54515.11112018 33.64 290.625408  -4.136953 33.600
 66    63.629 54515.11112082 33.01 290.624688  -4.133653 33.600
 66    63.514 54515.11112792 47.94 290.616668  -4.097303 33.600
 66    63.524 54515.11112856 44.52 290.615938  -4.093993 33.600
 66    63.605 54515.11112921 49.66 290.615208  -4.090693 33.600
 67    65.554 54550.11114009 49.17 290.625331  -4.146192 21.831
 67    65.627 54550.11114073 51.58 290.624611  -4.142892 21.831
 67    65.250 54550.11114138 53.10 290.623881  -4.139582 21.831
 67    65.397 54550.11114202 47.66 290.623151  -4.136282 21.831
 67    65.008 54550.11114976 50.73 290.614411  -4.096625 38.818
 67    64.900 54550.11115040 50.84 290.613681  -4.093325 38.818
 67    65.088 54550.11115105 52.65 290.612951  -4.090015 38.818
 68    65.738 54585.11111428 30.33 290.626867  -4.147724 13.273
 68    65.643 54585.11111492 30.39 290.626137  -4.144414 13.273
 68    65.158 54585.11111557 29.52 290.625417  -4.141114 13.273
 68    64.995 54585.11111621 30.93 290.624682  -4.137807 21.970
 68    65.272 54585.11111686 29.48 290.623952  -4.134507 21.970
 68    65.349 54585.11112459 36.25 290.615212  -4.094847 21.970
 68    65.356 54585.11112524 37.36 290.614482  -4.091547 21.970
 68    65.467 54585.11112588 37.01 290.613752  -4.088247 21.970
 69    63.895 54620.11113390 24.33 290.625920  -4.147474 14.441
 69    63.495 54620.11113454 27.10 290.625200  -4.144164 14.441
 69    64.062 54620.11113519 42.17 290.624470  -4.140864 14.441
 69    64.628 54620.11113583 39.05 290.623736  -4.137555 36.199
 69    63.654 54620.11114421 49.15 290.614266  -4.094595 36.199
 69    63.496 54620.11114486 48.87 290.613536  -4.091295 36.199
 69    63.528 54620.11114550 49.32 290.612806  -4.087995 36.199
 70    62.433 54655.11114414 50.16 290.624716  -4.148301 16.078
 70    62.426 54655.11114478 51.55 290.623986  -4.145001 16.078
 70    62.807 54655.11114543 48.89 290.623266  -4.141691 16.078
 70    62.350 54655.11114607 48.74 290.622536  -4.138391 16.078
 70    62.018 54655.11115445 50.04 290.613063  -4.095434 37.508
 70    62.036 54655.11115510 43.54 290.612333  -4.092124 37.508
 70    62.061 54655.11115574 48.83 290.611603  -4.088824 37.508
 71    58.396 54690.11113078 29.66 290.625472  -4.147333 12.934
 71    58.003 54690.11113143 22.42 290.624742  -4.144023 12.934
 71    57.852 54690.11113207 23.88 290.624012  -4.140723 12.934
 71    57.741 54690.11113271 23.96 290.623292  -4.137413 12.934
 71    60.574 54690.11114110 23.46 290.613821  -4.094456 15.520
 71    61.260 54690.11114174 23.32 290.613091  -4.091156 15.520
 71    57.785 54690.11114238 26.27 290.612361  -4.087846 15.520
 72    56.362 54725.11109502 34.46 290.627034  -4.145543  9.909
 72    56.258 54725.11109566 21.75 290.626314  -4.142243  9.909
 72    56.243 54725.11109631 20.99 290.625585  -4.138935 11.845
 72    56.119 54725.11109695 23.25 290.624855  -4.135635 11.845
 72    56.218 54725.11110469 26.44 290.616105  -4.095975 11.845
 72    56.316 54725.11110533 26.25 290.615375  -4.092675 11.845
 72    56.127 54725.11110598 26.93 290.614645  -4.089375 11.845
 73    58.606 54760.11110741 27.61 290.624600  -4.145278 10.454
 73    58.170 54760.11110805 28.00 290.623880  -4.141978 10.454
 73    58.029 54760.11110870 28.39 290.623150  -4.138668 10.454
 73    58.090 54760.11111708 36.57 290.613678  -4.095709 18.900
 73    58.284 54760.11111772 44.04 290.612948  -4.092409 18.900
 73    58.217 54760.11111837 44.44 290.612218  -4.089099 18.900
 74    59.837 54795.11108731 37.21 290.625646  -4.146647 12.802
 74    60.202 54795.11108796 42.07 290.624916  -4.143337 12.802
 74    60.151 54795.11108860 42.64 290.624186  -4.140037 12.802
 74    59.921 54795.11108925 45.35 290.623456  -4.136732 32.283
 74    59.870 54795.11109763 45.92 290.613986  -4.093782 32.283
 74    59.516 54795.11109827 27.05 290.613256  -4.090472 32.283
 75    60.564 54830.11110690 45.06 290.625804  -4.147079 12.802
 75    60.500 54830.11110755 40.66 290.625074  -4.143779 12.802
 75    59.777 54830.11110819 29.97 290.624354  -4.140469 12.802
 75    60.075 54830.11110883 29.54 290.623624  -4.137169 12.802
 75    59.331 54830.11111722 24.68 290.614151  -4.094211 23.976
 75    59.616 54830.11111786 21.90 290.613421  -4.090901 23.976
 76    64.774 54865.11108273 29.99 290.626864  -4.146247 10.826
 76    63.836 54865.11108337 29.30 290.626134  -4.142947 10.826
 76    63.814 54865.11108402 28.73 290.625415  -4.139639 15.225
 76    64.116 54865.11108466 25.82 290.624685  -4.136339 15.225
 76    64.348 54865.11109240 33.53 290.615935  -4.096679 15.225
 76    63.870 54865.11109304 28.05 290.615205  -4.093379 15.225
 76    63.937 54865.11109369 25.12 290.614475  -4.090069 15.225
 77    66.383 54900.11110538 50.14 290.624511  -4.148884 24.007
 77    66.291 54900.11110603 50.55 290.623791  -4.145574 24.007
 77    66.150 54900.11110667 50.38 290.623061  -4.142274 24.007
 77    66.109 54900.11110732 46.94 290.622331  -4.138964 24.007
 77    65.750 54900.11111570 47.48 290.612861  -4.096006 38.382
 77    65.678 54900.11111634 35.30 290.612131  -4.092706 38.382
 77    65.876 54900.11111699 38.58 290.611401  -4.089396 38.382
 78    66.611 54935.11107439 46.69 290.626373  -4.147433 14.221
 78    66.469 54935.11107504 46.09 290.625643  -4.144133 14.221
 78    66.291 54935.11107568 43.69 290.624923  -4.140823 14.221
 78    66.224 54935.11107633 42.04 290.624193  -4.137523 14.221
 78    65.890 54935.11108471 46.16 290.614717  -4.094568 40.083
 78    65.935 54935.11108535 51.00 290.613987  -4.091258 40.083
 79    66.942 54970.11110864 38.57 290.625732  -4.144727 14.918
 79    66.937 54970.11110928 32.99 290.625012  -4.141417 14.918
 79    66.576 54970.11110993 33.63 290.624282  -4.138117 14.918
 79    66.524 54970.11111057 33.12 290.623548  -4.134808 27.117
 79    66.464 54970.11111831 41.34 290.614808  -4.095158 27.117
 79    66.478 54970.11111895 39.68 290.614078  -4.091848 27.117
 79    66.516 54970.11111960 43.00 290.613348  -4.088548 27.117
 80    65.463 55005.11112736 32.37 290.623567  -4.148180 20.455
 80    65.144 55005.11112800 26.52 290.622837  -4.144880 20.455
 80    64.821 55005.11112865 25.60 290.622117  -4.141570 20.455
 80    65.211 55005.11112929 24.85 290.621387  -4.138270 20.455
 80    65.354 55005.11113767 40.73 290.611913  -4.095311 26.272
 80    64.983 55005.11113832 29.01 290.611183  -4.092001 26.272
 80    64.719 55005.11113896 28.66 290.610453  -4.088701 26.272
 81    62.713 55040.11111484 49.66 290.626975  -4.147312 13.787
 81    62.614 55040.11111548 49.81 290.626245  -4.144012 13.787
 81    62.930 55040.11111613 45.86 290.625525  -4.140702 13.787
 81    62.585 55040.11111677 44.46 290.624795  -4.137402 13.787
 81    62.594 55040.11111742 48.86 290.624062  -4.134096 33.268
 81    62.115 55040.11112515 52.01 290.615322  -4.094446 33.268
 81    62.128 55040.11112580 51.52 290.614592  -4.091136 33.268
 82    58.956 55075.11109787 45.16 290.625468  -4.147914 14.405
 82    58.964 55075.11109852 44.39 290.624738  -4.144604 14.405
 82    58.835 55075.11109916 40.90 290.624018  -4.141304 14.405
 82    58.592 55075.11109981 30.96 290.623288  -4.137994 14.405
 82    63.074 55075.11110819 30.10 290.613818  -4.095036 26.185
 82    60.045 55075.11110883 25.54 290.613088  -4.091736 26.185
 82    58.315 55075.11110948 30.58 290.612358  -4.088426 26.185
 83    57.717 55110.11104785 40.40 290.626007  -4.145574 10.518
 83    57.774 55110.11104849 32.25 290.625277  -4.142264 10.518
 83    57.777 55110.11104914 31.92 290.624557  -4.138964 10.518
 83    57.495 55110.11104978 31.03 290.623829  -4.135656 22.844
 83    57.376 55110.11105752 30.71 290.615079  -4.096006 22.844
 83    57.337 55110.11105816 44.89 290.614349  -4.092696 22.844
 83    57.497 55110.11105881 38.25 290.613619  -4.089396 22.844
 84    58.139 55145.11104986 45.29 290.624697  -4.148702 15.584
 84    58.269 55145.11105050 49.96 290.623967  -4.145392 15.584
 84    57.851 55145.11105115 52.97 290.623247  -4.142092 15.584
 84    57.899 55145.11105179 51.88 290.622517  -4.138782 15.584
 84    62.595 55145.11106017 33.50 290.613045  -4.095825 24.388
 84    57.654 55145.11106082 47.42 290.612315  -4.092525 24.388
 84    57.791 55145.11106146 43.51 290.611585  -4.089215 24.388
 85    62.973 55180.11102361 43.50 290.626732  -4.145473 11.617
 85    62.932 55180.11102426 48.22 290.626002  -4.142173 11.617
 85    63.031 55180.11102490 42.74 290.625282  -4.138867 28.809
 85    63.170 55180.11102555 38.45 290.624552  -4.135567 28.809
 85    62.539 55180.11103329 45.20 290.615802  -4.095917 28.809
 85    62.422 55180.11103393 36.42 290.615072  -4.092607 28.809
 85    62.373 55180.11103457 29.60 290.614342  -4.089307 28.809
 86    63.549 55215.11104546 45.49 290.625172  -4.145554 23.573
 86    62.646 55215.11104610 42.98 290.624442  -4.142254 23.573
 86    62.404 55215.11104675 30.63 290.623712  -4.138944 23.573
 86    62.582 55215.11104739 30.35 290.622982  -4.135644 23.573
 86    62.446 55215.11105513 51.15 290.614240  -4.095995 29.839
 86    62.417 55215.11105577 53.77 290.613510  -4.092685 29.839
 86    62.415 55215.11105642 52.22 290.612780  -4.089385 29.839
 87    64.070 55250.11101998 48.95 290.628319  -4.147890 13.231
 87    63.494 55250.11102063 50.64 290.627589  -4.144590 13.231
 87    64.370 55250.11102127 39.91 290.626859  -4.141280 13.231
 87    63.177 55250.11102192 32.32 290.626129  -4.137980 13.231
 87    62.979 55250.11102256 32.64 290.625401  -4.134673 28.652
 87    63.070 55250.11103030 39.68 290.616661  -4.095023 28.652
 87    63.178 55250.11103094 41.65 290.615931  -4.091713 28.652
 88    64.202 55285.11103834 40.78 290.624734  -4.148268 15.444
 88    64.374 55285.11103898 36.93 290.624004  -4.144968 15.444
 88    63.850 55285.11103963 32.79 290.623274  -4.141658 15.444
 88    63.337 55285.11104027 32.42 290.622554  -4.138358 15.444
 88    63.667 55285.11104865 48.07 290.613075  -4.095402 33.274
 88    63.482 55285.11104930 38.74 290.612355  -4.092092 33.274
 88    63.705 55285.11104994 41.91 290.611625  -4.088792 33.274
 89    65.349 55320.11101207 50.26 290.623986  -4.146358 21.317
 89    64.988 55320.11101272 51.05 290.623266  -4.143048 21.317
 89    64.820 55320.11101336 49.55 290.622536  -4.139748 21.317
 89    64.534 55320.11102174 46.95 290.613063  -4.096791 43.148
 89    64.553 55320.11102239 50.80 290.612333  -4.093481 43.148
 89    64.644 55320.11102303 48.59 290.611603  -4.090181 43.148
 90    64.026 55355.11101252 51.60 290.625349  -4.148283 17.166
 90    64.321 55355.11101316 49.53 290.624619  -4.144983 17.166
 90    64.045 55355.11101381 50.64 290.623899  -4.141673 17.166
 90    64.240 55355.11101445 43.79 290.623169  -4.138373 17.166
 90    63.657 55355.11102283 48.26 290.613697  -4.095414 39.796
 90    63.492 55355.11102348 40.21 290.612967  -4.092104 39.796
 90    63.720 55355.11102412 44.93 290.612237  -4.088804 39.796
 91    59.450 55390.11101214 48.72 290.625144  -4.146691 12.973
 91    59.352 55390.11101278 48.18 290.624424  -4.143381 12.973
 91    59.167 55390.11101343 47.05 290.623694  -4.140081 12.973
 91    59.334 55390.11101407 47.89 290.622957  -4.136775 34.587
 91    59.013 55390.11102245 50.95 290.613487  -4.093815 34.587
 91    59.071 55390.11102310 53.29 290.612757  -4.090515 34.587
 92    57.618 55425.11102988 40.78 290.626332  -4.146018 13.124
 92    57.448 55425.11103053 46.73 290.625612  -4.142718 13.124
 92    57.237 55425.11103117 49.66 290.624882  -4.139408 13.124
 92    57.410 55425.11103181 50.98 290.624152  -4.136108 13.124
 92    56.836 55425.11103955 38.62 290.615409  -4.096450 26.873
 92    56.942 55425.11104020 48.32 290.614679  -4.093150 26.873
 92    57.155 55425.11104084 51.38 290.613949  -4.089840 26.873
 93    54.464 55460.11099899 34.99 290.626411  -4.146070  9.472
 93    54.349 55460.11099964 27.17 290.625681  -4.142760  9.472
 93    57.793 55460.11100028 20.52 290.624961  -4.139460  9.472
 93    54.275 55460.11100093 18.45 290.624231  -4.136150  9.472
 93    54.274 55460.11100866 26.40 290.615492  -4.096501 14.947
 93    54.285 55460.11100931 30.43 290.614762  -4.093191 14.947
 93    54.190 55460.11100995 32.08 290.614032  -4.089891 14.947
