-151192.636   126.087     0.00   20.14
-150816.580   127.273     3.15   18.75
-150440.524   128.667     3.71   19.04
-150064.467   124.881   -10.07   18.64
-149688.409   120.113   -12.68   17.72
-149312.349   116.523    -9.55   19.35
-148936.289   110.045   -17.22   17.27
-148560.228   104.991   -13.44   15.24
-148184.165   103.856    -3.02   13.95
-147808.102   103.882     0.07   15.28
-147432.038   107.656    10.04   15.45
-147055.972   114.190    17.37   14.25
-146679.906   119.014    12.83   13.58
-146303.839   116.384    -6.99   16.25
-145927.770   111.959   -11.77   16.19
-145551.701   107.010   -13.16   16.04
-145175.631   102.754   -11.32   12.85
-144799.559   105.991     8.61   11.75
-144423.487   100.266   -15.22   12.26
-144047.413   101.262     2.65   14.05
-143671.339   102.131     2.31   14.41
-143295.263   107.241    13.59   16.35
-142919.186   113.228    15.92   14.48
-142543.109   113.910     1.82   14.63
-142167.030   111.045    -7.62   17.54
-141790.950   103.775   -19.33   19.89
-141414.870    99.777   -10.63   19.18
-141038.788    96.134    -9.69   19.59
-140662.705    91.856   -11.37   18.26
-140286.621    85.698   -16.37   18.32
-139910.536    80.559   -13.67   15.46
-139534.450    79.164    -3.71   13.90
-139158.363    72.751   -17.05   12.73
-138782.275    67.882   -12.94   12.57
-138406.186    65.328    -6.79   12.62
-138030.096    65.318    -0.03   13.32
-137654.005    65.078    -0.64   14.42
-137277.912    66.959     5.00   14.91
-136901.819    61.959   -13.29   12.63
-136525.725    59.432    -6.72   10.98
-136149.629    56.964    -6.56    9.94
-135773.533    58.937     5.25   12.33
-135397.435    60.067     3.00   12.64
-135021.336    60.067     0.00   12.36
-134645.237    59.440    -1.67   12.70
-134269.136    58.805    -1.69   12.35
-133893.034    58.113    -1.84   12.31
-133516.931    57.126    -2.62   10.82
-133140.827    58.119     2.64   11.19
-132764.722    58.698     1.54   11.73
-132388.616    57.600    -2.92   10.69
-132012.508    57.126    -1.26   12.32
-131636.400    59.754     6.99   13.90
-131260.291    63.051     8.77   14.65
-130884.180    64.343     3.44   15.72
-130508.068    64.831     1.30   12.82
-130131.956    66.044     3.23    7.63
-129755.842    64.728    -3.50    6.68
-129379.727    64.640    -0.23    5.77
-129003.611    62.424    -5.89    7.08
-128627.494    59.061    -8.94    7.53
-128251.376    55.586    -9.24    8.17
-127875.256    50.395   -13.80   10.62
-127499.136    45.959   -11.79   12.60
-127123.015    42.099   -10.26   11.72
-126746.892    38.198   -10.37    9.62
-126370.768    35.574    -6.98    7.83
-125994.643    33.805    -4.70    7.39
-125618.517    33.478    -0.87    8.03
-125242.390    33.382    -0.25    8.24
-124866.262    33.613     0.61    8.68
-124490.133    33.478    -0.36    8.95
-124114.003    34.099     1.65    8.39
-123737.871    35.544     3.84    6.42
-123361.739    35.241    -0.81    5.70
-122985.605    33.805    -3.82    6.48
-122609.470    32.190    -4.29    6.52
-122233.334    31.113    -2.86    6.64
-121857.197    31.245     0.35    6.60
-121481.059    30.497    -1.99    6.07
-121104.919    27.567    -7.79    5.48
-120728.779    27.370    -0.52    4.90
-120352.637    26.397    -2.59    5.92
-119976.494    26.548     0.40    6.09
-119600.350    26.124    -1.13    7.25
-119224.205    26.606     1.28    7.00
-118848.059    28.907     6.12    5.97
-118471.912    29.532     1.66    6.65
-118095.763    26.856    -7.11    9.38
-117719.613    21.721   -13.65   11.11
-117343.463    14.799   -18.40   11.77
-116967.311     9.318   -14.57   11.02
-116591.158     3.956   -14.25    7.41
-116215.003     1.316    -7.02    2.08
-115838.848     0.754    -1.49    1.74
-115462.692     7.606    18.22   17.77
-115086.534    37.804    80.28   52.33
-114710.375    66.523    76.35   57.18
-114334.215    96.672    80.15   46.57
-113958.054   109.883    35.12   34.54
-113581.891   102.225   -20.36   33.81
-113205.728    85.381   -44.78   37.09
-112829.563    67.551   -47.40   27.35
-112453.397    67.805     0.68   27.41
-112077.230    71.014     8.53   30.02
-111701.062    72.721     4.54   26.32
-111324.893    72.775     0.14   21.65
-110948.722    73.440     1.77   19.93
-110572.550    83.164    25.85   26.75
-110196.377   100.206    45.30   31.62
-109820.203   112.532    32.77   29.10
-109444.028   121.231    23.13   21.37
-109067.852   124.514     8.73   16.92
-108691.674   120.435   -10.84   19.45
-108315.495   111.667   -23.31   23.80
-107939.315    98.805   -34.19   26.67
-107563.134    85.262   -36.00   23.58
-107186.951    74.828   -27.73   21.40
-106810.768    67.461   -19.58   19.29
-106434.583    60.828   -17.63   13.80
-106058.397    61.010     0.48   10.61
-105682.210    66.984    15.88   11.08
-105306.021    72.995    15.98   13.70
-104929.832    80.424    19.75   16.12
-104553.641    86.829    17.03   17.64
-104177.449    89.126     6.11   17.42
-103801.256    94.031    13.04   17.89
-103425.061    97.775     9.95   18.95
-103048.866   102.600    12.82   19.85
-102672.669   109.698    18.87   19.51
-102296.471   111.382     4.48   19.23
-101920.271   107.370   -10.67   20.18
-101544.071   106.754    -1.64   19.22
-101167.869   108.461     4.54   20.97
-100791.666   112.606    11.02   22.32
-100415.462   119.613    18.62   22.07
-100039.257   122.384     7.37   21.59
 -99663.050   120.646    -4.62   23.44
 -99286.842   113.318   -19.48   24.98
 -98910.633    95.544   -47.24   21.39
 -98534.423    84.316   -29.84   16.15
 -98158.211    78.370   -15.80   12.45
 -97781.998    74.180   -11.14   11.88
 -97405.784    83.190    23.95   20.79
 -97029.569    88.180    13.27   20.73
 -96653.353    91.728     9.43   20.27
 -96277.135    90.651    -2.86   19.77
 -95900.916    80.138   -27.94   21.58
 -95524.696    74.721   -14.40   19.33
 -95148.474    72.882    -4.89   14.67
 -94772.251    79.698    18.12   16.75
 -94396.141    90.940    29.89   16.97
 -94020.168    96.045    13.58   16.99
 -93644.194    93.773    -6.04   20.11
 -93268.219    93.208    -1.50   20.69
 -92892.242    88.036   -13.76   17.26
 -92516.264    84.200   -10.20   13.98
 -92140.285    87.067     7.62   15.54
 -91764.305    92.725    15.05   20.27
 -91388.323    99.967    19.26   22.44
 -91012.340   111.343    30.26   22.90
 -90636.356   115.072     9.92   22.04
 -90260.370   113.523    -4.12   21.30
 -89884.384   110.804    -7.23   22.64
 -89508.396   111.343     1.44   23.39
 -89132.406   111.775     1.15   19.59
 -88756.416   115.435     9.73   19.93
 -88380.424   116.446     2.69   20.34
 -88004.431   111.245   -13.83   21.42
 -87628.437   106.451   -12.75   23.64
 -87252.441    95.289   -29.69   23.63
 -86876.444    83.694   -30.84   22.81
 -86500.446    73.370   -27.46   17.57
 -86124.446    62.999   -27.58   16.71
 -85748.445    54.881   -21.59   14.04
 -85372.443    50.935   -10.49   10.23
 -84996.440    51.018     0.22    8.92
 -84620.435    56.113    13.55   11.20
 -84244.429    58.961     7.58   11.67
 -83868.422    60.198     3.29   12.57
 -83492.413    62.514     6.16   14.87
 -83116.404    65.497     7.93   16.09
 -82740.392    70.099    12.24   16.61
 -82364.380    74.777    12.44   16.86
 -81988.366    79.781    13.31   19.57
 -81612.351    86.828    18.74   21.16
 -81236.335    96.667    26.17   25.27
 -80860.317   107.883    29.83   21.87
 -80484.298   107.316    -1.51   20.80
 -80108.278   101.667   -15.02   23.82
 -79732.256    94.301   -19.59   20.67
 -79356.233    93.010    -3.43   20.78
 -78980.209    94.472     3.89   20.08
 -78604.183    92.802    -4.44   19.80
 -78228.156    86.215   -17.52   17.34
 -77852.128    82.382   -10.19   17.07
 -77476.098    82.933     1.46   18.20
 -77100.068    87.937    13.31   20.25
 -76724.035    85.420    -6.69   18.70
 -76348.002    85.551     0.35   18.57
 -75971.967    85.988     1.16   17.32
 -75595.931    87.725     4.62   17.19
 -75219.893    93.356    14.98   17.47
 -74843.854   102.728    24.92   18.23
 -74467.814   107.667    13.13   16.35
 -74091.772   104.745    -7.77   19.94
 -73715.730    99.045   -15.16   21.51
 -73339.685    90.884   -21.70   20.69
 -72963.640    87.330    -9.45   19.40
 -72587.593    79.600   -20.56   21.39
 -72211.544    75.153   -11.82   18.92
 -71835.495    70.190   -13.20   17.86
 -71459.444    66.574    -9.61   15.40
 -71083.391    66.395    -0.48   13.23
 -70707.338    68.856     6.55   14.70
 -70331.283    78.472    25.57   16.86
 -69955.226    86.045    20.14   14.37
 -69579.168    88.153     5.61   16.16
 -69203.109    83.991   -11.07   15.95
 -68827.049    78.637   -14.24   13.78
 -68450.987    77.087    -4.12   15.20
 -68074.924    79.461     6.31   14.29
 -67698.859    79.940     1.27   13.28
 -67322.793    77.909    -5.40   13.08
 -66946.726    76.162    -4.65   11.56
 -66570.657    75.198    -2.56   12.66
 -66194.587    72.087    -8.27   11.52
 -65818.515    73.153     2.84   14.51
 -65442.442    76.435     8.73   16.48
 -65066.368    75.369    -2.83   16.08
 -64690.293    77.677     6.14   18.74
 -64314.216    80.964     8.74   19.56
 -63938.137    81.702     1.96   22.74
 -63562.057    78.343    -8.93   21.48
 -63185.976    72.748   -14.88   16.58
 -62809.894    72.235    -1.37   14.36
 -62433.810    73.856     4.31   15.76
 -62057.724    68.497   -14.25   16.59
 -61681.638    61.933   -17.45   14.62
 -61305.549    61.578    -0.94   15.44
 -60929.460    58.959    -6.97   15.74
 -60553.369    53.967   -13.27   16.37
 -60177.276    47.172   -18.07   18.87
 -59801.183    38.266   -23.68   19.30
 -59425.088    26.964   -30.05   15.40
 -59048.991    17.961   -23.94   10.30
 -58672.893    13.119   -12.87    6.73
 -58296.794    11.531    -4.22    5.10
 -57920.693    15.883    11.57    9.01
 -57544.591    23.256    19.60   13.84
 -57168.487    33.343    26.82   15.44
 -56792.382    41.828    22.56   15.02
 -56416.275    50.370    22.71   15.77
 -56040.167    53.134     7.35   16.10
 -55664.058    57.093    10.53   16.73
 -55287.947    58.406     3.49   15.87
 -54911.835    57.606    -2.13   16.16
 -54535.722    55.431    -5.78   15.59
 -54159.606    50.505   -13.10   10.18
 -53783.490    50.370    -0.36   10.57
 -53407.372    52.777     6.40   10.92
 -53031.253    52.369    -1.09   11.76
 -52655.132    50.225    -5.70   10.54
 -52279.010    53.134     7.74   10.28
 -51902.886    57.164    10.71   10.80
 -51526.761    61.578    11.74   12.02
 -51150.634    66.481    13.03   10.15
 -50774.506    65.574    -2.41   11.81
 -50398.377    62.217    -8.92   13.21
 -50022.246    58.586    -9.65   11.19
 -49646.114    58.662     0.20    9.33
 -49269.980    65.014    16.89   14.20
 -48893.845    75.548    28.01   17.24
 -48517.708    81.883    16.84   17.32
 -48141.570    88.231    16.88   15.54
 -47765.430    87.472    -2.02   15.95
 -47389.289    87.198    -0.73   13.86
 -47013.147    86.532    -1.77   13.54
 -46637.003    84.600    -5.14   14.50
 -46260.857    79.420   -13.77   13.99
 -45884.710    73.745   -15.09   13.19
 -45508.562    71.779    -5.23   12.32
 -45132.412    66.301   -14.56   12.11
 -44756.261    64.087    -5.89   12.71
 -44380.108    66.702     6.95   13.16
 -44003.953    65.765    -2.49   13.28
 -43627.798    66.613     2.25   13.78
 -43251.640    66.804     0.51   13.04
 -42875.482    65.748    -2.81   12.77
 -42499.321    65.625    -0.33   13.90
 -42123.160    63.051    -6.84   14.74
 -41746.996    61.036    -5.36   14.58
 -41370.832    61.754     1.91   15.12
 -40994.666    61.728    -0.07   15.55
 -40618.498    62.451     1.92   17.58
 -40242.329    63.725     3.39   17.34
 -39866.158    60.702    -8.03   16.23
 -39489.986    55.578   -13.62   15.87
 -39113.812    49.241   -16.85   13.48
 -38737.637    40.606   -22.95    8.57
 -38361.461    35.382   -13.89    8.60
 -37985.282    29.087   -16.74    8.51
 -37609.103    27.419    -4.43    8.84
 -37232.922    33.198    15.36   12.40
 -36856.739    37.935    12.59   12.74
 -36480.555    42.721    12.72   10.76
 -36104.369    41.548    -3.12    8.20
 -35728.182    40.370    -3.13    6.58
 -35351.993    43.574     8.52    8.32
 -34975.803    48.036    11.86   11.28
 -34599.611    54.146    16.24   11.61
 -34223.418    55.593     3.85   10.77
 -33847.223    55.420    -0.46   11.22
 -33471.027    52.672    -7.31    9.61
 -33094.829    51.967    -1.87    7.68
 -32718.629    51.478    -1.30    7.77
 -32342.428    51.910     1.15    7.53
 -31966.226    50.640    -3.38    8.32
 -31590.022    42.856   -20.69   11.97
 -31213.816    38.950   -10.38   11.07
 -30837.609    38.395    -1.48    9.90
 -30461.401    40.395     5.32   11.42
 -30085.191    45.773    14.30   12.63
 -29708.979    50.625    12.90   11.04
 -29332.766    51.208     1.55    8.70
 -28956.551    51.523     0.84    8.89
 -28580.335    53.725     5.85   10.26
 -28204.117    55.984     6.01    9.22
 -27827.898    58.775     7.42    9.27
 -27451.677    65.087    16.78   10.04
 -27075.454    64.456    -1.68   11.39
 -26699.230    64.301    -0.41   12.48
 -26323.005    60.802    -9.30   13.66
 -25946.777    56.640   -11.06   13.22
 -25570.549    58.559     5.10   15.99
 -25194.318    59.153     1.58   15.83
 -24818.086    60.256     2.93   16.90
 -24441.853    58.931    -3.52   17.55
 -24065.618    53.651   -14.03   17.61
 -23689.382    46.289   -19.57   18.92
 -23313.143    38.292   -21.25   14.65
 -22936.904    31.856   -17.11   10.14
 -22560.662    31.514    -0.91    8.80
 -22184.420    33.856     6.22    7.47
 -21808.175    35.420     4.16    7.06
 -21431.929    36.586     3.10    7.20
 -21055.682    35.961    -1.66    8.59
 -20679.433    37.138     3.13    9.45
 -20303.182    40.397     8.66    8.01
 -19926.929    42.292     5.04    6.24
 -19550.676    41.802    -1.30    6.26
 -19174.686    40.343    -3.88    6.71
 -18798.752    36.937    -9.06    6.76
 -18422.817    34.495    -6.50    5.96
 -18046.880    34.805     0.82    5.92
 -17670.942    34.931     0.34    6.87
 -17295.002    33.559    -3.65    7.26
 -16919.060    33.131    -1.14    7.22
 -16543.117    32.014    -2.97    6.83
 -16167.172    33.343     3.54    5.93
 -15791.226    35.067     4.58    5.40
 -15415.278    34.061    -2.67    7.06
 -15039.328    29.634   -11.78   10.66
 -14663.377    22.748   -18.32   12.15
 -14287.424    16.241   -17.31   10.75
 -13911.470    13.113    -8.32    7.97
 -13535.514     9.395    -9.89    6.10
 -13159.556     8.856    -1.43    5.58
 -12783.597     9.523     1.77    5.71
 -12407.636     9.559     0.10    4.98
 -12031.673    10.578     2.71    4.93
 -11655.709    11.540     2.56    4.53
 -11279.743    12.631     2.90    4.35
 -10903.776    12.099    -1.41    4.77
 -10527.807    13.010     2.42    4.83
 -10151.836    14.488     3.93    5.03
  -9775.864    14.646     0.42    4.80
  -9399.890    16.018     3.65    3.93
  -9023.915    13.431    -6.88    6.23
  -8647.938     9.235   -11.16    7.80
  -8271.959     5.370   -10.28    7.24
  -7895.978     3.262    -5.61    5.54
  -7519.996     5.970     7.20    6.85
  -7144.013     6.933     2.56    5.99
  -6768.027     8.446     4.02    5.41
  -6392.040     7.770    -1.80    4.85
  -6016.052     6.289    -3.94    4.30
  -5640.061     5.505    -2.08    3.97
  -5264.070     5.330    -0.47    3.49
  -4888.076     6.656     3.53    4.53
  -4512.081     8.640     5.28    5.53
  -4136.084    11.961     8.83    5.73
  -3760.085    13.409     3.85    5.58
  -3384.085    13.805     1.05    5.36
  -3008.083    14.721     2.44    5.22
  -2632.080    13.131    -4.23    5.89
  -2256.075     8.409   -12.56    6.92
  -1880.068     5.316    -8.23    6.19
  -1504.059     1.856    -9.20    4.27
  -1128.049    -0.144    -5.32    0.00
   -752.037    -0.144     0.00    0.00
   -376.024    -0.144     0.00    0.00
     -0.008    -0.144     0.00    0.00
    376.008    -0.144     0.00    0.00
    752.027    -0.144     0.00    0.00
   1128.047    -0.144     0.00    0.00
   1504.069    -0.016     0.34    0.80
   1880.093     1.640     4.40    4.40
   2256.118     4.277     7.01    6.36
   2632.145     5.093     2.17    5.95
   3008.173     6.456     3.63    5.59
   3384.204     6.478     0.06    4.33
   3760.236     8.831     6.26    5.18
   4136.269    10.395     4.16    4.41
   4512.305     9.634    -2.02    5.04
   4888.342     7.451    -5.81    6.00
   5264.381     4.478    -7.91    5.40
   5640.421     3.751    -1.93    5.36
   6016.463     2.907    -2.24    4.75
   6392.507     2.856    -0.14    4.51
   6768.553     5.395     6.75    5.88
   7144.600     8.935     9.42    7.06
   7520.649    12.190     8.65    5.63
   7896.700    13.420     3.27    4.88
   8272.752    12.856    -1.50    5.84
   8648.806    11.251    -4.27    6.02
   9024.862    10.370    -2.34    6.28
   9400.920    11.113     1.98    6.60
   9776.979    12.586     3.92    6.43
  10153.040    12.756     0.45    6.69
  10529.103    13.331     1.53    6.19
  10905.167    13.456     0.33    6.04
  11281.233    13.829     0.99    5.74
  11657.301    13.964     0.36    5.12
  12033.371    12.964    -2.66    5.36
  12409.442    12.593    -0.99    5.35
  12785.515    11.384    -3.21    5.74
  13161.590     8.954    -6.46    7.20
  13537.666     6.061    -7.69    7.23
  13913.745     2.883    -8.45    5.05
  14289.825     0.856    -5.39    0.00
  14665.906     0.882     0.07    0.37
  15041.990     1.225     0.91    0.94
  15418.075     1.412     0.50    1.08
  15794.162     2.395     2.61    2.70
  16170.251     5.301     7.73    6.37
  16546.341     8.523     8.57    8.08
  16922.433    12.472    10.50    8.35
  17298.527    16.591    10.95    5.90
  17674.623    17.694     2.93    4.06
  18050.720    16.829    -2.30    3.98
  18426.820    15.804    -2.73    4.15
  18802.921    14.119    -4.48    3.89
  19179.023    13.384    -1.96    3.77
  19555.128    13.164    -0.59    3.40
  19931.234    13.215     0.14    3.23
  20307.342    13.153    -0.16    2.94
  20683.452    12.725    -1.14    3.26
  21059.564    12.304    -1.12    3.06
  21435.677    11.856    -1.19    2.53
  21811.792    12.667     2.16    3.41
  22187.909    14.600     5.14    3.65
  22564.027    15.717     2.97    3.62
  22940.148    16.933     3.23    2.83
  23316.270    15.215    -4.57    4.90
  23692.394    11.294   -10.43    7.08
  24068.520     6.725   -12.15    6.35
  24444.647     2.937   -10.07    2.07
  24820.777     2.559    -1.01    1.29
  25196.908     2.907     0.93    1.50
  25573.041     3.289     1.01    1.77
  25949.175     3.420     0.35    1.87
  26325.312     3.446     0.07    1.94
  26701.450     3.072    -0.99    1.87
  27077.590     3.014    -0.16    1.84
  27453.732     3.113     0.26    1.58
  27829.876     3.343     0.61    1.80
  28206.021     3.775     1.15    2.09
  28582.169     3.754    -0.06    2.00
  28958.318     3.505    -0.66    2.12
  29334.468     3.072    -1.15    2.02
  29710.621     2.593    -1.27    1.52
  30086.776     2.262    -0.88    1.43
  30462.932     3.241     2.60    2.37
  30839.090     5.446     5.86    4.52
  31215.250     7.440     5.30    5.20
  31591.412     9.600     5.74    4.66
  31967.575    11.301     4.52    4.72
  32343.741    11.036    -0.70    4.66
  32719.908    11.382     0.92    4.52
  33096.077    12.316     2.48    4.16
  33472.248    12.991     1.80    4.12
  33848.420    13.856     2.30    3.40
  34224.595    13.420    -1.16    3.70
  34600.771    12.856    -1.50    3.37
  34976.950    10.830    -5.39    4.40
  35353.130     7.804    -8.04    4.39
  35729.311     6.451    -3.60    3.50
  36105.495     6.316    -0.36    3.13
  36481.681     7.342     2.73    2.81
  36857.868     7.113    -0.61    2.50
  37234.057     6.266    -2.25    2.14
  37610.248     5.690    -1.53    1.76
  37986.441     5.933     0.65    2.23
  38362.636     6.134     0.53    2.39
  38738.832     6.488     0.94    2.78
  39115.031     6.959     1.25    2.89
  39491.231     7.593     1.69    2.67
  39867.433     7.397    -0.52    2.57
  40243.637     6.061    -3.55    2.96
  40619.843     5.381    -1.81    3.37
  40996.051     4.775    -1.61    3.45
  41372.260     5.164     1.03    3.67
  41748.472     5.640     1.27    3.46
  42124.685     6.667     2.73    3.32
  42500.900     7.208     1.44    3.02
  42877.117     7.856     1.72    2.90
  43253.336     7.672    -0.49    3.03
  43629.557     7.906     0.62    3.60
  44005.779     8.440     1.42    4.00
  44382.004     9.087     1.72    4.09
  44758.230     9.748     1.76    3.90
  45134.458     9.409    -0.90    3.83
  45510.689     8.882    -1.40    4.65
  45886.921     8.435    -1.19    4.31
  46263.154     8.559     0.33    4.74
  46639.390     9.172     1.63    4.98
  47015.628    10.356     3.15    6.84
  47391.867    10.078    -0.74    7.05
  47768.109    10.010    -0.18    7.79
  48144.352     9.672    -0.90    7.70
  48520.597    11.078     3.74    8.87
  48896.845    11.721     1.71    7.79
  49273.094    12.190     1.25    6.31
  49649.344    13.138     2.52    5.75
  50025.597    13.531     1.04    4.75
  50401.852    13.208    -0.86    4.26
  50778.109    14.906     4.51    6.00
  51154.367    15.935     2.73    5.82
  51530.628    16.988     2.80    5.51
  51906.890    17.208     0.58    5.73
  52283.154    20.241     8.06    5.88
  52659.420    22.382     5.69    5.34
  53035.688    24.551     5.76    2.73
  53411.958    25.651     2.92    2.75
  53788.230    25.828     0.47    2.85
  54164.504    25.600    -0.61    2.74
  54540.780    24.651    -2.52    3.23
  54917.057    24.091    -1.49    3.38
  55293.337    23.018    -2.85    4.70
  55669.542    21.467    -4.12    5.86
  56045.438    21.567     0.26    5.65
  56421.335    20.984    -1.55    5.94
  56797.234    20.991     0.02    5.79
  57173.135    19.010    -5.27    6.28
  57549.039    17.010    -5.32    6.47
  57924.944    16.593    -1.11    6.86
  58300.851    17.126     1.42    7.10
  58676.760    17.318     0.51    6.27
  59052.671    17.909     1.57    6.35
  59428.583    17.301    -1.62    5.61
  59804.498    16.672    -1.67    5.34
  60180.415    14.801    -4.98    6.17
  60556.334    13.777    -2.72    5.99
  60932.254    14.728     2.53    6.54
  61308.177    17.012     6.08    6.91
  61684.101    19.613     6.92    5.26
  62060.028    20.910     3.45    3.66
  62435.956    20.640    -0.72    3.42
  62811.886    19.215    -3.79    4.33
  63187.819    18.505    -1.89    4.12
  63563.753    17.907    -1.59    4.01
  63939.689    16.984    -2.46    4.38
  64315.627    15.523    -3.89    4.84
  64691.567    14.856    -1.77    4.90
  65067.509    14.984     0.34    5.28
  65443.454    15.198     0.57    5.67
  65819.400    16.190     2.64    6.61
  66195.348    19.370     8.46    8.71
  66571.298    24.045    12.44    8.63
  66947.249    26.725     7.13    7.52
  67323.203    28.420     4.51    6.13
  67699.159    29.856     3.82    4.15
  68075.117    29.251    -1.61    4.52
  68451.077    26.882    -6.30    5.83
  68827.039    23.745    -8.35    6.88
  69203.003    19.548   -11.16    5.73
  69578.968    17.045    -6.66    4.17
  69954.936    15.087    -5.21    4.54
  70330.906    12.728    -6.27    5.60
  70706.878     9.251    -9.25    5.87
  71082.852     6.289    -7.88    4.23
  71458.827     5.907    -1.01    4.03
  71834.805     5.395    -1.36    3.58
  72210.785     5.495     0.27    3.97
  72586.767     5.910     1.10    4.70
  72962.750     5.018    -2.37    4.12
  73338.736     4.397    -1.65    1.73
  73714.724     4.600     0.54    1.35
  74090.713     4.974     0.99    1.65
  74466.705     5.156     0.48    1.73
  74842.699     4.961    -0.52    1.62
  75218.695     4.495    -1.24    1.42
  75594.693     4.190    -0.81    0.90
  75970.692     4.072    -0.31    0.75
  76346.694     4.061    -0.03    0.73
  76722.698     4.172     0.29    0.81
  77098.704     4.343     0.46    1.10
  77474.712     4.316    -0.07    1.17
  77850.722     4.382     0.18    1.22
  78226.733     4.431     0.13    1.24
  78602.747     4.995     1.50    2.17
  78978.763     7.478     6.60    5.89
  79354.781     9.235     4.67    7.03
  79730.801     9.045    -0.50    7.07
  80106.823     8.586    -1.22    7.00
  80482.848     6.770    -4.83    5.00
  80858.874     4.781    -5.29    2.42
  81234.902     4.356    -1.13    1.41
  81610.932     4.099    -0.68    1.09
  81986.964     6.446     6.24    6.12
  82362.999    10.777    11.52   10.05
  82739.035    18.225    19.81   11.80
  83115.073    25.172    18.48    7.99
  83491.114    28.164     7.96    5.53
  83867.156    29.801     4.35    4.60
  84243.201    28.856    -2.51    5.26
  84619.247    28.756    -0.27    5.09
  84995.296    29.799     2.77    3.69
  85371.347    29.748    -0.14    2.89
  85747.399    30.180     1.15    2.40
  86123.454    29.397    -2.08    3.39
  86499.511    29.586     0.50    3.93
  86875.570    29.578    -0.02    4.48
  87251.631    28.574    -2.67    5.78
  87627.694    25.882    -7.16    7.16
  88003.759    20.991   -13.00    7.71
  88379.826    15.882   -13.59    8.08
  88755.896    10.909   -13.22    6.05
  89131.967     8.010    -7.71    4.82
  89508.040     7.180    -2.21    6.05
  89884.116    10.548     8.96   10.42
  90260.193    15.217    12.41   13.50
  90636.273    18.488     8.70   14.85
  91012.355    22.343    10.25   15.43
  91388.439    26.450    10.92   14.12
  91764.525    21.113   -14.19   14.14
  92140.613    19.370    -4.63   12.81
  92516.703    19.606     0.63   12.14
  92892.795    24.586    13.24   12.65
  93268.889    32.412    20.81    4.29
  93644.985    33.698     3.42    2.57
  94021.084    33.959     0.69    2.41
  94397.184    31.802    -5.73    4.91
  94773.287    28.343    -9.20    7.49
  95149.392    27.343    -2.66    7.86
  95525.499    27.779     1.16    7.09
  95901.608    28.802     2.72    5.18
  96277.719    28.497    -0.81    4.92
  96653.832    27.559    -2.49    5.62
  97029.947    27.559     0.00    5.63
  97406.065    28.856     3.45    5.97
  97782.184    29.637     2.08    5.83
  98158.306    27.831    -4.80    7.54
  98534.429    28.567     1.96    7.56
  98910.555    30.478     5.08    5.83
  99286.683    32.316     4.89    4.75
  99662.813    32.912     1.58    3.23
 100038.946    32.725    -0.50    3.47
 100415.080    27.984   -12.60    9.77
 100791.216    22.883   -13.56   12.36
 101167.355    21.138    -4.64   12.17
 101543.496    20.600    -1.43   12.70
 101919.639    26.318    15.20   12.42
 102295.784    33.424    18.89    6.91
 102671.931    34.781     3.61    4.65
 103048.080    34.180    -1.60    5.36
 103424.231    32.045    -5.68    7.41
 103800.385    31.018    -2.73    8.71
 104176.541    29.621    -3.72    9.92
 104552.699    28.010    -4.28   10.96
 104928.859    27.010    -2.66   10.63
 105305.021    27.745     1.95   10.87
 105681.185    29.146     3.72   11.80
 106057.351    33.912    12.67   10.23
 106433.520    35.961     5.45    9.88
 106809.691    33.395    -6.82   12.26
 107185.864    31.072    -6.17   13.78
 107562.039    27.961    -8.27   14.20
 107938.216    28.119     0.42   14.56
 108314.395    31.805     9.80   12.56
 108690.577    32.937     3.01   12.27
 109066.760    33.856     2.44   11.10
 109442.946    31.702    -5.73   12.31
 109819.134    30.559    -3.04   12.96
 110195.325    26.883    -9.77   12.94
 110571.517    25.478    -3.74   11.94
 110947.711    28.164     7.14   12.30
 111323.908    31.420     8.66   11.03
 111700.107    30.995    -1.13   10.75
 112076.308    32.805     4.81   11.14
 112452.511    33.412     1.61    9.74
 112828.717    33.301    -0.30    9.39
 113204.924    34.805     4.00    9.44
 113581.134    35.613     2.15   10.25
 113957.346    34.593    -2.71   12.04
 114333.560    35.251     1.75   12.31
 114709.777    36.281     2.74   12.28
 115085.995    38.748     6.56   11.41
 115462.216    42.481     9.92    6.47
 115838.439    42.754     0.72    4.92
 116214.664    41.717    -2.75    5.84
 116590.892    39.153    -6.81    5.57
 116967.121    40.343     3.16    5.57
 117343.353    41.225     2.34    5.39
 117719.587    43.318     5.56    4.35
 118095.823    44.051     1.95    4.47
 118472.061    41.131    -7.76   10.53
 118848.302    36.856   -11.36   13.27
 119224.545    34.828    -5.39   13.24
 119600.790    33.146    -4.47   12.84
 119977.037    32.113    -2.75   12.33
 120353.287    32.540     1.14   12.32
 120729.538    33.370     2.20   11.32
 121105.792    32.600    -2.05   10.86
 121482.048    32.424    -0.47   11.31
 121858.306    33.931     4.01   10.95
 122234.567    34.231     0.80   11.30
 122610.830    35.885     4.39   11.89
 122987.095    36.343     1.22   12.48
 123363.362    35.775    -1.51   12.55
 123739.631    36.289     1.36   11.89
 124115.903    36.935     1.72   11.62
 124492.177    37.495     1.49   12.60
 124868.453    38.100     1.61   13.26
 125244.732    37.651    -1.19   13.33
 125621.012    36.667    -2.62   12.65
 125997.295    36.318    -0.93   11.46
 126373.580    36.646     0.87   10.36
 126749.868    41.330    12.45    6.16
 127126.157    41.495     0.44    6.34
 127502.449    42.138     1.71    6.02
 127878.743    41.967    -0.45    6.48
 128255.040    43.728     4.68    5.78
 128631.338    44.190     1.23    5.83
 129007.639    44.562     0.99    5.59
 129383.942    46.586     5.38    5.66
 129760.248    47.478     2.37    5.81
 130136.555    47.478     0.00    6.28
 130512.865    49.802     6.18    6.55
 130888.916    49.153    -1.72    6.48
 131264.775    50.006     2.27    6.18
 131640.637    51.087     2.88    6.16
 132016.501    51.180     0.25    4.83
 132392.367    50.882    -0.79    4.53
 132768.235    50.461    -1.12    4.46
 133144.106    49.984    -1.27    5.23
 133519.979    50.424     1.17    5.12
 133895.854    51.574     3.06    4.17
 134271.732    51.273    -0.80    3.78
 134647.611    50.933    -0.90    3.44
 135023.494    50.779    -0.41    3.98
 135399.378    51.575     2.12    4.21
 135775.264    51.262    -0.83    4.60
 136151.153    50.991    -0.72    4.89
 136527.045    49.748    -3.31    5.44
 136902.938    48.304    -3.84    5.63
 137278.834    49.018     1.90    5.82
 137654.732    49.728     1.89    5.51
 138030.632    51.548     4.84    4.14
 138406.535    51.935     1.03    3.38
 138782.440    50.370    -4.16    4.37
 139158.347    47.959    -6.41    6.10
 139534.256    45.395    -6.82    7.09
 139910.168    44.802    -1.58    7.00
 140286.082    45.805     2.67    7.21
 140661.999    46.532     1.93    6.91
 141037.918    47.698     3.10    5.67
 141413.839    48.831     3.01    5.49
 141789.762    50.200     3.64    5.15
 142165.688    50.625     1.13    5.32
 142541.616    50.805     0.48    5.26
 142917.546    49.910    -2.38    4.26
 143293.478    50.446     1.42    4.18
 143669.413    51.262     2.17    4.52
 144045.351    51.728     1.24    4.22
 144421.290    52.523     2.11    4.16
 144797.232    53.225     1.87    3.16
 145173.176    51.461    -4.69    3.98
 145549.123    50.395    -2.84    4.05
 145925.072    49.420    -2.59    4.66
 146301.023    48.694    -1.93    5.05
 146676.976    47.330    -3.63    5.58
 147052.932    46.099    -3.27    5.47
 147428.890    45.694    -1.08    6.24
 147804.851    47.330     4.35    6.49
 148180.814    50.669     8.88    4.48
 148556.779    50.548    -0.32    4.67
 148932.746    50.113    -1.16    4.19
 149308.716    49.606    -1.35    3.73
 149684.689    50.548     2.51    4.03
 150060.663    51.289     1.97    3.29
 150436.640    51.779     1.31    2.72
 150812.619    52.330     1.46    2.44
 151188.601    51.698    -1.68    2.53
 151564.585    50.883    -2.17    2.68
 151940.571    50.241    -1.71    3.41
 152316.560    48.138    -5.59    5.74
 152692.551    46.586    -4.13    6.43
 153068.544    44.072    -6.69    7.54
 153444.540    43.235    -2.23    6.95
 153820.538    43.613     1.01    6.95
 154196.539    45.721     5.61    7.18
 154572.542    49.856    11.00    4.29
 154948.547    50.010     0.41    4.92
 155324.555    49.754    -0.68    5.45
 155700.565    49.662    -0.24    5.40
 156076.577    50.702     2.77    5.30
 156452.592    52.559     4.94    3.90
 156828.609    52.277    -0.75    4.49
 157204.628    49.777    -6.65    8.18
 157580.650    45.138   -12.34   11.14
 157956.674    43.586    -4.13   10.97
 158332.701    43.190    -1.05   11.76
 158708.730    42.131    -2.81   11.95
 159084.762    44.356     5.92   10.19
 159460.795    46.067     4.55   10.26
 159836.832    48.559     6.63    9.61
 160212.870    53.262    12.51    3.07
 160588.911    52.775    -1.29    4.26
 160964.955    51.217    -4.14    4.44
 161341.000    49.756    -3.89    4.37
 161717.048    49.446    -0.83    4.64
 162093.099    49.856     1.09    4.26
 162469.152    50.010     0.41    3.54
 162845.207    49.751    -0.69    3.13
 163221.265    49.514    -0.63    3.20
 163597.325    50.040     1.40    2.62
 163973.388    49.831    -0.56    3.39
 164349.453    49.126    -1.87    3.97
 164725.521    47.567    -4.15    5.92
 165101.590    45.318    -5.98    7.23
 165477.663    40.245   -13.49   11.31
 165853.737    36.907    -8.88   11.45
 166229.815    36.208    -1.86   11.88
 166605.894    36.856     1.72   12.49
 166981.976    38.397     4.10   12.48
 167358.060    35.690    -7.20   13.48
 167734.147    34.113    -4.19   12.10
 168110.237    35.956     4.90   12.44
 168486.328    40.964    13.32   12.03
 168862.422    48.420    19.83    9.04
 169238.519    52.593    11.10    7.42
 169614.618    56.138     9.43    5.16
 169990.719    54.698    -3.83    6.39
 170366.823    51.754    -7.83    7.04
 170742.930    46.940   -12.80    8.32
 171119.038    43.672    -8.69    7.80
 171495.149    45.395     4.58    9.19
 171871.263    48.217     7.51   10.62
 172247.379    52.754    12.06    8.49
 172623.498    55.532     7.39    7.71
 172999.619    57.208     4.46    7.02
 173375.742    59.991     7.40    7.23
 173751.868    59.523    -1.25    8.21
 174127.997    62.420     7.70    8.20
 174504.127    63.490     2.84    9.39
 174880.261    65.072     4.21    9.93
 175256.396    64.106    -2.57   11.33
 175632.535    62.304    -4.79   11.42
 176008.675    63.754     3.86   11.99
 176384.818    66.072     6.16   12.93
 176760.964    72.531    17.17   12.88
 177137.112    77.883    14.23   11.04
 177513.263    79.018     3.02   10.47
 177889.416    78.619    -1.06   10.78
 178265.571    77.742    -2.33    9.69
 178641.729    79.395     4.39    8.93
 179017.890    82.779     9.00    8.26
 179394.053    83.273     1.31    9.62
 179770.218    75.829   -19.79   17.43
 180146.386    68.775   -18.75   16.37
 180522.556    66.119    -7.06   13.88
 180898.729    70.156    10.73   13.80
 181274.905    76.586    17.09   11.66
 181651.083    80.805    11.22    9.13
 182027.263    81.698     2.37    8.55
 182403.446    82.540     2.24    7.30
 182779.631    82.072    -1.24    7.86
 183155.819    78.156   -10.41   11.76
 183532.009    72.751   -14.37   12.46
 183908.202    70.640    -5.61   12.16
 184284.398    67.289    -8.91   11.93
 184660.596    65.801    -3.96   11.18
 185036.796    59.113   -17.78   14.26
 185412.999    48.113   -29.24   12.21
 185789.204    44.513    -9.57   10.00
 186165.412    46.262     4.65   11.34
 186541.623    54.235    21.19   10.06
 186917.836    56.072     4.89    9.89
 187294.051    51.681   -11.67   13.14
 187670.269    46.721   -13.18   12.04
 188046.490    45.988    -1.95   10.96
 188422.713    49.961    10.56   11.64
 188798.938    57.728    20.64   10.73
 189175.166    65.775    21.39    9.91
 189551.397    71.131    14.24   10.67
 189927.630    77.514    16.97   11.11
 190303.866    82.301    12.72   11.01
 190680.104    86.856    12.11    7.83
 191056.345    89.884     8.05    6.30
 191432.588    90.600     1.90    6.36
 191808.834    86.728   -10.29   11.12
 192185.082    83.033    -9.82   13.35
 192561.333    76.802   -16.56   14.15
 192937.587    71.478   -14.15   11.55
 193313.843    67.343   -10.99   12.04
 193690.101    61.087   -16.63   15.19
 194066.362    55.961   -13.62   16.07
 194442.626    48.497   -19.84   10.97
 194818.892    50.754     6.00   12.50
 195195.161    62.625    31.55   17.80
 195571.432    75.478    34.16   16.27
 195947.706    83.959    22.54   10.13
 196323.983    89.198    13.93    7.51
 196700.262    90.912     4.55    7.69
 197076.543    91.126     0.57    8.40
 197452.827    88.828    -6.11   10.30
 197829.114    84.126   -12.50   12.38
 198205.403    80.600    -9.37   12.94
 198581.695    78.950    -4.38   13.49
 198957.989    72.198   -17.94   16.22
 199334.286    61.435   -28.60   16.70
 199710.586    54.801   -17.63   12.08
 200086.888    50.420   -11.64    6.19
 200463.193    49.235    -3.15    4.70
 200839.500    49.266     0.08    5.49
 201215.810    49.856     1.57    6.43
 201592.122    52.318     6.54    8.34
 201968.437    55.961     9.68   11.76
 202344.755    64.292    22.14   15.03
 202721.075    72.702    22.35   14.59
 203097.398    76.912    11.19   11.51
 203473.724    75.964    -2.52   14.18
 203850.052    70.802   -13.72   16.45
 204226.382    61.964   -23.49   15.06
 204602.715    57.856   -10.92   11.39
 204979.051    56.033    -4.85    7.33
 205355.390    53.456    -6.85    8.33
 205731.731    51.574    -5.00    8.80
 206107.574    45.245   -16.84   13.66
 206483.397    36.574   -23.07   14.30
 206859.223    33.343    -8.60   13.29
 207235.051    38.215    12.97   16.52
 207610.882    45.909    20.47   15.76
 207986.716    51.651    15.28   14.37
 208362.552    53.613     5.22   14.51
 208738.391    53.830     0.58   14.46
 209114.232    54.181     0.93   13.86
 209490.076    54.384     0.54   13.16
 209865.923    51.370    -8.02   10.73
 210241.772    50.883    -1.29    9.08
 210617.624    51.829     2.52    9.10
 210993.478    53.126     3.45    8.96
 211369.335    53.542     1.11    8.45
 211745.195    53.481    -0.16    9.68
 212121.057    54.567     2.89    8.75
 212496.922    56.180     4.29   10.11
 212872.790    57.266     2.89   10.71
 213248.660    58.198     2.48   11.89
 213624.533    60.304     5.60   11.73
 214000.409    62.461     5.74   12.82
 214376.287    63.907     3.85   13.03
 214752.168    66.424     6.69   13.09
 215128.051    67.804     3.67   15.29
 215503.937    67.631    -0.46   15.37
 215879.826    65.770    -4.95   13.77
 216255.717    64.532    -3.30   13.17
 216631.611    63.072    -3.88   11.91
 217007.508    63.208     0.36   11.55
 217383.407    63.532     0.86   10.95
 217759.309    65.078     4.11   12.02
 218135.213    67.506     6.46   13.07
 218511.121    68.567     2.82   13.14
 218887.031    66.586    -5.27   12.84
 219262.943    63.036    -9.44    7.98
 219638.858    62.067    -2.58    7.03
 220014.776    63.831     4.69    8.29
 220390.697    66.099     6.04    9.42
 220766.620    70.856    12.65   11.64
 221142.546    74.078     8.57   12.59
 221518.474    77.619     9.42   14.36
 221894.406    80.256     7.01   14.61
 222270.339    80.828     1.52   14.26
 222646.276    82.593     4.70   14.50
 223022.215    86.153     9.47   14.03
 223398.157    91.586    14.45   13.56
 223774.102    95.478    10.35   13.84
 224150.049    96.412     2.48   14.18
 224525.999    94.138    -6.05   13.01
 224901.952    94.420     0.75   12.93
 225277.907    89.514   -13.05   13.50
 225653.865    83.087   -17.10   12.19
 226029.826    80.369    -7.23   10.97
 226405.789    83.831     9.21   12.69
 226781.755    92.099    21.99   13.01
 227157.724    97.343    13.95   11.39
 227533.695    99.967     6.98    9.93
 227909.670   100.831     2.30   11.35
 228285.646   103.318     6.62   10.24
 228661.626   106.356     8.08    6.97
 229037.608   101.805   -12.11   12.18
 229413.593    94.640   -19.06   15.01
 229789.581    84.856   -26.02   15.56
 230165.571    77.289   -20.13   10.57
 230541.565    76.384    -2.41    9.99
 230917.560    71.014   -14.28    8.12
 231293.559    69.882    -3.01    8.81
 231669.560    68.235    -4.38    7.55
 232045.564    68.138    -0.26    6.64
 232421.571    69.395     3.34    6.60
 232797.580    67.600    -4.77    7.58
 233173.592    65.775    -4.85    8.47
 233549.607    64.754    -2.72    7.58
 233925.625    63.910    -2.24    6.39
 234301.645    64.702     2.11    5.81
 234677.668    67.382     7.13    6.26
 235053.694    72.419    13.39    9.97
 235429.723    74.190     4.71    9.50
 235805.754    74.830     1.70    9.20
 236181.788    74.235    -1.58    8.49
 236557.824    75.370     3.02    8.15
 236933.864    76.773     3.73    8.62
 237309.906    77.909     3.02   10.46
 237685.951    77.036    -2.32   12.09
 238061.999    74.991    -5.44   11.44
 238438.049    73.010    -5.27    9.48
 238814.102    74.677     4.43   11.30
 239190.158    75.061     1.02   10.74
 239566.217    73.478    -4.21   11.46
 239942.279    69.702   -10.04    6.54
 240318.343    66.802    -7.71    6.00
 240694.410    66.225    -1.54    8.05
 241070.479    64.829    -3.71    7.75
 241446.552    64.294    -1.42    7.64
 241822.627    63.831    -1.23    8.99
 242198.705    62.961    -2.31    9.35
 242574.786    62.134    -2.20    9.60
 242950.870    60.164    -5.24    8.17
 243326.956    60.773     1.62    8.55
 243703.045    63.725     7.85   11.05
 244079.137    68.190    11.87   11.43
 244455.231    68.586     1.05   11.78
 244831.329    63.395   -13.80   12.08
 245207.429    58.138   -13.98   12.05
 245583.532    54.728    -9.07    9.17
 245959.638    54.099    -1.67    8.21
 246335.746    56.231     5.67    7.09
 246711.858    58.424     5.83    4.68
 247087.972    56.937    -3.95    7.57
 247464.089    55.532    -3.74    7.11
 247840.208    55.280    -0.67    7.55
 248216.331    54.600    -1.81    7.91
 248592.456    56.036     3.82    7.99
 248968.584    57.912     4.99   10.67
 249344.715    62.574    12.40   14.22
 249720.849    65.356     7.40   12.45
 250096.985    68.830     9.24   11.71
 250473.125    72.600    10.02   14.25
 250849.267    80.126    20.01   15.54
 251225.412    86.225    16.21   11.94
 251601.559    86.523     0.79   12.15
 251977.710    84.631    -5.03   12.59
 252353.863    81.964    -7.09   11.17
 252730.019    84.779     7.48   11.55
 253106.178    85.356     1.53   11.79
 253482.340    83.586    -4.71   11.98
 253858.505    79.180   -11.71   13.16
 254234.672    70.912   -21.98   13.59
 254610.842    69.241    -4.44   13.00
 254987.015    68.959    -0.75   11.58
 255363.191    70.578     4.31   11.74
 255739.370    73.523     7.83   10.26
 256115.551    73.106    -1.11   10.30
 256491.736    70.304    -7.45    8.70
 256867.923    68.241    -5.48    7.54
 257244.113    67.694    -1.45    6.46
 257620.306    68.646     2.53    6.59
 257996.502    69.277     1.68    6.36
 258372.700    70.906     4.33    6.36
 258748.902    72.424     4.03    6.21
 259125.106    72.831     1.08    5.91
 259501.313    73.292     1.23    6.18
 259877.523    74.478     3.15    5.94
 260253.736    76.018     4.10    5.79
 260629.951    76.018     0.00    5.98
 261006.170    76.138     0.32    5.41
 261382.391    77.420     3.41    4.96
 261758.615    78.801     3.67    6.41
 262134.842    82.481     9.78    7.61
 262511.072    86.277    10.09    7.45
 262887.305    89.606     8.85    8.21
 263263.541    90.318     1.89    8.94
 263639.779    89.382    -2.49   10.14
 264016.021    86.014    -8.95   10.42
 264392.265    81.435   -12.17    8.32
 264768.512    80.181    -3.33    6.91
 265144.762    78.613    -4.17    7.48
 265521.015    78.656     0.11    6.81
 265897.271    78.343    -0.83    6.99
 266273.529    75.667    -7.11    6.46
 266649.791    74.153    -4.02    6.70
 267026.055    73.235    -2.44    6.54
 267402.322    73.014    -0.59    6.75
 267778.592    73.907     2.37    7.74
 268154.865    74.235     0.87    9.01
 268531.141    75.625     3.70   11.48
 268907.420    76.040     1.10   13.30
 269283.702    73.606    -6.47   15.07
 269659.986    68.036   -14.80   15.66
 270036.274    65.266    -7.36   13.97
 270412.564    61.548    -9.88   12.45
 270788.857    61.225    -0.86   12.42
 271165.154    61.651     1.13   13.48
 271541.453    62.235     1.55   12.91
 271917.755    62.331     0.26   13.00
 272294.060    62.556     0.60   12.71
 272670.367    61.745    -2.16   12.65
 273046.678    60.099    -4.37   10.51
 273422.992    58.694    -3.73   11.60
 273799.308    56.586    -5.60   12.52
 274175.628    53.804    -7.39   12.88
 274551.950    50.634    -8.42   12.87
 274928.275    48.959    -4.45   11.99
 275304.603    47.198    -4.68   12.10
 275680.934    45.613    -4.21   13.14
 276057.268    44.446    -3.10   13.27
 276433.605    43.304    -3.04   14.04
 276809.945    39.409   -10.35   13.21
 277186.288    36.540    -7.62   12.36
 277562.634    34.779    -4.68   10.22
 277938.982    34.748    -0.08    8.15
 278315.334    33.497    -3.32    8.96
 278691.689    33.206    -0.77    8.88
 279068.046    32.245    -2.55    8.31
 279444.406    32.208    -0.10    9.02
 279820.770    32.153    -0.14    9.05
 280197.136    33.289     3.02    9.92
 280573.505    33.829     1.44   10.78
 280949.677    34.428     1.59   10.61
 281325.463    34.356    -0.19   10.48
 281701.252    33.933    -1.13   10.03
 282077.044    36.045     5.62    9.49
 282452.838    41.472    14.44    6.28
 282828.636    45.014     9.43    5.94
 283204.436    48.567     9.45    6.58
 283580.239    52.099     9.40    5.49
 283956.046    52.754     1.74    4.71
 284331.855    55.694     7.82    7.25
 284707.667    61.754    16.12   12.72
 285083.483    68.456    17.84   13.86
 285459.301    79.150    28.46   11.12
 285835.122    85.802    17.70    9.79
 286210.946    87.397     4.24   12.99
 286586.773    87.910     1.37   15.54
 286962.603    90.370     6.54   15.67
 287338.436    90.190    -0.48   16.34
 287714.272    87.956    -5.94   15.98
 288090.111    84.343    -9.61   15.74
 288465.953    81.180    -8.42   14.73
 288841.798    79.702    -3.93   15.45
 289217.646    82.751     8.11   16.83
 289593.496    85.369     6.97   16.56
 289969.350    88.289     7.77   15.98
 290345.207    91.420     8.33   15.46
 290721.067    92.745     3.52   14.26
 291096.929    98.113    14.28   13.10
 291472.795   100.061     5.18   11.97
 291848.664   103.121     8.14   10.12
 292224.536   104.586     3.90    6.93
 292600.410   104.126    -1.22    5.48
 292976.288   102.093    -5.41    4.74
 293352.169   101.093    -2.66    5.03
 293728.052   100.640    -1.21    5.18
 294103.939   100.881     0.64    5.72
 294479.829   102.728     4.91    6.03
 294855.721   104.540     4.82    6.02
 295231.617   106.435     5.04    5.81
 295607.516   108.567     5.67    4.99
 295983.417   108.164    -1.07    6.00
 296359.322   104.245   -10.43   11.80
 296735.230    94.010   -27.23   17.52
 297111.140    81.384   -33.59   18.83
 297487.054    73.266   -21.60   13.93
 297862.971    69.625    -9.69   12.23
 298238.891    73.231     9.59   15.49
 298614.813    82.721    25.25   18.96
 298990.739    93.856    29.62   18.52
 299366.668    98.775    13.09   16.32
 299742.600   103.548    12.70   10.61
 300118.535   102.991    -1.48    8.44
 300494.473   102.728    -0.70    6.28
 300870.413   101.061    -4.43    9.34
 301246.357   101.725     1.76    9.55
 301622.304   102.937     3.23    4.54
 301998.254   101.702    -3.29    4.67
 302374.207   100.370    -3.54    4.27
 302750.164    99.456    -2.43    4.40
