# NaN NaN NaN ;Mean Elev.(m), Avg Gradient(m/km), RMS Gradient(m/km) - SRTM1     
#   24.476   0.787   7.295 ;Mean Elev.(m), Avg Gradient(m/km), RMS Gradient(m/km) - ASTER GDEM
#   23.365   0.182   4.791 ;Mean Elev.(m), Avg Gradient(m/km), RMS Gradient(m/km) - GMTED2010 
  7    40.602 52452.59272238 25.12 296.072922  -3.813517 30.865
  7    40.455 52452.59272303 23.47 296.072192  -3.816827 30.865
  7    40.581 52452.59272367 23.59 296.071472  -3.820127 30.865
  8    33.427 52487.59270291 36.13 296.081303  -3.813050 33.652
  8    33.115 52487.59270355 30.63 296.080573  -3.816360 33.652
  8    33.084 52487.59270420 29.02 296.079843  -3.819660 33.652
  8    33.408 52487.59270484 30.40 296.079113  -3.822970 33.652
  9    31.196 52522.59267438 44.37 296.079555  -3.811894 18.869
  9    30.939 52522.59267503 36.30 296.078825  -3.815194 18.869
  9    30.997 52522.59267567 39.34 296.078095  -3.818504 18.869
  9    31.060 52522.59267632 43.68 296.077373  -3.821802  7.334
 10    29.778 52557.59272552 19.35 296.074703  -3.813034  7.644
 10    29.136 52557.59272616 15.88 296.073973  -3.816334  7.644
 10    30.407 52557.59272681 17.11 296.073243  -3.819644  7.644
 11    27.181 52592.59272218 32.83 296.074593  -3.811866  4.846
 11    27.106 52592.59272282 32.22 296.073863  -3.815176  4.846
 11    27.131 52592.59272347 31.51 296.073143  -3.818476  4.846
 11    27.309 52592.59272411 31.22 296.072413  -3.821786  4.846
 12    29.782 52627.59264104 38.27 296.087297  -3.811894  9.105
 12    29.736 52627.59264169 36.73 296.086567  -3.815194  9.105
 12    29.380 52627.59264233 35.09 296.085837  -3.818504  9.105
 12    29.515 52627.59264298 35.40 296.085117  -3.821804  9.105
 12    29.637 52627.59264362 36.58 296.084387  -3.825114  9.105
 13    30.002 52662.59268511 29.94 296.078150  -3.813360 15.465
 13    29.603 52662.59268575 20.64 296.077420  -3.816660 15.465
 13    29.956 52662.59268640 20.17 296.076690  -3.819970 15.465
 13    30.144 52662.59268704 26.36 296.075970  -3.823270 15.465
 14    29.610 52697.59266113 32.60 296.083062  -3.812126 25.430
 14    29.326 52697.59266178 20.32 296.082342  -3.815426 25.430
 14    29.304 52697.59266242 18.62 296.081612  -3.818736 25.430
 14    29.737 52697.59266307 21.72 296.080878  -3.822032 11.281
 15    31.434 52732.59268296 45.32 296.088132  -3.810898 23.282
 15    31.296 52732.59268360 31.33 296.087402  -3.814198 23.282
 15    30.953 52732.59268425 25.12 296.086672  -3.817508 23.282
 15    31.138 52732.59268489 22.21 296.085947  -3.820804  5.601
 15    31.459 52732.59268554 24.74 296.085217  -3.824114  5.601
 16    33.107 52767.59269162 37.68 296.076256  -3.811919 34.198
 16    32.653 52767.59269227 27.58 296.075536  -3.815219 34.198
 16    32.627 52767.59269291 27.04 296.074806  -3.818529 34.198
 16    33.056 52767.59269356 28.40 296.074076  -3.821829 34.198
 17    34.438 52802.59270407 46.62 296.080230  -3.810954 18.304
 17    34.327 52802.59270471 38.02 296.079500  -3.814254 18.304
 17    33.934 52802.59270536 31.19 296.078770  -3.817564 18.304
 17    34.287 52802.59270600 32.47 296.078040  -3.820864 18.304
 18    34.445 52837.59276882 49.19 296.082120  -3.811264 19.763
 18    34.398 52837.59276946 43.49 296.081390  -3.814564 19.763
 18    34.411 52837.59277011 43.36 296.080660  -3.817874 19.763
 18    34.423 52837.59277075 45.29 296.079930  -3.821174 19.763
 18    34.458 52837.59277140 47.81 296.079200  -3.824484 19.763
 19    32.252 52872.59280886 48.86 296.082082  -3.810296 16.260
 19    32.244 52872.59280951 49.15 296.081352  -3.813606 16.260
 19    32.147 52872.59281015 41.45 296.080632  -3.816906 16.260
 19    32.198 52872.59281079 47.66 296.079902  -3.820216 16.260
 19    32.139 52872.59281144 50.47 296.079172  -3.823516 16.260
 20    29.727 52907.59279655 41.95 296.083444  -3.810749 22.186
 20    29.344 52907.59279720 31.12 296.082714  -3.814049 22.186
 20    26.423 52907.59279784 20.34 296.081984  -3.817359 22.186
 20    26.555 52907.59279849 19.56 296.081264  -3.820659 22.186
 20    30.954 52907.59279913 18.92 296.080534  -3.823969 22.186
 21    28.878 52942.59272345 36.22 296.086703  -3.809904  9.785
 21    26.236 52942.59272409 36.58 296.085973  -3.813204  9.785
 21    26.208 52942.59272474 35.94 296.085243  -3.816514  9.785
 21    26.054 52942.59272538 35.83 296.084513  -3.819814  9.785
 21    26.157 52942.59272602 36.13 296.083783  -3.823124  9.785
 23    29.364 53012.59278179 27.69 296.076434  -3.813653 17.069
 23    28.644 53012.59278243 25.60 296.075704  -3.816963 17.069
 23    28.810 53012.59278308 26.60 296.074974  -3.820263 17.069
 24    29.616 53047.59274959 29.97 296.078728  -3.812108 26.784
 24    29.329 53047.59275024 18.04 296.077996  -3.815413  7.103
 24    27.983 53047.59275088 19.36 296.077266  -3.818723  7.103
 24    28.297 53047.59275153 22.58 296.076536  -3.822023  7.103
 25    27.925 53082.59278512 22.76 296.072778  -3.814228 10.977
 25    28.677 53082.59278577 24.74 296.072048  -3.817528 10.977
 25    29.029 53082.59278641 29.76 296.071318  -3.820838 10.977
 26    31.387 53117.59275501 34.12 296.074918  -3.814210  6.861
 26    31.487 53117.59275565 34.93 296.074188  -3.817520  6.861
 26    31.545 53117.59275630 37.94 296.073468  -3.820820  6.861
 27    32.052 53152.59280454 28.17 296.073966  -3.813951 12.215
 27    31.653 53152.59280519 23.11 296.073236  -3.817251 12.215
 27    32.094 53152.59280583 23.68 296.072506  -3.820561 12.215
 28    32.268 53187.59279082 44.90 296.087859  -3.809094 11.899
 28    32.233 53187.59279147 40.59 296.087129  -3.812394 11.899
 28    31.961 53187.59279211 31.27 296.086399  -3.815704 11.899
 28    31.820 53187.59279276 32.26 296.085679  -3.819004 11.899
 28    32.145 53187.59279340 32.43 296.084949  -3.822314 11.899
 28    32.164 53187.59279405 35.29 296.084219  -3.825614 11.899
 29    31.641 53222.59281249 42.48 296.081872  -3.811411 25.744
 29    31.341 53222.59281313 31.55 296.081142  -3.814721 25.744
 29    31.494 53222.59281378 28.84 296.080412  -3.818021 25.744
 29    31.667 53222.59281442 32.17 296.079682  -3.821331 25.744
 30    27.985 53257.59278876 28.39 296.075648  -3.812852 14.912
 30    27.768 53257.59278940 23.15 296.074918  -3.816162 14.912
 30    28.017 53257.59279005 25.41 296.074188  -3.819462 14.912
 30    28.090 53257.59279069 34.87 296.073458  -3.822772 14.912
 31    28.141 53292.59280790 21.97 296.071374  -3.814096 21.257
 31    28.686 53292.59280855 25.89 296.070644  -3.817396 21.257
 31    29.215 53292.59280919 31.45 296.069914  -3.820706 21.257
 32    29.127 53327.59278095 32.50 296.082794  -3.810312 21.409
 32    29.012 53327.59278159 32.54 296.082064  -3.813612 21.409
 32    28.853 53327.59278224 13.92 296.081334  -3.816922 21.409
 32    27.100 53327.59278288 15.56 296.080604  -3.820222 21.409
 32    27.318 53327.59278353 19.65 296.079874  -3.823532 21.409
 33    28.951 53362.59273609 29.67 296.084291  -3.811708 20.709
 33    28.726 53362.59273673 25.39 296.083561  -3.815018 20.709
 33    28.662 53362.59273738 17.36 296.082831  -3.818318 20.709
 33    28.747 53362.59273802 17.41 296.082101  -3.821628 20.709
 33    28.913 53362.59273867 25.50 296.081371  -3.824928 20.709
 34    29.679 53397.59275754 35.98 296.078799  -3.810746 21.271
 34    29.621 53397.59275819 22.98 296.078069  -3.814046 21.271
 34    28.586 53397.59275883 16.71 296.077339  -3.817356 21.271
 34    28.554 53397.59275948 18.89 296.076609  -3.820656 21.271
 35    30.278 53432.59274918 32.96 296.082642  -3.812881 17.548
 35    30.131 53432.59274982 31.77 296.081912  -3.816181 17.548
 35    30.336 53432.59275047 40.60 296.081182  -3.819491 17.548
 35    30.388 53432.59275111 45.84 296.080452  -3.822791 17.548
 36    31.863 53467.59278527 44.21 296.078896  -3.812017 21.137
 36    31.712 53467.59278591 37.50 296.078166  -3.815317 21.137
 36    31.786 53467.59278656 41.54 296.077436  -3.818627 21.137
 36    31.756 53467.59278720 46.17 296.076706  -3.821927 21.137
 37    33.125 53502.59283660 30.53 296.073942  -3.813932 27.161
 37    32.831 53502.59283725 25.38 296.073212  -3.817232 27.161
 37    33.154 53502.59283789 25.71 296.072482  -3.820542 27.161
 38    33.522 53537.59282978 47.96 296.079920  -3.811490 22.789
 38    33.392 53537.59283042 42.41 296.079190  -3.814800 22.789
 38    33.457 53537.59283107 41.71 296.078460  -3.818100 22.789
 38    33.480 53537.59283171 43.70 296.077730  -3.821410 22.789
 39    31.217 53572.59283389 27.52 296.074791  -3.814446 18.232
 39    30.968 53572.59283453 24.66 296.074061  -3.817746 18.232
 39    31.291 53572.59283517 23.83 296.073331  -3.821056 18.232
 40    29.896 53607.59278195 41.57 296.079919  -3.811502 11.621
 40    29.877 53607.59278259 24.89 296.079199  -3.814802 11.621
 40    24.188 53607.59278324 25.61 296.078469  -3.818112 11.621
 40    24.421 53607.59278388 24.70 296.077739  -3.821412 11.621
 41    21.712 53642.59278330 43.01 296.077831  -3.812291  9.398
 41    21.975 53642.59278394 35.51 296.077101  -3.815591  9.398
 41    21.726 53642.59278459 33.70 296.076371  -3.818901  9.398
 41    21.801 53642.59278523 39.72 296.075641  -3.822201  9.398
 42    23.713 53677.59280237 37.79 296.074535  -3.812556 10.464
 42    23.280 53677.59280301 31.92 296.073805  -3.815856 10.464
 42    23.283 53677.59280366 30.14 296.073075  -3.819166 10.464
 42    23.509 53677.59280430 30.74 296.072345  -3.822466 10.464
 43    29.177 53712.59273079 39.16 296.083936  -3.811749 11.690
 43    28.932 53712.59273143 25.49 296.083206  -3.815059 11.690
 43    26.207 53712.59273208 20.89 296.082476  -3.818359 11.690
 43    26.411 53712.59273272 19.25 296.081746  -3.821669 11.690
 43    30.930 53712.59273337 18.98 296.081016  -3.824969 11.690
 44    29.686 53747.59264297 38.75 296.084131  -3.809506 23.098
 44    29.148 53747.59264361 30.00 296.083401  -3.812816 23.098
 44    29.112 53747.59264426 17.25 296.082671  -3.816116 23.098
 44    28.691 53747.59264490 15.17 296.081941  -3.819426 23.098
 44    27.911 53747.59264555 17.53 296.081211  -3.822726 23.098
 45    30.444 53782.59267449 36.95 296.083931  -3.812651 25.884
 45    30.256 53782.59267514 26.39 296.083201  -3.815961 25.884
 45    30.217 53782.59267578 23.19 296.082471  -3.819261 25.884
 45    30.458 53782.59267643 27.16 296.081741  -3.822571 25.884
 46    31.638 53817.59263902 41.23 296.083717  -3.811987 21.449
 46    31.516 53817.59263966 28.07 296.082987  -3.815287 21.449
 46    31.114 53817.59264030 23.70 296.082267  -3.818597 21.449
 46    31.557 53817.59264095 25.75 296.081537  -3.821897 21.449
 47    32.647 53852.59271356 34.27 296.075025  -3.813985 16.097
 47    32.660 53852.59271420 34.17 296.074295  -3.817295 16.097
 47    32.828 53852.59271485 37.78 296.073565  -3.820595 16.097
 48    33.890 53887.59271878 44.76 296.088739  -3.810906 33.291
 48    33.835 53887.59271943 38.99 296.088009  -3.814216 33.291
 48    33.395 53887.59272007 31.82 296.087279  -3.817516 33.291
 48    33.770 53887.59272072 32.54 296.086549  -3.820826 33.291
 48    33.819 53887.59272136 38.93 296.085829  -3.824126 33.291
 49    32.073 53922.59279053 31.74 296.069859  -3.814153 13.926
 49    32.023 53922.59279117 32.21 296.069129  -3.817463 13.926
 49    32.069 53922.59279182 30.93 296.068409  -3.820763 13.926
 50    29.697 53957.59278455 23.00 296.072206  -3.812046 16.277
 50    29.054 53957.59278519 16.62 296.071476  -3.815356 16.277
 50    28.079 53957.59278584 21.77 296.070746  -3.818656 16.277
 50    28.214 53957.59278648 32.83 296.070016  -3.821966 16.277
 51    24.049 53992.59270829 30.53 296.083271  -3.810068 11.669
 51    24.347 53992.59270893 31.76 296.082541  -3.813378 11.669
 51    24.305 53992.59270957 33.84 296.081811  -3.816678 11.669
 51    24.346 53992.59271022 34.24 296.081081  -3.819988 11.669
 51    24.309 53992.59271086 32.94 296.080351  -3.823288 11.669
 52    29.366 54027.59277199 13.54 296.080890  -3.813014 10.217
 52    29.686 54027.59277264 11.42 296.080160  -3.816314 10.217
 52    30.457 54027.59277328 11.14 296.079430  -3.819624 10.217
 52    30.757 54027.59277393 11.84 296.078710  -3.822924 10.217
 53    29.356 54062.59276527 12.95 296.085013  -3.810616  7.154
 53    29.195 54062.59276591 12.31 296.084283  -3.813926  7.154
 53    29.901 54062.59276656 12.06 296.083553  -3.817226  7.154
 53    30.613 54062.59276720 11.19 296.082823  -3.820536  7.154
 53    31.207 54062.59276785 11.68 296.082103  -3.823836  7.154
 54    29.622 54097.59273516 26.94 296.080076  -3.811435 14.680
 54    29.453 54097.59273580 16.86 296.079346  -3.814735 14.680
 54    28.607 54097.59273644 16.88 296.078616  -3.818045 14.680
 54    28.701 54097.59273709 16.77 296.077886  -3.821345 14.680
 55    30.704 54132.59268750 42.00 296.080573  -3.810962 25.549
 55    30.574 54132.59268815 29.38 296.079843  -3.814262 25.549
 55    30.188 54132.59268879 22.47 296.079113  -3.817572 25.549
 55    30.551 54132.59268944 21.33 296.078383  -3.820872 25.549
 56    29.915 54167.59270898 33.01 296.078787  -3.811992 11.262
 56    29.608 54167.59270962 24.63 296.078057  -3.815302 11.262
 56    29.739 54167.59271027 23.15 296.077327  -3.818602 11.262
 56    30.030 54167.59271091 28.11 296.076597  -3.821912 11.262
 57    31.442 54202.59269121 39.57 296.079447  -3.811809 24.017
 57    31.142 54202.59269185 26.51 296.078717  -3.815109 24.017
 57    30.738 54202.59269250 22.71 296.077987  -3.818419 24.017
 57    31.200 54202.59269314 25.41 296.077257  -3.821719 24.017
 58    33.070 54237.59272601 49.31 296.081511  -3.810453 19.258
 58    33.074 54237.59272666 37.81 296.080791  -3.813753 19.258
 58    32.944 54237.59272730 36.75 296.080061  -3.817063 19.258
 58    33.002 54237.59272794 42.81 296.079331  -3.820363 19.258
 58    33.147 54237.59272859 45.01 296.078601  -3.823673 19.258
 59    33.695 54272.59274549 47.50 296.081354  -3.810232 17.276
 59    33.483 54272.59274614 39.07 296.080634  -3.813532 17.276
 59    33.390 54272.59274678 38.10 296.079904  -3.816842 17.276
 59    33.547 54272.59274743 42.00 296.079174  -3.820142 17.276
 59    33.687 54272.59274807 49.28 296.078444  -3.823452 17.276
 60    32.058 54307.59274818 36.71 296.080507  -3.812662 22.953
 60    31.750 54307.59274883 28.23 296.079777  -3.815972 22.953
 60    31.545 54307.59274947 25.93 296.079047  -3.819272 22.953
 60    32.003 54307.59275012 24.68 296.078317  -3.822582 22.953
 61    29.765 54342.59272699 40.60 296.082226  -3.809944 11.756
 61    29.583 54342.59272763 35.93 296.081496  -3.813254 11.756
 61    29.470 54342.59272828 19.18 296.080766  -3.816554 11.756
 61    28.620 54342.59272892 12.69 296.080046  -3.819864 11.756
 61    30.775 54342.59272957 10.06 296.079316  -3.823164 11.756
 62    28.873 54377.59268328 37.24 296.080091  -3.811777 11.068
 62    22.589 54377.59268393 28.30 296.079361  -3.815087 11.068
 62    22.757 54377.59268457 30.00 296.078641  -3.818387 11.068
 62    23.054 54377.59268522 30.02 296.077911  -3.821697 11.068
 64    28.947 54447.59264911 26.55 296.079559  -3.813458  7.415
 64    28.198 54447.59264975 25.22 296.078829  -3.816768  7.415
 64    28.411 54447.59265039 27.33 296.078099  -3.820068  7.415
 64    28.514 54447.59265104 36.96 296.077369  -3.823378  7.415
 66    30.725 54517.59266278 40.17 296.080947  -3.812112 19.022
 66    30.313 54517.59266342 26.10 296.080217  -3.815412 19.022
 66    30.217 54517.59266407 19.72 296.079487  -3.818722 19.022
 66    30.687 54517.59266471 22.83 296.078757  -3.822022 19.022
 67    32.041 54552.59267991 41.00 296.080241  -3.811877 15.724
 67    31.794 54552.59268055 28.22 296.079511  -3.815187 15.724
 67    31.467 54552.59268120 25.28 296.078781  -3.818487 15.724
 67    31.873 54552.59268184 25.12 296.078051  -3.821797 15.724
 68    32.797 54587.59265814 37.67 296.080300  -3.812750 19.125
 68    32.362 54587.59265878 26.14 296.079570  -3.816060 19.125
 68    32.373 54587.59265943 24.42 296.078850  -3.819360 19.125
 68    32.746 54587.59266007 28.14 296.078120  -3.822670 19.125
 69    33.467 54622.59267681 39.92 296.079880  -3.812352 17.749
 69    33.225 54622.59267746 28.49 296.079150  -3.815662 17.749
 69    33.076 54622.59267810 25.85 296.078430  -3.818962 17.749
 69    33.449 54622.59267875 29.36 296.077700  -3.822272 17.749
 70    32.766 54657.59268584 36.13 296.078618  -3.811506  7.510
 70    32.640 54657.59268648 30.18 296.077888  -3.814806  7.510
 70    32.468 54657.59268713 29.01 296.077158  -3.818116  7.510
 70    32.722 54657.59268777 29.09 296.076438  -3.821416  7.510
 71    29.923 54692.59266818 36.44 296.080696  -3.810946 19.031
 71    29.767 54692.59266882 34.89 296.079966  -3.814256 19.031
 71    29.760 54692.59266947 35.61 296.079242  -3.817553  6.110
 71    29.761 54692.59267011 36.59 296.078512  -3.820863  6.110
 72    23.856 54727.59263915 29.02 296.080526  -3.813341  4.832
 72    23.815 54727.59263980 29.25 296.079796  -3.816651  4.832
 72    23.700 54727.59264044 29.94 296.079066  -3.819951  4.832
 72    23.359 54727.59264109 29.44 296.078346  -3.823261  4.832
 73    29.338 54762.59264683 15.62 296.078912  -3.813582  6.512
 73    27.415 54762.59264747 13.34 296.078182  -3.816882  6.512
 73    28.047 54762.59264811 14.27 296.077452  -3.820192  6.512
 73    28.465 54762.59264876 16.42 296.076732  -3.823492  6.512
 74    30.028 54797.59263199 32.30 296.079206  -3.811264  6.855
 74    26.648 54797.59263263 33.10 296.078476  -3.814564  6.855
 74    26.756 54797.59263328 34.24 296.077746  -3.817874  6.855
 74    26.836 54797.59263392 36.48 296.077016  -3.821174  6.855
 75    29.790 54832.59263606 19.04 296.079462  -3.813522 13.339
 75    28.261 54832.59263671 17.19 296.078732  -3.816822 13.339
 75    28.191 54832.59263735 19.49 296.078002  -3.820132 13.339
 75    28.430 54832.59263800 23.88 296.077282  -3.823432 13.339
 76    30.678 54867.59262825 41.38 296.080637  -3.811474 23.511
 76    30.588 54867.59262890 27.00 296.079907  -3.814784 23.511
 76    30.153 54867.59262954 21.23 296.079177  -3.818084 23.511
 76    30.640 54867.59263019 22.94 296.078447  -3.821394 23.511
 77    32.469 54902.59264617 36.70 296.078070  -3.812559 14.774
 77    31.974 54902.59264682 26.08 296.077340  -3.815859 14.774
 77    31.985 54902.59264746 25.03 296.076610  -3.819169 14.774
 77    32.411 54902.59264811 28.99 296.075890  -3.822469 14.774
 78    33.953 54937.59261765 44.96 296.080690  -3.812271 18.325
 78    33.807 54937.59261829 39.75 296.079970  -3.815571 18.325
 78    33.892 54937.59261893 44.54 296.079240  -3.818881 18.325
 78    33.907 54937.59261958 48.00 296.078510  -3.822181 18.325
 79    34.849 54972.59265023 48.48 296.080400  -3.810941 20.679
 79    34.646 54972.59265087 31.62 296.079680  -3.814251 20.679
 79    34.355 54972.59265152 32.53 296.078950  -3.817551 20.679
 79    34.812 54972.59265216 30.58 296.078220  -3.820861 20.679
 80    35.369 55007.59266785 39.99 296.078201  -3.813455 13.681
 80    35.173 55007.59266850 38.82 296.077471  -3.816755 13.681
 80    35.324 55007.59266914 40.07 296.076741  -3.820065 13.681
 80    35.428 55007.59266979 46.79 296.076021  -3.823365 13.681
 81    34.549 55042.59265569 45.66 296.081127  -3.810797 15.599
 81    34.440 55042.59265633 36.18 296.080397  -3.814107 15.599
 81    34.049 55042.59265698 31.29 296.079667  -3.817407 15.599
 81    34.354 55042.59265762 37.27 296.078937  -3.820717 15.599
 81    34.394 55042.59265827 44.79 296.078217  -3.824017 15.599
 82    30.776 55077.59263500 46.33 296.080743  -3.810599 28.608
 82    30.746 55077.59263564 31.70 296.080013  -3.813909 28.608
 82    30.346 55077.59263629 23.49 296.079290  -3.817215  6.948
 82    30.623 55077.59263693 22.22 296.078560  -3.820515  6.948
 82    31.001 55077.59263758 30.49 296.077830  -3.823815  6.948
 83    29.790 55112.59258884 42.43 296.080573  -3.810544 10.592
 83    29.243 55112.59258949 28.48 296.079843  -3.813844 10.592
 83    24.073 55112.59259013 23.22 296.079113  -3.817154 10.592
 83    28.173 55112.59259078 21.93 296.078393  -3.820454 10.592
 83    28.485 55112.59259142 24.03 296.077663  -3.823764 10.592
 84    29.848 55147.59259041 28.65 296.078412  -3.813053 23.841
 84    29.435 55147.59259105 18.04 296.077682  -3.816353 23.841
 84    29.856 55147.59259170 16.62 296.076952  -3.819663 23.841
 84    28.639 55147.59259234 22.85 296.076226  -3.822960  5.637
 85    29.830 55182.59256876 40.15 296.080203  -3.810430 22.256
 85    29.561 55182.59256940 21.38 296.079473  -3.813740 22.256
 85    28.892 55182.59257005 19.29 296.078743  -3.817040 22.256
 85    28.237 55182.59257069 17.57 296.078013  -3.820350 22.256
 85    28.221 55182.59257134 20.71 296.077293  -3.823650 22.256
 86    29.766 55217.59258711 23.54 296.079119  -3.812619 13.010
 86    29.441 55217.59258775 17.71 296.078389  -3.815929 13.010
 86    28.933 55217.59258840 16.52 296.077659  -3.819229 13.010
 86    29.068 55217.59258904 22.37 296.076929  -3.822539 13.010
 87    29.631 55252.59256580 33.26 296.081226  -3.812990 17.318
 87    29.352 55252.59256645 21.26 296.080496  -3.816300 17.318
 87    29.451 55252.59256709 20.22 296.079766  -3.819600 17.318
 87    29.709 55252.59256774 22.32 296.079036  -3.822910 17.318
 88    30.396 55287.59257749 38.43 296.079419  -3.811515 24.068
 88    30.260 55287.59257813 27.26 296.078697  -3.814814  5.432
 88    30.422 55287.59257878 25.38 296.077967  -3.818124  5.432
 88    30.491 55287.59257942 27.05 296.077237  -3.821424  5.432
 89    32.646 55322.59255382 39.19 296.078389  -3.812604 12.710
 89    32.238 55322.59255447 33.68 296.077659  -3.815904 12.710
 89    32.363 55322.59255511 31.90 296.076929  -3.819214 12.710
 89    32.637 55322.59255576 35.50 296.076209  -3.822514 12.710
 90    33.349 55357.59255346 42.29 296.079185  -3.812164 14.717
 90    33.087 55357.59255410 38.41 296.078455  -3.815464 14.717
 90    33.161 55357.59255474 42.28 296.077725  -3.818774 14.717
 90    33.234 55357.59255539 44.80 296.077005  -3.822074 14.717
 91    31.976 55392.59255539 39.77 296.079603  -3.811698 19.533
 91    31.740 55392.59255603 26.47 296.078883  -3.815008 19.533
 91    31.417 55392.59255668 23.69 296.078153  -3.818308 19.533
 91    31.887 55392.59255732 23.27 296.077423  -3.821618 19.533
 92    27.108 55427.59256912 45.58 296.080986  -3.812115 19.832
 92    27.180 55427.59256977 42.91 296.080259  -3.815412 10.286
 92    27.161 55427.59257041 45.89 296.079529  -3.818722 10.286
 92    27.068 55427.59257106 48.18 296.078799  -3.822022 10.286
 93    29.188 55462.59253404 38.40 296.082617  -3.810073 29.217
 93    29.194 55462.59253468 34.00 296.081887  -3.813373 29.217
 93    29.046 55462.59253533 16.20 296.081157  -3.816683 29.217
 93    28.312 55462.59253597 12.38 296.080436  -3.819989  5.078
 93    31.095 55462.59253662 14.78 296.079706  -3.823289  5.078
