-131456.486    26.857     0.00   14.46
-131080.361    28.626     4.70   16.03
-130704.237    28.680     0.14   16.25
-130328.113    28.376    -0.81   17.03
-129951.988    26.047    -6.19   17.07
-129575.864    19.653   -17.00   17.22
-129199.739    16.815    -7.54   14.16
-128823.615    20.515     9.84   16.18
-128447.491    27.652    18.97   16.76
-128071.366    32.960    14.11   13.59
-127695.242    32.941    -0.05   14.52
-127319.118    27.842   -13.55   14.60
-126942.993    26.221    -4.31   12.76
-126566.869    32.275    16.10   11.50
-126190.744    33.851     4.19    8.27
-125814.620    35.978     5.65    8.03
-125438.495    37.731     4.66    8.55
-125062.371    38.521     2.10    8.77
-124686.246    42.062     9.41    5.83
-124310.122    40.464    -4.25    6.87
-123933.997    37.651    -7.48    7.63
-123557.873    34.363    -8.74    7.45
-123181.748    31.682    -7.13    8.73
-122805.623    29.869    -4.82   10.03
-122429.499    29.710    -0.43    8.91
-122053.374    29.468    -0.64   10.04
-121677.249    27.575    -5.03   11.03
-121301.124    29.341     4.69    9.13
-120924.999    29.113    -0.60    8.44
-120548.875    27.734    -3.67    8.90
-120172.750    23.765   -10.55   10.92
-119796.625    17.011   -17.96   11.61
-119420.500    11.995   -13.34   11.56
-119044.375     6.652   -14.20    8.93
-118668.249     3.703    -7.84    6.43
-118292.124     7.267     9.48   11.15
-117915.999    12.237    13.21   13.63
-117539.874    17.395    13.71   14.77
-117163.748    21.395    10.63   12.93
-116787.623    22.987     4.23   11.25
-116411.498    23.329     0.91   10.70
-116035.372    24.653     3.52    8.99
-115659.247    26.005     3.59    7.69
-115283.121    27.600     4.24    6.66
-114906.995    28.071     1.25    6.57
-114530.869    28.676     1.61    6.87
-114154.744    29.837     3.09    7.85
-113778.618    31.815     5.26    7.09
-113402.492    33.036     3.25    5.17
-113026.366    31.495    -4.10    6.37
-112650.239    28.916    -6.86    6.50
-112274.113    25.383    -9.39    6.95
-111897.987    22.472    -7.74    7.14
-111521.861    19.404    -8.16    8.76
-111145.734    15.575   -10.18    9.41
-110769.608    13.701    -4.98    8.98
-110393.481    11.862    -4.89    8.59
-110017.354    10.221    -4.36    7.94
-109641.227    10.410     0.50    7.35
-109265.100    10.815     1.08    6.73
-108888.973    12.086     3.38    6.81
-108512.846    14.987     7.71    6.29
-108136.719    13.678    -3.48    6.08
-107760.592    12.216    -3.89    6.06
-107384.465     9.761    -6.53    5.31
-107008.337     7.547    -5.89    3.06
-106632.209     5.521    -5.39    3.11
-106256.082     4.165    -3.61    3.49
-105879.954     2.599    -4.16    2.85
-105503.826     1.524    -2.86    1.33
-105127.698     1.015    -1.35    1.13
-104751.570     2.011     2.65    3.55
-104375.442     2.934     2.45    5.59
-103999.313     3.970     2.75    6.47
-103623.185     5.216     3.31    6.98
-103247.056     6.302     2.89    7.81
-102870.927     8.437     5.68    8.24
-102494.799     9.680     3.31    8.93
-102118.670     9.960     0.74    8.69
-101742.541     9.968     0.02    9.32
-101366.411    10.934     2.57    9.47
-100990.282     9.869    -2.83    9.45
-100614.152     7.447    -6.44    7.79
-100238.023     6.831    -1.64    6.17
 -99861.893     5.985    -2.25    6.35
 -99485.763     8.293     6.14    7.25
 -99109.633     7.267    -2.73    6.91
 -98733.503     6.707    -1.49    6.65
 -98357.373     5.889    -2.17    5.89
 -97981.242     4.356    -4.08    5.49
 -97605.112     2.564    -4.76    3.66
 -97228.981     1.780    -2.08    1.97
 -96852.850     1.284    -1.32    1.73
 -96476.719     0.960    -0.86    1.35
 -96100.588     0.960     0.00    1.26
 -95724.457     1.015     0.15    1.29
 -95348.325     1.960     2.51    3.90
 -94972.194     4.011     5.45    6.42
 -94596.062     7.140     8.32    8.41
 -94219.930    11.495    11.58    8.62
 -93843.798    13.806     6.14    8.21
 -93467.665    17.126     8.83    7.01
 -93091.533    18.032     2.41    7.05
 -92715.400    19.036     2.67    6.03
 -92339.268    20.021     2.62    5.29
 -91963.135    21.869     4.91    5.67
 -91587.002    20.707    -3.09    7.44
 -91210.868    19.015    -4.50    8.28
 -90834.735    19.216     0.53    7.17
 -90458.601    18.876    -0.90    6.19
 -90082.467    19.765     2.36    6.79
 -89706.333    21.190     3.79    6.85
 -89330.199    22.821     4.33    6.87
 -88954.065    24.126     3.47    6.93
 -88577.930    25.780     4.40    7.55
 -88201.796    27.337     4.14    7.89
 -87825.661    29.383     5.44    8.02
 -87449.526    32.005     6.97    6.44
 -87073.390    32.376     0.99    6.87
 -86697.255    32.182    -0.52    7.80
 -86321.119    29.676    -6.66    9.76
 -85944.983    26.995    -7.13   10.33
 -85568.847    23.321    -9.77   11.24
 -85192.711    18.815   -11.98   11.10
 -84816.575    16.737    -5.52    9.99
 -84440.438    15.934    -2.14    9.91
 -84064.301    16.951     2.70    9.76
 -83688.164    14.437    -6.68    9.84
 -83312.027    11.901    -6.74    9.18
 -82935.889    14.363     6.55   10.23
 -82559.751    17.231     7.63   11.02
 -82183.614    21.005    10.03   10.25
 -81807.475    22.011     2.68    9.69
 -81431.337    17.680   -11.51   10.72
 -81055.199    13.265   -11.74   10.13
 -80679.060    13.190    -0.20    9.69
 -80302.921    15.432     5.96   10.17
 -79926.782    18.088     7.06   10.29
 -79550.642    20.113     5.39   10.23
 -79174.502    20.773     1.75   10.94
 -78798.362    18.653    -5.64   11.40
 -78422.222    16.140    -6.68   10.60
 -78046.082    12.896    -8.62    9.46
 -77669.941    14.001     2.94    9.66
 -77293.801    13.491    -1.36    9.63
 -76917.659    10.883    -6.93    8.89
 -76541.518     9.344    -4.09    7.51
 -76165.377     6.495    -7.58    5.96
 -75789.235     6.329    -0.44    5.83
 -75413.093     5.216    -2.96    3.90
 -75036.951     4.074    -3.04    2.16
 -74660.808     3.904    -0.45    1.68
 -74284.665     3.951     0.12    2.08
 -73908.545     4.571     1.65    3.37
 -73532.455     4.389    -0.48    3.14
 -73156.365     4.319    -0.19    1.82
 -72780.275     4.095    -0.59    1.29
 -72404.185     4.310     0.57    1.45
 -72028.094     5.194     2.35    3.10
 -71652.003     7.376     5.80    5.10
 -71275.912     9.960     6.87    6.66
 -70899.821     9.572    -1.03    6.96
 -70523.729    10.088     1.37    7.09
 -70147.637    10.472     1.02    6.41
 -69771.545    10.731     0.69    6.04
 -69395.453    10.951     0.58    6.02
 -69019.360    10.549    -1.07    6.18
 -68643.267     9.126    -3.78    6.05
 -68267.174     7.571    -4.14    5.90
 -67891.080     6.815    -2.01    5.20
 -67514.987     6.842     0.07    5.27
 -67138.893     6.842     0.00    5.62
 -66762.798     7.731     2.36    6.38
 -66386.704     8.751     2.71    6.89
 -66010.609     8.526    -0.60    6.36
 -65634.513     8.416    -0.29    5.61
 -65258.418     8.043    -0.99    4.70
 -64882.322     8.883     2.23    4.76
 -64506.226    10.788     5.07    6.42
 -64130.130     9.705    -2.88    6.70
 -63754.033     9.047    -1.75    6.98
 -63377.936     8.011    -2.76    6.39
 -63001.839     6.924    -2.89    5.24
 -62625.741     8.863     5.16    6.34
 -62249.643     8.901     0.10    6.56
 -61873.545     9.855     2.54    7.86
 -61497.447     8.005    -4.92    6.15
 -61121.348     7.869    -0.36    5.30
 -60745.249     8.410     1.44    5.31
 -60369.149     9.626     3.23    4.88
 -59993.050     9.321    -0.81    4.21
 -59616.950     9.276    -0.12    3.81
 -59240.849     8.574    -1.87    3.02
 -58864.749     8.302    -0.72    3.29
 -58488.648     8.857     1.48    4.07
 -58112.546     8.705    -0.40    5.05
 -57736.445     8.574    -0.35    6.35
 -57360.343    10.410     4.88    7.74
 -56984.241    11.319     2.42    8.03
 -56608.138    11.543     0.60    7.52
 -56232.035     9.916    -4.33    5.66
 -55855.932     7.754    -5.75    5.17
 -55479.828     6.869    -2.36    5.18
 -55103.724     5.857    -2.69    4.93
 -54727.620     3.680    -5.79    2.08
 -54351.515     3.265    -1.10    1.33
 -53975.410     2.869    -1.05    1.28
 -53599.305     2.765    -0.28    1.22
 -53223.200     2.837     0.19    1.21
 -52847.094     3.011     0.46    1.14
 -52470.987     3.491     1.28    1.21
 -52094.881     3.960     1.25    1.28
 -51718.774     4.062     0.27    1.45
 -51342.666     3.908    -0.41    1.52
 -50966.559     3.924     0.04    1.49
 -50590.451     3.985     0.16    1.63
 -50214.342     3.707    -0.74    1.52
 -49838.233     3.761     0.14    1.44
 -49462.124     3.707    -0.14    1.14
 -49086.015     3.535    -0.46    1.33
 -48709.905     3.806     0.72    1.37
 -48333.795     3.960     0.41    1.47
 -47957.684     3.960     0.00    1.33
 -47581.573     3.978     0.05    1.40
 -47205.462     3.987     0.03    1.51
 -46829.350     4.047     0.16    1.45
 -46453.238     4.036    -0.03    1.62
 -46077.126     4.383     0.92    1.85
 -45701.013     4.205    -0.47    1.91
 -45324.900     4.126    -0.21    1.80
 -44948.786     3.908    -0.58    1.62
 -44572.672     4.005     0.26    1.44
 -44196.558     4.101     0.26    1.36
 -43820.443     4.074    -0.07    1.29
 -43444.328     4.221     0.39    1.28
 -43068.213     4.167    -0.14    1.35
 -42692.097     4.098    -0.18    1.38
 -42315.981     4.293     0.52    1.32
 -41939.864     4.242    -0.14    2.16
 -41563.747     3.960    -0.75    1.35
 -41187.630     3.995     0.09    1.28
 -40811.512     4.071     0.20    1.52
 -40435.394     4.404     0.89    1.77
 -40059.275     4.678     0.73    1.81
 -39683.156     4.626    -0.14    1.83
 -39307.037     4.310    -0.84    1.66
 -38930.917     4.337     0.07    1.63
 -38554.796     4.901     1.50    1.99
 -38178.676     4.978     0.20    2.00
 -37802.555     5.426     1.19    2.21
 -37426.433     5.165    -0.70    2.27
 -37050.311     4.376    -2.10    2.12
 -36674.189     3.518    -2.28    1.49
 -36298.066     3.464    -0.14    1.26
 -35921.943     3.574     0.29    1.77
 -35545.820     3.754     0.48    2.00
 -35169.696     4.321     1.51    2.33
 -34793.571     6.051     4.60    3.60
 -34417.446     8.153     5.59    6.11
 -34041.321    10.329     5.79    6.42
 -33665.195    12.179     4.92    6.47
 -33289.069    13.062     2.35    6.15
 -32912.943    10.968    -5.57    5.87
 -32536.816     8.821    -5.71    5.85
 -32160.688     6.036    -7.40    4.55
 -31784.561     3.237    -7.44    1.18
 -31408.432     3.001    -0.63    1.21
 -31032.303     3.524     1.39    1.70
 -30656.174     4.398     2.32    2.46
 -30280.045     5.302     2.40    2.29
 -29903.915     4.924    -1.01    2.13
 -29527.784     4.231    -1.84    2.14
 -29151.653     3.857    -1.00    1.97
 -28775.522     3.710    -0.39    1.92
 -28399.390     4.163     1.21    2.20
 -28023.257     4.139    -0.06    2.14
 -27647.125     4.005    -0.36    1.88
 -27270.991     3.707    -0.79    1.66
 -26894.858     3.758     0.13    1.66
 -26518.724     4.447     1.83    1.94
 -26142.589     4.765     0.85    1.96
 -25766.454     5.190     1.13    1.82
 -25390.318     4.960    -0.61    1.85
 -25014.182     4.863    -0.26    2.14
 -24638.046     5.011     0.39    2.18
 -24261.909     5.126     0.31    1.98
 -23885.771     5.437     0.83    1.54
 -23509.633     5.410    -0.07    1.32
 -23133.495     4.896    -1.37    1.28
 -22757.356     4.678    -0.58    1.28
 -22381.217     4.464    -0.57    1.07
 -22005.077     4.601     0.36    1.27
 -21628.937     4.703     0.27    1.26
 -21252.796     4.703     0.00    1.31
 -20876.655     4.680    -0.06    1.39
 -20500.513     4.883     0.54    1.23
 -20124.371     5.036     0.41    1.04
 -19748.228     5.071     0.09    1.03
 -19372.085     5.205     0.36    1.27
 -18995.941     5.275     0.19    1.30
 -18619.797     5.329     0.14    1.35
 -18243.652     5.442     0.30    1.35
 -17867.507     4.970    -1.25    1.10
 -17491.361     4.370    -1.60    1.21
 -17115.215     4.088    -0.75    1.14
 -16739.068     3.821    -0.71    1.24
 -16362.921     3.883     0.16    1.23
 -15986.773     3.951     0.18    1.13
 -15610.625     3.960     0.02    1.11
 -15234.476     3.600    -0.96    1.20
 -14858.327     3.284    -0.84    1.17
 -14482.177     3.383     0.26    1.42
 -14106.027     4.011     1.67    1.94
 -13729.876     5.976     5.22    3.86
 -13353.724     8.654     7.12    4.58
 -12977.573    10.383     4.60    5.38
 -12601.420    10.869     1.29    5.98
 -12225.267     8.924    -5.17    6.10
 -11849.114     6.032    -7.69    4.02
 -11472.960     4.283    -4.65    1.78
 -11096.805     3.960    -0.86    1.24
 -10720.650     4.036     0.20    1.19
 -10344.495     3.951    -0.23    1.25
  -9968.339     3.960     0.02    1.15
  -9592.182     4.487     1.40    1.25
  -9216.025     4.810     0.86    1.29
  -8839.867     5.062     0.67    1.21
  -8463.709     5.242     0.48    1.14
  -8087.550     5.545     0.81    1.28
  -7711.391     5.600     0.15    1.24
  -7335.231     5.806     0.55    1.35
  -6959.070     6.032     0.60    1.21
  -6582.909     6.447     1.10    1.30
  -6206.748     6.815     0.98    1.56
  -5830.586     7.059     0.65    1.44
  -5454.423     7.410     0.93    1.25
  -5078.260     7.515     0.28    0.98
  -4702.096     7.472    -0.11    1.09
  -4325.932     7.401    -0.19    1.17
  -3949.767     7.491     0.24    1.16
  -3573.601     7.551     0.16    1.38
  -3197.435     7.574     0.06    1.49
  -2821.269     6.960    -1.63    1.98
  -2445.101     6.194    -2.04    1.79
  -2068.934     6.088    -0.28    1.83
  -1692.765     7.932     4.90    3.48
  -1316.596     7.978     0.12    5.45
   -940.427     6.021    -5.20    6.99
   -564.257     2.626    -9.02    6.49
   -188.086    -0.374    -7.98    3.53
    188.085    -1.374    -2.66    0.00
    564.257    -0.429     2.51    4.13
    940.429     3.734    11.07    8.95
   1316.505     9.194    14.52   11.07
   1692.555    14.416    13.89   11.06
   2068.605    19.526    13.59    8.16
   2444.656    22.924     9.03    2.86
   2820.707    22.549    -1.00    2.85
   3196.759    21.889    -1.75    2.93
   3572.812    22.574     1.82    2.59
   3948.865    21.383    -3.17    6.12
   4324.919    21.576     0.51    5.50
   4700.973    19.547    -5.40    6.82
   5077.028    16.680    -7.62    8.14
   5453.084    12.383   -11.43    9.07
   5829.140     8.169   -11.21    7.75
   6205.197     6.652    -4.03    7.12
   6581.254     4.139    -6.68    5.08
   6957.312     2.598    -4.10    2.41
   7333.371     3.761     3.09    3.58
   7709.430     6.842     8.19    7.30
   8085.490     9.842     7.98    8.57
   8461.550    12.726     7.67    8.98
   8837.611    12.815     0.24    9.57
   9213.673    10.626    -5.82   10.04
   9589.735     9.810    -2.17    9.91
   9965.798    10.678     2.31   10.09
  10341.862    12.572     5.04   10.85
  10717.926    14.992     6.43   10.73
  11093.991    16.810     4.84   10.58
  11470.056    17.932     2.98   10.38
  11846.122    19.707     4.72    8.48
  12222.189    20.815     2.95    6.33
  12598.256    21.140     0.86    4.46
  12974.324    20.190    -2.52    4.77
  13350.393    20.112    -0.21    4.47
  13726.462    19.113    -2.66    4.48
  14102.532    19.626     1.36    3.90
  14478.603    21.098     3.91    4.16
  14854.674    22.498     3.72    4.11
  15230.746    22.731     0.62    4.30
  15606.818    21.370    -3.62    5.88
  15982.891    19.437    -5.14    7.59
  16358.965    16.370    -8.16    8.98
  16735.040    12.464   -10.39    8.65
  17111.115    11.395    -2.84    7.88
  17487.191    10.754    -1.70    7.21
  17863.267    10.793     0.10    7.32
  18239.344    11.167     0.99    7.64
  18615.422    11.194     0.07    8.61
  18991.500    10.707    -1.29    9.34
  19367.579    11.784     2.86   10.17
  19743.659    12.043     0.69    9.94
  20119.740    11.676    -0.97    9.53
  20495.821    10.837    -2.23    9.04
  20871.902    11.194     0.95    8.41
  21247.985    11.190    -0.01    8.07
  21624.068    11.337     0.39    7.53
  22000.152    12.758     3.78    7.78
  22376.236    12.869     0.30    7.36
  22752.321    12.806    -0.17    7.11
  23128.407    13.793     2.62    6.85
  23504.494    16.011     5.90    6.51
  23880.581    17.293     3.41    6.19
  24256.669    17.907     1.63    5.46
  24632.757    17.086    -2.19    4.67
  25008.847    14.978    -5.61    4.39
  25384.937    13.275    -4.53    3.67
  25761.027    12.167    -2.95    2.16
  26137.119    12.437     0.72    2.13
  26513.211    13.126     1.83    2.25
  26889.304    13.908     2.08    2.32
  27265.397    14.074     0.44    2.68
  27641.491    14.100     0.07    2.53
  28017.586    14.088    -0.03    2.35
  28393.682    14.011    -0.20    2.15
  28769.778    14.059     0.13    2.23
  29145.875    13.831    -0.60    2.12
  29521.972    12.932    -2.39    2.35
  29898.071    12.293    -1.70    2.33
  30274.170    12.242    -0.14    2.52
  30650.270    12.626     1.02    2.90
  31026.370    12.831     0.55    2.98
  31402.472    13.194     0.96    2.62
  31778.574    13.680     1.29    2.16
  32154.676    14.319     1.70    1.76
  32530.780    14.126    -0.51    1.52
  32906.884    14.011    -0.31    1.99
  33282.989    13.857    -0.41    2.17
  33659.095    14.491     1.69    2.07
  34035.201    14.985     1.31    1.81
  34411.308    15.011     0.07    2.42
  34787.416    15.934     2.45    2.88
  35163.524    17.432     3.98    3.80
  35539.634    19.284     4.93    4.02
  35915.744    21.437     5.72    2.69
  36291.855    20.653    -2.08    6.00
  36667.966    16.464   -11.14   10.13
  37044.078    10.782   -15.11   11.72
  37420.191     4.883   -15.69   10.11
  37796.305     0.421   -11.86    5.76
  38172.420    -1.374    -4.77    0.00
  38548.535    -1.374     0.00    0.00
  38924.651    -1.152     0.59    1.33
  39300.768     0.806     5.20    4.65
  39676.885     6.242    14.45    9.68
  40053.003     9.545     8.78    9.59
  40429.123     9.951     1.08    8.58
  40805.242     8.139    -4.82    7.85
  41181.363     4.526    -9.61    4.41
  41557.484     3.572    -2.54    1.93
  41933.606     4.524     2.53    3.69
  42309.729     6.329     4.80    5.71
  42685.853     7.329     2.66    5.92
  43061.977     9.032     4.53    6.62
  43438.102     9.683     1.73    8.36
  43814.228     8.468    -3.23    9.39
  44190.355     6.626    -4.90    9.76
  44566.483     3.210    -9.08    8.82
  44942.611     0.036    -8.44    4.98
  45318.740    -0.152    -0.50    5.13
  45694.870     3.416     9.48    8.76
  46071.001     4.729     3.49    9.00
  46447.132     6.521     4.76    9.22
  46823.264     5.710    -2.16    8.77
  47199.397     4.468    -3.30    8.52
  47575.531     1.226    -8.62    6.50
  47951.666    -1.374    -6.91    0.00
  48327.801     0.703     5.52    5.58
  48703.937     4.231     9.38    8.16
  49080.074     8.437    11.18    9.03
  49456.212    13.248    12.79    7.52
  49832.351    17.043    10.09    4.64
  50208.490    18.729     4.48    4.83
  50584.630    20.226     3.98    5.05
  50960.771    21.464     3.29    6.44
  51336.913    21.876     1.10    6.45
  51713.056    20.284    -4.23    7.96
  52089.199    15.784   -11.96   10.15
  52465.343     9.275   -17.31    8.37
  52841.488     5.344   -10.45    5.36
  53217.634     2.788    -6.79    2.37
  53593.781     2.210    -1.54    2.18
  53969.929     1.916    -0.78    1.35
  54346.077     3.015     2.92    3.23
  54722.226     5.190     5.78    4.92
  55098.376     7.780     6.88    5.41
  55474.527     8.255     1.26    5.11
  55850.679     9.356     2.93    4.72
  56226.831     9.005    -0.93    5.44
  56602.984     8.896    -0.29    6.04
  56979.138    11.651     7.32    7.96
  57355.293    14.734     8.20   10.22
  57731.449    15.784     2.79    8.50
  58107.606    17.678     5.03    7.31
  58483.763    17.363    -0.84    5.74
  58859.922    18.113     1.99    8.41
  59236.081    23.319    13.84   10.56
  59612.241    28.968    15.02   10.82
  59988.402    33.071    10.91    9.89
  60364.564    36.518     9.16    7.27
  60740.726    38.821     6.12    5.00
  61116.890    39.521     1.86    4.32
  61493.054    39.216    -0.81    3.98
  61869.219    39.376     0.43    4.40
  62245.385    38.889    -1.29    4.69
  62621.552    39.113     0.59    3.96
  62997.720    37.487    -4.32    5.97
  63373.888    36.421    -2.83    6.11
  63750.058    35.464    -2.54    6.08
  64126.228    35.293    -0.46    5.60
  64502.399    36.524     3.27    4.07
  64878.571    38.284     4.68    4.24
  65254.744    40.194     5.08    4.40
  65630.918    42.242     5.44    4.59
  66007.093    43.806     4.16    4.58
  66383.268    45.098     3.44    3.17
  66759.445    45.680     1.55    3.07
  67135.622    46.896     3.23    3.02
  67511.800    47.356     1.22    2.65
  67887.979    47.837     1.28    2.33
  68264.159    48.384     1.45    2.29
  68640.340    47.276    -2.94    4.44
  69016.522    46.179    -2.92    5.25
  69392.704    45.182    -2.65    6.34
  69768.888    43.370    -4.82    6.52
  70145.072    43.140    -0.61    6.07
  70521.258    42.442    -1.85    6.05
  70897.444    40.468    -5.25    6.55
  71273.631    39.370    -2.92    7.13
  71649.819    38.113    -3.34    6.70
  72026.008    40.258     5.70    7.53
  72402.198    42.201     5.17    8.19
  72778.388    43.683     3.94    7.56
  73154.580    43.978     0.78    6.26
  73530.772    42.194    -4.74    5.30
  73906.966    39.464    -7.26    4.22
  74283.160    38.599    -2.30    3.24
  74659.355    39.626     2.73    4.18
  75035.552    40.476     2.26    3.91
  75411.749    41.626     3.06    3.65
  75787.947    42.491     2.30    4.37
  76164.118    41.011    -3.94    6.05
  76540.131    39.837    -3.12    7.68
  76916.145    39.547    -0.77    8.29
  77292.159    38.734    -2.16    9.17
  77668.175    38.267    -1.24   10.26
  78044.192    38.043    -0.60    9.40
  78420.209    39.705     4.42    9.74
  78796.227    39.242    -1.23    9.53
  79172.247    39.838     1.59    8.65
  79548.267    39.780    -0.15    9.24
  79924.288    39.302    -1.27    9.82
  80300.310    41.383     5.53    9.16
  80676.333    42.653     3.38    7.44
  81052.358    43.710     2.81    5.43
  81428.382    43.416    -0.78    5.63
  81804.408    41.011    -6.40    7.20
  82180.435    40.545    -1.24    7.29
  82556.463    38.062    -6.60    7.67
  82932.492    37.139    -2.45    8.13
  83308.522    36.908    -0.61    7.96
  83684.552    37.626     1.91    9.12
  84060.584    41.370     9.96    7.50
  84436.616    40.059    -3.49    9.01
  84812.650    37.059    -7.98    9.75
  85188.684    36.140    -2.44    9.88
  85564.720    33.845    -6.10    9.40
  85940.756    35.652     4.81    9.09
  86316.794    37.863     5.88    8.54
  86692.832    40.265     6.39    8.84
  87068.871    45.059    12.75    5.13
  87444.912    47.237     5.79    3.59
  87820.953    46.442    -2.11    4.32
  88196.995    43.524    -7.76    6.72
  88573.038    43.113    -1.09    6.69
  88949.082    43.153     0.11    5.60
  89325.128    44.985     4.87    5.51
  89701.174    46.942     5.20    2.87
  90077.221    46.302    -1.70    3.91
  90453.269    43.101    -8.51    9.41
  90829.318    35.221   -20.96   16.68
  91205.368    26.086   -24.29   18.97
  91581.419    19.869   -16.53   16.91
  91957.471    19.332    -1.43   15.67
  92333.524    27.472    21.65   16.93
  92709.578    36.754    24.68   12.24
  93085.633    38.515     4.68   10.89
  93461.689    34.942    -9.50   13.96
  93837.746    33.126    -4.83   13.54
  94213.804    30.869    -6.00   12.01
  94589.863    31.754     2.35   12.41
  94965.923    30.167    -4.22   11.77
  95341.985    32.784     6.96   11.91
  95718.047    36.310     9.38   11.02
  96094.110    40.626    11.48    8.29
  96470.174    43.383     7.33    6.08
  96846.239    44.370     2.62    5.21
  97222.305    46.267     5.05    6.29
  97598.372    47.904     4.35    4.74
  97974.440    48.464     1.49    5.52
  98350.509    48.876     1.10    6.71
  98726.579    49.521     1.71    5.00
  99102.650    50.293     2.05    3.21
  99478.723    49.932    -0.96    3.58
  99854.796    49.101    -2.21    4.04
 100230.870    47.464    -4.35    4.19
 100606.945    47.626     0.43    4.10
 100983.022    48.468     2.24    3.64
 101359.099    49.319     2.26    3.29
 101735.177    48.047    -3.38    4.43
 102111.257    45.978    -5.50    4.68
 102487.337    45.370    -1.62    4.84
 102863.419    46.904     4.08    5.56
 103239.501    48.901     5.31    5.06
 103615.585    51.047     5.71    4.04
 103991.670    51.571     1.39    4.19
 104367.755    51.680     0.29    4.67
 104743.842    52.734     2.80    4.95
 105119.930    52.179    -1.48    4.55
 105496.018    50.652    -4.06    5.77
 105872.108    49.410    -3.30    6.09
 106248.199    50.051     1.70    6.11
 106624.291    51.831     4.73    5.98
 107000.384    53.574     4.63    4.46
 107376.478    54.842     3.37    3.07
 107752.573    53.395    -3.85    5.87
 108128.670    49.985    -9.07    7.36
 108504.767    48.043    -5.16    7.16
 108880.865    47.985    -0.15    6.65
 109256.965    49.793     4.81    5.74
 109633.065    51.416     4.31    5.29
 110009.167    50.908    -1.35    5.13
 110385.269    50.505    -1.07    5.28
 110761.373    50.410    -0.25    4.58
 111137.478    49.600    -2.15    3.80
 111513.584    49.005    -1.58    3.34
 111889.691    48.395    -1.62    3.19
 112265.799    47.154    -3.30    3.56
 112641.908    45.036    -5.63    5.09
 113018.018    42.549    -6.61    7.04
 113394.129    40.062    -6.61    6.12
 113770.241    38.005    -5.47    5.46
 114146.355    37.784    -0.59    3.75
 114522.469    37.310    -1.26    3.36
 114898.585    37.487     0.47    2.96
 115274.702    37.758     0.72    2.24
 115650.819    37.221    -1.43    2.48
 116026.938    33.521    -9.84    8.81
 116403.058    29.754   -10.01   12.14
 116779.180    24.001   -15.30   14.08
 117155.302    21.284    -7.22   13.56
 117531.425    21.310     0.07   14.02
 117907.549    24.302     7.95   13.94
 118283.675    29.319    13.34   12.08
 118659.802    35.248    15.76    4.61
 119035.929    36.139     2.37    2.26
 119412.058    35.960    -0.48    2.18
 119788.188    35.258    -1.87    2.55
 120164.319    35.600     0.91    2.45
 120540.452    35.498    -0.27    2.60
 120916.585    36.021     1.39    2.69
 121292.719    36.848     2.20    2.89
 121668.855    37.302     1.21    2.92
 122044.992    37.572     0.72    3.06
 122421.129    36.329    -3.31    6.24
 122797.268    35.491    -2.23    7.79
 123173.408    33.470    -5.37    8.33
 123549.550    28.601   -12.95   11.19
 123925.692    22.549   -16.09   13.58
 124301.836    16.598   -15.82   12.01
 124677.980    16.883     0.76   11.38
 125054.126    18.329     3.85   11.50
 125430.273    19.416     2.89   12.44
 125806.421    16.363    -8.12   14.40
 126182.570    10.780   -14.84   14.11
 126558.720     2.788   -21.25    8.44
 126934.872    -0.374    -8.41    0.00
 127311.024    -0.374     0.00    0.00
 127687.178    -0.374     0.00    0.00
 128063.333    -0.374     0.00    0.00
 128439.489    -0.374     0.00    0.00
 128815.646    -0.374     0.00    0.00
 129191.805    -0.374     0.00    0.00
 129567.964    -0.374     0.00    0.00
 129944.125    -0.374     0.00    0.00
 130320.287    -0.374     0.00    0.00
 130696.450    -0.374     0.00    0.00
 131072.614    -0.374     0.00    0.00
 131448.780    -0.374     0.00    0.00
 131824.946    -0.374     0.00    0.00
 132201.114    -0.374     0.00    0.00
 132577.283    -0.374     0.00    0.00
 132953.453    -0.374     0.00    0.00
 133329.624    -0.374     0.00    0.00
 133705.796    -0.374     0.00    0.00
 134081.970    -0.374     0.00    0.00
 134458.145    -0.374     0.00    0.00
 134834.321    -0.374     0.00    0.00
 135210.498    -0.374     0.00    0.00
 135586.676    -0.374     0.00    0.00
 135962.856    -0.374     0.00    0.00
 136339.036    -0.374     0.00    0.00
 136715.218    -0.374     0.00    0.00
 137091.401    -0.374     0.00    0.00
 137467.586    -0.374     0.00    0.00
 137843.771    -0.374     0.00    0.00
 138219.958    -0.374     0.00    0.00
 138596.146    -0.374     0.00    0.00
 138972.335    -0.374     0.00    0.00
 139348.525    -0.374     0.00    0.00
 139724.717    -0.374     0.00    0.00
 140100.909    -0.293     0.22    0.28
 140477.103     0.512     2.14    3.53
 140853.298     3.370     7.60   10.58
 141229.495    11.319    21.13   20.45
 141605.692    21.098    26.00   25.97
 141981.891    31.248    26.98   26.99
 142358.091    36.626    14.30   25.11
 142734.292    41.758    13.64   20.29
 143110.494    43.526     4.70   16.58
 143486.698    47.167     9.68   12.92
 143862.903    51.074    10.38   12.72
 144239.109    53.653     6.86    9.12
 144615.316    56.074     6.44    5.46
 144991.525    57.140     2.83    5.06
 145367.734    59.176     5.41    4.98
 145743.945    60.047     2.32    5.10
 146120.158    60.707     1.75    6.63
 146496.371    62.329     4.31    7.77
 146872.586    61.483    -2.25    8.88
 147248.802    57.934    -9.43   15.67
 147625.019    54.831    -8.25   19.01
 148001.237    52.712    -5.63   21.09
 148377.457    43.924   -23.36   23.27
 148753.678    34.275   -25.65   25.20
 149129.900    25.329   -23.78   21.79
 149506.123    20.242   -13.52   20.46
 149882.348    26.113    15.61   25.35
 150258.574    35.344    24.54   25.62
 150634.801    40.916    14.81   24.72
 151011.029    40.908    -0.02   20.35
 151387.128    36.194   -12.54   16.74
 151763.106    33.138    -8.13   16.61
 152139.084    35.319     5.80   20.46
 152515.064    44.182    23.57   23.45
 152891.045    51.869    20.45   26.11
 153267.028    58.032    16.39   26.35
 153643.012    68.113    26.81   19.42
 154018.997    75.421    19.44    9.06
 154394.983    76.569     3.05    8.45
 154770.970    78.703     5.68    7.27
 155146.959    79.731     2.74    6.87
 155522.949    80.571     2.23    6.62
 155898.941    82.344     4.72    4.51
 156274.933    80.810    -4.08    6.29
 156650.927    80.806    -0.01    6.88
 157026.922    81.545     1.97    6.88
 157402.919    78.549    -7.97   10.37
 157778.917    72.275   -16.69   13.03
 158154.916    65.601   -17.75   13.70
 158530.916    55.242   -27.55   14.30
 158906.918    49.210   -16.04   16.08
 159282.921    50.194     2.62   17.99
 159658.925    54.113    10.42   20.16
 160034.930    65.410    30.05   17.58
 160410.937    73.547    21.64   16.06
 160786.945    79.210    15.06   14.95
 161162.955    84.051    12.88    7.77
 161538.965    86.547     6.64    6.17
 161914.977    87.329     2.08    4.67
 162290.991    88.395     2.84    5.10
 162667.005    89.731     3.55    4.77
 163043.021    91.363     4.34    5.33
 163419.038    92.464     2.93    5.13
 163795.057    92.293    -0.46    5.03
 164171.077    92.460     0.44    4.70
 164547.098    92.395    -0.17    4.75
 164923.120    92.319    -0.20    4.51
 165299.144    92.920     1.60    4.28
 165675.169    93.383     1.23    3.85
 166051.196    94.221     2.23    3.35
 166427.224    95.442     3.25    3.70
 166803.253    93.302    -5.69    8.98
 167179.283    88.710   -12.21   13.49
 167555.315    81.011   -20.47   16.82
 167931.348    76.421   -12.21   14.76
 168307.382    77.653     3.28   13.26
 168683.418    82.626    13.22   13.56
 169059.455    85.626     7.98   12.99
 169435.493    89.729    10.91    8.83
 169811.533    90.005     0.73    9.89
 170187.574    92.626     6.97    9.57
 170563.617    95.321     7.17    6.55
 170939.660    96.498     3.13    6.25
 171315.706    96.678     0.48    5.64
 171691.752    96.720     0.11    6.21
 172067.800    98.703     5.27    7.33
 172443.849   101.167     6.55    7.03
 172819.899   104.599     9.13    4.08
 173195.951   102.908    -4.50    6.42
 173572.005    96.491   -17.06   10.84
 173948.059    88.960   -20.03   12.39
 174324.115    84.421   -12.07   10.14
 174700.172    84.978     1.48   13.43
 175076.231    92.021    18.73   15.50
 175452.291   100.319    22.06   13.21
 175828.352   105.908    14.86    7.49
 176204.415   107.005     2.92    6.78
 176580.479   107.047     0.11    7.91
 176956.545   109.599     6.79    8.34
 177332.612   112.653     8.12    9.64
 177708.680   115.086     6.47   12.00
 178084.749   115.876     2.10   15.60
 178460.820   106.806   -24.12   26.27
 178836.893    97.267   -25.36   26.67
 179212.966    89.071   -21.80   23.12
 179589.042    85.883    -8.48   18.32
 179965.118    86.876     2.64   14.66
 180341.196    95.062    21.77   17.47
 180717.275    97.731     7.10   18.33
 181093.356    98.572     2.24   21.43
 181469.438    97.437    -3.02   22.03
 181845.521    98.267     2.21   21.33
 182221.606    97.651    -1.64   21.46
 182597.692    96.598    -2.80   21.47
 182973.780    95.758    -2.24   18.86
 183349.869    98.021     6.02   19.71
 183725.960   100.869     7.57   21.49
 184102.051   110.788    26.37   19.80
 184478.145   120.226    25.09   15.89
 184854.239   122.703     6.59   19.20
 185230.335   126.319     9.61   18.46
 185606.433   125.710    -1.62   17.36
 185982.532   126.575     2.30   14.75
 186358.632   124.682    -5.03   15.67
 186734.734   123.995    -1.83   14.44
 187110.837   127.421     9.11   13.05
 187486.941   125.190    -5.93   13.79
 187863.047   123.302    -5.02   13.78
 188239.155   123.705     1.07   14.80
 188615.263   116.472   -19.23   22.40
 188991.374   106.275   -27.11   25.53
 189367.485   100.337   -15.79   24.65
 189743.598   101.842     4.00   23.73
 190119.713   108.761    18.40   22.47
 190495.829   103.599   -13.73   24.90
 190871.946   100.769    -7.52   26.32
 191248.065    94.190   -17.49   20.42
 191624.185    87.601   -17.52   17.12
 192000.307    80.182   -19.73   19.61
 192376.430    67.301   -34.25   17.07
 192752.555    56.310   -29.22   16.57
 193128.681    50.498   -15.45   16.26
 193504.808    52.284     4.75   17.88
 193880.937    59.780    19.93   20.12
 194257.067    74.765    39.84   17.47
 194633.199    84.329    25.43   11.67
 195009.332    83.780    -1.46   14.29
 195385.467    76.112   -20.39   19.43
 195761.603    62.216   -36.94   21.72
 196137.741    50.139   -32.11   14.93
 196513.880    46.680    -9.20   12.19
 196890.020    49.194     6.68   14.99
 197266.162    60.626    30.39   16.10
 197642.306    69.165    22.70   14.94
 198018.451    79.151    26.55   10.60
 198394.597    82.140     7.95    9.99
 198770.745    83.857     4.57    9.13
 199146.894    80.784    -8.17   12.14
 199523.045    73.784   -18.61   15.35
 199899.197    68.680   -13.57   12.95
 200275.351    68.901     0.59   12.54
 200651.506    71.153     5.99   11.68
 201027.663    72.848     4.51   11.18
 201403.821    73.337     1.30   11.24
 201779.981    77.460    10.96   11.97
 202156.142    82.293    12.85   14.01
 202532.305    89.113    18.13   12.33
 202908.469    92.169     8.12   11.80
 203284.634    91.599    -1.52   11.51
 203660.801    90.599    -2.66   11.30
 204036.970    85.978   -12.29   12.05
 204413.140    76.926   -24.06   16.72
 204789.312    69.221   -20.48   18.55
 205165.485    60.021   -24.46   15.91
 205541.659    54.521   -14.62    9.13
 205917.835    55.472     2.53    8.53
 206294.013    62.005    17.37   11.21
 206670.192    66.151    11.02   13.93
 207046.373    69.810     9.73   15.50
 207422.555    69.210    -1.60   16.20
 207798.738    66.518    -7.15   14.88
 208174.923    61.237   -14.04   10.43
 208551.110    58.442    -7.43    6.63
 208927.298    61.601     8.40    7.88
 209303.488    62.808     3.21    6.93
 209679.679    66.284     9.24    7.58
 210055.872    67.761     3.93    7.53
 210432.066    68.432     1.78    8.53
 210808.262    73.319    12.99   11.53
 211184.459    76.179     7.60   11.90
 211560.658    79.549     8.96   10.71
 211936.858    82.447     7.70   10.20
 212313.060    85.908     9.20   10.31
 212689.263    92.248    16.85   12.09
 213065.468    97.934    15.11   14.07
 213441.675    99.113     3.14   12.81
 213817.883    98.793    -0.85   13.55
 214194.092    98.329    -1.23   13.24
 214570.303    99.653     3.52   11.52
 214946.516   104.005    11.57   12.83
 215322.730   111.139    18.96   13.47
 215698.946   114.744     9.58   11.26
 216075.163   119.626    12.98    9.78
 216451.382   122.389     7.34    5.92
 216827.602   122.904     1.37    4.56
 217203.824   121.293    -4.28    4.92
 217580.047   119.626    -4.43    4.45
 217956.272   119.389    -0.63    4.66
 218332.499   122.468     8.18    9.00
 218708.727   128.165    15.14   12.30
 219084.957   131.788     9.63   10.76
 219461.188   129.810    -5.26   11.87
 219837.421   125.026   -12.72   13.31
 220213.655   118.055   -18.53    8.72
 220589.891   116.761    -3.44    6.12
 220966.129   122.329    14.80   12.27
 221342.368   135.302    34.48   20.69
 221718.608   149.491    37.71   21.32
 222094.851   155.712    16.53   17.65
 222471.094   150.551   -13.72   19.20
 222847.340   140.653   -26.31   13.03
 223223.587   136.356   -11.42    5.22
 223599.835   139.601     8.62    7.23
 223976.085   142.258     7.06    7.45
 224352.337   143.679     3.78    7.91
 224728.590   142.788    -2.37    9.08
 225104.845   140.242    -6.77    7.75
 225481.102   139.571    -1.78    6.93
 225857.360   138.310    -3.35    7.13
 226233.619   134.826    -9.26   10.35
 226609.598   130.920   -10.39    9.29
 226985.542   133.088     5.77   11.00
 227361.488   139.383    16.75   14.29
 227737.435   146.788    19.70   12.91
 228113.384   148.140     3.59   11.55
 228489.335   146.293    -4.91   13.68
 228865.288   142.319   -10.57   14.43
 229241.241   140.754    -4.16   16.02
 229617.197   140.167    -1.56   15.62
 229993.154   139.995    -0.46   15.86
 230369.113   135.344   -12.37   15.76
 230745.073   134.036    -3.48   16.04
 231121.035   132.275    -4.69   16.26
 231496.999   136.524    11.30   19.15
 231872.964   142.210    15.12   18.08
 232248.931   144.707     6.64   17.58
 232624.899   141.995    -7.22   18.52
 233000.869   137.470   -12.03   16.35
 233376.841   138.190     1.92   17.30
 233752.814   136.047    -5.70   15.32
 234128.789   137.545     3.98   14.62
 234504.766   143.329    15.38   19.32
 234880.744   148.987    15.05   23.45
 235256.723   158.521    25.36   26.94
 235632.705   167.908    24.97   24.73
 236008.688   171.356     9.17   20.42
 236384.673   165.267   -16.19   21.63
 236760.659   153.678   -30.83   23.77
 237136.647   140.036   -36.28   23.90
 237512.637   124.978   -40.05   18.23
 237888.628   116.652   -22.14   15.84
 238264.621   116.896     0.65   17.49
 238640.615   127.572    28.39   26.91
 239016.612   141.059    35.87   27.61
 239392.609   155.126    37.42   26.50
 239768.609   150.139   -13.26   28.86
 240144.610   142.242   -21.00   27.11
 240520.613   137.793   -11.83   20.00
 240896.617   131.310   -17.24   11.32
 241272.623   131.015    -0.79    7.81
 241648.631   134.442     9.11   11.51
 242024.641   138.524    10.86   16.68
 242400.652   141.356     7.53   17.41
 242776.665   145.363    10.66   20.05
 243152.679   149.678    11.47   24.36
 243528.695   160.498    28.78   37.76
 243904.713   177.383    44.91   41.99
 244280.732   196.036    49.61   41.64
 244656.753   211.442    40.97   42.99
 245032.776   217.376    15.78   41.22
 245408.801   223.734    16.91   40.48
 245784.827   226.460     7.25   40.53
 246160.855   235.267    23.42   37.61
 246536.884   245.190    26.39   33.28
 246912.915   256.821    30.93   24.66
 247288.948   264.857    21.37   21.48
 247664.983   266.154     3.45   19.11
 248041.019   247.310   -50.11   37.69
 248417.057   216.498   -81.94   56.44
 248793.097   178.521  -101.00   55.48
 249169.138   144.574   -90.28   31.63
 249545.181   137.521   -18.76   25.30
 249921.226   136.751    -2.05   28.89
 250297.272   141.194    11.81   29.29
 250673.320   142.626     3.81   28.88
 251049.370   145.293     7.09   30.25
 251425.422   162.571    45.95   34.35
 251801.475   176.005    35.72   33.22
 252177.530   184.765    23.30   25.68
 252553.586   181.153    -9.61   22.08
 252929.645   169.401   -31.25   25.29
 253305.705   159.626   -25.99   22.80
 253681.767   163.526    10.37   26.81
 254057.830   170.547    18.67   27.38
 254433.895   172.047     3.99   25.34
 254809.962   170.600    -3.85   20.88
 255186.031   166.088   -12.00   19.15
 255562.101   175.495    25.01   30.14
 255938.173   183.543    21.40   32.78
 256314.247   184.011     1.24   31.16
 256690.323   177.571   -17.13   37.28
 257066.400   166.176   -30.30   35.22
 257442.479   147.831   -48.78   30.35
 257818.560   132.765   -40.06   30.09
 258194.642   118.599   -37.67   18.35
 258570.727   115.293    -8.79   10.83
 258946.813   117.549     6.00   10.24
 259322.900   124.703    19.02   13.03
 259698.990   131.194    17.26   17.87
 260075.081   134.501     8.79   20.26
 260451.174   132.985    -4.03   17.40
 260827.268   127.363   -14.95   15.34
 261203.365   124.032    -8.86   10.29
 261579.463   124.883     2.26   14.16
 261955.563   123.780    -2.93   13.73
 262331.665   125.210     3.80   11.12
 262707.768   125.806     1.59    8.46
 263083.873   127.710     5.06   14.46
 263459.980   126.139    -4.18   15.36
 263836.089   123.601    -6.75   16.02
 264212.199   118.657   -13.15   11.35
 264588.312   117.842    -2.16   11.05
 264964.426   114.896    -7.83   11.40
 265340.541   110.707   -11.14   11.42
 265716.659   106.051   -12.38    6.19
 266092.778   105.518    -1.42    7.59
 266468.899   104.267    -3.33    7.40
 266845.022   105.447     3.14    7.48
 267221.147   106.293     2.25    7.62
 267597.273   105.437    -2.28    6.32
 267973.401   106.960     4.05    6.45
 268349.531   106.231    -1.94    6.45
 268725.663   106.237     0.02    7.31
 269101.797   105.784    -1.20    7.18
 269477.932   105.348    -1.16    7.22
 269854.069   105.047    -0.80    7.74
 270230.208   105.036    -0.03    7.46
 270606.349   106.657     4.31    7.83
 270982.491   110.600    10.48    7.72
 271358.635   112.995     6.37    6.96
 271734.781   110.383    -6.94    9.10
 272110.929   105.190   -13.81    9.44
 272487.079   101.194   -10.63    6.80
 272863.230   101.780     1.56    6.65
 273239.384   104.831     8.11    7.76
 273615.539   108.729    10.36    7.34
 273991.696   113.437    12.52    3.27
 274367.854   112.883    -1.47    3.64
 274744.015   113.626     1.98    3.46
 275120.177   113.348    -0.74    4.12
 275496.341   114.302     2.53    4.36
 275872.507   115.437     3.02    4.27
 276248.675   116.599     3.09    3.91
 276624.844   118.036     3.82    3.20
 277001.016   119.126     2.90    2.93
 277377.189   118.908    -0.58    2.61
 277753.364   118.293    -1.64    2.44
 278129.541   117.710    -1.55    2.47
 278505.720   116.985    -1.93    2.19
 278881.900   116.815    -0.45    2.04
 279258.082   117.165     0.93    2.47
 279634.267   117.574     1.09    2.37
 280010.453   117.190    -1.02    2.30
 280386.640   116.707    -1.28    2.97
 280762.830   115.780    -2.46    3.57
 281139.022   113.926    -4.93    5.65
 281515.215   112.071    -4.93    6.94
 281891.410   108.275   -10.09    7.95
 282267.607   104.221   -10.78    6.85
 282643.806   103.248    -2.59    6.22
 283020.007   102.951    -0.79    6.02
 283396.209   103.920     2.58    6.25
 283772.414   105.551     4.34    7.11
 284148.620   105.575     0.06    7.28
 284524.828   105.005    -1.52    7.44
 284901.038   106.703     4.52   10.45
 285277.250   109.383     7.12   13.07
 285653.464   120.258    28.91   25.96
 286029.679   126.468    16.51   24.71
 286405.897   133.088    17.60   23.79
 286782.116   133.951     2.29   22.27
 287158.337   133.442    -1.35   18.51
 287534.560   148.701    40.56   39.88
 287910.785   163.376    39.01   45.04
 288287.012   175.363    31.86   48.81
 288663.241   200.329    66.36   52.75
 289039.471   216.167    42.10   46.29
 289415.704   207.572   -22.84   48.03
 289791.938   187.765   -52.65   38.30
 290168.174   178.908   -23.54   29.10
 290544.412   183.344    11.79   35.46
 290920.652   186.951     9.59   35.43
 291296.894   175.985   -29.15   34.81
 291673.138   169.547   -17.11   24.14
 292049.383   164.319   -13.90   17.60
 292425.631   163.600    -1.91   14.33
 292801.880   163.754     0.41   13.70
 293178.131   156.876   -18.28   11.06
 293554.384   154.758    -5.63   10.58
 293930.639   154.575    -0.49   12.53
 294306.896   153.154    -3.78   10.57
 294683.155   156.242     8.21   11.11
 295059.416   157.574     3.54   10.77
 295435.679   158.653     2.87   11.10
 295811.943   157.815    -2.23   11.47
 296188.210   158.876     2.82   11.63
 296564.478   154.857   -10.68   10.37
 296940.748   150.797   -10.79    8.35
 297317.020   152.275     3.93   11.04
 297693.295   156.062    10.07   13.54
 298069.571   158.126     5.49   14.89
 298445.849   154.574    -9.44   14.34
 298822.128   154.140    -1.15   15.32
 299198.410   156.426     6.08   16.32
 299574.694   153.329    -8.23   16.08
 299950.980   153.518     0.50   16.05
 300327.267   150.021    -9.29   13.86
 300703.557   145.932   -10.87    7.32
 301079.848   148.344     6.41    8.13
 301456.039   150.883     6.75    7.55
 301831.946   152.015     3.01    8.33
 302207.856   153.869     4.93   13.00
 302583.768   154.410     1.44   12.58
 302959.681   154.363    -0.12   10.50
 303335.597   157.501     8.35   12.07
 303711.514   159.032     4.07   11.61
 304087.434   161.985     7.86   10.85
 304463.355   166.942    13.19   13.29
 304839.278   180.889    37.10   34.35
 305215.204   194.545    36.33   42.71
 305591.131   211.026    43.84   46.42
 305967.060   233.258    59.14   43.05
 306342.991   232.221    -2.76   44.55
 306718.924   226.815   -14.38   47.39
 307094.859   203.283   -62.60   35.38
 307470.796   189.678   -36.19   19.62
 307846.735   186.754    -7.78   19.65
 308222.676   190.941    11.14   22.10
 308598.619   193.815     7.65   21.75
 308974.563   197.545     9.92   20.56
 309350.510   204.302    17.97   20.63
 309726.459   208.476    11.10   18.38
 310102.409   215.842    19.59   21.82
 310478.362   221.574    15.25   26.32
 310854.317   228.810    19.25   29.17
 311230.273   226.678    -5.67   27.08
 311606.232   222.491   -11.14   23.37
 311982.192   217.351   -13.67   13.46
 312358.155   217.731     1.01   11.70
 312734.119   220.987     8.66   11.41
 313110.086   225.572    12.20   14.94
 313486.054   243.404    47.43   33.96
 313862.025   254.344    29.10   43.66
 314237.997   262.370    21.35   43.36
 314613.971   269.169    18.09   41.90
 314989.948   263.831   -14.20   39.37
 315365.926   255.599   -21.90   32.39
 315741.906   247.043   -22.76   38.15
 316117.889   231.216   -42.10   37.51
 316493.873   212.626   -49.45   19.26
 316869.860   203.883   -23.26    7.00
 317245.848   201.758    -5.65    5.78
 317621.838   198.201    -9.46    6.99
 317997.831   194.869    -8.86    6.95
 318373.825   192.376    -6.63    7.02
 318749.821   189.703    -7.11    6.14
 319125.820   191.071     3.64    6.77
 319501.820   192.437     3.63    6.56
 319877.822   191.005    -3.81    6.48
 320253.827   188.788    -5.89    6.47
 320629.833   187.729    -2.82    5.21
 321005.842   187.464    -0.70    4.60
 321381.852   185.960    -4.00    6.37
 321757.865   184.547    -3.76    7.43
 322133.879   182.345    -5.86    7.85
 322509.896   179.876    -6.57    7.21
