# NaN NaN NaN ;Mean Elev.(m), Avg Gradient(m/km), RMS Gradient(m/km) - SRTM1     
#   80.346  -0.293   4.388 ;Mean Elev.(m), Avg Gradient(m/km), RMS Gradient(m/km) - ASTER GDEM
#   71.802   0.028   4.197 ;Mean Elev.(m), Avg Gradient(m/km), RMS Gradient(m/km) - GMTED2010 
  7    70.165 52467.61270875 38.28 288.851802  -3.997684 12.511
  7    69.928 52467.61270940 42.23 288.851072  -4.000984 12.511
  7    69.705 52467.61271004 32.35 288.850352  -4.004294 12.511
  8    71.084 52502.61269936 46.53 288.851631  -3.998047 13.984
  8    71.069 52502.61270001 50.24 288.850901  -4.001347 13.984
  8    70.874 52502.61270065 48.34 288.850171  -4.004647 13.984
  9    67.603 52537.61268479 34.36 288.851954  -3.998897 11.740
  9    67.614 52537.61268543 44.00 288.851224  -4.002207 11.740
  9    67.719 52537.61268608 47.57 288.850504  -4.005507 11.740
 10    68.210 52572.61272373 43.07 288.849662  -3.999571 12.001
 10    67.964 52572.61272437 32.96 288.848932  -4.002871 12.001
 11    72.502 52607.61268132 41.41 288.854963  -4.000253 14.135
 11    72.284 52607.61268196 42.36 288.854243  -4.003563 14.135
 11    72.271 52607.61268261 40.02 288.853513  -4.006863 14.135
 12    73.189 52642.61267883 51.34 288.850849  -3.999530 18.709
 12    72.993 52642.61267947 50.94 288.850119  -4.002840 18.709
 12    73.022 52642.61268012 46.43 288.849389  -4.006140 18.709
 13    72.352 52677.61266372 20.30 288.855173  -4.000298  6.226
 13    71.495 52677.61266437 20.96 288.854443  -4.003598  6.226
 13    71.090 52677.61266501 21.33 288.853713  -4.006908  6.226
 14    73.196 52712.61269773 40.30 288.850300  -3.999255 14.999
 14    73.288 52712.61269838 36.80 288.849570  -4.002555 14.999
 14    73.379 52712.61269902 35.65 288.848850  -4.005865 14.999
 15    73.843 52747.61272374 47.99 288.844047  -3.996368 15.443
 15    73.825 52747.61272438 46.52 288.843317  -3.999678 15.443
 15    73.872 52747.61272503 45.11 288.842587  -4.002978 15.443
 16    74.683 52782.61266362 29.98 288.850172  -3.999443 13.051
 16    74.709 52782.61266426 34.63 288.849442  -4.002753 13.051
 16    74.936 52782.61266491 38.55 288.848712  -4.006053 13.051
 17    74.025 52817.61274204 31.79 288.849874  -3.997578 10.336
 17    73.970 52817.61274268 33.37 288.849144  -4.000878 10.336
 17    73.939 52817.61274332 31.91 288.848414  -4.004188 10.336
 18    70.033 52852.61279247 36.89 288.853374  -3.999265  7.982
 18    69.145 52852.61279312 28.82 288.852644  -4.002565  7.982
 18    69.303 52852.61279376 32.50 288.851924  -4.005875  7.982
 20    68.375 52922.61278119 44.38 288.852676  -3.997922 13.162
 20    68.646 52922.61278184 36.53 288.851946  -4.001232 13.162
 20    68.274 52922.61278248 36.98 288.851216  -4.004532 13.162
 21    69.955 52957.61274711 35.59 288.857918  -3.999571 14.939
 21    69.795 52957.61274775 23.89 288.857188  -4.002881 14.939
 21    69.982 52957.61274840 33.41 288.856458  -4.006181 14.939
 22    71.290 52992.61277082 48.14 288.855525  -4.001661 13.514
 22    71.129 52992.61277147 41.78 288.854795  -4.004961 13.514
 23    73.137 53027.61273595 50.04 288.858056  -4.001478 21.477
 23    72.828 53027.61273660 46.07 288.857326  -4.004778 21.477
 23    73.053 53027.61273724 49.70 288.856606  -4.008088 21.477
 24    71.862 53062.61274482 16.27 288.858235  -4.001984 13.546
 24    71.018 53062.61274547 22.39 288.857505  -4.005284 13.546
 25    72.669 53097.61276466 20.03 288.847565  -3.997328  6.729
 25    72.308 53097.61276531 17.72 288.846835  -4.000638  6.729
 25    72.378 53097.61276595 16.18 288.846115  -4.003938  6.729
 26    72.253 53132.61274124 21.40 288.860665  -4.000232 19.438
 26    72.169 53132.61274188 18.99 288.859935  -4.003532 19.438
 26    72.416 53132.61274253 19.39 288.859205  -4.006842 19.438
 28    71.777 53202.61281801 42.64 288.851672  -3.997726 19.741
 28    71.780 53202.61281865 47.08 288.850942  -4.001026 19.741
 28    71.841 53202.61281930 51.85 288.850212  -4.004336 19.741
 29    67.862 53237.61278723 41.26 288.859098  -4.001211 13.594
 29    68.000 53237.61278788 48.32 288.858368  -4.004511 13.594
 29    68.013 53237.61278852 42.85 288.857638  -4.007821 13.594
 30    68.513 53272.61274470 48.22 288.854963  -3.999195 17.424
 30    68.519 53272.61274535 50.01 288.854233  -4.002505 17.424
 30    68.594 53272.61274599 47.89 288.853503  -4.005805 17.424
 31    69.553 53307.61280707 39.35 288.847516  -3.996180 14.282
 31    69.578 53307.61280772 38.57 288.846796  -3.999490 14.282
 31    69.363 53307.61280836 36.56 288.846066  -4.002790 14.282
 32    72.113 53342.61277419 47.16 288.852647  -3.997792 16.589
 32    72.485 53342.61277484 51.07 288.851927  -4.001102 16.589
 32    72.171 53342.61277548 49.47 288.851197  -4.004402 16.589
 34    70.382 53412.61275040 44.07 288.856363  -4.000596 15.068
 34    70.379 53412.61275104 45.72 288.855633  -4.003896 15.068
 34    70.437 53412.61275169 48.12 288.854903  -4.007206 15.068
 35    73.237 53447.61273622 42.82 288.852004  -3.999834 19.226
 35    73.109 53447.61273686 44.95 288.851274  -4.003144 19.226
 35    73.223 53447.61273751 42.99 288.850544  -4.006454 19.226
 36    74.067 53482.61282077 38.73 288.846034  -3.996332 14.054
 36    73.843 53482.61282141 33.22 288.845304  -3.999642 14.054
 36    73.966 53482.61282206 41.64 288.844574  -4.002942 14.054
 37    72.755 53517.61282182 25.75 288.853816  -3.998564  5.041
 37    72.488 53517.61282247 26.14 288.853096  -4.001864  5.041
 37    72.449 53517.61282311 28.43 288.852366  -4.005174  5.041
 38    70.900 53552.61284357 25.29 288.846439  -3.998315  4.952
 38    70.880 53552.61284421 26.62 288.845709  -4.001615  4.952
 38    70.779 53552.61284486 26.10 288.844979  -4.004915  4.952
 39    67.802 53587.61279594 39.39 288.856472  -4.001464 13.858
 39    67.959 53587.61279658 46.61 288.855752  -4.004774 13.858
 40    64.361 53622.61276342 36.62 288.846502  -3.995742 12.989
 40    64.248 53622.61276407 33.02 288.845772  -3.999052 12.989
 40    64.221 53622.61276471 38.35 288.845042  -4.002352 12.989
 41    64.868 53657.61279153 28.10 288.850922  -3.997432  7.035
 41    64.999 53657.61279218 27.79 288.850192  -4.000742  7.035
 41    64.901 53657.61279282 27.19 288.849462  -4.004042  7.035
 42    70.291 53692.61277561 37.00 288.851213  -3.999383 11.298
 42    69.782 53692.61277625 24.10 288.850483  -4.002693 11.298
 42    70.028 53692.61277690 28.24 288.849763  -4.005993 11.298
 44    72.071 53762.61265500 48.08 288.858977  -4.002336 17.981
 44    71.974 53762.61265564 49.47 288.858247  -4.005636 17.981
 45    73.104 53797.61266579 42.21 288.856616  -4.000206 11.541
 45    73.050 53797.61266643 30.51 288.855896  -4.003506 11.541
 45    72.811 53797.61266708 33.72 288.855166  -4.006816 11.541
 47    74.803 53867.61272462 31.69 288.850505  -3.999065 26.946
 47    74.790 53867.61272526 26.36 288.849771  -4.002380  7.178
 47    75.074 53867.61272591 27.33 288.849041  -4.005680  7.178
 48    70.806 53902.61275516 46.90 288.851496  -3.998946 13.297
 48    70.368 53902.61275580 37.77 288.850766  -4.002246 13.297
 48    70.311 53902.61275645 39.16 288.850036  -4.005556 13.297
 49    68.504 53937.61279193 27.24 288.843502  -3.994293  5.573
 49    68.456 53937.61279258 27.06 288.842772  -3.997603  5.573
 49    68.284 53937.61279322 26.82 288.842041  -4.000908  3.590
 50    66.656 53972.61275681 35.73 288.849183  -3.999650  7.431
 50    66.651 53972.61275745 32.81 288.848453  -4.002960  7.431
 51    67.175 54007.61274275 31.92 288.854341  -3.999290  6.786
 51    66.425 54007.61274340 29.46 288.853611  -4.002590  6.786
 51    65.889 54007.61274404 32.37 288.852881  -4.005890  6.786
 52    67.834 54042.61276803 31.53 288.856676  -4.001843 16.097
 52    67.834 54042.61276868 20.19 288.855942  -4.005156  6.373
 53    71.426 54077.61276154 24.05 288.853071  -3.999448  7.457
 53    71.353 54077.61276219 25.58 288.852341  -4.002758  7.457
 53    71.473 54077.61276283 24.26 288.851614  -4.006054  3.381
 54    73.904 54112.61270027 37.24 288.852822  -3.999338 19.083
 54    73.762 54112.61270092 30.51 288.852092  -4.002638 19.083
 54    73.864 54112.61270156 36.70 288.851362  -4.005948 19.083
 55    73.786 54147.61270484 29.58 288.851938  -3.999920 17.771
 55    73.510 54147.61270549 30.60 288.851208  -4.003230 17.771
 56    73.079 54182.61268866 27.76 288.853181  -3.998224 11.060
 56    73.029 54182.61268930 27.23 288.852451  -4.001524 11.060
 56    73.138 54182.61268995 28.92 288.851721  -4.004834 11.060
 57    74.856 54217.61271238 36.99 288.851924  -3.997449 15.108
 57    74.355 54217.61271303 29.23 288.851194  -4.000759 15.108
 57    74.363 54217.61271367 29.33 288.850464  -4.004059 15.108
 58    73.656 54252.61273841 24.71 288.851988  -3.999490 27.679
 58    73.580 54252.61273906 21.19 288.851258  -4.002800 27.679
 58    73.733 54252.61273970 26.69 288.850528  -4.006100 27.679
 59    72.382 54287.61274351 18.86 288.854548  -3.999411  9.235
 59    71.508 54287.61274415 20.66 288.853818  -4.002711  9.235
 59    71.428 54287.61274480 18.94 288.853088  -4.006021  9.235
 60    71.980 54322.61274059 12.74 288.854328  -3.999760  9.245
 60    69.978 54322.61274123 17.40 288.853598  -4.003060  9.245
 60    68.477 54322.61274188 18.91 288.852868  -4.006370  9.245
 61    66.826 54357.61269893 26.20 288.854218  -4.001186  6.943
 61    67.028 54357.61269957 27.54 288.853488  -4.004486  6.943
 62    66.476 54392.61268111 32.64 288.853718  -3.998894  6.792
 62    66.546 54392.61268175 27.73 288.852988  -4.002194  6.792
 62    66.887 54392.61268240 26.66 288.852258  -4.005504  6.792
 63    71.168 54427.61264922 28.94 288.854135  -4.000222  6.761
 63    71.016 54427.61264986 30.38 288.853415  -4.003522  6.761
 63    71.201 54427.61265051 30.05 288.852685  -4.006832  6.761
 64    71.670 54462.61265900 26.66 288.853814  -3.999077  6.252
 64    71.492 54462.61265964 26.75 288.853084  -4.002387  6.252
 64    71.629 54462.61266029 27.30 288.852354  -4.005687  6.252
 65    73.190 54497.61265785 27.00 288.854088  -4.000775  5.060
 65    73.214 54497.61265849 26.40 288.853368  -4.004075  5.060
 66    73.836 54532.61267260 25.30 288.854436  -4.000661 18.873
 66    73.704 54532.61267325 20.90 288.853716  -4.003961 18.873
 67    74.221 54567.61266189 29.15 288.854010  -3.999898 13.267
 67    74.240 54567.61266253 27.80 288.853280  -4.003198 13.267
 67    74.329 54567.61266318 37.42 288.852550  -4.006508 13.267
 68    74.106 54602.61266749 27.09 288.852507  -3.999848  7.962
 68    73.800 54602.61266814 26.43 288.851777  -4.003158  7.962
 68    74.176 54602.61266878 29.76 288.851057  -4.006458  7.962
 69    72.789 54637.61267899 19.27 288.851798  -3.999613  5.226
 69    72.160 54637.61267964 18.04 288.851068  -4.002923  5.226
 69    75.188 54637.61268028 20.25 288.850338  -4.006223  5.226
 70    69.894 54672.61268201 22.87 288.851815  -4.000343  4.455
 70    70.140 54672.61268266 23.62 288.851085  -4.003643  4.455
 71    66.405 54707.61264128 28.86 288.854965  -4.000751 11.898
 71    67.357 54707.61264192 23.36 288.854235  -4.004051 11.898
 72    68.195 54742.61264726 38.03 288.853217  -3.997758 11.712
 72    68.735 54742.61264791 32.00 288.852487  -4.001068 11.712
 72    68.271 54742.61264855 33.20 288.851767  -4.004368 11.712
 73    70.209 54777.61262327 17.61 288.854692  -3.999525  6.052
 73    69.760 54777.61262392 20.23 288.853962  -4.002825  6.052
 73    69.733 54777.61262456 29.83 288.853232  -4.006135  6.052
 74    70.937 54812.61264044 34.95 288.853109  -3.998773  9.287
 74    70.990 54812.61264108 32.68 288.852379  -4.002073  9.287
 74    70.800 54812.61264173 31.24 288.851649  -4.005383  9.287
 75    72.202 54847.61262317 47.68 288.853426  -3.999405 13.888
 75    72.526 54847.61262381 40.36 288.852696  -4.002715 13.888
 75    71.978 54847.61262446 40.19 288.851966  -4.006015 13.888
 76    74.389 54882.61264431 35.15 288.851877  -3.998312 20.600
 76    74.126 54882.61264496 25.46 288.851147  -4.001622 20.600
 76    74.563 54882.61264560 26.18 288.850427  -4.004922 20.600
 77    75.229 54917.61262526 33.92 288.851797  -3.997366 12.769
 77    74.759 54917.61262590 27.63 288.851067  -4.000666 12.769
 77    74.863 54917.61262654 26.38 288.850337  -4.003976 12.769
 78    75.723 54952.61263752 36.18 288.851933  -3.999267 21.500
 78    75.476 54952.61263817 35.22 288.851201  -4.002563  7.025
 78    75.720 54952.61263881 36.70 288.850471  -4.005873  7.025
 79    75.414 54987.61266204 33.22 288.850739  -3.997282 17.227
 79    75.089 54987.61266269 27.81 288.850009  -4.000592 17.227
 79    75.109 54987.61266333 25.77 288.849289  -4.003892 17.227
 80    72.972 55022.61265478 30.04 288.854433  -4.000160  9.210
 80    72.835 55022.61265542 29.89 288.853703  -4.003470  9.210
 80    72.981 55022.61265607 30.16 288.852983  -4.006770  9.210
 81    69.228 55057.61265017 23.53 288.853805  -3.999296  9.560
 81    69.130 55057.61265081 22.61 288.853075  -4.002606  9.560
 81    69.115 55057.61265146 31.78 288.852345  -4.005906  9.560
 82    66.681 55092.61260618 27.23 288.853308  -3.998013  7.297
 82    66.605 55092.61260683 26.01 288.852578  -4.001323  7.297
 82    66.448 55092.61260747 24.61 288.851848  -4.004623  7.297
 83    67.613 55127.61259100 25.86 288.853060  -3.999185  7.330
 83    67.640 55127.61259164 26.44 288.852330  -4.002485  7.330
 83    67.815 55127.61259229 28.19 288.851610  -4.005795  7.330
 84    70.490 55162.61256779 15.52 288.853191  -3.999457  5.905
 84    70.257 55162.61256843 14.30 288.852461  -4.002757  5.905
 84    69.631 55162.61256908 14.46 288.851731  -4.006067  5.905
 85    73.309 55197.61258208 26.59 288.852092  -4.000498 12.855
 85    73.518 55197.61258273 28.33 288.851372  -4.003798 12.855
 86    72.294 55232.61257248 22.67 288.852283  -4.000363  8.089
 86    71.395 55232.61257312 22.83 288.851553  -4.003663  8.089
 87    72.517 55267.61257681 26.21 288.852941  -4.000875  9.421
 87    72.588 55267.61257745 29.16 288.852221  -4.004175  9.421
 88    73.711 55302.61255148 28.30 288.854972  -3.999670  7.616
 88    73.633 55302.61255213 29.34 288.854252  -4.002970  7.616
 88    73.908 55302.61255277 27.13 288.853522  -4.006280  7.616
 89    73.835 55337.61255029 27.22 288.853293  -3.997899 25.219
 89    73.468 55337.61255094 22.84 288.852563  -4.001199 25.219
 89    73.815 55337.61255158 20.78 288.851833  -4.004509 25.219
 90    72.712 55372.61254069 20.98 288.854362  -3.998442  9.598
 90    72.365 55372.61254133 16.64 288.853632  -4.001742  9.598
 90    71.135 55372.61254198 20.09 288.852902  -4.005052  9.598
 91    68.245 55407.61256103 29.46 288.854290  -4.001021  7.519
 91    68.289 55407.61256167 29.74 288.853560  -4.004331  7.519
 92    63.759 55442.61255938 22.97 288.853895  -3.999431  8.288
 92    65.343 55442.61256002 18.24 288.853165  -4.002741  8.288
 92    65.319 55442.61256067 23.90 288.852435  -4.006041  8.288
 93    66.067 55477.61249987 18.38 288.855019  -3.998864  4.815
 93    65.513 55477.61250052 18.83 288.854299  -4.002174  4.815
 93    65.627 55477.61250116 21.40 288.853569  -4.005474  4.815
