# NaN NaN NaN ;Mean Elev.(m), Avg Gradient(m/km), RMS Gradient(m/km) - SRTM1     
#   -0.536  -9.215  15.860 ;Mean Elev.(m), Avg Gradient(m/km), RMS Gradient(m/km) - ASTER GDEM
#    1.000  -8.718  15.848 ;Mean Elev.(m), Avg Gradient(m/km), RMS Gradient(m/km) - GMTED2010 
  7 305.331130  -2.419429    12.541    12.738 11 52471.06959953 19.984
  8 305.335036  -2.429042     6.654     6.776 14 52506.06957757 30.290
  9 305.342923  -2.434732     6.352     6.299 12 52541.06955848 20.094
 10 305.331202  -2.423535     4.462     4.220 16 52576.06960838 20.103
 11 305.334747  -2.426689     8.009     5.924 13 52611.06956963 14.670
 12 305.336988  -2.429738     7.243     7.316 13 52646.06955655 17.727
 13 305.343504  -2.427702     6.960     7.028  6 52681.06952970 15.312
 15 305.322598  -2.417268    31.121    32.239 16 52751.06961163 17.342
 16 305.334784  -2.428225     7.564     7.943 14 52786.06955321 30.051
 17 305.335601  -2.429021     8.514     8.400 14 52821.06962701 27.177
 18 305.339653  -2.432463     7.617     7.727 13 52856.06967390 29.040
 19 305.331507  -2.424106     6.867     6.846 16 52891.06970825 26.800
 20 305.333985  -2.427063     6.964     6.934 15 52926.06966031 17.945
 21 305.345587  -2.436246     4.369     4.230 11 52961.06962597 16.504
 22 305.335100  -2.428007     4.709     4.725 13 52996.06966606 17.938
 23 305.334613  -2.425785     6.482     6.071 12 53031.06962938 17.542
 24 305.341047  -2.432052    17.393    18.030 10 53066.06963517 18.489
 25 305.332191  -2.429210     8.738     8.601 12 53101.06963649 24.714
 26 305.342118  -2.430180    22.948    23.220  8 53136.06963707 25.226
 28 305.334004  -2.426023     7.033     6.846 13 53206.06970388 21.417
 29 305.341522  -2.433937     6.238     6.298 12 53241.06966972 24.341
 30 305.338476  -2.432329     5.405     5.324 13 53276.06963941 30.905
 31 305.332280  -2.424943     4.613     4.599 15 53311.06968365 19.607
 32 305.336160  -2.423506     4.613     4.634  9 53346.06964969 13.945
 33 305.339862  -2.431972     5.294     5.267 13 53381.06960450 24.547
 35 305.339451  -2.433315    16.556    16.779 10 53451.06962211 21.123
 36 305.326024  -2.416228    11.953     9.469 17 53486.06971102 21.352
 37 305.338494  -2.428980    23.013    22.965 12 53521.06970243 19.923
 38 305.327647  -2.421900    17.423    14.735 11 53556.06972796 18.994
 39 305.345186  -2.436003     6.840     6.884 11 53591.06966443 26.573
 40 305.328288  -2.420385     5.310     5.235 16 53626.06965350 22.020
 41 305.330823  -2.413441     8.172     4.839  6 53661.06968054 14.048
 42 305.336285  -2.429073     3.874     3.728 13 53696.06964757 20.629
 43 305.341026  -2.432708     6.287     5.811 13 53731.06956956 25.064
 44 305.344512  -2.435070     7.773     7.876 12 53766.06953947 19.062
 45 305.341663  -2.433482     7.907     7.971 12 53801.06954259 25.464
 46 305.336906  -2.427070    20.340    21.867 12 53836.06955006 26.234
 47 305.338646  -2.440575    13.300    12.197  6 53871.06960437 28.364
 49 305.323710  -2.416063     8.114     8.128 19 53941.06967724 33.012
 50 305.333283  -2.425831     6.718     6.725 15 53976.06963097 26.975
 51 305.338789  -2.430920     4.703     4.456 13 54011.06963079 20.008
 52 305.344534  -2.435568     4.293     3.950 12 54046.06964440 21.007
 53 305.336725  -2.429610     4.224     4.707 13 54081.06963840 24.309
 54 305.336996  -2.430380     8.071     8.074 13 54116.06957193 18.616
 55 305.335799  -2.429973     7.393     7.290 11 54151.06958873 19.604
 56 305.336568  -2.427514    16.093    15.845 12 54186.06956436 19.055
 57 305.336667  -2.434164     8.146     8.022  8 54221.06959711 25.126
 58 305.336152  -2.428499    14.453    10.444 13 54256.06962197 27.019
 59 305.338998  -2.430859     9.473     9.253 13 54291.06962300 23.244
 60 305.339258  -2.431385     7.039     6.959 12 54326.06962024 23.638
 61 305.337849  -2.431168     5.792     5.756 13 54361.06957231 23.849
 62 305.338569  -2.430185     4.375     3.971 13 54396.06956039 18.579
 63 305.339126  -2.431562     4.383     4.359 12 54431.06952193 18.332
 64 305.339355  -2.431289     7.200     7.175 13 54466.06954075 16.455
 65 305.337475  -2.425971    22.133    20.205  9 54501.06953613 18.808
 66 305.338992  -2.431160     8.746     8.833 12 54536.06955559 24.185
 67 305.338419  -2.431582    13.830     9.915 11 54571.06953760 22.934
 68 305.336337  -2.428282    16.832    17.088 12 54606.06955079 25.017
 69 305.336272  -2.428847    10.888    10.886 13 54641.06955974 25.780
 70 305.335760  -2.429674     9.804     9.959 14 54676.06956173 27.503
 71 305.339539  -2.431950     6.551     6.566 13 54711.06951697 24.685
 72 305.336425  -2.428704     5.296     5.409 13 54746.06952981 19.382
 73 305.339324  -2.432550     6.016     5.877 13 54781.06950113 17.765
 74 305.337849  -2.431542     4.559     4.629 13 54816.06952196 26.701
 75 305.340463  -2.441671     7.758     7.718  6 54851.06949814 26.745
 76 305.337077  -2.434523    10.430     7.981  8 54886.06952542 22.580
 77 305.334145  -2.425184    32.317    34.351 11 54921.06950205 18.246
 78 305.334743  -2.424288    25.279    22.444 11 54956.06952366 22.712
 79 305.333589  -2.426735    15.704    11.631 14 54991.06954657 24.432
 80 305.338582  -2.432361    10.559    10.605 13 55026.06953592 29.360
 81 305.337694  -2.431282     7.334     6.816 13 55061.06952995 32.816
 82 305.336392  -2.429768     6.795     6.842 14 55096.06948049 36.197
 83 305.336719  -2.428739     4.883     4.625 13 55131.06947252 21.581
 84 305.337879  -2.426674     8.121     4.982  9 55166.06944254 15.612
 85 305.336551  -2.430337     6.810     6.680 13 55201.06946463 23.333
 86 305.336713  -2.429805     7.702     7.822 13 55236.06944834 24.785
 87 305.337463  -2.431137     8.591     8.548 13 55271.06945828 25.840
 88 305.338202  -2.430129     9.375     9.084 13 55306.06943004 23.088
 89 305.339169  -2.437100     9.473     9.682 10 55341.06942872 33.935
 90 305.338271  -2.431748     7.789     7.749 13 55376.06942206 34.043
 91 305.339137  -2.433804     8.522     8.405 11 55411.06944451 25.082
 92 305.338016  -2.430524     6.301     6.220 13 55446.06943833 22.343
 93 305.338826  -2.431729     3.704     3.427 13 55481.06937070 25.585
