-181658.324    45.794     0.00    6.94
-181282.267    44.656    -3.03    6.16
-180906.208    44.164    -1.31    5.23
-180530.149    45.076     2.42    3.75
-180154.088    46.508     3.81    4.33
-179778.027    47.319     2.16    3.94
-179401.964    48.955     4.35    3.80
-179025.901    51.119     5.76    4.13
-178649.836    53.324     5.86    4.17
-178273.771    53.941     1.64    4.40
-177897.704    54.743     2.13    4.72
-177521.637    54.683    -0.16    5.71
-177145.568    55.683     2.66    7.13
-176769.499    62.022    16.85   14.43
-176393.428    66.786    12.67   15.46
-176017.357    67.344     1.48   14.22
-175641.284    64.211    -8.33   14.40
-175265.210    59.401   -12.79   12.60
-174889.136    53.003   -17.01    4.70
-174513.060    50.248    -7.33    6.02
-174136.983    45.953   -11.42    7.38
-173760.906    42.538    -9.08    7.87
-173384.827    41.968    -1.52    7.55
-173008.747    41.233    -1.95    8.04
-172632.666    42.322     2.90    8.79
-172256.584    42.352     0.08    8.62
-171880.501    40.886    -3.90    6.59
-171504.417    37.453    -9.13    6.28
-171128.332    35.585    -4.97    5.54
-170752.246    33.980    -4.27    5.18
-170376.159    32.400    -4.20    6.39
-170000.071    35.077     7.12    8.81
-169623.982    37.886     7.47    9.47
-169247.892    37.697    -0.50    9.68
-168871.800    38.589     2.37    8.41
-168495.708    35.941    -7.04    7.91
-168119.614    33.478    -6.55    8.37
-167743.520    30.837    -7.02    6.99
-167367.424    30.788    -0.13    6.40
-166991.328    31.690     2.40    7.51
-166615.230    31.316    -1.00    8.36
-166239.132    30.243    -2.85    9.21
-165863.032    28.222    -5.37    8.08
-165486.931    26.995    -3.26    7.39
-165110.829    26.243    -2.00    7.70
-164734.726    26.401     0.42    8.54
-164358.622    27.376     2.59    9.49
-163982.517    28.805     3.80   10.66
-163606.411    31.376     6.83   11.01
-163230.303    36.248    12.95    8.73
-162854.195    38.373     5.65    5.74
-162478.085    38.778     1.08    5.80
-162101.975    35.265    -9.34   10.70
-161725.863    34.427    -2.23   10.84
-161349.751    31.350    -8.18   11.59
-160973.637    29.256    -5.57   10.84
-160597.522    29.760     1.34   10.48
-160221.406    29.914     0.41   11.66
-159845.289    30.316     1.07   12.19
-159469.171    31.427     2.95   12.66
-159093.052    31.927     1.33   12.55
-158716.931    31.760    -0.44   12.94
-158340.810    31.138    -1.66   12.99
-157964.687    29.602    -4.08   12.88
-157588.564    25.316   -11.40   12.69
-157212.439    22.152    -8.41   10.86
-156836.313    18.171   -10.59    8.58
-156460.186    15.656    -6.69    8.08
-156084.058    15.778     0.33   10.88
-155707.929    16.941     3.09   12.64
-155331.798    21.562    12.29   15.34
-154955.667    27.427    15.59   15.55
-154579.534    30.049     6.97   13.78
-154203.401    30.702     1.74   12.37
-153827.266    27.953    -7.31   12.12
-153451.130    22.346   -14.91   11.81
-153074.993    18.559   -10.07   11.51
-152698.855    15.555    -7.98    9.86
-152322.716    14.295    -3.35    7.93
-151946.575    17.594     8.77   10.40
-151570.434    18.324     1.94    9.93
-151194.291    17.844    -1.28    8.11
-150818.147    15.145    -7.17    7.16
-150442.002    12.401    -7.29    6.49
-150065.856    10.370    -5.40    6.02
-149689.709    11.157     2.09    7.30
-149313.561    13.211     5.46    8.06
-148937.411    16.243     8.06    9.81
-148561.261    19.401     8.40   11.68
-148185.109    25.760    16.91   14.09
-147808.956    32.914    19.02   13.29
-147432.802    38.427    14.66    9.15
-147056.647    40.238     4.81    4.71
-146680.490    36.454   -10.06   10.25
-146304.333    29.795   -17.70   13.69
-145928.174    24.555   -13.93   12.39
-145552.014    22.483    -5.51   11.90
-145175.853    26.889    11.71   14.03
-144799.691    35.733    23.51   11.25
-144423.528    40.324    12.21    8.15
-144047.363    43.299     7.91    3.93
-143671.198    43.052    -0.66    4.37
-143295.031    41.374    -4.46    5.06
-142918.863    38.968    -6.40    5.24
-142542.694    39.265     0.79    5.04
-142166.523    39.350     0.23    4.04
-141790.352    39.049    -0.80    3.55
-141414.179    37.812    -3.29    4.61
-141038.005    36.581    -3.27    5.00
-140661.830    31.670   -13.05   11.74
-140285.654    25.453   -16.53   15.28
-139909.477    16.555   -23.65   13.36
-139533.298     8.222   -22.15    6.79
-139157.118     5.616    -6.93    3.04
-138780.937     5.164    -1.20    2.26
-138404.755     4.697    -1.24    0.99
-138028.572     4.832     0.36    1.12
-137652.387     4.697    -0.36    0.77
-137276.202     4.615    -0.22    0.54
-136900.015    10.530    15.72   12.30
-136523.827    18.248    20.52   15.73
-136147.637    26.510    21.96   16.16
-135771.447    34.068    20.09   11.79
-135395.255    37.149     8.19    8.95
-135019.062    39.607     6.53    6.74
-134642.868    39.848     0.64    5.69
-134266.673    38.373    -3.92    7.72
-133890.476    31.968   -17.03   14.27
-133514.279    23.709   -21.95   16.56
-133138.080    16.744   -18.51   15.17
-132761.879    11.205   -14.72   11.32
-132385.678    10.374    -2.21   12.12
-132009.475    11.164     2.10   12.68
-131633.272     9.886    -3.40   12.17
-131257.067     7.157    -7.26    8.25
-130880.860     6.513    -1.71    6.01
-130504.653     5.658    -2.27    3.40
-130128.444     6.530     2.32    4.85
-129752.234    10.733    11.17   10.29
-129376.023    17.914    19.09   12.61
-128999.810    23.566    15.02   11.06
-128623.597    26.927     8.93    9.58
-128247.382    27.632     1.87    9.99
-127871.166    30.717     8.20   10.50
-127494.948    35.941    13.89    6.80
-127118.730    37.638     4.51    6.13
-126742.510    38.552     2.43    5.51
-126366.289    39.643     2.90    3.55
-125990.067    39.940     0.79    3.11
-125613.843    39.848    -0.24    2.98
-125237.618    39.941     0.25    2.78
-124861.392    39.184    -2.01    2.74
-124485.165    38.760    -1.13    3.12
-124108.936    38.478    -0.75    3.78
-123732.810    37.577    -2.40    5.37
-123356.831    37.373    -0.54    5.65
-122980.850    35.227    -5.71    6.45
-122604.868    33.690    -4.09    6.96
-122228.885    32.295    -3.71    6.98
-121852.900    31.292    -2.67    7.72
-121476.914    26.638   -12.38   11.73
-121100.927    24.371    -6.03   11.80
-120724.939    25.022     1.73   11.76
-120348.949    28.480     9.20   11.00
-119972.958    30.170     4.50    8.81
-119596.966    25.248   -13.09   11.16
-119220.972    17.786   -19.84   10.53
-118844.978    11.914   -15.62    8.43
-118468.982     9.697    -5.89    6.99
-118092.984    11.049     3.59    6.77
-117716.986    11.196     0.39    5.80
-117340.986    11.401     0.55    5.16
-116964.985     9.562    -4.89    4.45
-116588.982     7.658    -5.06    4.23
-116212.979     5.927    -4.60    3.36
-115836.974     5.111    -2.17    1.28
-115460.967     5.562     1.20    1.69
-115084.960     5.977     1.10    1.75
-114708.951     5.559    -1.11    1.30
-114332.941     5.344    -0.57    1.02
-113956.929     5.211    -0.35    0.98
-113580.916     5.094    -0.31    1.10
-113204.902     5.248     0.41    1.14
-112828.887     5.119    -0.34    1.06
-112452.870     5.084    -0.09    0.97
-112076.852     5.319     0.62    1.26
-111700.833     6.130     2.16    1.98
-111324.812     6.616     1.29    1.96
-110948.790     6.302    -0.84    1.94
-110572.767     6.481     0.48    2.40
-110196.743     6.901     1.12    3.60
-109820.717     7.480     1.54    3.81
-109444.690     8.453     2.59    4.19
-109068.661     8.211    -0.64    4.12
-108692.631     7.202    -2.68    4.05
-108316.600     6.822    -1.01    4.25
-107940.568     7.760     2.50    5.56
-107564.534     8.589     2.20    6.21
-107188.499     9.149     1.49    6.62
-106812.462     8.690    -1.22    6.53
-106436.425     6.965    -4.59    5.39
-106060.385     4.827    -5.69    1.94
-105684.345     4.427    -1.06    0.00
-105308.303     4.805     1.01    1.62
-104932.260     7.510     7.19    5.13
-104556.216    10.068     6.80    6.84
-104180.170    10.795     1.93    7.75
-103804.123     9.632    -3.09    8.29
-103428.074     6.299    -8.86    7.25
-103052.024     3.727    -6.84    4.27
-102675.973     4.184     1.21    4.27
-102299.921     4.709     1.40    4.42
-101923.867     7.145     6.48    6.26
-101547.812    10.010     7.62    6.24
-101171.755    11.346     3.55    6.09
-100795.697    10.670    -1.80    5.98
-100419.638     8.130    -6.76    5.02
-100043.577     5.914    -5.89    3.89
 -99667.515     4.733    -3.14    1.83
 -99291.452     4.453    -0.74    0.16
 -98915.387     4.480     0.07    0.23
 -98539.321     5.038     1.49    2.43
 -98163.253    10.735    15.15   10.31
 -97787.184    16.138    14.37   12.86
 -97411.114    21.743    14.90   11.20
 -97035.042    25.822    10.85    7.24
 -96658.970    28.017     5.84    7.26
 -96282.895    29.076     2.82    8.41
 -95906.819    31.683     6.93   10.26
 -95530.742    36.527    12.88   11.46
 -95154.664    40.288    10.00   10.54
 -94778.584    43.805     9.35    7.35
 -94402.503    45.616     4.81    5.66
 -94026.420    45.968     0.93    5.41
 -93650.336    47.886     5.10    4.51
 -93274.250    48.998     2.96    4.02
 -92898.164    49.752     2.00    3.35
 -92522.075    48.953    -2.12    4.90
 -92145.986    48.292    -1.76    5.23
 -91769.895    48.094    -0.53    5.01
 -91393.802    47.453    -1.70    4.85
 -91017.709    48.017     1.50    5.21
 -90641.613    48.346     0.88    5.12
 -90265.517    48.581     0.62    5.49
 -89889.419    49.677     2.91    4.84
 -89513.319    48.530    -3.05    5.50
 -89137.218    47.683    -2.25    5.68
 -88761.116    44.646    -8.08    6.74
 -88385.012    42.265    -6.33    7.87
 -88008.907    33.643   -22.92   12.96
 -87632.801    26.149   -19.93   15.19
 -87256.693    16.724   -25.06   13.65
 -86880.584    12.260   -11.87   10.79
 -86504.473    13.374     2.96   11.83
 -86128.361    15.478     5.59   13.14
 -85752.247    24.374    23.65   16.34
 -85376.132    34.532    27.01   18.78
 -85000.016    43.376    23.51   17.06
 -84623.898    51.735    22.22   11.99
 -84247.778    56.346    12.26    7.12
 -83871.658    56.401     0.15    8.54
 -83495.535    56.319    -0.22    8.89
 -83119.412    54.138    -5.80    9.66
 -82743.287    52.032    -5.60    9.37
 -82367.160    51.958    -0.20    6.72
 -81991.032    51.658    -0.80   10.40
 -81614.903    50.427    -3.27   11.40
 -81238.772    49.373    -2.80   11.86
 -80862.640    50.094     1.92   11.49
 -80486.506    51.455     3.62    9.95
 -80110.371    52.953     3.98    9.54
 -79734.234    56.480     9.38    9.02
 -79358.096    58.184     4.53    7.95
 -78981.957    58.530     0.92    6.46
 -78605.816    58.607     0.20    6.08
 -78229.673    60.248     4.36    5.39
 -77853.529    59.427    -2.18    6.95
 -77477.384    57.812    -4.29    8.73
 -77101.237    55.941    -4.97    8.73
 -76725.089    55.032    -2.41    8.46
 -76348.939    56.832     4.79    7.28
 -75972.788    58.185     3.59    6.32
 -75596.635    59.299     2.96    5.50
 -75220.481    58.709    -1.57    5.36
 -74844.325    59.483     2.06    5.04
 -74468.168    59.812     0.87    4.52
 -74092.009    58.899    -2.43    4.50
 -73715.849    57.760    -3.03    3.56
 -73339.688    58.427     1.77    4.38
 -72963.525    59.914     3.95    4.81
 -72587.360    59.690    -0.59    5.49
 -72211.194    59.068    -1.65    6.62
 -71835.027    59.527     1.22    6.50
 -71458.858    58.508    -2.71    5.66
 -71082.687    60.376     4.96    4.42
 -70706.515    62.094     4.57    3.72
 -70330.342    62.316     0.59    5.01
 -69954.167    59.427    -7.68    7.44
 -69577.990    56.927    -6.65    8.00
 -69201.812    57.786     2.28    8.17
 -68825.633    61.102     8.81    8.18
 -68449.452    65.455    11.57    6.54
 -68073.269    66.119     1.77    6.95
 -67697.085    66.316     0.52    8.90
 -67320.900    66.265    -0.14   11.73
 -66944.713    65.243    -2.72   13.77
 -66568.525    64.085    -3.08   14.12
 -66192.334    60.848    -8.60   13.03
 -65816.143    55.211   -14.98   12.41
 -65439.950    50.477   -12.58   10.38
 -65063.755    48.760    -4.56   10.53
 -64687.559    50.902     5.69   11.25
 -64311.362    56.743    15.53   11.50
 -63935.163    62.149    14.37    8.71
 -63558.962    68.049    15.68    8.34
 -63182.760    71.816    10.01    8.31
 -62806.556    74.559     7.29    7.74
 -62430.351    75.027     1.25    9.06
 -62054.144    73.859    -3.10   10.17
 -61677.936    71.627    -5.93   11.16
 -61301.726    69.965    -4.42   11.66
 -60925.514    66.664    -8.78   13.51
 -60549.302    62.927    -9.93   12.30
 -60173.087    57.812   -13.60   13.46
 -59796.871    53.559   -11.30   12.13
 -59420.654    53.399    -0.42   10.84
 -59044.434    56.273     7.64   10.34
 -58668.214    61.760    14.58    8.52
 -58291.992    61.827     0.18    9.52
 -57915.768    59.735    -5.56   12.29
 -57539.543    58.827    -2.41   13.75
 -57163.316    55.454    -8.97   14.61
 -56787.087    56.724     3.38   14.43
 -56410.857    53.111    -9.60   15.17
 -56034.626    48.401   -12.52   12.90
 -55658.393    42.538   -15.58   11.36
 -55282.158    37.102   -14.45   11.88
 -54905.922    30.914   -16.45   12.35
 -54529.684    24.032   -18.29   11.46
 -54153.445    20.832    -8.50    9.18
 -53777.204    19.953    -2.34    8.61
 -53400.962    20.324     0.99    8.01
 -53024.718    22.121     4.78    7.82
 -52648.472    20.940    -3.14    8.16
 -52272.225    14.621   -16.79    9.81
 -51895.976     9.138   -14.58    7.86
 -51519.726     4.786   -11.57    6.32
 -51143.474     1.583    -8.51    2.70
 -50767.220     2.184     1.60    4.00
 -50390.965     2.751     1.51    5.24
 -50014.708     4.238     3.95    7.07
 -49638.450     7.171     7.79    8.20
 -49262.190    10.859     9.80    7.54
 -48885.929    16.299    14.46    6.55
 -48509.919    17.965     4.43    7.08
 -48133.979    18.863     2.39    6.67
 -47758.039    17.778    -2.88    6.39
 -47382.096    17.504    -0.73    5.64
 -47006.152    17.940     1.16    7.34
 -46630.206    19.510     4.18    9.39
 -46254.259    22.611     8.25    9.63
 -45878.310    26.778    11.08    7.84
 -45502.360    29.562     7.40    6.66
 -45126.408    29.812     0.66    6.58
 -44750.454    31.021     3.22    6.55
 -44374.499    31.709     1.83    6.81
 -43998.542    32.991     3.41    6.23
 -43622.583    35.844     7.59    3.84
 -43246.623    36.504     1.76    2.77
 -42870.661    36.886     1.02    2.49
 -42494.698    35.401    -3.95    4.05
 -42118.733    32.032    -8.96    6.17
 -41742.766    28.059   -10.57    7.42
 -41366.798    23.535   -12.03    6.79
 -40990.828    20.453    -8.20    5.89
 -40614.857    18.273    -5.80    6.83
 -40238.884    15.760    -6.68    7.62
 -39862.909    14.481    -3.40    7.45
 -39486.933    12.832    -4.38    6.39
 -39110.955    12.535    -0.79    6.12
 -38734.975    12.427    -0.29    6.13
 -38358.994    14.427     5.32    7.28
 -37983.011    16.914     6.62    7.41
 -37607.026    17.683     2.05    5.40
 -37231.040    17.899     0.57    5.11
 -36855.052    13.632   -11.35    6.79
 -36479.063    10.427    -8.52    7.70
 -36103.072     6.585   -10.22    6.95
 -35727.079     3.848    -7.28    4.57
 -35351.085     2.991    -2.28    3.55
 -34975.088     3.589     1.59    3.79
 -34599.091     3.848     0.69    4.76
 -34223.091     4.352     1.34    5.35
 -33847.090     2.788    -4.16    4.31
 -33471.088     2.427    -0.96    3.48
 -33095.083     2.886     1.22    2.79
 -32719.077     3.805     2.44    2.63
 -32343.070     4.562     2.01    2.28
 -31967.060     4.566     0.01    1.90
 -31591.049     5.277     1.89    1.96
 -31215.037     5.709     1.15    1.86
 -30839.022     6.022     0.83    1.91
 -30463.006     6.504     1.28    1.80
 -30086.989     6.822     0.85    2.22
 -29710.969     7.171     0.93    2.35
 -29334.948     7.616     1.19    2.54
 -28958.926     8.581     2.57    3.04
 -28582.901     9.010     1.14    3.16
 -28206.875     9.743     1.95    3.55
 -27830.847    11.965     5.91    4.24
 -27454.818    14.227     6.01    4.68
 -27078.787    14.017    -0.56    4.95
 -26702.754    13.805    -0.56    4.91
 -26326.719    13.238    -1.51    5.04
 -25950.683    11.670    -4.17    4.62
 -25574.645    11.760     0.24    4.48
 -25198.606    10.581    -3.14    4.97
 -24822.564    10.134    -1.19    5.48
 -24446.521    11.535     3.73    6.17
 -24070.477    14.094     6.80    6.81
 -23694.430    17.453     8.93    6.68
 -23318.382    18.607     3.07    5.30
 -22942.332    16.690    -5.10    6.65
 -22566.281    13.914    -7.38    6.72
 -22190.228    10.121   -10.09    5.63
 -21814.173     7.616    -6.66    5.11
 -21438.116     5.914    -4.53    5.14
 -21062.058     3.221    -7.16    2.07
 -20685.998     2.991    -0.61    1.90
 -20309.936     2.376    -1.64    1.83
 -19933.872     2.288    -0.23    1.61
 -19557.807     1.454    -2.22    1.48
 -19181.740     1.010    -1.18    1.20
 -18805.672     2.138     3.00    2.65
 -18429.601     2.752     1.63    2.51
 -18053.529     3.941     3.16    2.29
 -17677.455     4.401     1.23    1.90
 -17301.380     4.427     0.07    2.38
 -16925.302     6.848     6.44    5.41
 -16549.223    10.022     8.44    6.30
 -16173.143    11.477     3.87    5.82
 -15797.060    10.968    -1.35    5.44
 -15420.976     9.319    -4.38    4.71
 -15044.890     6.535    -7.40    3.32
 -14668.802     4.998    -4.09    3.00
 -14292.712     3.632    -3.63    3.10
 -13916.621     4.248     1.64    3.91
 -13540.528     6.927     7.12    6.47
 -13164.433    11.506    12.17    7.76
 -12788.337    15.983    11.90    6.95
 -12412.239    18.611     6.99    6.59
 -12036.139    19.627     2.70    5.67
 -11660.037    20.157     1.41    3.93
 -11283.933    16.822    -8.87    6.50
 -10907.828    13.822    -7.98    6.71
 -10531.721    12.735    -2.89    6.61
 -10155.612    14.103     3.64    7.39
  -9779.502    17.027     7.78    7.58
  -9403.389    19.299     6.04    6.01
  -9027.275    18.400    -2.39    5.44
  -8651.159    18.238    -0.43    5.11
  -8275.042    19.319     2.87    5.44
  -7898.922    20.401     2.88    5.51
  -7522.801    22.350     5.18    4.23
  -7146.678    21.684    -1.77    3.98
  -6770.553    19.837    -4.91    5.06
  -6394.427    19.859     0.06    5.36
  -6018.299    19.621    -0.63    4.90
  -5642.169    19.196    -1.13    6.84
  -5266.037    17.373    -4.85    9.01
  -4889.903    14.094    -8.72   10.50
  -4513.768    11.506    -6.88   11.03
  -4137.630     8.627    -7.65   10.15
  -3761.491    10.265     4.35    9.75
  -3385.350    13.677     9.07    9.49
  -3009.208    19.042    14.26    8.63
  -2633.063    23.177    10.99    4.96
  -2256.917    23.211     0.09    4.63
  -1880.769    21.616    -4.24    5.58
  -1504.619    16.805   -12.79    7.24
  -1128.468    10.965   -15.53    9.25
   -752.314     5.292   -15.08    7.39
   -376.159     0.889   -11.71    3.92
     -0.002    -0.573    -3.89    0.00
    376.157    -0.573     0.00    0.00
    752.318    -0.573     0.00    0.00
   1128.480    -0.573     0.00    0.00
   1504.645    -0.441     0.35    0.81
   1880.811    -0.017     1.13    1.90
   2256.979     3.273     8.75    6.02
   2633.148     9.832    17.44   10.58
   3009.320    14.299    11.87   10.02
   3385.493    18.227    10.44    7.11
   3761.669    19.998     4.71    5.86
   4137.846    22.941     7.82    5.13
   4514.025    23.616     1.80    5.68
   4890.205    22.184    -3.81    6.02
   5266.388    20.085    -5.58    7.14
   5642.572    16.399    -9.80    8.10
   6018.759    12.802    -9.56    8.12
   6394.947    14.248     3.84    8.78
   6771.137    15.508     3.35    8.26
   7147.328    17.273     4.69    8.37
   7523.522    16.927    -0.92    7.64
   7899.718    16.248    -1.81    8.70
   8275.915    15.022    -3.26    8.33
   8652.114    14.094    -2.47    8.49
   9028.315    12.788    -3.47    8.28
   9404.518    11.196    -4.23    8.17
   9780.723    10.273    -2.45    6.41
  10156.929    10.490     0.58    5.99
  10533.138     9.670    -2.18    6.80
  10909.348    10.724     2.80    7.28
  11285.560    13.697     7.90    7.63
  11661.774    15.670     5.24    7.53
  12037.990    17.914     5.96    4.94
  12414.208    19.145     3.27    5.33
  12790.427    20.145     2.66    7.50
  13166.649    23.006     7.60    9.72
  13542.872    27.901    13.01   11.01
  13919.097    31.530     9.65    9.63
  14295.324    32.324     2.11   10.33
  14671.553    33.022     1.85   12.26
  15047.784    30.735    -6.08   12.70
  15424.017    29.616    -2.97   11.53
  15800.252    30.478     2.29   10.67
  16176.488    30.032    -1.19    9.13
  16552.727    31.427     3.71    7.68
  16928.967    34.222     7.43    7.56
  17305.209    35.559     3.55    6.63
  17681.453    36.995     3.82    5.24
  18057.699    38.119     2.99    4.17
  18433.947    37.760    -0.95    3.78
  18810.196    37.581    -0.48    3.38
  19186.448    37.786     0.55    2.78
  19562.702    36.995    -2.10    2.87
  19938.957    37.119     0.33    2.26
  20315.214    37.478     0.95    2.46
  20691.474    37.914     1.16    2.30
  21067.735    39.038     2.99    2.64
  21443.998    39.760     1.92    2.56
  21820.263    39.616    -0.38    2.84
  22196.530    39.559    -0.15    3.11
  22572.798    39.508    -0.13    2.99
  22949.069    39.802     0.78    2.45
  23325.342    39.837     0.09    2.29
  23701.616    39.427    -1.09    2.51
  24077.893    39.455     0.07    2.61
  24454.171    39.965     1.36    2.45
  24830.451    40.927     2.56    2.47
  25206.734    41.401     1.26    2.43
  25583.018    41.401     0.00    3.04
  25959.304    40.562    -2.23    2.96
  26335.536    40.190    -0.99    2.87
  26711.436    39.581    -1.62    2.49
  27087.338    39.171    -1.09    2.02
  27463.242    39.724     1.47    1.66
  27839.148    39.735     0.03    2.09
  28215.056    39.848     0.30    2.07
  28590.965    39.233    -1.64    2.46
  28966.877    38.914    -0.85    1.98
  29342.791    38.066    -2.25    1.93
  29718.706    38.094     0.07    2.14
  30094.624    38.127     0.09    2.36
  30470.543    38.371     0.65    2.23
  30846.464    37.812    -1.49    2.58
  31222.388    37.649    -0.43    2.65
  31598.313    38.085     1.16    2.62
  31974.240    37.324    -2.02    2.52
  32350.169    36.822    -1.34    2.93
  32726.100    36.901     0.21    2.88
  33102.033    36.478    -1.12    2.54
  33477.968    36.852     0.99    2.94
  33853.905    37.076     0.59    2.82
  34229.844    37.627     1.47    3.01
  34605.785    38.506     2.34    2.42
  34981.728    38.968     1.23    3.12
  35357.673    38.941    -0.07    3.80
  35733.620    39.344     1.07    4.66
  36109.568    40.006     1.76    4.60
  36485.519    39.927    -0.21    4.65
  36861.472    39.538    -1.03    4.00
  37237.426    39.427    -0.30    3.82
  37613.383    38.769    -1.75    3.35
  37989.342    38.709    -0.16    2.49
  38365.302    38.217    -1.31    2.83
  38741.265    38.006    -0.56    2.89
  39117.229    37.038    -2.57    2.95
  39493.196    36.953    -0.23    2.76
  39869.165    36.577    -1.00    2.08
  40245.135    36.066    -1.36    2.29
  40621.108    36.478     1.10    3.03
  40997.082    35.980    -1.33    3.49
  41373.059    36.481     1.33    3.41
  41749.037    36.481     0.00    3.30
  42125.018    36.649     0.45    3.77
  42501.000    36.222    -1.14    4.10
  42876.985    35.177    -2.78    5.25
  43252.971    34.778    -1.06    5.59
  43628.960    34.502    -0.74    5.28
  44004.950    34.295    -0.55    5.74
  44380.943    35.059     2.03    5.51
  44756.937    36.103     2.78    5.27
  45132.934    37.171     2.84    3.73
  45508.932    37.481     0.83    3.45
  45884.933    37.121    -0.96    2.66
  46260.936    37.532     1.09    2.71
  46636.940    38.066     1.42    2.91
  47012.947    37.837    -0.61    3.14
  47388.956    37.889     0.14    3.21
  47764.966    37.788    -0.27    3.07
  48140.979    37.670    -0.31    2.88
  48516.994    38.022     0.93    2.76
  48893.010    37.190    -2.21    2.93
  49269.029    36.902    -0.77    2.54
  49645.050    37.022     0.32    2.36
  50021.073    37.607     1.56    2.74
  50397.098    38.138     1.41    2.90
  50773.125    37.980    -0.42    3.52
  51149.154    36.400    -4.20    5.63
  51525.185    34.427    -5.25    5.84
  51901.218    34.717     0.77    6.20
  52277.253    34.955     0.63    5.89
  52653.290    37.049     5.57    3.90
  53029.329    38.677     4.33    3.09
  53405.370    39.042     0.97    3.07
  53781.413    39.376     0.89    2.74
  54157.459    38.913    -1.23    3.47
  54533.506    38.238    -1.79    3.36
  54909.556    37.616    -1.65    2.48
  55285.607    38.022     1.08    2.35
  55661.661    38.227     0.55    2.32
  56037.716    38.616     1.03    2.15
  56413.774    38.658     0.11    2.38
  56789.834    38.863     0.55    2.45
  57165.895    38.889     0.07    2.48
  57541.959    38.697    -0.51    2.59
  57918.025    38.299    -1.06    2.49
  58294.093    37.953    -0.92    2.47
  58670.163    37.871    -0.22    2.50
  59046.235    37.859    -0.03    3.08
  59422.310    37.066    -2.11    5.05
  59798.386    32.690   -11.64    9.60
  60174.464    26.504   -16.45   10.81
  60550.545    21.677   -12.83    8.53
  60926.627    23.348     4.44    7.98
  61302.712    27.805    11.85    8.53
  61678.799    31.510     9.85    7.43
  62054.888    33.914     6.39    5.52
  62430.979    34.164     0.66    4.82
  62807.072    35.324     3.09    3.71
  63183.167    36.068     1.98    3.23
  63559.264    36.786     1.91    3.06
  63935.363    37.076     0.77    2.60
  64311.464    37.248     0.46    2.15
  64687.568    37.299     0.14    2.14
  65063.673    37.399     0.27    2.51
  65439.781    37.616     0.58    2.42
  65815.891    37.995     1.01    2.71
  66192.003    37.697    -0.79    2.63
  66568.117    38.222     1.39    2.56
  66944.233    38.192    -0.08    2.55
  67320.351    38.377     0.49    2.24
  67696.472    37.690    -1.83    3.43
  68072.594    37.205    -1.29    3.49
  68448.719    37.222     0.05    3.29
  68824.845    37.481     0.69    2.80
  69200.974    38.273     2.11    1.90
  69577.105    38.769     1.32    1.94
  69953.238    38.786     0.04    1.77
  70329.373    39.211     1.13    1.42
  70705.511    39.190    -0.05    1.55
  71081.650    39.327     0.36    1.91
  71457.792    39.177    -0.40    2.01
  71833.935    39.373     0.52    2.28
  72210.081    39.211    -0.43    2.30
  72586.229    38.724    -1.29    1.94
  72962.379    38.319    -1.08    1.39
  73338.531    38.227    -0.24    1.66
  73714.686    38.027    -0.53    2.54
  74090.842    37.559    -1.25    3.69
  74467.001    36.697    -2.29    4.54
  74843.162    35.812    -2.35    4.52
  75219.325    35.111    -1.86    4.70
  75595.490    35.585     1.26    4.24
  75971.657    36.874     3.43    4.05
  76347.827    37.914     2.76    2.73
  76723.998    38.157     0.64    2.51
  77100.172    38.138    -0.05    2.12
  77476.348    37.752    -1.02    3.23
  77852.526    38.056     0.81    3.72
  78228.706    38.643     1.56    3.86
  78604.889    39.130     1.29    2.97
  78981.073    39.481     0.93    2.36
  79357.260    39.616     0.36    2.27
  79733.449    39.733     0.31    2.82
  80109.640    39.299    -1.15    3.29
  80485.833    39.032    -0.71    3.75
  80862.029    38.670    -0.96    3.99
  81238.226    38.786     0.31    4.18
  81614.426    39.059     0.72    3.48
  81990.628    40.068     2.68    2.51
  82366.832    39.941    -0.34    2.16
  82743.038    40.350     1.09    2.46
  83119.247    40.705     0.94    3.37
  83495.457    40.269    -1.16    3.61
  83871.670    40.196    -0.19    3.79
  84247.885    39.548    -1.72    3.56
  84624.103    37.863    -4.48    4.69
  85000.322    36.184    -4.46    4.72
  85376.544    35.211    -2.59    4.28
  85752.767    35.968     2.01    4.41
  86128.994    36.788     2.18    4.40
  86505.222    38.863     5.51    3.73
  86881.452    39.927     2.83    2.64
  87257.685    39.832    -0.25    2.90
  87633.920    40.427     1.58    2.00
  88010.157    40.350    -0.20    1.80
  88386.396    40.273    -0.20    1.91
  88762.637    40.427     0.41    1.63
  89138.881    40.401    -0.07    1.81
  89515.127    40.157    -0.65    2.13
  89891.375    39.886    -0.72    2.19
  90267.625    39.724    -0.43    1.90
  90643.878    39.633    -0.24    2.00
  91020.133    40.042     1.09    1.71
  91396.390    39.683    -0.95    1.86
  91772.649    39.288    -1.05    1.99
  92148.910    38.616    -1.79    2.64
  92525.174    38.594    -0.06    2.74
  92901.440    39.085     1.31    2.64
  93277.708    40.452     3.63    2.74
  93653.978    40.941     1.30    2.74
  94030.251    41.530     1.57    2.26
  94406.526    41.953     1.13    2.18
  94782.803    41.480    -1.26    1.93
  95159.082    41.508     0.08    1.79
  95535.364    41.527     0.05    1.91
  95911.647    41.322    -0.55    2.10
  96287.934    40.995    -0.87    2.08
  96664.222    41.130     0.36    2.45
  97040.512    41.113    -0.05    2.30
  97416.805    40.581    -1.41    2.57
  97793.100    40.222    -0.95    2.07
  98169.397    40.455     0.62    2.26
  98545.697    40.643     0.50    2.07
  98921.999    41.346     1.87    1.69
  99298.303    41.138    -0.55    1.89
  99674.609    41.052    -0.23    1.73
 100050.918    40.941    -0.30    1.94
 100427.229    41.006     0.17    2.13
 100803.542    40.874    -0.35    2.13
 101179.857    40.863    -0.03    1.92
 101555.942    40.373    -1.30    2.12
 101931.806    40.127    -0.65    2.90
 102307.672    39.480    -1.72    3.41
 102683.540    38.566    -2.43    4.12
 103059.410    38.941     1.00    4.10
 103435.283    38.899    -0.11    4.40
 103811.158    38.453    -1.19    4.72
 104187.036    38.376    -0.20    4.01
 104562.915    36.798    -4.20    4.77
 104938.797    36.480    -0.85    5.23
 105314.681    36.562     0.22    5.30
 105690.568    36.955     1.04    5.37
 106066.457    37.889     2.48    4.82
 106442.348    38.643     2.01    3.74
 106818.241    38.658     0.04    3.41
 107194.137    37.743    -2.43    4.58
 107570.035    37.377    -0.97    5.01
 107945.935    37.941     1.50    5.35
 108321.837    37.552    -1.03    5.09
 108697.742    37.632     0.21    5.01
 109073.649    38.149     1.38    4.92
 109449.559    38.859     1.89    4.65
 109825.470    39.697     2.23    4.13
 110201.384    39.901     0.54    3.75
 110577.301    40.453     1.47    3.26
 110953.219    40.677     0.60    3.06
 111329.140    41.812     3.02    2.84
 111705.063    42.217     1.08    2.88
 112080.989    41.205    -2.69    5.04
 112456.917    39.940    -3.36    7.78
 112832.847    39.299    -1.71    8.20
 113208.779    38.837    -1.23    8.05
 113584.714    38.348    -1.30    8.21
 113960.651    38.453     0.28    7.01
 114336.591    39.260     2.15    6.18
 114712.533    40.377     2.97    6.03
 115088.477    42.068     4.50    3.37
 115464.423    42.170     0.27    3.00
 115840.372    41.941    -0.61    2.67
 116216.323    42.481     1.44    2.32
 116592.276    43.292     2.16    2.10
 116968.232    43.555     0.70    2.05
 117344.190    43.481    -0.20    1.91
 117720.151    43.627     0.39    1.81
 118096.113    43.269    -0.95    2.26
 118472.078    42.238    -2.74    2.49
 118848.046    42.111    -0.34    2.60
 119224.016    42.530     1.11    2.89
 119599.988    42.874     0.92    2.80
 119975.962    43.066     0.51    3.07
 120351.939    43.042    -0.06    2.98
 120727.918    42.130    -2.43    3.01
 121103.900    41.802    -0.87    3.07
 121479.884    41.324    -1.27    3.14
 121855.870    40.970    -0.94    3.02
 122231.859    41.941     2.58    2.84
 122607.850    41.346    -1.58    3.93
 122983.843    40.532    -2.16    4.40
 123359.839    38.350    -5.80    5.03
 123735.837    35.871    -6.59    4.41
 124111.837    32.817    -8.12    6.04
 124487.840    27.555   -13.99    7.75
 124863.845    22.184   -14.29    8.80
 125239.853    17.049   -13.66    6.54
 125615.862    14.164    -7.67    2.79
 125991.875    13.940    -0.60    2.78
 126367.889    13.038    -2.40    3.42
 126743.906    11.863    -3.13    3.05
 127119.926    11.538    -0.86    4.54
 127495.948    11.812     0.73    6.93
 127871.972    14.632     7.50   10.49
 128247.998    18.336     9.85   12.43
 128624.027    25.886    20.08   13.13
 129000.059    32.238    16.89   10.33
 129376.092    34.453     5.89    8.25
 129752.128    34.506     0.14    7.51
 130128.167    34.149    -0.95    7.19
 130504.208    34.760     1.63    7.79
 130880.251    35.812     2.80    7.33
 131256.297    35.735    -0.20    6.96
 131632.345    36.643     2.42    5.74
 132008.396    37.717     2.85    4.95
 132384.449    38.812     2.91    4.44
 132760.504    40.177     3.63    3.75
 133136.562    42.145     5.23    2.72
 133512.622    43.538     3.70    2.62
 133888.684    44.006     1.24    2.20
 134264.749    44.401     1.05    1.69
 134640.817    44.646     0.65    1.66
 135016.886    44.822     0.47    1.72
 135392.959    45.506     1.82    1.78
 135769.033    45.995     1.30    1.57
 136145.110    46.042     0.13    2.05
 136521.190    45.535    -1.35    1.98
 136897.272    46.145     1.62    2.04
 137273.356    46.273     0.34    2.37
 137649.443    46.658     1.02    2.83
 138025.532    45.346    -3.49    3.81
 138401.624    44.760    -1.56    3.66
 138777.718    44.786     0.07    3.56
 139153.814    44.733    -0.14    3.04
 139529.913    45.581     2.26    2.18
 139906.015    45.319    -0.70    2.17
 140282.118    44.427    -2.37    2.21
 140658.225    44.068    -0.95    2.15
 141034.333    43.646    -1.12    2.27
 141410.445    43.760     0.30    2.53
 141786.558    43.940     0.48    2.47
 142162.674    43.968     0.07    2.52
 142538.793    43.760    -0.55    2.40
 142914.914    43.886     0.34    2.34
 143291.037    43.658    -0.61    2.28
 143667.163    43.812     0.41    2.17
 144043.291    44.006     0.52    1.81
 144419.422    44.032     0.07    1.84
 144795.555    43.683    -0.93    2.12
 145171.691    43.555    -0.34    2.17
 145547.829    44.130     1.53    2.41
 145923.970    44.638     1.35    2.57
 146300.113    45.157     1.38    2.06
 146676.259    44.941    -0.57    2.23
 147052.407    44.805    -0.36    2.28
 147428.557    44.865     0.16    2.08
 147804.710    44.658    -0.55    2.07
 148180.866    44.376    -0.75    2.06
 148557.024    44.177    -0.53    1.65
 148933.184    44.248     0.19    1.92
 149309.347    43.968    -0.74    2.02
 149685.512    43.222    -1.98    1.79
 150061.680    42.717    -1.34    2.82
 150437.851    40.980    -4.62    5.03
 150814.024    39.022    -5.21    6.56
 151190.199    37.837    -3.15    7.08
 151566.377    37.915     0.21    6.64
 151942.557    40.399     6.60    6.07
 152318.740    42.874     6.58    4.02
 152694.925    43.638     2.03    2.75
 153071.113    42.751    -2.36    3.88
 153447.304    41.914    -2.23    4.46
 153823.496    41.627    -0.76    4.52
 154199.692    42.760     3.01    3.41
 154575.890    43.863     2.93    2.12
 154952.090    43.038    -2.19    3.14
 155328.293    42.863    -0.47    3.93
 155704.498    42.566    -0.79    4.39
 156080.706    40.664    -5.06    5.74
 156456.917    38.786    -4.99    6.14
 156833.130    36.953    -4.87    5.98
 157209.345    36.400    -1.47    5.76
 157585.563    36.863     1.23    5.84
 157961.784    39.577     7.21    6.36
 158338.007    42.968     9.01    5.01
 158714.232    44.863     5.04    3.84
 159090.460    46.238     3.65    2.45
 159466.691    45.076    -3.09    4.96
 159842.924    44.238    -2.23    5.09
 160219.160    42.598    -4.36    6.16
 160595.398    42.152    -1.19    6.16
 160971.639    40.327    -4.85    7.39
 161347.882    39.157    -3.11    7.81
 161724.128    36.299    -7.60    7.34
 162100.376    33.344    -7.85    5.90
 162476.627    33.138    -0.55    5.59
 162852.881    32.427    -1.89    4.36
 163229.137    32.638     0.56    4.37
 163605.395    32.319    -0.85    4.23
 163981.656    31.927    -1.04    3.73
 164357.920    31.402    -1.40    3.11
 164734.186    31.670     0.71    2.49
 165110.455    33.377     4.54    4.78
 165486.726    33.322    -0.15    4.94
 165863.000    32.454    -2.31    5.02
 166239.277    33.076     1.65    5.52
 166615.556    33.483     1.08    6.05
 166991.837    35.401     5.10    7.28
 167368.121    37.652     5.98    6.98
 167744.408    39.562     5.08    7.05
 168120.697    43.402    10.20    6.75
 168496.989    45.295     5.03    6.14
 168873.284    47.322     5.39    4.27
 169249.581    46.453    -2.31    5.30
 169625.880    46.504     0.13    5.12
 170002.182    47.032     1.40    4.61
 170378.487    48.927     5.04    2.55
 170754.794    50.222     3.44    2.05
 171131.104    50.076    -0.39    2.41
 171507.417    49.427    -1.72    3.64
 171883.732    48.453    -2.59    4.76
 172260.049    47.983    -1.25    5.03
 172636.370    47.886    -0.26    4.76
 173012.693    48.260     0.99    4.59
 173389.018    49.427     3.10    3.59
 173765.346    49.324    -0.27    3.12
 174141.677    49.670     0.92    2.44
 174518.010    49.602    -0.18    1.95
 174894.346    49.530    -0.19    2.06
 175270.684    50.006     1.27    2.15
 175647.025    50.049     0.11    2.44
 176023.369    50.171     0.32    2.85
 176399.715    50.248     0.20    2.47
 176775.602    50.538     0.77    2.35
 177151.430    50.094    -1.18    2.38
 177527.260    49.121    -2.59    2.86
 177903.094    48.727    -1.05    2.97
 178278.929    48.171    -1.48    3.32
 178654.768    48.770     1.59    3.62
 179030.609    49.373     1.60    3.57
 179406.452    50.130     2.01    2.94
 179782.298    51.401     3.38    2.53
 180158.147    51.658     0.68    2.71
 180533.998    50.373    -3.42    4.09
 180909.852    48.302    -5.51    5.04
 181285.709    46.607    -4.51    5.02
 181661.568    43.717    -7.69    7.05
 182037.430    42.319    -3.72    6.92
 182413.295    37.863   -11.86   10.33
 182789.162    32.059   -15.44   11.96
 183165.032    27.316   -12.62   11.99
 183540.904    23.324   -10.62    8.66
 183916.779    23.260    -0.17    8.19
 184292.657    25.506     5.97    9.93
 184668.537    31.324    15.48   11.04
 185044.420    37.063    15.27   10.85
 185420.306    41.022    10.53   10.00
 185796.194    46.022    13.30    5.66
 186172.085    48.805     7.41    3.43
 186547.978    49.863     2.81    3.02
 186923.875    49.859    -0.01    3.30
 187299.773    49.068    -2.11    4.29
 187675.675    48.145    -2.46    3.81
 188051.579    48.376     0.61    3.61
 188427.486    48.238    -0.37    3.06
 188803.395    49.119     2.35    2.47
 189179.307    49.217     0.26    2.49
 189555.222    49.205    -0.03    2.61
 189931.140    49.076    -0.34    2.16
 190307.060    48.832    -0.65    2.79
 190682.983    48.085    -1.99    3.44
 191058.908    47.478    -1.61    3.65
 191434.836    46.708    -2.05    3.46
 191810.767    47.265     1.48    3.51
 192186.700    48.832     4.17    2.47
 192562.637    49.292     1.22    2.55
 192938.575    49.504     0.56    2.56
 193314.517    49.690     0.50    2.14
 193690.461    49.530    -0.43    2.56
 194066.408    48.658    -2.32    3.42
 194442.357    48.683     0.07    3.85
 194818.310    48.968     0.76    3.52
 195194.265    49.504     1.43    3.00
 195570.222    50.348     2.25    1.63
 195946.182    50.677     0.87    1.57
 196322.145    51.049     0.99    1.77
 196698.111    51.510     1.23    2.20
 197074.079    51.822     0.83    2.77
 197450.051    51.504    -0.85    3.41
 197826.024    51.490    -0.04    3.11
 198202.001    50.980    -1.36    2.46
 198577.980    51.217     0.63    2.51
 198953.962    52.121     2.41    2.29
 199329.946    51.658    -1.23    2.67
 199705.934    51.211    -1.19    3.03
 200081.924    51.094    -0.31    2.92
 200457.916    50.530    -1.50    2.75
 200833.912    50.427    -0.27    2.67
 201209.910    50.697     0.72    2.39
 201585.911    50.324    -0.99    3.09
 201961.914    50.555     0.61    3.07
 202337.921    51.121     1.51    2.66
 202713.930    51.616     1.32    2.49
 203089.941    51.995     1.01    2.15
 203465.956    51.914    -0.22    2.47
 203841.973    52.273     0.96    2.76
 204217.993    51.986    -0.76    3.47
 204594.016    51.863    -0.33    3.77
 204970.041    52.164     0.80    3.64
 205346.069    52.899     1.96    2.77
 205722.100    52.658    -0.64    2.30
 206098.134    52.184    -1.26    2.74
 206474.170    51.248    -2.49    2.43
 206850.209    50.683    -1.50    2.20
 207226.251    51.299     1.64    2.12
 207602.296    51.848     1.46    2.20
 207978.343    51.965     0.31    2.53
 208354.393    52.145     0.48    2.35
 208730.446    52.399     0.68    1.89
 209106.501    52.562     0.43    1.99
 209482.560    53.346     2.08    1.75
 209858.621    53.508     0.43    1.64
 210234.684    53.559     0.13    1.66
 210610.751    53.427    -0.35    1.93
 210986.820    53.252    -0.47    2.04
 211362.893    52.795    -1.21    2.49
 211738.967    52.400    -1.05    2.39
 212115.045    52.478     0.21    2.19
 212491.125    53.480     2.66    2.55
 212867.209    53.980     1.33    2.38
 213243.295    54.427     1.19    2.25
 213619.383    54.017    -1.09    2.07
 213995.475    54.076     0.16    2.42
 214371.569    54.217     0.37    2.41
 214747.666    54.002    -0.57    2.54
 215123.766    54.510     1.35    2.58
 215499.869    54.751     0.64    2.19
 215875.974    55.103     0.93    2.12
 216252.082    55.238     0.36    1.70
 216628.193    54.805    -1.15    2.20
 217004.307    54.656    -0.40    2.30
 217380.423    54.327    -0.87    2.11
 217756.543    53.795    -1.41    2.78
 218132.665    52.697    -2.92    4.25
 218508.790    51.273    -3.79    5.48
 218884.917    50.638    -1.69    6.01
 219261.048    51.322     1.82    5.29
 219637.181    53.559     5.95    3.71
 220013.317    55.017     3.88    2.72
 220389.456    55.265     0.66    2.76
 220765.598    55.138    -0.34    2.89
 221141.743    53.952    -3.15    3.91
 221517.890    52.313    -4.36    3.98
 221894.040    50.832    -3.94    4.07
 222270.193    49.157    -4.45    3.18
 222646.349    48.697    -1.22    2.35
 223022.508    49.995     3.45    2.29
 223398.669    50.260     0.71    2.27
 223774.833    51.202     2.50    2.14
 224151.000    51.795     1.58    2.15
 224527.170    52.562     2.04    2.21
 224903.343    52.632     0.19    2.40
 225279.518    52.453    -0.48    2.67
 225655.697    51.991    -1.23    2.53
 226031.878    51.373    -1.64    2.60
 226408.062    50.145    -3.26    4.12
 226784.249    49.538    -1.61    4.92
 227160.439    48.585    -2.53    5.33
 227536.631    47.977    -1.62    5.24
 227912.827    48.598     1.65    4.72
 228289.025    49.453     2.27    4.34
 228665.226    50.211     2.02    5.07
 229041.430    52.373     5.75    5.19
 229417.636    53.832     3.88    5.62
 229793.846    54.871     2.76    5.82
 230170.059    56.273     3.73    5.11
 230546.274    55.827    -1.19    5.45
 230922.492    56.295     1.25    5.63
 231298.713    57.965     4.44    4.41
 231674.937    57.222    -1.98    6.10
 232051.164    56.965    -0.68    6.36
 232427.393    56.643    -0.86    7.00
 232803.626    55.914    -1.94    6.63
 233179.861    56.510     1.58    5.98
 233556.099    57.401     2.37    5.42
 233932.340    58.709     3.48    3.38
 234308.584    59.427     1.91    2.16
 234684.831    59.581     0.41    2.37
 235061.081    59.670     0.24    2.34
 235437.333    59.968     0.79    2.77
 235813.588    59.589    -1.01    2.54
 236189.847    59.649     0.16    3.23
 236566.108    60.171     1.39    3.43
 236942.372    60.525     0.94    3.05
 237318.639    60.778     0.67    2.72
 237694.909    61.273     1.32    2.17
 238071.181    61.453     0.48    1.91
 238447.457    61.196    -0.68    2.15
 238823.736    60.859    -0.90    2.73
 239200.017    59.940    -2.44    3.84
 239576.301    58.454    -3.95    4.92
 239952.588    57.968    -1.29    5.51
 240328.878    57.874    -0.25    5.34
 240705.171    57.941     0.18    5.50
 241081.467    58.581     1.70    5.01
 241457.766    58.940     0.95    4.53
 241834.068    60.205     3.36    2.06
 242210.372    60.319     0.30    2.29
 242586.680    58.427    -5.03    5.77
 242962.990    58.190    -0.63    5.65
 243339.303    57.277    -2.43    5.12
 243715.620    57.292     0.04    3.15
 244091.939    58.042     1.99    2.15
 244468.261    57.743    -0.80    2.00
 244844.586    57.217    -1.40    2.26
 245220.914    57.751     1.42    2.27
 245597.244    58.027     0.73    2.38
 245973.578    58.401     0.99    2.38
 246349.915    59.022     1.65    2.40
 246726.254    58.690    -0.88    2.63
 247102.597    57.955    -1.95    3.30
 247478.942    57.273    -1.81    4.79
 247855.291    56.581    -1.84    5.57
 248231.642    56.010    -1.52    5.49
 248607.996    54.859    -3.06    6.28
 248984.353    55.022     0.43    6.12
 249360.714    56.400     3.66    4.65
 249737.077    55.352    -2.78    4.87
 250113.443    52.697    -7.05    7.78
 250489.812    46.324   -16.93   11.96
 250866.183    39.006   -19.45    9.93
 251242.558    32.453   -17.41    8.66
 251618.785    31.968    -1.29    7.46
 251994.576    33.504     4.09    7.44
 252370.370    34.638     3.02    7.22
 252746.168    35.955     3.51    4.98
 253121.968    36.400     1.18    4.60
 253497.771    36.538     0.37    4.69
 253873.577    38.171     4.34    4.38
 254249.386    39.017     2.25    4.31
 254625.198    39.713     1.85    3.46
 255001.013    40.049     0.89    4.37
 255376.831    38.130    -5.11    7.00
 255752.652    32.562   -14.82   10.86
 256128.476    25.877   -17.79   10.72
 256504.303    20.643   -13.93    7.60
 256880.133    17.769    -7.65    3.27
 257255.965    17.664    -0.28    1.95
 257631.801    18.632     2.58    3.89
 258007.640    24.508    15.64   11.34
 258383.482    29.402    13.02   11.97
 258759.326    34.874    14.56   10.47
 259135.174    39.733    12.93    5.27
 259511.025    38.616    -2.97    3.61
 259886.878    37.621    -2.65    4.82
 260262.735    36.248    -3.66    5.66
 260638.594    33.940    -6.14    6.66
 261014.457    32.927    -2.69    7.39
 261390.322    32.427    -1.33    7.93
 261766.191    32.805     1.01    8.46
 262142.062    32.049    -2.01    8.68
 262517.937    31.102    -2.52   10.01
 262893.814    29.778    -3.52   10.96
 263269.695    25.822   -10.53   10.65
 263645.578    22.138    -9.80    9.27
 264021.465    18.581    -9.46    4.40
 264397.354    18.778     0.53    4.80
 264773.247    21.305     6.72    7.54
 265149.142    25.068    10.01    8.79
 265525.041    28.760     9.82    9.32
 265900.942    32.914    11.05    7.94
 266276.847    36.344     9.13    3.27
 266652.754    36.658     0.84    2.32
 267028.665    35.760    -2.39    2.91
 267404.578    35.227    -1.42    2.81
 267780.495    35.427     0.53    2.66
 268156.414    33.157    -6.04    4.66
 268532.337    31.427    -4.60    6.06
 268908.262    30.607    -2.18    6.11
 269284.191    31.076     1.25    6.28
 269660.123    33.581     6.66    7.07
 270036.057    37.059     9.25   10.88
 270411.995    44.352    19.40   12.97
 270787.936    51.643    19.40   10.05
 271163.880    55.061     9.09    6.52
 271539.826    57.273     5.88    6.33
 271915.776    56.814    -1.22    7.33
