-301634.052    69.045     0.00    4.01
-301257.964    68.478    -1.51    4.47
-300881.879    67.862    -1.64    4.10
-300505.797    66.452    -3.75    4.56
-300129.718    64.792    -4.41    6.26
-299753.643    64.888     0.25    6.18
-299377.570    64.318    -1.51    5.91
-299001.500    65.696     3.66    6.02
-298625.434    67.123     3.80    5.66
-298249.370    67.637     1.37    5.46
-297873.310    68.556     2.44    5.53
-297497.252    70.401     4.91    5.47
-297121.198    71.341     2.50    5.56
-296745.146    73.734     6.36    5.78
-296369.098    74.811     2.86    5.73
-295993.052    75.501     1.84    5.36
-295617.010    75.067    -1.15    5.43
-295240.971    73.934    -3.01    5.37
-294864.934    74.067     0.35    5.12
-294488.901    74.888     2.18    4.60
-294112.870    75.792     2.40    4.54
-293736.843    78.003     5.88    4.33
-293360.819    79.965     5.22    4.31
-292984.797    80.580     1.64    4.48
-292608.779    81.807     3.26    4.01
-292232.764    81.583    -0.60    4.56
-291856.751    80.792    -2.10    4.82
-291480.742    80.691    -0.27    5.03
-291104.736    82.187     3.98    4.95
-290728.732    84.468     6.07    3.90
-290352.732    82.734    -4.61    4.92
-289976.734    81.093    -4.36    5.89
-289600.740    77.557    -9.41    7.15
-289224.749    72.452   -13.58    8.30
-288848.760    70.123    -6.19    8.22
-288472.775    71.478     3.60    8.66
-288096.792    73.266     4.76    8.86
-287720.813    75.529     6.02    8.06
-287344.836    78.502     7.91    6.17
-286968.863    79.067     1.50    6.38
-286592.892    80.129     2.82    5.34
-286216.925    81.696     4.17    4.32
-285840.960    82.205     1.35    3.32
-285464.998    80.583    -4.31    4.07
-285089.040    79.664    -2.44    3.74
-284713.084    80.286     1.65    3.97
-284337.131    80.786     1.33    3.79
-283961.181    82.804     5.37    3.46
-283585.235    83.067     0.70    3.25
-283209.291    82.807    -0.69    2.95
-282833.350    82.298    -1.35    3.46
-282457.412    81.556    -1.97    2.73
-282081.477    80.170    -3.69    3.05
-281705.545    77.003    -8.43    6.89
-281329.616    71.119   -15.65    9.51
-280953.689    64.934   -16.45    8.87
-280577.766    59.529   -14.38    5.39
-280201.846    57.954    -4.19    3.34
-279825.929    58.700     1.99    4.03
-279450.014    58.583    -0.31    4.18
-279074.103    59.123     1.44    3.63
-278698.194    58.529    -1.58    3.47
-278322.289    58.772     0.65    3.27
-277946.386    58.243    -1.41    3.82
-277570.486    58.204    -0.10    3.91
-277194.589    58.503     0.80    3.77
-276818.696    59.610     2.94    2.96
-276442.805    60.247     1.69    2.27
-276066.917    59.739    -1.35    2.71
-275691.031    56.318    -9.10    6.30
-275315.149    53.082    -8.61    7.04
-274939.270    51.375    -4.54    6.10
-274563.394    49.934    -3.83    4.34
-274187.520    51.871     5.15    3.62
-273811.650    53.154     3.41    2.25
-273435.782    53.272     0.31    2.31
-273059.918    51.988    -3.41    3.17
-272684.056    50.150    -4.89    4.91
-272308.197    50.069    -0.22    5.46
-271932.341    49.826    -0.65    6.02
-271556.488    50.418     1.57    5.97
-271180.638    50.554     0.36    5.65
-270804.790    51.476     2.45    4.25
-270428.946    51.799     0.86    3.19
-270053.105    51.657    -0.38    2.65
-269677.266    51.976     0.85    1.86
-269301.430    52.042     0.17    1.76
-268925.598    52.345     0.81    2.17
-268549.768    52.042    -0.81    2.27
-268173.941    52.286     0.65    2.35
-267798.117    52.108    -0.47    2.39
-267422.295    51.804    -0.81    2.75
-267046.477    50.986    -2.18    3.55
-266670.662    49.826    -3.09    3.57
-266294.849    48.178    -4.39    3.64
-265919.039    43.610   -12.15    7.14
-265543.232    38.178   -14.46    8.06
-265167.133    33.834   -11.55    6.58
-264790.750    30.929    -7.72    3.18
-264414.370    30.221    -1.88    2.07
-264037.993    30.718     1.32    2.17
-263661.619    31.734     2.70    2.48
-263285.248    32.134     1.06    2.64
-262908.880    32.503     0.98    2.38
-262532.514    32.610     0.28    2.35
-262156.152    31.939    -1.78    2.55
-261779.792    31.529    -1.09    2.06
-261403.435    31.976     1.19    1.46
-261027.081    31.785    -0.51    2.09
-260650.730    31.647    -0.37    2.41
-260274.382    30.990    -1.74    2.62
-259898.036    30.475    -1.37    2.26
-259521.694    30.421    -0.14    2.00
-259145.354    30.907     1.29    2.16
-258769.017    32.112     3.20    2.08
-258392.683    32.913     2.13    1.65
-258016.352    32.129    -2.09    3.26
-257640.024    31.205    -2.46    4.23
-257263.698    30.504    -1.86    4.69
-256887.376    30.016    -1.30    5.10
-256511.056    30.144     0.34    6.26
-256134.739    31.082     2.49    6.63
-255758.425    31.426     0.92    7.12
-255382.114    31.223    -0.54    7.46
-255005.805    32.187     2.56    8.02
-254629.500    32.939     2.00    8.07
-254253.197    32.157    -2.08    8.81
-253876.897    31.478    -1.81    8.95
-253500.600    29.862    -4.29    9.00
-253124.306    29.475    -1.03    8.81
-252748.014    28.826    -1.72    7.29
-252371.726    31.279     6.52    6.44
-251995.440    34.888     9.59    4.39
-251619.157    35.309     1.12    3.75
-251242.877    36.691     3.67    3.73
-250866.599    36.965     0.73    3.41
-250490.325    35.634    -3.54    4.45
-250114.053    34.634    -2.66    4.86
-249737.784    34.340    -0.78    5.03
-249361.518    32.779    -4.15    6.02
-248985.255    31.448    -3.54    7.70
-248608.995    30.961    -1.29    8.03
-248232.737    31.713     2.00    7.85
-247856.482    32.751     2.76    6.87
-247480.230    34.631     5.00    4.22
-247103.981    35.221     1.57    3.07
-246727.734    35.307     0.23    2.88
-246351.491    35.664     0.95    2.46
-245975.250    35.259    -1.08    2.39
-245599.012    33.687    -4.18    3.04
-245222.776    32.079    -4.27    3.42
-244846.544    29.772    -6.13    3.66
-244470.314    27.580    -5.83    4.50
-244094.087    28.160     1.54    6.47
-243717.863    31.660     9.30    8.42
-243341.642    35.934    11.36    8.08
-242965.423    39.354     9.09    6.18
-242589.207    41.108     4.66    5.16
-242212.994    42.446     3.56    2.81
-241836.784    42.313    -0.35    3.22
-241460.577    41.084    -3.26    5.33
-241084.372    40.503    -1.54    6.11
-240708.170    40.529     0.07    6.29
-240331.971    41.615     2.89    4.35
-239955.774    41.340    -0.73    3.88
-239579.581    40.664    -1.80    3.70
-239203.390    41.448     2.08    4.21
-238827.202    44.354     7.73    6.33
-238451.016    47.178     7.51    6.10
-238074.834    50.687     9.33    5.68
-237698.654    52.976     6.09    4.65
-237322.477    54.375     3.72    3.47
-236946.302    54.664     0.77    3.16
-236570.131    55.029     0.97    2.78
-236193.962    53.766    -3.36    3.58
-235817.796    52.446    -3.51    3.91
-235441.633    52.637     0.51    4.47
-235065.472    53.223     1.56    4.30
-234689.314    54.734     4.02    3.56
-234313.159    55.401     1.77    2.84
-233937.007    54.470    -2.47    3.75
-233560.857    52.826    -4.37    3.55
-233184.710    52.178    -1.72    3.16
-232808.566    52.907     1.94    3.74
-232432.424    54.657     4.65    5.05
-232056.286    54.529    -0.34    4.78
-231680.150    53.965    -1.50    4.51
-231304.016    53.016    -2.52    3.82
-230927.886    51.708    -3.48    2.67
-230551.758    50.394    -3.50    3.25
-230175.633    49.065    -3.53    3.82
-229799.510    49.160     0.25    4.04
-229423.391    50.890     4.60    5.63
-229047.274    53.664     7.38    7.82
-228671.159    57.973    11.46   10.00
-228295.048    61.897    10.43   10.37
-227918.939    65.375     9.25    8.43
-227542.833    65.286    -0.24    7.61
-227166.730    66.349     2.83    6.77
-226790.629    67.266     2.44    7.05
-226414.531    68.390     2.99    7.18
-226038.436    72.657    11.35    4.82
-225662.343    73.502     2.25    4.16
-225286.253    74.375     2.32    3.68
-224910.166    74.503     0.34    3.98
-224534.081    74.247    -0.68    3.33
-224157.999    72.397    -4.92    4.50
-223781.920    71.580    -2.17    5.22
-223405.844    71.016    -1.50    5.31
-223029.770    71.723     1.88    5.32
-222653.699    73.259     4.08    4.81
-222277.631    74.718     3.88    5.02
-221901.565    77.664     7.83    4.06
-221525.502    78.349     1.82    3.49
-221149.442    77.999    -0.93    3.54
-220773.384    77.404    -1.58    4.16
-220397.329    75.739    -4.43    4.86
-220021.277    73.779    -5.21    4.87
-219645.227    72.580    -3.19    4.85
-219269.180    71.691    -2.36    4.69
-218893.136    70.657    -2.75    4.62
-218517.094    70.003    -1.74    4.14
-218141.055    69.067    -2.49    4.98
-217765.019    67.394    -4.45    5.23
-217388.985    67.082    -0.83    5.80
-217012.954    66.429    -1.74    6.15
-216636.926    63.446    -7.93    8.06
-216260.900    60.340    -8.26    8.95
-215884.877    56.340   -10.64    8.54
-215508.857    55.610    -1.94    8.31
-215132.839    55.907     0.79    9.08
-214756.824    56.929     2.72    8.82
-214380.811    57.879     2.53    9.20
-214004.801    59.792     5.09    9.09
-213628.794    63.556    10.01    8.60
-213252.790    67.580    10.70    7.30
-212876.788    70.266     7.14    5.65
-212500.789    72.476     5.88    3.69
-212124.792    72.871     1.05    3.53
-211748.798    72.452    -1.11    3.64
-211372.807    69.799    -7.06    4.85
-210996.818    67.292    -6.67    5.66
-210620.832    66.604    -1.83    5.96
-210244.849    66.329    -0.73    5.97
-209868.868    67.637     3.48    5.67
-209492.890    69.502     4.96    4.75
-209116.914    71.178     4.46    4.59
-208740.941    71.718     1.44    4.46
-208364.971    71.929     0.56    4.45
-207989.003    73.304     3.66    3.82
-207613.038    73.450     0.39    3.16
-207237.076    73.961     1.36    2.92
-206861.116    74.298     0.90    3.06
-206485.158    73.634    -1.77    3.10
-206109.204    72.965    -1.78    3.41
-205733.252    72.934    -0.08    3.21
-205357.302    72.375    -1.49    3.56
-204981.355    72.279    -0.26    3.31
-204605.411    72.888     1.62    3.84
-204229.470    73.079     0.51    3.15
-203853.531    72.729    -0.93    3.22
-203477.594    70.232    -6.64    5.13
-203101.660    67.150    -8.20    5.42
-202725.729    65.718    -3.81    5.59
-202349.800    65.178    -1.44    5.07
-201973.874    66.112     2.49    5.40
-201597.951    68.196     5.54    4.18
-201222.030    69.016     2.18    3.51
-200846.112    69.448     1.15    3.06
-200470.196    69.093    -0.94    2.88
-200094.283    68.345    -1.99    3.65
-199718.372    66.888    -3.88    4.66
-199342.464    66.205    -1.82    4.30
-198966.559    65.862    -0.91    4.64
-198590.656    64.890    -2.59    5.65
-198214.756    64.272    -1.64    5.49
-197838.858    64.913     1.71    5.02
-197462.963    66.310     3.72    4.97
-197087.070    68.324     5.36    3.12
-196711.180    69.069     1.98    2.66
-196335.293    69.367     0.79    2.64
-195959.408    69.772     1.08    2.17
-195583.526    69.807     0.09    2.54
-195207.646    69.739    -0.18    2.82
-194831.769    69.426    -0.83    3.75
-194455.894    68.318    -2.95    3.87
-194080.022    69.187     2.31    4.51
-193704.153    68.478    -1.89    5.40
-193328.286    67.426    -2.80    5.92
-192952.421    68.286     2.29    5.86
-192576.559    68.221    -0.17    5.25
-192200.700    68.745     1.39    4.67
-191824.843    69.144     1.06    4.11
-191448.989    68.401    -1.98    3.88
-191073.137    68.654     0.67    4.16
-190697.288    66.965    -4.49    4.67
-190321.441    66.029    -2.49    5.68
-189945.153    64.394    -4.35    6.40
-189568.805    63.221    -3.12    6.47
-189192.460    63.084    -0.36    6.91
-188816.117    63.324     0.64    6.80
-188439.778    62.811    -1.36    6.58
-188063.440    62.394    -1.11    7.51
-187687.105    62.913     1.38    7.65
-187310.773    62.119    -2.11    8.16
-186934.443    60.221    -5.04    8.74
-186558.116    59.664    -1.48    8.78
-186181.791    61.734     5.50    8.84
-185805.469    60.691    -2.77    9.07
-185429.149    61.739     2.79    9.03
-185052.832    64.313     6.84    6.07
-184676.517    65.029     1.90    5.84
-184300.205    65.478     1.19    5.40
-183923.895    65.766     0.77    4.15
-183547.588    64.196    -4.17    4.92
-183171.284    60.785    -9.06    6.11
-182794.981    57.390    -9.02    5.76
-182418.682    54.108    -8.72    4.65
-182042.385    51.734    -6.31    4.32
-181666.090    50.367    -3.63    4.07
-181289.798    48.687    -4.46    3.76
-180913.508    47.811    -2.33    4.11
-180537.221    46.904    -2.41    4.07
-180160.937    43.934    -7.89    5.58
-179784.655    40.279    -9.71    4.92
-179408.375    36.799    -9.25    5.23
-179032.098    33.340    -9.19    3.87
-178655.823    31.340    -5.32    3.89
-178279.551    29.643    -4.51    3.68
-177903.281    28.990    -1.73    3.92
-177527.014    32.837    10.22    9.36
-177150.749    40.584    20.59   13.67
-176774.487    48.708    21.59   13.24
-176398.227    56.446    20.56    9.05
-176021.970    59.608     8.40    4.95
-175645.715    58.580    -2.73    6.46
-175269.463    58.286    -0.78    6.74
-174893.213    58.318     0.09    7.23
-174516.966    58.818     1.33    6.71
-174140.721    59.729     2.42    6.33
-173764.478    61.745     5.36    5.09
-173388.238    61.939     0.52    4.63
-173012.001    62.247     0.82    4.27
-172635.766    62.637     1.04    5.03
-172259.533    63.096     1.22    5.77
-171883.303    64.826     4.60    5.76
-171507.075    63.708    -2.97    5.51
-171130.850    64.478     2.04    5.24
-170754.627    64.786     0.82    5.12
-170378.407    64.888     0.27    6.03
-170002.189    63.853    -2.75    6.44
-169625.974    63.862     0.02    6.06
-169249.761    64.739     2.33    5.87
-168873.550    65.108     0.98    5.40
-168497.342    66.529     3.78    4.26
-168121.136    66.503    -0.07    3.77
-167744.933    68.104     4.26    3.09
-167368.732    69.205     2.93    2.82
-166992.534    69.329     0.33    2.31
-166616.338    70.016     1.83    2.60
-166240.145    70.853     2.23    3.17
-165863.954    70.826    -0.07    3.07
-165487.765    70.772    -0.14    3.48
-165111.579    69.766    -2.68    3.54
-164735.395    68.683    -2.88    2.91
-164359.214    68.313    -0.98    2.71
-163983.035    68.954     1.70    2.48
-163606.858    69.634     1.81    1.86
-163230.684    70.421     2.09    2.40
-162854.512    71.478     2.81    2.68
-162478.343    71.631     0.41    2.76
-162102.176    70.687    -2.51    3.18
-161726.012    69.853    -2.22    3.01
-161349.850    68.811    -2.77    3.26
-160973.690    68.502    -0.82    3.66
-160597.533    68.954     1.20    3.52
-160221.378    69.454     1.33    3.62
-159845.226    71.443     5.29    3.26
-159469.076    71.178    -0.71    4.06
-159092.928    67.475    -9.84    8.08
-158716.783    63.610   -10.28    8.08
-158340.640    62.950    -1.75    7.39
-157964.500    64.196     3.31    8.36
-157588.362    68.554    11.59    6.73
-157212.226    71.426     7.64    4.42
-156836.093    72.205     2.07    3.50
-156459.962    70.837    -3.64    3.68
-156083.834    69.213    -4.32    3.81
-155707.707    69.003    -0.56    3.43
-155331.584    68.890    -0.30    3.93
-154955.462    69.913     2.72    3.90
-154579.343    70.973     2.82    3.00
-154203.227    70.324    -1.73    3.36
-153827.113    69.529    -2.11    3.58
-153451.001    68.815    -1.90    2.60
-153074.891    68.637    -0.47    2.55
-152698.784    68.286    -0.93    2.39
-152322.680    67.739    -1.45    2.61
-151946.577    67.029    -1.89    2.85
-151570.477    65.862    -3.10    3.17
-151194.380    64.407    -3.87    4.37
-150818.284    62.785    -4.31    4.51
-150442.191    61.664    -2.98    5.33
-150066.101    61.555    -0.29    5.50
-149690.013    59.976    -4.20    5.71
-149313.927    58.503    -3.92    5.49
-148937.843    56.421    -5.54    5.57
-148561.762    54.913    -4.01    5.38
-148185.683    54.390    -1.39    6.06
-147809.607    54.965     1.53    7.29
-147433.533    56.452     3.95    7.60
-147057.461    57.310     2.28    7.34
-146681.392    58.583     3.38    6.85
-146305.325    59.718     3.02    5.35
-145929.260    59.340    -1.01    5.55
-145553.198    56.345    -7.96    8.02
-145177.137    51.448   -13.02    9.10
-144801.080    49.067    -6.33    8.03
-144425.024    48.324    -1.98    7.75
-144048.971    51.792     9.22    8.02
-143672.921    54.055     6.02    6.92
-143296.872    56.683     6.99    6.29
-142920.826    57.478     2.11    5.89
-142544.782    55.340    -5.69    6.83
-142168.741    53.631    -4.54    6.55
-141792.702    52.799    -2.21    6.17
-141416.665    55.298     6.65    7.18
-141040.630    58.888     9.55    6.41
-140664.598    61.248     6.28    4.86
-140288.568    61.324     0.20    5.14
-139912.541    61.160    -0.43    5.99
-139536.516    58.934    -5.92    6.60
-139160.493    59.144     0.56    6.73
-138784.472    60.096     2.53    7.09
-138408.454    59.119    -2.60    7.05
-138032.438    59.990     2.32    7.18
-137656.424    59.826    -0.44    6.00
-137280.413    60.160     0.89    5.16
-136904.403    59.785    -1.00    5.14
-136528.397    57.119    -7.09    5.64
-136152.392    55.583    -4.08    5.56
-135776.390    54.375    -3.21    5.56
-135400.390    52.178    -5.84    6.20
-135024.392    50.961    -3.23    6.55
-134648.397    49.845    -2.97    6.40
-134272.404    47.310    -6.74    6.95
-133896.413    43.888    -9.10    6.73
-133520.424    43.657    -0.61    6.61
-133144.438    46.612     7.86    8.53
-132768.454    50.657    10.76    9.07
-132392.472    54.069     9.08    7.81
-132016.493    57.144     8.18    7.93
-131640.516    60.687     9.42    6.43
-131264.541    63.082     6.37    4.99
-130888.568    63.015    -0.18    4.86
-130512.598    61.990    -2.73    5.15
-130136.630    59.729    -6.02    5.88
-129760.664    57.529    -5.85    5.86
-129384.701    55.476    -5.46    6.10
-129008.739    55.476     0.00    6.51
-128632.780    56.448     2.58    6.93
-128256.824    58.853     6.40    5.81
-127880.869    60.941     5.55    4.08
-127504.917    59.965    -2.60    4.47
-127128.967    57.862    -5.59    5.93
-126753.019    54.112    -9.97    5.93
-126377.074    50.965    -8.37    4.83
-126001.130    48.918    -5.45    2.91
-125625.189    47.239    -4.46    3.71
-125249.250    44.292    -7.84    6.19
-124873.314    41.298    -7.96    6.09
-124497.380    38.853    -6.50    5.65
-124121.448    37.349    -4.00    5.14
-123745.518    37.429     0.21    4.95
-123369.590    36.084    -3.58    3.92
-122993.665    35.792    -0.78    4.50
-122617.742    35.394    -1.06    4.32
-122241.821    34.826    -1.51    3.79
-121865.902    35.367     1.44    3.86
-121489.986    35.584     0.58    4.52
-121114.072    30.979   -12.25    8.31
-120738.160    27.862    -8.29    9.03
-120362.250    25.772    -5.56    8.26
-119986.342    23.939    -4.88    6.36
-119610.437    22.232    -4.54    4.90
-119234.534    20.845    -3.69    3.81
-118858.633    19.582    -3.36    3.09
-118482.734    18.555    -2.73    3.42
-118106.838    18.313    -0.64    3.51
-117730.944    17.766    -1.46    3.48
-117355.051    17.401    -0.97    3.50
-116979.162    17.057    -0.92    3.59
-116603.274    16.708    -0.93    3.09
-116227.389    16.205    -1.34    5.01
-115851.505    15.637    -1.51    7.03
-115475.624    16.150     1.37    8.38
-115099.636    17.279     3.00    8.41
-114723.313    18.939     4.41    6.48
-114346.992    20.555     4.29    2.75
-113970.674    19.529    -2.73    3.79
-113594.357    17.829    -4.52    6.01
-113218.043    17.555    -0.73    6.64
-112841.731    16.913    -1.71    7.36
-112465.421    16.766    -0.39    7.63
-112089.113    16.375    -1.04    7.49
-111712.808    15.973    -1.07    8.14
-111336.504    16.845     2.32    7.37
-110960.203    17.478     1.68    7.18
-110583.904    17.415    -0.17    7.49
-110207.607    14.708    -7.19    8.73
-109831.313    12.196    -6.68    8.17
-109455.020    11.907    -0.77    7.95
-109078.730    11.934     0.07    7.67
-108702.442    14.418     6.60    7.21
-108326.156    16.170     4.66    6.53
-107949.872    16.504     0.89    6.31
-107573.591    16.799     0.78    6.30
-107197.311    17.349     1.46    6.85
-106821.034    19.397     5.44    7.28
-106444.759    19.397     0.00    7.12
-106068.486    16.421    -7.91    6.97
-105692.215    14.504    -5.09    5.38
-105315.946    14.003    -1.33    4.30
-104939.680    12.934    -2.84    4.91
-104563.416    15.555     6.97    5.10
-104187.154    17.196     4.36    6.37
-103810.894    20.298     8.25    8.14
-103434.636    25.298    13.29    9.67
-103058.380    30.186    12.99   12.66
-102682.126    38.772    22.82   14.76
-102305.875    46.961    21.77   12.57
-101929.626    53.345    16.97    8.83
-101553.379    56.454     8.26    7.22
-101177.134    58.664     5.87    6.69
-100800.891    60.213     4.12    4.78
-100424.650    60.476     0.70    4.89
-100048.411    60.401    -0.20    4.65
 -99672.175    59.610    -2.10    4.34
 -99295.941    58.404    -3.21    4.93
 -98919.708    58.292    -0.30    5.79
 -98543.478    56.168    -5.65    7.31
 -98167.250    57.286     2.97    7.44
 -97791.025    57.779     1.31    6.29
 -97414.801    56.913    -2.30    6.58
 -97038.579    57.375     1.23    5.73
 -96662.360    58.794     3.77    5.02
 -96286.142    60.502     4.54    5.52
 -95909.927    61.718     3.23    5.43
 -95533.714    63.934     5.89    4.86
 -95157.503    64.016     0.22    4.62
 -94781.294    61.502    -6.68    6.14
 -94405.087    59.221    -6.06    6.22
 -94028.883    58.426    -2.11    6.34
 -93652.680    59.837     3.75    6.85
 -93276.480    62.610     7.37    4.49
 -92900.281    63.426     2.17    4.49
 -92524.085    61.792    -4.34    5.38
 -92147.891    60.140    -4.39    5.71
 -91771.699    58.421    -4.57    6.66
 -91395.509    54.723    -9.83    6.44
 -91019.321    53.502    -3.25    6.64
 -90643.135    53.939     1.16    8.19
 -90266.951    52.998    -2.50    8.07
 -89890.770    50.187    -7.47    7.76
 -89514.590    48.055    -5.67    8.29
 -89138.413    42.223   -15.50    8.61
 -88762.237    35.580   -17.66    8.80
 -88386.064    33.367    -5.88    8.03
 -88009.893    32.272    -2.91    8.04
 -87633.724    34.965     7.16    9.65
 -87257.557    36.631     4.43   10.79
 -86881.392    41.055    11.76    9.24
 -86505.229    44.272     8.55    8.02
 -86129.068    44.811     1.43    6.46
 -85752.909    44.251    -1.49    5.80
 -85376.752    44.069    -0.48    5.53
 -85000.598    44.772     1.87    5.19
 -84624.445    43.826    -2.51    5.80
 -84248.295    43.583    -0.65    5.91
 -83872.146    43.157    -1.13    5.11
 -83496.000    42.029    -3.00    5.35
 -83119.855    42.660     1.68    5.17
 -82743.713    41.223    -3.82    5.87
 -82367.573    40.426    -2.12    6.09
 -81991.435    39.205    -3.25    5.55
 -81615.298    37.766    -3.83    5.42
 -81239.164    37.424    -0.91    4.80
 -80863.032    35.657    -4.70    5.11
 -80486.902    33.313    -6.23    5.57
 -80110.774    31.950    -3.62    5.47
 -79734.648    29.829    -5.64    5.36
 -79358.525    28.729    -2.92    5.11
 -78982.403    26.799    -5.13    6.66
 -78606.283    21.556   -13.94    8.92
 -78230.165    17.178   -11.64    7.64
 -77854.049    13.475    -9.84    4.89
 -77477.936    12.834    -1.70    3.90
 -77101.824    14.379     4.11    4.05
 -76725.714    15.555     3.13    4.00
 -76349.607    15.178    -1.00    4.60
 -75973.501    14.965    -0.57    5.66
 -75597.397    16.187     3.25    6.52
 -75221.296    17.029     2.24    7.05
 -74845.196    20.123     8.23    6.75
 -74469.099    25.503    14.30   10.26
 -74093.003    31.946    17.13   10.35
 -73716.910    37.634    15.13    8.30
 -73340.818    42.879    13.95    5.06
 -72964.729    45.205     6.19    3.98
 -72588.641    47.170     5.22    3.70
 -72212.556    48.178     2.68    2.75
 -71836.472    47.853    -0.86    3.29
 -71460.391    47.096    -2.01    3.01
 -71084.312    46.890    -0.55    2.80
 -70708.234    46.683    -0.55    3.23
 -70332.159    45.555    -3.00    3.82
 -69956.085    42.205    -8.91    6.31
 -69580.014    42.108    -0.26    6.28
 -69203.944    42.965     2.28    6.52
 -68827.877    45.042     5.52    6.03
 -68451.811    47.232     5.82    3.13
 -68075.748    47.426     0.52    3.67
 -67699.686    48.084     1.75    3.35
 -67323.627    48.582     1.32    3.34
 -66947.569    48.976     1.05    2.77
 -66571.514    49.310     0.89    2.43
 -66195.460    48.606    -1.87    3.50
 -65819.408    48.871     0.71    3.63
 -65443.359    48.362    -1.35    3.70
 -65067.311    49.232     2.31    3.59
 -64691.265    50.001     2.05    3.23
 -64315.222    50.766     2.03    3.17
 -63939.180    52.029     3.36    1.38
 -63563.140    52.150     0.32    1.28
 -63187.102    52.221     0.19    1.44
 -62811.066    52.452     0.61    1.61
 -62435.032    52.555     0.27    1.80
 -62059.001    52.718     0.43    1.76
 -61682.971    52.452    -0.71    1.61
 -61306.943    52.799     0.92    1.82
 -60930.916    52.556    -0.65    2.39
 -60554.892    52.637     0.22    2.22
 -60178.870    52.983     0.92    2.29
 -59802.850    52.478    -1.35    2.68
 -59426.832    52.478     0.00    2.76
 -59050.815    52.112    -0.97    2.60
 -58674.801    52.232     0.32    2.26
 -58298.789    51.723    -1.35    2.58
 -57922.778    50.239    -3.95    3.84
 -57546.770    48.760    -3.94    4.00
 -57170.763    48.529    -0.61    4.17
 -56794.758    49.292     2.03    3.10
 -56418.756    49.608     0.84    2.55
 -56042.755    48.631    -2.60    3.39
 -55666.756    47.123    -4.01    4.02
 -55290.759    46.379    -1.98    4.26
 -54914.764    46.205    -0.46    4.72
 -54538.771    46.583     1.01    4.79
 -54162.780    48.286     4.53    4.43
 -53786.790    50.129     4.90    2.98
 -53410.803    50.657     1.40    2.66
 -53034.818    50.375    -0.75    2.64
 -52658.834    49.140    -3.28    2.96
 -52282.853    48.739    -1.07    3.11
 -51906.873    46.973    -4.70    4.02
 -51530.895    43.367    -9.59    5.87
 -51154.919    42.734    -1.68    6.04
 -50778.945    42.664    -0.19    6.12
 -50402.973    46.213     9.44    6.05
 -50027.003    48.555     6.23    3.64
 -49651.035    47.954    -1.60    4.38
 -49275.069    48.232     0.74    4.53
 -48899.104    48.229    -0.01    4.21
 -48523.142    47.990    -0.63    4.19
 -48147.181    48.612     1.65    3.38
 -47771.223    49.556     2.51    2.53
 -47395.266    49.473    -0.22    2.06
 -47019.311    49.660     0.50    1.83
 -46643.358    50.170     1.36    1.78
 -46267.407    50.501     0.88    1.76
 -45891.457    50.504     0.01    1.72
 -45515.510    50.475    -0.08    1.81
 -45139.565    49.907    -1.51    1.74
 -44763.621    49.976     0.18    2.18
 -44387.679    49.476    -1.33    1.92
 -44011.739    49.691     0.57    2.13
 -43635.801    49.772     0.22    2.19
 -43259.865    50.779     2.68    2.71
 -42883.931    51.529     2.00    2.57
 -42507.999    51.129    -1.06    2.36
 -42132.068    51.134     0.01    2.39
 -41756.140    51.112    -0.06    2.23
 -41380.213    50.529    -1.55    2.01
 -41004.288    49.890    -1.70    2.59
 -40628.365    49.067    -2.19    2.37
 -40252.444    48.779    -0.77    2.46
 -39876.300    48.448    -0.88    2.15
 -39500.014    47.904    -1.45    3.32
 -39123.730    47.606    -0.79    3.78
 -38747.448    47.871     0.70    3.64
 -38371.167    46.818    -2.80    3.65
 -37994.889    46.580    -0.63    2.93
 -37618.612    46.213    -0.98    3.76
 -37242.337    45.779    -1.15    3.70
 -36866.064    46.016     0.63    3.86
 -36489.792    46.501     1.29    3.19
 -36113.523    47.054     1.47    3.35
 -35737.256    47.939     2.35    3.24
 -35360.990    48.443     1.34    2.36
 -34984.726    47.907    -1.42    2.31
 -34608.464    47.150    -2.01    2.55
 -34232.204    45.739    -3.75    3.93
 -33855.945    43.016    -7.24    5.72
 -33479.689    42.502    -1.37    6.27
 -33103.434    42.629     0.34    5.82
 -32727.181    42.272    -0.95    4.89
 -32350.930    42.660     1.03    3.33
 -31974.681    42.205    -1.21    3.89
 -31598.434    41.187    -2.71    4.30
 -31222.188    40.913    -0.73    4.27
 -30845.944    41.001     0.23    4.40
 -30469.702    41.093     0.24    4.17
 -30093.462    40.946    -0.39    4.28
 -29717.224    40.239    -1.88    4.71
 -29340.988    38.990    -3.32    5.24
 -28964.753    38.154    -2.22    5.88
 -28588.520    35.988    -5.76    7.45
 -28212.289    34.961    -2.73    7.74
 -27836.060    35.988     2.73    8.25
 -27459.833    37.606     4.30    7.56
 -27083.607    40.205     6.91    5.79
 -26707.383    38.324    -5.00    6.44
 -26331.161    36.862    -3.88    6.43
 -25954.941    36.401    -1.23    6.19
 -25578.723    38.178     4.72    5.39
 -25202.506    40.349     5.77    3.71
 -24826.291    39.837    -1.36    4.19
 -24450.078    39.751    -0.23    4.38
 -24073.867    38.093    -4.41    5.40
 -23697.657    37.475    -1.64    6.52
 -23321.450    37.069    -1.08    6.89
 -22945.244    37.196     0.34    6.91
 -22569.040    40.498     8.78    5.29
 -22192.838    42.221     4.58    4.10
 -21816.637    42.196    -0.07    4.47
 -21440.438    43.140     2.51    4.62
 -21064.241    42.939    -0.53    4.39
 -20688.046    43.286     0.92    3.68
 -20311.853    42.760    -1.40    4.07
 -19935.661    41.582    -3.13    4.63
 -19559.471    38.292    -8.74    6.68
 -19183.283    33.450   -12.87    7.94
 -18807.097    29.272   -11.10    6.79
 -18430.912    25.734    -9.41    3.21
 -18054.730    23.394    -6.22    5.15
 -17678.549    22.345    -2.79    6.26
 -17302.369    21.739    -1.61    6.27
 -16926.192    22.772     2.75    5.91
 -16550.016    22.853     0.22    5.26
 -16173.842    24.620     4.70    4.49
 -15797.670    24.734     0.30    4.31
 -15421.499    25.606     2.32    4.14
 -15045.331    26.057     1.20    4.07
 -14669.164    26.170     0.30    4.32
 -14292.998    27.723     4.13    3.46
 -13916.835    28.634     2.42    2.88
 -13540.673    29.555     2.45    2.06
 -13164.513    29.503    -0.14    1.98
 -12788.355    29.421    -0.22    1.73
 -12412.198    29.375    -0.12    2.38
 -12036.043    29.724     0.93    2.39
 -11659.890    29.751     0.07    2.49
 -11283.739    29.187    -1.50    2.32
 -10907.589    28.718    -1.25    2.17
 -10531.442    28.934     0.57    2.31
 -10155.295    29.015     0.22    2.04
  -9779.151    29.586     1.52    1.88
  -9403.008    29.579    -0.02    2.00
  -9026.867    29.704     0.33    1.69
  -8650.728    30.123     1.12    2.05
  -8274.591    30.196     0.19    2.09
  -7898.455    30.583     1.03    2.39
  -7522.321    30.239    -0.91    3.11
  -7146.188    29.760    -1.28    3.31
  -6770.058    29.555    -0.55    3.49
  -6393.929    29.279    -0.73    3.46
  -6017.801    29.555     0.73    2.85
  -5641.676    29.811     0.68    2.33
  -5265.552    29.918     0.28    2.30
  -4889.430    30.247     0.87    2.26
  -4513.309    30.213    -0.09    2.38
  -4137.191    29.691    -1.39    2.56
  -3761.074    29.259    -1.15    2.93
  -3384.958    27.637    -4.31    4.65
  -3008.845    24.939    -7.17    5.85
  -2632.733    17.554   -19.64   11.17
  -2256.623    10.772   -18.03   12.24
  -1880.514     4.754   -16.00    9.80
  -1504.407     1.345    -9.06    4.16
  -1128.302     4.160     7.49    3.63
   -752.199     5.150     2.63    2.61
   -376.097     3.129    -5.38    4.43
      0.003    -0.166    -8.76    5.02
    376.102    -3.444    -8.72    3.09
    752.199    -5.129    -4.48    0.97
   1128.294    -4.814     0.84    2.26
   1504.387    -3.522     3.43    3.70
   1880.479     0.144     9.75    6.75
   2256.569     1.696     4.12    6.93
   2632.657     3.150     3.87    5.98
   3008.744     3.313     0.43    6.07
   3384.829     3.950     1.69    6.00
   3760.913     5.579     4.33    6.25
   4136.994     6.853     3.39    7.01
   4513.074     7.529     1.80    6.61
   4889.153     8.476     2.52    6.44
   5265.229     9.029     1.47    6.29
   5641.305     9.907     2.34    4.48
   6017.378    11.304     3.71    4.42
   6393.450    11.818     1.37    4.18
   6769.520    12.418     1.59    4.13
   7145.588    13.150     1.95    2.92
   7521.655    12.279    -2.32    2.77
   7897.720    11.555    -1.93    2.92
   8273.784    11.119    -1.16    3.58
   8649.846    11.386     0.71    3.91
   9025.906    12.826     3.83    3.18
   9401.965    13.799     2.59    2.92
   9778.022    13.772    -0.07    2.13
  10154.077    13.579    -0.51    2.36
  10530.131    13.015    -1.50    2.18
  10906.183    12.529    -1.29    1.88
  11282.233    12.003    -1.40    2.21
  11658.282    11.196    -2.15    2.70
  12034.329    10.286    -2.42    2.82
  12410.375     9.179    -2.94    3.55
  12786.419     9.082    -0.26    4.12
  13162.461     8.640    -1.17    4.88
  13538.502     7.583    -2.81    5.46
  13914.541     6.723    -2.29    5.56
  14290.578     5.608    -2.97    5.70
  14666.614     5.196    -1.10    5.55
  15042.649     6.382     3.15    4.43
  15418.681     5.503    -2.34    4.63
  15794.712     4.583    -2.45    4.70
  16170.742     2.640    -5.17    4.45
  16546.769     1.734    -2.41    3.76
  16922.796     2.292     1.48    3.83
  17298.820     2.272    -0.05    4.36
  17674.843     2.093    -0.48    4.66
  18050.864     1.913    -0.48    4.34
  18426.884     1.178    -1.96    3.73
  18802.902     1.683     1.34    3.91
  19178.919     2.144     1.23    3.94
  19554.934     2.751     1.61    3.64
  19930.947     3.178     1.13    3.77
  20306.959     2.691    -1.29    3.91
  20682.969     2.691     0.00    3.58
  21058.978     2.503    -0.50    3.31
  21434.985     1.862    -1.70    2.91
  21810.991     1.734    -0.34    2.96
  22186.995     1.450    -0.76    2.88
  22562.997     0.446    -2.67    2.64
  22938.998     0.426    -0.05    2.45
  23314.997     0.582     0.41    2.31
  23690.994     0.766     0.49    1.92
  24066.990     1.029     0.70    1.83
  24442.985     1.426     1.06    1.87
  24818.978     2.799     3.65    3.60
  25194.969     2.939     0.37    4.75
  25570.959     3.029     0.24    5.33
  25946.947     3.001    -0.07    5.57
  26322.933     1.907    -2.91    4.73
  26698.918     1.448    -1.22    2.81
  27074.902     0.826    -1.65    2.20
  27450.884     0.015    -2.16    1.77
  27826.864     0.279     0.70    1.98
  28202.843     0.554     0.73    3.84
  28578.820     2.606     5.46    6.59
  28954.796     4.691     5.55    7.48
  29330.770     5.093     1.07    8.02
  29706.743     6.108     2.70    7.47
  30082.714     6.324     0.57    6.69
  30458.683     5.826    -1.32    6.92
  30834.651     5.785    -0.11    7.45
  31210.618     5.890     0.28    6.95
  31586.583     5.631    -0.69    6.09
  31962.546     6.426     2.11    3.73
  32338.508     6.529     0.27    2.40
  32714.468     6.313    -0.58    1.67
  33090.427     6.907     1.58    3.33
  33466.384     6.475    -1.15    4.03
  33842.340     3.988    -6.61    6.06
  34218.294     1.042    -7.84    7.31
  34594.247    -3.522   -12.14    6.07
  34970.198    -6.215    -7.16    4.39
  35346.452    -6.392    -0.47    4.36
  35722.716    -4.708     4.48    5.65
  36098.979    -2.292     6.42    6.29
  36475.240     0.119     6.41    6.18
  36851.500     2.934     7.48    6.08
  37227.758     8.170    13.91   11.46
  37604.014    17.475    24.73   15.61
  37980.269    22.266    12.73   14.93
  38356.523    27.871    14.90   14.29
  38732.775    33.341    14.54   11.99
  39109.025    36.144     7.45   10.61
  39485.274    38.476     6.20    8.11
  39861.522    39.556     2.87    8.03
  40237.768    41.298     4.63    6.35
  40614.012    42.807     4.01    5.43
  40990.255    42.913     0.28    5.77
  41366.497    42.766    -0.39    6.16
  41742.737    42.664    -0.27    5.76
  42118.975    42.862     0.53    5.98
  42495.212    44.811     5.18    7.58
  42871.448    47.478     7.09    8.51
  43247.682    50.751     8.70    6.52
  43623.914    53.426     7.11    4.42
  44000.146    55.069     4.37    2.77
  44376.375    55.345     0.73    2.44
  44752.603    55.232    -0.30    2.37
  45128.830    55.216    -0.04    2.39
  45505.055    55.683     1.24    2.70
  45881.279    56.582     2.39    2.54
  46257.501    57.279     1.85    1.90
  46633.721    57.375     0.26    1.93
  47009.941    57.001    -0.99    1.83
  47386.158    56.349    -1.73    1.93
  47762.375    55.811    -1.43    2.35
  48138.590    55.096    -1.90    2.58
  48514.803    54.476    -1.65    2.29
  48891.015    53.631    -2.25    2.60
  49267.225    53.004    -1.67    2.62
  49643.434    52.637    -0.98    2.89
  50019.642    52.631    -0.01    2.76
  50395.848    51.450    -3.14    3.27
  50772.052    47.834    -9.61    6.55
  51148.256    46.015    -4.84    6.21
  51524.457    44.334    -4.47    6.09
  51900.657    45.862     4.06    6.32
  52276.856    48.504     7.02    4.29
  52653.054    48.918     1.10    4.38
  53029.250    48.888    -0.08    4.30
  53405.444    48.946     0.15    4.12
  53781.637    49.213     0.71    4.32
  54157.829    49.939     1.93    3.68
  54534.019    51.687     4.65    3.81
  54910.207    53.160     3.92    3.22
  55286.395    54.042     2.34    2.58
  55662.581    54.079     0.10    2.67
  56038.765    54.112     0.09    2.67
  56414.948    54.129     0.04    2.73
  56791.130    54.003    -0.34    2.68
  57167.310    54.612     1.62    2.93
  57543.488    53.961    -1.73    3.24
  57919.666    52.112    -4.92    3.72
  58295.841    50.634    -3.93    3.90
  58672.016    48.579    -5.46    4.74
  59048.189    46.745    -4.87    5.11
  59424.360    46.279    -1.24    4.69
  59800.531    46.529     0.66    5.32
  60176.699    47.424     2.38    5.83
  60552.867    48.687     3.36    5.54
  60929.033    49.298     1.63    4.93
  61305.197    49.003    -0.79    4.17
  61681.360    49.029     0.07    4.15
  62057.522    48.452    -1.53    3.96
  62433.682    47.890    -1.49    3.94
  62809.841    47.954     0.17    3.77
  63185.999    47.349    -1.61    3.63
  63562.155    47.700     0.93    4.15
  63938.310    48.664     2.56    3.99
  64314.463    48.718     0.14    3.44
  64690.615    48.608    -0.29    3.54
  65066.766    47.119    -3.96    4.03
  65442.915    45.367    -4.66    5.39
  65819.063    42.079    -8.74    6.74
  66195.209    37.785   -11.41    8.24
  66571.354    30.318   -19.85   11.01
  66947.498    24.610   -15.18    8.99
  67323.640    22.924    -4.48    9.05
  67699.781    26.888    10.54   10.73
  68075.920    33.279    16.99    9.54
  68452.058    37.580    11.44    6.88
  68828.195    41.140     9.46    6.15
  69204.331    43.003     4.95    5.16
  69580.465    44.888     5.01    4.69
  69956.597    46.216     3.53    4.13
  70332.728    46.313     0.26    3.24
  70708.858    45.924    -1.03    3.64
  71084.987    43.367    -6.80    5.31
  71461.114    41.272    -5.57    6.31
  71837.240    40.015    -3.34    6.84
  72213.364    40.478     1.23    6.89
  72589.487    43.555     8.18    6.65
  72965.609    47.837    11.38    3.96
  73341.730    47.799    -0.10    4.04
  73717.849    47.990     0.51    4.15
  74093.966    48.016     0.07    3.78
  74470.083    47.446    -1.52    4.04
  74846.198    46.853    -1.57    4.16
  75222.311    47.313     1.22    3.97
  75598.424    48.448     3.02    4.54
  75974.534    50.221     4.72    4.59
  76350.644    51.904     4.47    4.46
  76726.752    53.016     2.96    3.70
  77102.859    52.426    -1.57    3.62
  77478.965    50.473    -5.19    4.26
  77855.069    47.888    -6.87    4.38
  78231.172    46.340    -4.12    4.24
  78607.274    43.144    -8.50    6.08
  78983.374    40.582    -6.81    7.05
  79359.473    39.845    -1.96    7.48
  79735.571    40.178     0.89    7.71
  80111.667    41.837     4.41    7.31
  80487.762    44.555     7.23    6.63
  80863.856    46.751     5.84    5.15
  81239.948    49.205     6.52    3.64
  81616.039    50.069     2.30    4.34
  81992.129    51.583     4.02    5.26
  82368.217    53.313     4.60    5.61
  82744.304    54.647     3.55    6.00
  83120.390    55.804     3.08    5.12
  83496.475    57.760     5.20    4.40
  83872.558    59.918     5.74    4.04
  84248.640    61.939     5.37    4.17
  84624.720    62.286     0.92    4.43
  85000.799    62.003    -0.75    4.28
  85376.877    60.660    -3.57    4.56
  85752.954    59.683    -2.60    3.84
  86129.030    58.096    -4.22    4.69
  86505.104    58.213     0.31    4.71
  86881.176    56.779    -3.81    5.43
  87257.248    55.390    -3.69    5.48
  87633.318    51.976    -9.08    5.81
  88009.387    50.664    -3.49    6.38
  88385.455    50.934     0.72    5.77
  88761.521    52.286     3.59    6.15
  89137.586    55.112     7.52    6.11
  89513.650    59.247    10.99    5.91
  89889.712    61.478     5.93    4.50
  90265.774    62.826     3.59    3.88
  90641.834    63.529     1.87    3.40
  91017.892    64.349     2.18    2.66
  91393.950    64.503     0.41    2.32
  91770.006    63.976    -1.40    2.52
  92146.061    63.708    -0.71    2.68
  92522.114    63.418    -0.77    2.74
  92898.167    64.213     2.11    3.01
  93274.218    64.862     1.73    2.58
  93650.268    64.986     0.33    2.48
  94026.316    64.837    -0.40    2.54
  94402.363    64.367    -1.25    2.43
  94778.409    64.418     0.14    2.41
  95154.454    63.988    -1.14    3.04
  95530.498    63.362    -1.67    3.49
  95906.540    63.608     0.65    3.10
  96282.581    63.358    -0.66    2.80
  96658.621    63.610     0.67    3.04
  97034.659    63.170    -1.17    3.88
  97410.697    62.476    -1.84    3.90
  97786.733    62.734     0.69    3.66
  98162.768    62.069    -1.77    3.67
  98538.801    62.016    -0.14    3.60
  98914.833    62.448     1.15    2.75
  99290.865    63.340     2.37    2.85
  99666.894    63.529     0.50    3.50
 100042.923    63.586     0.15    4.10
 100418.950    62.862    -1.92    4.01
 100794.977    62.811    -0.14    3.68
 101171.001    62.957     0.39    3.38
 101547.025    62.556    -1.07    2.49
 101923.048    62.807     0.67    2.44
 102299.069    63.108     0.80    2.34
 102675.089    63.004    -0.28    2.46
 103051.108    63.421     1.11    2.74
 103427.125    63.397    -0.06    2.93
 103803.142    62.792    -1.61    3.08
 104179.157    62.734    -0.15    3.05
 104555.171    62.556    -0.47    3.00
 104931.184    62.804     0.66    3.06
 105307.195    62.766    -0.10    2.88
 105683.205    62.015    -2.00    2.86
 106059.215    61.799    -0.58    2.80
 106435.222    61.807     0.02    2.61
 106811.229    62.170     0.97    2.55
 107187.235    62.990     2.18    2.36
 107563.239    63.557     1.51    2.29
 107939.242    63.555    -0.01    2.07
 108315.244    63.232    -0.86    1.81
 108691.245    63.251     0.05    2.01
 109067.244    62.479    -2.05    2.93
 109443.243    61.475    -2.67    4.00
 109819.240    60.450    -2.73    4.99
 110195.312    59.187    -3.36    4.72
 110571.545    58.354    -2.21    4.71
 110947.776    57.042    -3.49    4.52
 111324.006    56.479    -1.50    4.79
 111700.235    55.221    -3.34    5.87
 112076.462    53.664    -4.14    7.28
 112452.689    52.421    -3.30    7.64
 112828.914    51.772    -1.72    7.81
 113205.138    52.529     2.01    7.37
 113581.361    55.067     6.75    7.09
 113957.583    58.362     8.76    5.34
 114333.804    60.401     5.42    4.31
 114710.023    61.029     1.67    4.17
 115086.241    61.112     0.22    3.89
 115462.458    60.760    -0.94    3.90
 115838.674    61.811     2.79    3.93
 116214.889    61.397    -1.10    3.64
 116591.103    60.946    -1.20    3.69
 116967.315    60.375    -1.52    3.57
 117343.526    60.232    -0.38    3.31
 117719.737    59.708    -1.39    3.42
 118095.945    59.604    -0.28    3.53
 118472.153    59.157    -1.19    3.52
 118848.360    56.988    -5.77    5.06
 119224.566    55.988    -2.66    5.23
 119600.770    54.502    -3.95    5.02
 119976.973    52.713    -4.75    6.31
 120353.175    51.501    -3.22    6.61
 120729.376    49.724    -4.72    7.20
 121105.576    48.606    -2.97    7.96
 121481.775    50.691     5.54    7.31
 121857.972    52.818     5.65    7.69
 122234.169    54.318     3.99    6.72
 122610.364    54.529     0.56    5.87
 122986.558    51.178    -8.91    8.04
 123362.751    46.170   -13.31   10.07
 123738.943    41.946   -11.23   10.49
 124115.134    37.067   -12.97   11.79
 124491.323    32.862   -11.18   10.44
 124867.512    28.810   -10.77    8.28
 125243.699    23.150   -15.04    7.61
 125619.885    20.988    -5.75    6.55
 125996.071    20.826    -0.43    6.85
 126372.255    21.871     2.78    8.38
 126748.438    22.826     2.54    8.32
 127124.619    22.555    -0.72    8.42
 127500.800    25.426     7.63    9.83
 127876.980    27.818     6.36    9.65
 128253.158    32.213    11.68    9.66
 128629.335    36.196    10.59   10.00
 129005.512    40.478    11.38    9.33
 129381.687    43.988     9.33    7.53
 129757.861    45.324     3.55    6.01
 130134.034    44.286    -2.76    6.59
 130510.206    43.897    -1.03    8.06
 130886.376    41.845    -5.46    8.90
 131262.546    41.810    -0.09    9.86
 131638.715    42.631     2.18    9.59
 132014.882    43.739     2.95    8.60
 132391.049    46.557     7.49    7.36
 132767.214    50.478    10.42    6.39
 133143.378    54.251    10.03    5.21
 133519.541    55.965     4.56    4.91
 133895.703    56.660     1.85    4.80
 134271.864    55.637    -2.72    6.13
 134648.024    54.811    -2.20    6.86
 135024.183    50.221   -12.20   10.23
 135400.341    46.708    -9.34   11.91
 135776.497    41.251   -14.51   10.32
 136152.653    41.029    -0.59    9.30
 136528.807    43.123     5.57   10.10
 136904.961    45.718     6.90    9.27
 137281.113    49.367     9.70    7.11
 137657.265    51.088     4.58    6.84
 138033.415    53.785     7.17    7.04
 138409.564    55.298     4.02    6.84
 138785.712    55.307     0.02    6.42
 139161.859    55.888     1.55    5.20
 139538.005    55.973     0.23    4.59
 139914.150    57.397     3.79    4.99
 140290.294    59.170     4.71    4.98
 140666.437    61.003     4.87    4.31
 141042.579    61.529     1.40    3.39
 141418.720    61.734     0.55    2.85
 141794.859    61.179    -1.48    3.30
 142170.998    60.853    -0.87    3.28
 142547.136    60.580    -0.73    3.25
 142923.272    60.556    -0.06    3.15
 143299.408    60.826     0.72    2.91
 143675.542    60.529    -0.79    3.64
 144051.676    60.334    -0.52    3.39
 144427.808    60.134    -0.53    3.84
 144803.939    60.954     2.18    3.89
 145180.070    61.751     2.12    3.28
 145556.199    61.016    -1.95    4.02
 145932.327    59.934    -2.88    4.32
 146308.455    57.713    -5.91    4.64
 146684.581    56.371    -3.57    4.55
 147060.706    55.845    -1.40    4.56
 147436.830    56.696     2.26    4.64
 147812.954    58.845     5.71    4.48
 148189.076    60.754     5.08    3.54
 148565.197    61.640     2.36    2.71
 148941.317    61.939     0.80    2.33
 149317.436    60.818    -2.98    2.40
 149693.554    60.123    -1.85    3.05
 150069.671    59.529    -1.58    3.56
 150445.787    58.473    -2.81    3.52
 150821.902    57.734    -1.97    3.66
 151198.017    57.452    -0.75    3.55
 151574.130    56.718    -1.95    3.73
 151950.242    56.142    -1.53    3.66
