# NaN NaN NaN ;Mean Elev.(m), Avg Gradient(m/km), RMS Gradient(m/km) - SRTM1     
#   13.720   0.366   9.395 ;Mean Elev.(m), Avg Gradient(m/km), RMS Gradient(m/km) - ASTER GDEM
#    9.229   0.101   9.874 ;Mean Elev.(m), Avg Gradient(m/km), RMS Gradient(m/km) - GMTED2010 
  8 299.791592  -3.283022    21.967    21.953  4 52497.58261340 31.438
 10 299.792232  -3.283224    54.306    54.318  3 52567.58262519 13.734
 11 299.786063  -3.278600    15.463    14.309  5 52602.58262550 30.757
 13 299.788073  -3.282115    53.090    53.090  2 52672.58259839 10.239
 14 299.789576  -3.281546    19.270    19.166  4 52707.58260260 16.447
 17 299.786202  -3.280069    22.815    22.887  4 52812.58265375 30.331
 18 299.788604  -3.279877    22.289    22.243  4 52847.58270793 30.869
 19 299.786870  -3.279250    20.348    20.353  4 52882.58274426 35.760
 20 299.791023  -3.282600    54.321    54.427  4 52917.58270173  6.726
 21 299.792673  -3.287267    53.571    53.730  4 52952.58266446  7.132
 22 299.795996  -3.287899    17.486    17.328  4 52987.58267772 16.474
 23 299.793320  -3.287135    53.703    53.967  3 53022.58266568 10.137
 24 299.794422  -3.289289    16.416    16.409  4 53057.58265912 33.226
 25 299.783028  -3.276458    18.681    18.789  4 53092.58269465 21.306
 26 299.791939  -3.285712    20.556    20.501  4 53127.58266673 30.875
 28 299.790256  -3.282468    21.124    21.087  4 53197.58273059 25.235
 29 299.795073  -3.289048    19.874    19.884  4 53232.58270879 28.557
 30 299.788617  -3.282330    16.720    16.707  4 53267.58267623 31.968
 31 299.782037  -3.274341    17.588    17.468  4 53302.58273033 18.742
 32 299.789023  -3.280447    54.177    54.121  4 53337.58270122  5.382
 33 299.791510  -3.283397    17.357    17.446  4 53372.58263645 22.896
 34 299.791218  -3.282560    19.128    19.071  4 53407.58267453 15.106
 35 299.790342  -3.279748    54.266    54.326  3 53442.58265907 15.584
 36 299.784541  -3.277514    21.189    21.194  4 53477.58273044 28.337
 37 299.788706  -3.282800    22.394    22.356  4 53512.58274245 27.035
 38 299.785440  -3.277364    22.037    22.002  5 53547.58275969 38.798
 39 299.789424  -3.282974    19.825    19.832  4 53582.58272960 29.781
 40 299.787363  -3.278972    53.890    53.963  4 53617.58268440  6.059
 41 299.789175  -3.282239    54.172    54.322  4 53652.58270417  2.765
 42 299.786344  -3.277595    11.770    11.781  4 53687.58270550 32.223
 43 299.792030  -3.283298    54.371    54.413  4 53722.58263165 10.344
 44 299.794751  -3.289733    17.403    17.384  4 53757.58256707 25.375
 45 299.792617  -3.285714    20.414    20.313  5 53792.58259015 33.944
 46 299.792366  -3.286990    20.883    20.818  3 53827.58255709 38.561
 47 299.786383  -3.279874    22.103    22.074  4 53862.58264197 37.358
 48 299.789933  -3.281633    22.982    22.962  4 53897.58266417 28.852
 49 299.781845  -3.271116    21.913    21.835  3 53932.58271044 26.711
 50 299.784481  -3.276901    19.497    18.912  4 53967.58268561 33.924
 51 299.791068  -3.284958    16.155    16.142  4 54002.58265278 26.921
 52 299.791226  -3.285134    11.859    11.812  4 54037.58269067 40.523
 53 299.790444  -3.282819    54.304    54.401  4 54072.58268469  4.883
 54 299.788823  -3.281388    53.527    53.681  5 54107.58263315 10.810
 55 299.788769  -3.282412    18.909    18.743  4 54142.58261949 21.288
 56 299.788650  -3.282119    18.100    18.121  4 54177.58261628 32.133
 57 299.788594  -3.279481    20.376    20.335  4 54212.58262586 32.224
 58 299.789189  -3.280516    22.058    22.050  4 54247.58265486 34.198
 60 299.790851  -3.283333    21.971    22.118  4 54317.58266320 24.789
 61 299.790085  -3.282965    16.932    16.872  4 54352.58262864 37.857
 62 299.790491  -3.281547    12.723    12.795  4 54387.58260268 30.318
 63 299.789310  -3.281331    14.582    14.822  4 54422.58257849 28.412
 64 299.789817  -3.283491    44.731    53.577  4 54457.58257692 17.114
 65 299.790395  -3.282239    18.703    18.526  4 54492.58258149 21.446
 66 299.790923  -3.283508    19.836    19.832  4 54527.58258962 22.813
 67 299.789498  -3.281574    20.953    20.920  4 54562.58258876 37.233
 68 299.789326  -3.282056    22.121    21.700  5 54597.58258480 32.431
 69 299.788103  -3.281934    22.756    22.723  4 54632.58259846 35.554
 70 299.788230  -3.281010    21.875    21.892  5 54667.58260357 29.374
 71 299.790577  -3.284876    20.269    20.357  4 54702.58257054 25.875
 72 299.788984  -3.283492    16.346    16.375  4 54737.58256531 23.814
 73 299.790563  -3.282201    13.267    13.348  4 54772.58255159 32.155
 74 299.788521  -3.280884    16.254    15.090  4 54807.58255808 25.860
 75 299.790403  -3.279502    54.476    54.944  3 54842.58254763 16.710
 76 299.788082  -3.281254    20.441    20.453  4 54877.58256094 23.586
 77 299.788216  -3.280766    21.451    21.413  5 54912.58255247 32.405
 78 299.788030  -3.280423    22.836    22.730  5 54947.58255232 32.714
 79 299.788003  -3.281286    23.408    23.421  4 54982.58257860 26.868
 80 299.789353  -3.283431    23.961    23.878  4 55017.58257801 33.193
 81 299.790641  -3.282155    22.686    22.741  4 55052.58257261 28.536
 82 299.789400  -3.280562    19.734    19.706  4 55087.58253579 35.121
 83 299.790536  -3.281702    13.258    13.355  4 55122.58250862 29.156
 84 299.788747  -3.280718    16.816    18.113  4 55157.58249642 19.680
 85 299.788526  -3.282834    17.064    16.859  4 55192.58249822 19.016
 86 299.788379  -3.282651    19.128    18.699  4 55227.58249848 16.548
 87 299.790102  -3.281780    18.116    18.099  4 55262.58249354 33.609
 88 299.789990  -3.282324    19.390    19.399  4 55297.58248160 31.651
 89 299.788355  -3.280059    21.812    21.835  4 55332.58247238 32.248
 90 299.789568  -3.284147    23.008    22.987  4 55367.58246551 27.524
 91 299.789236  -3.283623    20.982    20.964  4 55402.58247973 37.112
 92 299.791205  -3.282187    20.252    19.924  4 55437.58248248 18.018
 93 299.789968  -3.283876    18.146    18.252  4 55472.58243263 17.955
