-273821.022   144.811     0.00   28.63
-273444.898   135.266   -25.38   27.53
-273068.777   125.631   -25.62   20.21
-272692.658   121.586   -10.75   11.23
-272316.541   126.483    13.02   13.47
-271940.426   131.714    13.91   13.23
-271564.313   137.822    16.24   13.20
-271188.202   141.768    10.49   12.19
-270812.093   142.398     1.68   11.84
-270435.986   142.314    -0.22   11.73
-270059.881   138.633    -9.79   10.74
-269683.778   138.329    -0.81   10.70
-269307.677   140.056     4.59   13.93
-268931.578   144.530    11.90   14.52
-268555.481   146.200     4.44   16.08
-268179.385   144.864    -3.55   15.45
-267803.292   145.582     1.91   17.57
-267427.201   144.957    -1.66   16.85
-267051.112   145.606     1.72   16.31
-266675.025   151.800    16.47   17.92
-266298.940   152.098     0.79   16.42
-265922.857   149.560    -6.75   17.13
-265546.776   144.485   -13.49   17.27
-265170.697   138.660   -15.49   12.03
-264794.620   135.876    -7.40   10.31
-264418.545   138.363     6.61   12.94
-264042.472   139.164     2.13   14.94
-263666.401   139.822     1.75   14.58
-263290.331   138.530    -3.44   14.75
-262914.264   135.872    -7.07   16.04
-262538.199   132.098   -10.03   18.11
-262162.136   121.795   -27.40   15.06
-261786.074   116.314   -14.58   16.93
-261410.015   107.424   -23.64   15.16
-261033.958   100.936   -17.25    8.68
-260657.902    98.363    -6.84    4.57
-260281.849    99.019     1.75    5.13
-259905.797   101.406     6.35    7.66
-259529.748   107.688    16.71    9.35
-259153.700   111.342     9.72    9.88
-258777.655   116.842    14.63    9.17
-258401.611   119.424     6.87    7.63
-258025.569   121.019     4.24    8.22
-257649.530   123.945     7.78    9.05
-257273.492   124.477     1.42    8.74
-256897.456   126.355     4.99    8.91
-256521.422   128.530     5.78    9.07
-256145.390   133.939    14.39    9.54
-255769.360   134.254     0.84    9.62
-255393.332   132.989    -3.37   10.17
-255017.306   131.381    -4.28   10.99
-254641.282   125.075   -16.77    8.81
-254265.260   125.119     0.12    8.69
-253889.240   125.471     0.93   10.73
-253513.221   125.687     0.58   11.63
-253137.205   125.560    -0.34   11.24
-252761.190   125.158    -1.07   11.09
-252385.178   119.098   -16.12   12.33
-252009.167   113.793   -14.11    9.28
-251633.158   113.464    -0.87   10.46
-251257.151   115.201     4.62   12.83
-250881.147   119.893    12.48   11.75
-250505.144   121.293     3.72    9.10
-250129.143   121.173    -0.32   10.52
-249753.143   120.047    -3.00    9.63
-249377.146   122.281     5.94   13.43
-249001.151   125.996     9.88   14.16
-248625.158   129.214     8.56   14.09
-248249.166   126.142    -8.17   18.35
-247873.176   120.687   -14.51   16.65
-247497.189   112.876   -20.77   11.59
-247121.203   115.065     5.82   13.39
-246745.219   123.503    22.44   11.16
-246369.237   128.825    14.15    9.29
-245993.257   133.464    12.34    9.09
-245617.279   140.509    18.74   13.90
-245241.303   151.768    29.95   19.06
-244865.328   161.381    25.57   18.44
-244489.356   170.477    24.20   17.58
-244113.385   180.893    27.71   24.97
-243737.417   190.769    26.27   33.33
-243361.450   198.381    20.24   32.00
-242985.485   191.742   -17.66   33.10
-242609.522   177.381   -38.20   31.37
-242233.561   160.432   -45.08   23.01
-241857.601   148.593   -31.49   15.37
-241481.644   147.173    -3.78   18.24
-241105.688   143.714    -9.20   20.22
-240729.735   137.503   -16.52   16.68
-240353.783   129.688   -20.79   19.49
-239977.833   121.254   -22.43   17.88
-239601.885   115.047   -16.51   10.01
-239225.939   110.842   -11.19    6.24
-238849.995   106.582   -11.33    6.63
-238474.052   104.254    -6.19    6.95
-238098.112   104.924     1.78    9.38
-237722.173   108.637     9.88   11.13
-237346.236   113.742    13.58   10.89
-236970.142   117.329     9.54    6.53
-236593.829   114.297    -8.06    7.44
-236217.517   111.816    -6.59    7.64
-235841.208   112.047     0.61    8.28
-235464.900   116.089    10.74    8.86
-235088.594   118.560     6.57    6.99
-234712.290   120.930     6.30    7.12
-234335.988   121.822     2.37    7.39
-233959.688   124.073     5.98    7.04
-233583.389   125.173     2.92    5.92
-233207.093   123.842    -3.54    6.54
-232830.798   121.381    -6.54    6.69
-232454.505   117.200   -11.11    6.74
-232078.214   115.022    -5.79    7.21
-231701.925   114.175    -2.25    6.89
-231325.637   110.509    -9.74    7.23
-230949.352   109.525    -2.62    7.58
-230573.068   111.278     4.66    9.49
-230196.786   113.471     5.83   12.70
-229820.506   116.552     8.19   12.28
-229444.228   116.930     1.01   11.84
-229067.951   116.526    -1.07    9.72
-228691.677   119.381     7.59    9.84
-228315.404   121.951     6.83   10.22
-227939.133   125.519     9.48   11.20
-227562.864   127.406     5.01   10.85
-227186.597   126.992    -1.10   11.00
-226810.331   128.586     4.24   11.20
-226434.068   124.030   -12.11   11.21
-226057.806   122.876    -3.07   11.76
-225681.546   123.266     1.04   11.55
-225305.287   121.996    -3.38    9.64
-224929.031   123.789     4.77    7.84
-224552.776   127.103     8.81   11.04
-224176.523   130.842     9.94   15.27
-223800.272   131.056     0.57   17.98
-223424.023   128.822    -5.94   19.02
-223047.776   122.119   -17.82   21.18
-222671.530   115.114   -18.62   12.92
-222295.286   116.329     3.23   15.54
-221919.044   117.239     2.42   15.06
-221542.804   121.103    10.27   13.14
-221166.565   120.816    -0.76   11.24
-220790.329   117.964    -7.58    6.37
-220414.094   118.688     1.92    7.20
-220037.861   117.227    -3.88    8.04
-219661.629   114.424    -7.45   10.27
-219285.400   106.635   -20.70   11.77
-218909.172   104.637    -5.31    9.73
-218532.946   105.289     1.73    9.70
-218156.722   105.335     0.12    9.15
-217780.500   109.414    10.84    9.44
-217404.279   113.970    12.11    9.64
-217028.060   117.603     9.66    9.34
-216651.843   126.579    23.86   16.49
-216275.628   131.936    14.24   16.45
-215899.414   134.109     5.77   16.47
-215523.202   132.314    -4.77   19.42
-215146.992   129.908    -6.39   16.98
-214770.784   127.539    -6.30   16.22
-214394.577   126.822    -1.91   15.04
-214018.372   124.579    -5.96   12.63
-213642.169   122.766    -4.82   13.25
-213265.968   119.056    -9.86    7.51
-212889.769   120.606     4.12    7.22
-212513.571   119.390    -3.23   10.13
-212137.375   118.989    -1.07   10.37
-211761.181   118.381    -1.62   10.26
-211384.988   119.289     2.41   10.09
-211008.797   119.582     0.78    9.76
-210632.608   117.297    -6.07    9.99
-210256.421   116.011    -3.42   11.05
-209880.235   117.519     4.01   12.32
-209504.052   119.663     5.70   13.15
-209127.869   122.560     7.70   12.07
-208751.689   121.200    -3.61   10.20
-208375.510   120.639    -1.49    9.57
-207999.334   121.227     1.56    9.03
-207623.158   124.609     8.99   10.78
-207246.985   127.633     8.04   11.55
-206870.813   123.432   -11.17   13.99
-206494.643   116.688   -17.93   19.66
-206118.475   109.575   -18.91   18.84
-205742.308   105.355   -11.22   14.80
-205366.144   104.131    -3.25   13.31
-204989.981   106.432     6.12   11.63
-204613.819   109.278     7.57   11.95
-204237.659   110.920     4.36   11.32
-203861.502   106.200   -12.55   13.44
-203485.345   106.635     1.16   15.29
-203109.191   104.119    -6.69   17.11
-202733.038    94.381   -25.89   19.40
-202356.887    90.714    -9.75   17.89
-201980.737    89.022    -4.50   16.07
-201604.590    90.714     4.50   17.91
-201228.444    91.082     0.98   17.15
-200852.299    83.444   -20.31   14.77
-200476.157    77.266   -16.42    8.16
-200100.016    72.304   -13.19    8.51
-199723.876    70.575    -4.60    8.39
-199347.739    70.355    -0.59    8.21
-198971.603    70.436     0.22    8.86
-198595.469    69.188    -3.32   10.21
-198219.336    68.637    -1.46   10.85
-197843.205    67.339    -3.45    8.89
-197467.076    69.214     4.99   10.76
-197090.949    73.530    11.47   11.30
-196714.823    75.957     6.45   10.29
-196338.699    75.432    -1.40   10.77
-195962.577    77.011     4.20   12.26
-195586.456    75.893    -2.97   11.68
-195210.337    76.868     2.59   12.06
-194834.219    76.175    -1.84   13.20
-194458.104    70.390   -15.38    9.67
-194081.989    70.457     0.18   10.44
-193705.877    69.688    -2.05   12.21
-193329.766    69.297    -1.04   13.51
-192953.657    67.200    -5.58   13.56
-192577.550    64.119    -8.19   12.67
-192201.444    65.930     4.81   14.08
-191825.340    67.252     3.52   13.95
-191449.238    67.089    -0.43   15.16
-191073.137    63.098   -10.61   14.12
-190697.038    58.637   -11.86   12.47
-190320.940    56.408    -5.93   10.64
-189944.844    54.175    -5.94    9.00
-189568.750    50.173   -10.64    8.74
-189192.658    44.483   -15.13    8.48
-188816.567    40.740    -9.95    7.85
-188440.477    39.556    -3.15    6.07
-188064.390    40.552     2.65   11.45
-187688.304    42.611     5.48   11.54
-187312.219    44.098     3.95   12.46
-186936.137    42.436    -4.42   13.03
-186560.056    40.065    -6.30   10.48
-186183.976    40.714     1.72   12.84
-185807.898    37.038    -9.77   12.17
-185431.822    34.390    -7.04   13.08
-185055.748    32.861    -4.06   13.69
-184679.675    29.564    -8.77   10.75
-184303.603    28.150    -3.76    6.75
-183927.534    27.525    -1.66    7.40
-183551.466    26.483    -2.77    9.55
-183175.399    25.768    -1.90    8.64
-182799.334    24.793    -2.59    4.01
-182423.271    26.819     5.39    4.96
-182047.209    27.175     0.95    4.67
-181671.149    28.471     3.44    4.23
-181295.091    27.845    -1.66    4.87
-180919.034    25.739    -5.60    5.54
-180542.979    23.881    -4.94    5.94
-180166.926    23.161    -1.91    5.67
-179790.874    23.633     1.25    6.08
-179414.823    26.849     8.55    8.47
-179038.774    27.957     2.95    8.12
-178662.727    30.103     5.71   10.23
-178286.682    34.586    11.92   13.41
-177910.638    38.329     9.96   13.46
-177534.595    42.092    10.01   10.77
-177158.554    41.329    -2.03    8.50
-176782.515    38.793    -6.75    7.49
-176406.478    36.047    -7.30    7.48
-176030.442    36.822     2.06   10.00
-175654.407    34.406    -6.42   12.39
-175278.374    30.603   -10.11   13.06
-174902.343    29.398    -3.20   13.29
-174526.313    29.124    -0.73   12.28
-174150.285    26.861    -6.02   10.77
-173774.259    24.816    -5.44   10.93
-173398.234    22.119    -7.17    9.37
-173022.210    22.930     2.16    9.64
-172646.188    23.741     2.16    9.92
-172270.168    29.492    15.29   13.19
-171894.149    34.714    13.89   14.61
-171518.132    40.568    15.57   19.01
-171142.117    40.281    -0.76   18.39
-170766.103    41.022     1.97   17.89
-170390.090    39.135    -5.02   16.12
-170014.079    42.304     8.43   15.03
-169638.070    52.984    28.41   15.09
-169262.062    60.457    19.88   15.28
-168886.056    68.471    21.31   16.23
-168510.051    68.498     0.07   20.80
-168134.048    65.984    -6.68   20.03
-167758.046    56.155   -26.14   15.58
-167382.046    54.586    -4.17   12.12
-167006.048    60.868    16.71   16.04
-166630.051    71.186    27.44   24.08
-166254.056    92.714    57.26   22.42
-165878.062   106.519    36.72   16.12
-165502.069   117.661    29.63   13.58
-165126.079   120.289     6.99   13.30
-164750.089   118.984    -3.47   13.89
-164374.102   117.714    -3.38   13.30
-163998.115   113.714   -10.64   13.14
-163622.131   107.740   -15.89   13.30
-163246.148   100.038   -20.49   14.56
-162870.166    91.389   -23.01   12.62
-162494.186    86.768   -12.29   10.24
-162118.207    88.795     5.39   14.16
-161741.999    94.525    15.23   15.98
-161365.721    99.631    13.57   13.93
-160989.445    96.637    -7.96   11.54
-160613.170    90.252   -16.97   11.20
-160236.897    84.881   -14.28   10.38
-159860.626    85.319     1.17   13.16
-159484.355    89.019     9.83   18.10
-159108.087    96.214    19.12   19.92
-158731.820   102.214    15.95   18.93
-158355.554   107.444    13.90   13.64
-157979.290   109.451     5.33   12.20
-157603.028   109.240    -0.56   13.06
-157226.767   106.264    -7.91   15.08
-156850.507    99.849   -17.05   22.04
-156474.249    93.789   -16.11   26.12
-156097.993    83.663   -26.91   26.11
-155721.738    73.525   -26.94   20.29
-155345.484    71.741    -4.74   18.01
-154969.232    75.768    10.70   21.41
-154592.982    84.951    24.41   25.94
-154216.733    96.739    31.33   24.15
-153840.485   104.131    19.64   19.05
-153464.239   100.611    -9.35   22.67
-153087.994    99.766    -2.25   21.90
-152711.751   103.742    10.57   20.70
-152335.510   110.124    16.96   15.92
-151959.270   112.329     5.86   11.40
-151583.031   106.609   -15.21   17.78
-151206.794    98.849   -20.62   18.90
-150830.558    98.124    -1.93   17.57
-150454.324    99.173     2.79   17.67
-150078.091   103.639    11.87   14.34
-149701.860   107.893    11.31    6.45
-149325.630   107.857    -0.10    6.96
-148949.401   110.552     7.16    5.08
-148573.174   110.525    -0.07    6.15
-148196.949   110.200    -0.86    6.15
-147820.725   108.556    -4.37    7.05
-147444.503   106.103    -6.52    6.80
-147068.281   104.064    -5.42    5.65
-146692.062   103.372    -1.84    5.13
-146315.844   104.768     3.71    3.22
-145939.627   105.791     2.72    3.56
-145563.412   105.503    -0.76    4.92
-145187.198   105.240    -0.70    5.35
-144810.986   103.633    -4.27    6.90
-144434.775   101.227    -6.40    7.31
-144058.565   100.825    -1.07    6.89
-143682.357   100.381    -1.18    6.29
-143306.151   100.739     0.95    5.71
-142929.945   100.890     0.40    5.23
-142553.742    95.822   -13.47    9.28
-142177.539    89.876   -15.81   12.55
-141801.339    89.579    -0.79   13.83
-141425.139    91.308     4.60   13.49
-141048.941    96.200    13.00   10.67
-140672.745   100.556    11.58    3.09
-140296.549   100.047    -1.35    2.78
-139920.356    98.503    -4.10    3.00
-139544.163    97.766    -1.96    3.75
-139167.973    96.661    -2.94    4.20
-138791.783    90.304   -16.90   11.73
-138415.595    82.660   -20.32   17.32
-138039.409    81.381    -3.40   18.29
-137663.223    83.769     6.35   18.30
-137287.040    88.534    12.67   15.97
-136910.857    92.945    11.72    6.41
-136534.676    87.995   -13.16    7.64
-136158.497    85.150    -7.56    6.24
-135782.319    82.984    -5.76    4.65
-135406.142    83.092     0.29    5.04
-135029.966    85.030     5.15    5.42
-134653.793    84.269    -2.02    6.04
-134277.620    84.175    -0.25    6.00
-133901.449    83.791    -1.02    6.41
-133525.279    84.444     1.74    7.40
-133149.111    86.560     5.63    7.33
-132772.944    86.457    -0.27    8.37
-132396.778    81.124   -14.18   14.27
-132020.614    78.795    -6.19   15.51
-131644.451    79.945     3.06   15.63
-131268.290    79.741    -0.54   15.70
-130892.130    85.872    16.30    9.78
-130515.971    85.417    -1.21    6.68
-130139.814    83.558    -4.94    6.14
-129763.658    82.816    -1.97    6.44
-129387.504    80.372    -6.50    6.90
-129011.351    79.242    -3.00    7.71
-128635.199    76.227    -8.02    7.40
-128259.048    74.381    -4.91    6.85
-127882.899    73.868    -1.36    6.76
-127506.752    73.227    -1.70    6.19
-127130.606    73.308     0.22    5.78
-126754.461    73.635     0.87    5.28
-126378.317    71.304    -6.20    9.30
-126002.175    68.489    -7.48   10.36
-125626.034    62.038   -17.15   13.57
-125249.895    59.073    -7.88   14.39
-124873.757    60.003     2.47   13.72
-124497.620    59.984    -0.05   13.64
-124121.484    64.525    12.07   11.86
-123745.350    68.771    11.29    6.70
-123369.218    69.355     1.55    3.88
-122993.086    68.964    -1.04    4.50
-122616.956    69.103     0.37    4.98
-122240.828    68.355    -1.99    4.48
-121864.700    68.131    -0.60    4.63
-121488.575    68.582     1.20    4.01
-121112.450    68.022    -1.49    4.77
-120736.327    66.451    -4.18    5.94
-120360.205    64.714    -4.62    5.42
-119984.084    64.530    -0.49    5.43
-119607.965    64.939     1.09    4.81
-119231.847    65.660     1.92    3.82
-118855.730    64.589    -2.85    5.64
-118479.615    64.556    -0.09    5.63
-118103.501    65.552     2.65    6.05
-117727.388    66.957     3.74    4.31
-117351.277    67.075     0.31    3.04
-116975.167    66.893    -0.48    3.58
-116599.058    66.939     0.12    3.52
-116222.951    66.579    -0.96    3.76
-115846.845    65.639    -2.50    4.33
-115470.740    64.688    -2.53    4.01
-115094.637    63.082    -4.27    4.46
-114718.535    62.977    -0.28    4.24
-114342.434    63.175     0.53    4.19
-113966.335    63.768     1.58    4.56
-113590.236    64.519     2.00    4.06
-113214.140    64.663     0.38    2.72
-112838.044    65.575     2.43    3.34
-112461.950    65.355    -0.59    3.79
-112085.857    65.432     0.20    3.96
-111709.765    64.936    -1.32    4.29
-111333.675    64.227    -1.88    3.58
-110957.586    64.579     0.93    3.10
-110581.498    64.319    -0.69    2.93
-110205.411    64.047    -0.72    2.84
-109829.326    63.390    -1.75    2.47
-109453.242    64.201     2.16    2.70
-109077.160    64.739     1.43    2.92
-108701.078    64.845     0.28    3.07
-108324.998    64.363    -1.28    3.24
-107948.920    63.278    -2.88    4.06
-107572.842    61.188    -5.56    6.31
-107196.766    53.825   -19.58   15.24
-106820.691    46.872   -18.49   18.31
-106444.617    44.381    -6.62   19.10
-106068.545    46.688     6.14   19.54
-105692.474    52.278    14.86   17.83
-105316.404    62.651    27.58    9.49
-104940.335    63.417     2.03    7.07
-104564.268    61.146    -6.04    7.77
-104188.202    62.795     4.38    7.46
-103812.137    64.022     3.26    6.42
-103436.073    64.930     2.42    5.04
-103060.011    63.432    -3.98    6.57
-102683.950    63.278    -0.41    6.47
-102307.890    63.098    -0.48    5.89
-101931.832    63.741     1.71    3.58
-101555.775    63.663    -0.21    3.47
-101179.719    62.530    -3.01    4.16
-100803.664    61.353    -3.13    4.38
-100427.610    59.741    -4.29    4.00
-100051.558    58.242    -3.99    4.31
 -99675.507    54.930    -8.81   10.06
 -99299.457    53.175    -4.67   10.98
 -98923.409    53.151    -0.06   10.92
 -98547.361    54.345     3.18   11.36
 -98171.315    53.845    -1.33   11.60
 -97795.271    52.492    -3.60   12.98
 -97419.227    53.739     3.32   12.81
 -97043.185    55.552     4.82   12.10
 -96667.143    58.816     8.68   10.00
 -96291.104    62.637    10.16    4.79
 -95915.065    63.424     2.09    2.87
 -95539.027    62.688    -1.96    3.03
 -95162.991    61.560    -3.00    3.23
 -94786.956    60.868    -1.84    3.09
 -94410.922    58.769    -5.58    5.44
 -94034.890    55.254    -9.35   10.81
 -93658.858    49.227   -16.03   13.07
 -93282.828    45.254   -10.57   12.05
 -92906.799    46.135     2.34   12.27
 -92530.772    49.228     8.23   11.51
 -92154.745    54.464    13.92    6.21
 -91778.720    55.845     3.67    4.61
 -91402.696    56.186     0.91    4.02
 -91026.673    57.252     2.84    2.86
 -90650.651    56.688    -1.50    3.26
 -90274.631    56.372    -0.84    2.97
 -89898.611    56.688     0.84    3.01
 -89522.593    56.919     0.62    2.95
 -89146.576    56.714    -0.55    3.31
 -88770.561    53.793    -7.77    8.07
 -88394.546    52.314    -3.93    9.33
 -88018.533    49.857    -6.53   10.08
 -87642.521    48.984    -2.32   10.70
 -87266.510    50.795     4.82   11.31
 -86890.474    52.281     3.95   11.29
 -86514.227    58.363    16.16    6.44
 -86137.982    59.186     2.19    3.57
 -85761.737    59.289     0.27    3.15
 -85385.494    59.635     0.92    3.48
 -85009.252    58.903    -1.95    4.53
 -84633.011    56.252    -7.05    6.53
 -84256.772    54.214    -5.42    6.40
 -83880.533    52.509    -4.53    6.77
 -83504.296    48.065   -11.81    8.72
 -83128.060    47.791    -0.73    9.19
 -82751.825    49.992     5.85   10.49
 -82375.591    52.530     6.75   10.09
 -81999.359    57.240    12.52    5.45
 -81623.127    57.964     1.92    3.59
 -81246.897    57.739    -0.60    3.32
 -80870.668    56.795    -2.51    4.13
 -80494.440    56.242    -1.47    4.31
 -80118.213    57.498     3.34    4.48
 -79741.988    56.047    -3.86    4.80
 -79365.763    55.030    -2.70    4.70
 -78989.540    53.970    -2.82    3.51
 -78613.318    52.552    -3.77    3.36
 -78237.096    52.534    -0.05    3.72
 -77860.877    53.637     2.93    2.99
 -77484.658    54.304     1.77    2.49
 -77108.440    53.876    -1.14    2.69
 -76732.224    52.996    -2.34    3.53
 -76356.008    52.254    -1.97    5.82
 -75979.794    51.471    -2.08    5.62
 -75603.581    50.092    -3.66    6.52
 -75227.369    44.835   -13.97   10.08
 -74851.159    45.227     1.04    9.05
 -74474.949    47.534     6.13    8.83
 -74098.740    49.631     5.57    7.74
 -73722.533    52.822     8.48    3.10
 -73346.327    52.742    -0.21    3.52
 -72970.122    52.161    -1.54    3.10
 -72593.918    51.098    -2.82    3.59
 -72217.715    46.876   -11.22    8.37
 -71841.513    41.661   -13.86   11.30
 -71465.312    40.372    -3.43   11.47
 -71089.113    42.842     6.57   11.50
 -70712.914    48.308    14.53    9.76
 -70336.717    51.614     8.79    4.79
 -69960.521    52.793     3.13    3.49
 -69584.326    52.471    -0.86    3.97
 -69208.132    52.011    -1.22    3.52
 -68831.939    52.019     0.02    3.96
 -68455.747    52.534     1.37    3.85
 -68079.557    53.611     2.86    4.40
 -67703.367    53.186    -1.13    4.44
 -67327.179    53.161    -0.07    4.28
 -66950.991    53.552     1.04    3.77
 -66574.805    53.464    -0.23    3.72
 -66198.620    53.637     0.46    3.44
 -65822.436    54.200     1.50    3.28
 -65446.253    54.740     1.44    3.64
 -65070.071    55.609     2.31    3.68
 -64693.890    55.739     0.35    3.78
 -64317.710    56.957     3.24    3.97
 -63941.532    56.814    -0.38    4.63
 -63565.354    55.739    -2.86    5.61
 -63189.178    55.417    -0.86    6.34
 -62813.002    55.173    -0.65    7.24
 -62436.828    55.146    -0.07    7.85
 -62060.655    55.793     1.72    7.54
 -61684.483    55.893     0.27    7.37
 -61308.312    56.214     0.85    4.94
 -60932.142    54.278    -5.15    5.87
 -60555.973    51.345    -7.80    8.31
 -60179.805    47.825    -9.36    9.14
 -59803.638    47.868     0.11    8.78
 -59427.472    46.611    -3.34    9.26
 -59051.308    45.793    -2.18    9.24
 -58675.144    47.158     3.63   10.37
 -58298.981    47.765     1.61    9.39
 -57922.820    49.795     5.40    7.45
 -57546.659    49.124    -1.78    8.33
 -57170.500    48.175    -2.52    8.56
 -56794.342    49.285     2.95    7.83
 -56418.184    51.660     6.31    6.01
 -56042.028    52.281     1.65    4.31
 -55665.873    52.390     0.29    3.57
 -55289.719    52.319    -0.19    3.95
 -54913.566    52.742     1.12    3.37
 -54537.414    52.080    -1.76    4.14
 -54161.263    51.509    -1.52    4.81
 -53785.113    50.498    -2.69    5.20
 -53408.964    48.714    -4.74    5.74
 -53032.816    47.372    -3.57    7.60
 -52656.669    46.252    -2.98    8.63
 -52280.523    46.325     0.19    8.47
 -51904.378    48.252     5.12    7.59
 -51528.234    49.436     3.15    7.12
 -51152.092    51.996     6.81    5.38
 -50775.950    53.945     5.18    3.60
 -50399.809    55.308     3.62    3.42
 -50023.670    54.525    -2.08    4.01
 -49647.531    53.714    -2.16    4.00
 -49271.393    52.795    -2.44    3.29
 -48895.257    52.556    -0.64    2.57
 -48519.121    50.957    -4.25    5.29
 -48142.986    49.945    -2.69    5.69
 -47766.853    49.227    -1.91    5.95
 -47390.720    50.109     2.34    5.70
 -47014.589    52.417     6.14    5.36
 -46638.458    52.842     1.13    4.55
 -46262.329    53.201     0.95    3.72
 -45886.200    52.471    -1.94    3.77
 -45510.072    51.611    -2.28    3.44
 -45133.946    49.876    -4.61    3.94
 -44757.820    49.038    -2.23    4.16
 -44381.696    48.098    -2.50    4.00
 -44005.572    48.183     0.22    4.03
 -43629.450    47.945    -0.63    5.04
 -43253.328    48.098     0.41    4.53
 -42877.208    45.964    -5.68    6.08
 -42501.088    43.791    -5.78    6.88
 -42124.969    44.579     2.09    7.41
 -41748.852    44.150    -1.14    7.11
 -41372.735    45.740     4.23    6.10
 -40996.619    45.390    -0.93    5.59
 -40620.505    45.876     1.29    5.91
 -40244.391    48.047     5.77    5.39
 -39868.278    49.637     4.23    4.14
 -39492.167    49.964     0.87    4.00
 -39116.056    50.398     1.15    4.11
 -38739.946    51.135     1.96    2.50
 -38363.837    49.200    -5.14    3.69
 -37987.729    47.471    -4.60    5.13
 -37611.622    46.865    -1.61    5.01
 -37235.516    47.098     0.62    5.86
 -36859.411    48.252     3.07    5.76
 -36483.307    49.936     4.48    3.88
 -36107.204    50.381     1.18    2.95
 -35731.102    49.631    -1.99    3.95
 -35355.001    46.951    -7.13    6.41
 -34978.901    46.003    -2.52    6.33
 -34602.802    46.586     1.55    5.99
 -34226.703    46.876     0.77    5.52
 -33850.606    48.214     3.56    4.40
 -33474.510    47.839    -1.00    3.79
 -33098.414    45.957    -5.00    4.95
 -32722.320    44.240    -4.57    5.02
 -32346.226    40.984    -8.66    6.50
 -31970.134    40.363    -1.65    7.85
 -31594.042    42.011     4.38    9.24
 -31217.951    45.057     8.10    9.16
 -30841.861    49.175    10.95    5.35
 -30465.773    50.564     3.69    2.85
 -30089.685    49.658    -2.41    3.54
 -29713.598    45.714   -10.49    7.30
 -29337.512    43.030    -7.14    7.48
 -28961.426    42.791    -0.64    7.18
 -28585.342    43.124     0.89    6.79
 -28209.259    45.201     5.52    4.93
 -27833.177    45.853     1.73    4.11
 -27457.095    47.530     4.46    3.62
 -27081.015    47.355    -0.46    3.52
 -26704.935    44.114    -8.62    7.69
 -26328.856    41.483    -7.00    8.17
 -25952.779    40.424    -2.82    7.75
 -25576.702    40.633     0.55    8.33
 -25200.626    44.822    11.14    6.05
 -24824.551    47.498     7.11    4.82
 -24448.477    48.252     2.01    4.04
 -24072.403    49.509     3.34    4.12
 -23696.331    50.957     3.85    3.85
 -23320.260    51.227     0.72    3.80
 -22944.189    50.135    -2.90    4.82
 -22568.119    49.424    -1.89    5.11
 -22192.051    48.606    -2.18    4.43
 -21815.983    48.339    -0.71    4.58
 -21439.916    48.082    -0.68    4.56
 -21063.850    46.633    -3.85    5.67
 -20687.785    46.498    -0.36    6.28
 -20311.720    45.186    -3.49    6.98
 -19935.657    44.098    -2.89    6.72
 -19559.595    43.252    -2.25    6.91
 -19183.533    44.000     1.99    7.01
 -18807.472    46.579     6.86    5.91
 -18431.412    48.525     5.17    4.46
 -18055.353    48.606     0.22    2.67
 -17679.295    48.239    -0.98    3.00
 -17303.238    45.930    -6.14    5.43
 -16927.182    40.609   -14.15    9.59
 -16551.126    36.030   -12.18   10.72
 -16175.072    32.381    -9.70   10.21
 -15799.018    29.714    -7.09    9.36
 -15422.965    26.464    -8.64   10.10
 -15046.913    22.582   -10.32    9.82
 -14670.862    21.547    -2.75    9.54
 -14294.812    24.038     6.62   10.90
 -13918.762    30.158    16.27   10.94
 -13542.714    34.663    11.98    6.98
 -13166.666    39.175    12.00    5.15
 -12790.619    41.457     6.07    4.45
 -12414.573    41.872     1.10    4.21
 -12038.528    42.471     1.59    2.68
 -11662.405    39.742    -7.26    5.67
 -11286.186    33.457   -16.70    9.77
 -10909.967    27.266   -16.46   10.75
 -10533.750    20.175   -18.85    9.54
 -10157.533    14.898   -14.03    6.07
  -9781.318    13.839    -2.82    7.36
  -9405.103    11.579    -6.01    7.18
  -9028.889     9.764    -4.82    7.26
  -8652.675     7.586    -5.79    6.38
  -8276.463     9.269     4.48    7.44
  -7900.251    12.444     8.44    8.29
  -7524.040    16.308    10.27    8.61
  -7147.831    20.444    10.99    8.04
  -6771.621    18.688    -4.67    9.44
  -6395.413    17.075    -4.29    9.55
  -6019.206    14.560    -6.69    9.36
  -5642.999    10.451   -10.92    9.12
  -5266.793     9.075    -3.66    6.72
  -4890.588     7.047    -5.39    5.78
  -4514.384     5.661    -3.68    3.69
  -4138.181     4.556    -2.94    3.43
  -3761.978     3.661    -2.38    3.06
  -3385.776     6.227     6.82    6.30
  -3009.576    10.795    12.14    7.91
  -2633.375    13.124     6.19    8.20
  -2257.176    11.639    -3.95    9.77
  -1880.978     5.771   -15.60    9.99
  -1504.780     0.876   -13.01    6.38
  -1128.583     0.687    -0.50    4.95
   -752.387     2.498     4.81    6.75
   -376.192     3.254     2.01    7.07
      0.003     3.571     0.84    7.34
    376.196     0.314    -8.66    4.53
    752.389    -0.891    -3.20    2.13
   1128.581     3.173    10.80    8.30
   1504.773     7.970    12.75    9.25
   1880.963     9.556     4.22    8.05
   2257.153     9.252    -0.81    7.26
   2633.342     5.254   -10.63    4.23
   3009.530     3.406    -4.91    1.51
   3385.717     3.242    -0.44    1.23
   3761.904     3.098    -0.38    1.18
   4138.090     3.022    -0.20    1.26
   4514.275     2.933    -0.24    1.04
   4890.459     2.868    -0.17    0.87
   5266.642     2.822    -0.12    0.99
   5642.825     2.658    -0.44    0.95
   6019.007     2.579    -0.21    0.98
   6395.188     2.464    -0.31    0.94
   6771.369     2.609     0.38    0.86
   7147.548     2.791     0.48    1.01
   7523.727     3.011     0.59    1.00
   7899.905     3.047     0.10    0.98
   8276.082     3.073     0.07    1.37
   8652.259     4.124     2.79    3.04
   9028.435     6.741     6.96    5.64
   9404.610    10.355     9.61    6.98
   9780.784    12.822     6.56    6.97
  10156.958    14.092     3.38    7.00
  10533.130    16.254     5.75    6.90
  10909.303    16.651     1.06    7.11
  11285.474    16.304    -0.92    7.29
  11661.644    16.188    -0.31    7.35
  12037.814    16.158    -0.08    7.48
  12413.983    16.582     1.13    7.20
  12790.152    14.158    -6.44    7.26
  13166.319    12.030    -5.66    6.42
  13542.486    10.663    -3.63    5.09
  13918.652    12.281     4.30    4.87
  14294.817    13.266     2.62    4.50
  14670.982    13.329     0.17    5.06
  15047.146     8.868   -11.86    8.07
  15423.309     3.795   -13.49    6.92
  15799.472     0.739    -8.12    4.45
  16175.633    -1.286    -5.39    0.00
  16551.794    -1.286     0.00    0.00
  16927.955    -1.286     0.00    0.00
  17304.114    -1.286     0.00    0.00
  17680.273    -1.286     0.00    0.00
  18056.431    -1.286     0.00    0.00
  18432.588    -1.286     0.00    0.00
  18808.745     0.098     3.68    4.30
  19184.901     4.436    11.53    8.46
  19561.056    10.038    14.89    9.47
  19937.211    13.868    10.18    6.88
  20313.365    12.930    -2.49    6.77
  20689.518     8.819   -10.93    6.04
  21065.670     5.766    -8.12    2.90
  21441.822     6.089     0.86    2.55
  21817.973     8.254     5.76    3.03
  22194.123     9.839     4.21    2.73
  22570.273    10.457     1.64    2.47
  22946.422    10.075    -1.02    1.91
  23322.570    10.173     0.26    2.09
  23698.718    10.876     1.87    2.75
  24074.865    11.872     2.65    3.02
  24451.011    13.589     4.56    3.47
  24827.156    14.525     2.49    3.44
  25203.301    14.364    -0.43    3.32
  25579.445    14.898     1.42    3.11
  25955.589    15.214     0.84    2.93
  26331.731    16.188     2.59    3.18
  26707.873    16.919     1.94    2.58
  27084.015    17.266     0.92    2.16
  27460.155    17.047    -0.58    1.85
  27836.296    16.611    -1.16    1.68
  28212.435    16.269    -0.91    1.75
  28588.574    15.264    -2.67    2.22
  28964.712    13.970    -3.44    2.37
  29340.849    12.600    -3.64    1.76
  29716.986    11.795    -2.14    1.66
  30093.122    11.714    -0.22    1.67
  30469.257    12.030     0.84    1.25
  30845.392    12.560     1.41    1.48
  31221.526    12.795     0.62    1.44
  31597.659    13.139     0.91    1.50
  31973.792    13.663     1.39    1.75
  32349.924    13.898     0.63    1.69
  32726.055    14.173     0.73    1.66
  33102.186    14.175     0.01    1.77
  33478.316    13.739    -1.16    2.37
  33854.446    13.269    -1.25    2.66
  34230.575    12.970    -0.80    3.68
  34606.703    12.992     0.06    4.10
  34982.830    11.793    -3.19    5.41
  35358.957     9.252    -6.75    6.09
  35735.084     6.308    -7.83    5.46
  36111.209     3.984    -6.18    3.69
  36487.334     2.740    -3.31    1.98
  36863.459     2.173    -1.51    0.93
  37239.582     2.406     0.62    1.03
  37615.705     2.444     0.10    0.99
  37991.828     2.509     0.17    1.00
  38367.950     3.714     3.20    2.75
  38744.071     6.432     7.23    6.16
  39120.192    10.498    10.81    7.27
  39496.311    12.560     5.48    8.21
  39872.431    13.240     1.81    9.21
  40248.550    12.075    -3.10   10.02
  40624.668    10.903    -3.12   10.21
  41000.785    10.714    -0.50    9.59
  41376.902     9.525    -3.16    9.39
  41753.018     9.586     0.16    9.00
  42129.134     8.776    -2.15    9.27
  42505.249     7.714    -2.82    8.78
  42881.364     6.945    -2.05    8.67
  43257.477     5.742    -3.20    7.74
  43633.591     7.919     5.79    8.97
  44009.703     8.903     2.62    9.14
  44385.815     9.509     1.61    9.19
  44761.927     9.372    -0.36    9.22
  45138.038    10.135     2.03    9.05
  45514.148     8.930    -3.20    8.43
  45890.257     9.329     1.06    7.34
  46266.367    11.919     6.89    6.98
  46642.475    15.285     8.95    5.84
  47018.583    22.957    20.40   12.97
  47394.690    36.065    34.85   17.81
  47770.797    45.417    24.86   15.59
  48146.903    50.903    14.59    9.95
  48523.009    45.214   -15.13   14.76
  48899.114    31.139   -37.42   21.28
  49275.218    17.355   -36.65   16.15
  49651.322     8.417   -23.77    7.59
  50027.425     5.227    -8.48    4.03
  50403.528     4.056    -3.11    3.33
  50779.630     2.503    -4.13    1.73
  51155.731     2.161    -0.91    1.16
  51531.832     2.560     1.06    1.51
  51907.933     3.158     1.59    2.63
  52284.032     4.635     3.93    3.72
  52660.132     6.586     5.19    4.89
  53036.230     9.131     6.77    6.69
  53412.329    10.214     2.88    6.60
  53788.426    11.444     3.27    6.68
  54164.523    11.633     0.50    6.66
  54540.620    12.822     3.16    6.29
  54916.716    14.214     3.70    8.11
  55292.811    20.022    15.44   13.47
  55668.906    29.314    24.71   16.01
  56045.000    38.903    25.50   18.71
  56421.094    49.764    28.88   18.96
  56797.187    62.582    34.08   18.77
  57173.280    69.970    19.64   15.05
  57549.372    75.214    13.94   11.92
  57925.463    75.329     0.31   13.31
  58301.554    75.408     0.21   13.81
  58677.645    77.957     6.78    7.60
  59053.735    75.951    -5.33    9.64
  59429.824    68.571   -19.62   15.22
  59805.913    63.688   -12.98   15.95
  60182.001    59.765   -10.43   17.93
  60558.089    60.408     1.71   19.91
  60934.176    68.552    21.65   15.83
  61310.263    73.381    12.84    9.49
  61686.349    70.556    -7.51   10.44
  62062.435    65.914   -12.34   10.98
  62438.520    60.444   -14.55    9.78
  62814.605    55.509   -13.12    9.52
  63190.689    52.530    -7.92    9.35
  63566.856    50.214    -6.16    7.93
  63943.046    50.930     1.90    8.01
  64319.235    52.139     3.21    8.15
  64695.423    51.240    -2.39    8.60
  65071.611    49.471    -4.70    8.45
  65447.799    48.768    -1.87    8.62
  65823.986    50.000     3.27    9.99
  66200.172    53.432     9.12    9.61
  66576.358    56.355     7.77    9.86
  66952.544    55.631    -1.93   10.30
  67328.729    51.200   -11.78   11.41
  67704.913    44.390   -18.10   13.11
  68081.097    36.146   -21.91   11.77
  68457.281    34.364    -4.74   11.30
  68833.464    34.335    -0.08   11.59
  69209.646    34.714     1.01   11.05
  69585.828    38.214     9.30   10.66
  69962.010    39.381     3.10   11.23
  70338.191    39.363    -0.05   10.67
  70714.372    38.139    -3.25   10.92
  71090.552    33.098   -13.40    9.30
  71466.731    30.964    -5.67    7.70
  71842.910    32.363     3.72    8.33
  72219.089    36.876    12.00    8.67
  72595.267    40.372     9.29    9.15
  72971.445    41.637     3.36   10.24
  73347.622    43.314     4.46   10.86
  73723.799    41.842    -3.91   13.39
  74099.975    36.898   -13.14   11.28
  74476.151    35.242    -4.40   12.02
  74852.326    30.970   -11.35   14.17
  75228.501    24.398   -17.47   13.81
  75604.676    17.372   -18.68   11.13
  75980.850    13.903    -9.22    8.56
  76357.023    16.201     6.11   10.30
  76733.196    22.660    17.17   11.36
  77109.369    29.816    19.02   10.98
  77485.541    37.355    20.04   12.72
  77861.713    46.825    25.17   14.57
  78237.884    54.417    20.18   12.89
  78614.055    61.390    18.54    8.19
  78990.225    63.930     6.75    9.67
  79366.395    67.609     9.78   15.77
  79742.565    69.658     5.45   17.86
  80118.734    74.764    13.57   19.47
  80494.902    77.188     6.44   16.46
  80871.071    75.254    -5.14   14.69
  81247.238    70.611   -12.34   11.57
  81623.406    70.477    -0.36   13.90
  81999.572    67.661    -7.49   15.17
  82375.739    67.687     0.07   18.17
  82751.905    61.586   -16.22   16.54
  83128.071    55.714   -15.61   13.23
  83504.236    56.919     3.20   11.71
  83880.400    64.150    19.22   16.67
  84256.565    69.839    15.12   15.39
  84632.729    75.606    15.33   14.55
  85008.892    76.119     1.37   13.64
  85385.055    73.552    -6.83   14.73
  85761.218    70.011    -9.41   15.31
  86137.380    64.408   -14.89   12.57
  86513.542    61.898    -6.67   11.51
  86889.703    65.329     9.12   11.44
  87265.864    71.766    17.11   12.03
  87642.025    74.951     8.47   13.59
  88018.185    77.150     5.85   14.53
  88394.345    78.586     3.82   13.88
  88770.504    77.579    -2.68   12.09
  89146.663    78.457     2.34   10.48
  89522.822    80.269     4.82   10.61
  89898.980    84.424    11.05   15.34
  90275.138    88.319    10.35   16.08
  90651.295    88.558     0.63   15.01
  91027.452    86.739    -4.83   15.42
  91403.609    81.135   -14.90   15.72
  91779.765    81.408     0.73   16.80
  92155.921    86.483    13.49   21.84
  92532.076    91.519    13.39   21.50
  92908.231    91.329    -0.51   19.28
  93284.386    89.135    -5.83   16.67
  93660.540    84.714   -11.75   15.22
  94036.694    84.047    -1.77   15.32
  94412.848    85.329     3.41   15.68
  94789.001    83.970    -3.61   13.99
  95165.154    80.658    -8.80   12.26
  95541.306    74.635   -16.01   12.40
  95917.458    68.741   -15.67   11.25
  96293.610    67.011    -4.60    9.83
  96669.761    67.254     0.65    9.46
  97045.912    70.896     9.68   10.54
  97422.063    75.278    11.65   10.18
  97798.213    78.406     8.32   11.82
  98174.363    81.603     8.50   13.01
  98550.512    87.919    16.79   12.27
  98926.661    95.353    19.76   11.48
  99302.810   101.477    16.28   12.34
  99678.959   103.868     6.36   11.53
 100055.107   103.876     0.02   12.41
 100431.254   102.714    -3.09   11.95
 100807.402   101.945    -2.05   12.03
 101183.549   103.589     4.37   10.66
 101559.696   104.444     2.27   11.18
 101935.842   106.022     4.20   11.39
 102311.988   107.876     4.93   11.28
 102688.134   112.471    12.21   12.42
 103064.279   117.281    12.79   12.30
 103440.424   119.158     4.99   12.48
 103816.569   120.740     4.21   11.68
 104192.713   121.189     1.19   10.56
 104568.857   122.381     3.17   10.09
 104945.001   126.439    10.79   10.87
 105321.144   130.363    10.43   10.94
 105697.287   129.795    -1.51   12.79
 106073.430   130.135     0.90   17.12
 106449.572   128.451    -4.48   19.86
 106825.714   123.075   -14.29   18.96
 107201.856   117.603   -14.55   17.75
 107577.997   109.765   -20.84   15.05
 107954.138   101.853   -21.04   12.64
 108330.279    95.791   -16.12   12.35
 108706.420    88.766   -18.67   11.98
 109082.560    82.936   -15.50   13.09
 109458.700    77.254   -15.11   11.76
 109834.839    71.492   -15.32    8.04
 110210.978    68.252    -8.61    6.23
 110587.117    67.714    -1.43    6.83
 110963.256    66.579    -3.02    6.29
 111339.394    63.945    -7.00    7.58
 111715.532    60.688    -8.66    8.13
 112091.670    62.398     4.55    8.51
 112467.807    66.768    11.62   12.06
 112843.945    73.227    17.17   13.82
 113220.081    76.661     9.13   11.45
 113596.218    77.492     2.21   11.18
 113972.354    71.451   -16.06   11.76
 114348.490    67.131   -11.49    9.48
 114724.626    68.073     2.51    9.36
 115100.761    73.509    14.45   12.58
 115476.896    82.567    24.08   13.41
 115853.031    88.227    15.05   12.65
 116229.166    89.335     2.95   11.55
 116605.300    89.227    -0.29   11.36
 116981.434    87.432    -4.77    8.92
 117357.568    85.525    -5.07   10.97
 117733.701    76.893   -22.95   16.03
 118109.834    68.047   -23.52   14.08
 118485.967    60.996   -18.75   10.56
 118862.100    58.254    -7.29   10.30
 119238.232    57.582    -1.79   11.12
 119614.364    54.345    -8.61   10.08
 119990.496    54.742     1.05   10.66
 120366.628    54.200    -1.44   10.80
 120742.759    59.881    15.10   16.45
 121118.890    62.714     7.53   21.05
 121495.021    68.098    14.32   22.06
 121871.152    75.683    20.16   22.87
 122247.282    75.714     0.08   22.18
 122623.412    76.582     2.31   22.69
 122999.542    72.408   -11.10   25.39
 123375.671    64.304   -21.55   22.35
 123751.801    54.822   -25.21   14.47
 124127.930    51.175    -9.69   10.83
 124504.059    56.150    13.23   15.33
 124880.187    61.898    15.28   18.04
 125256.316    76.363    38.46   17.93
 125632.444    88.611    32.57   15.75
 126008.572   101.150    33.34   17.90
 126384.699   114.436    35.32   15.72
 126760.827   123.308    23.59   16.43
 127136.954   127.633    11.50   16.13
 127513.081   134.498    18.25   21.52
 127889.208   144.714    27.16   24.35
 128265.334   152.171    19.83   21.20
 128641.460   153.089     2.44   17.87
 129017.586   145.056   -21.36   18.17
 129393.712   142.381    -7.11   19.13
 129769.838   145.611     8.59   24.49
 130145.963   149.951    11.54   24.41
 130522.088   155.109    13.71   21.24
 130898.213   160.345    13.92   20.37
 131274.338   160.868     1.39   19.72
 131650.463   164.065     8.50   20.90
 132026.587   170.503    17.12   21.69
 132402.711   176.239    15.25   22.32
 132778.835   184.428    21.77   22.66
 133154.959   189.903    14.56   22.65
 133531.082   197.687    20.69   18.63
 133907.206   203.335    15.02   20.27
 134283.329   211.957    22.92   22.07
 134659.452   227.825    42.19   18.63
 135035.574   239.227    30.31   20.94
 135411.697   251.845    33.55   19.30
 135787.819   259.390    20.06   17.34
 136163.941   265.919    17.36   12.20
 136540.063   269.319     9.04    8.93
 136916.185   267.688    -4.34   11.12
 137292.307   267.363    -0.87   11.73
 137668.428   268.047     1.82   11.58
 138044.549   270.964     7.75    8.16
 138420.675   273.740     7.38   10.14
 138796.830   279.003    13.99   13.21
 139172.986   285.745    17.92   14.13
 139549.142   289.842    10.89   12.22
 139925.297   286.363    -9.25   15.39
 140301.452   276.353   -26.61   18.25
 140677.607   267.281   -24.12   13.61
 141053.762   266.714    -1.51   11.66
 141429.917   270.424     9.86   16.48
 141806.071   274.611    11.13   21.22
 142182.226   281.227    17.59   27.72
 142558.380   284.534     8.79   35.10
 142934.534   284.175    -0.95   41.14
 143310.688   283.842    -0.89   40.65
 143686.841   273.038   -28.72   41.23
 144062.995   262.483   -28.06   35.70
 144439.148   245.957   -43.93   28.86
 144815.302   231.417   -38.66   21.48
 145191.455   226.200   -13.87   16.28
 145567.608   218.314   -20.97   18.61
 145943.760   214.893    -9.09   20.79
 146319.913   217.611     7.23   23.71
 146696.066   223.964    16.89   29.70
 147072.218   242.766    49.99   30.71
 147448.370   259.658    44.91   29.63
 147824.522   283.451    63.25   41.42
 148200.674   307.073    62.80   36.59
 148576.826   321.525    38.42   24.02
 148952.978   319.766    -4.67   25.21
 149329.129   300.951   -50.02   30.23
 149705.281   272.714   -75.07   33.03
 150081.432   259.633   -34.78   25.77
 150457.583   256.483    -8.37   20.48
 150833.734   261.791    14.11   19.39
 151209.885   273.281    30.55   14.83
 151586.036   277.417    10.99   12.17
 151962.187   279.768     6.25   12.43
 152338.337   283.977    11.19   13.87
 152714.488   289.329    14.23   14.26
 153090.638   297.257    21.08   14.66
 153466.788   291.842   -14.39   23.22
 153842.938   270.687   -56.24   41.71
 154219.088   240.019   -81.53   52.99
 154595.238   207.266   -87.07   42.85
 154971.388   190.477   -44.64   29.81
 155347.538   180.278   -27.11   17.03
 155723.687   177.135    -8.36   21.62
 156099.837   177.432     0.79   22.40
 156475.986   176.769    -1.76   19.39
 156852.135   182.239    14.54   22.67
 157228.285   196.791    38.69   31.15
 157604.434   201.800    13.32   34.66
 157980.583   210.741    23.77   33.66
 158356.732   216.768    16.02   29.00
 158732.880   213.146    -9.63   39.14
 159109.029   209.688    -9.20   40.27
 159485.178   204.768   -13.08   36.89
 159861.326   194.989   -26.00   28.64
 160237.475   189.098   -15.66   25.81
 160613.623   183.768   -14.17   15.41
 160989.772   177.398   -16.93   12.30
 161365.920   179.124     4.59   13.13
 161742.068   177.819    -3.47   14.20
 162118.216   175.103    -7.22   14.32
 162494.364   167.945   -19.03   14.36
 162870.512   163.964   -10.58   11.53
 163246.660   163.739    -0.60   12.10
 163622.808   164.124     1.02   13.53
 163998.955   163.901    -0.59   14.60
 164375.103   165.768     4.96   16.33
 164751.251   175.390    25.58   22.62
 165127.398   179.363    10.56   22.15
 165503.546   188.372    23.95   19.53
 165879.693   190.103     4.60   19.14
 166255.840   186.150   -10.51   16.32
 166631.988   187.252     2.93   17.90
 167008.135   187.214    -0.10   17.54
 167384.282   187.363     0.40   18.45
 167760.429   186.582    -2.07   16.89
 168136.576   184.509    -5.51   15.92
 168512.724   178.936   -14.82   13.64
 168888.871   177.816    -2.98   12.65
 169265.018   171.881   -15.78   15.51
 169641.164   171.688    -0.51   15.67
 170017.311   169.996    -4.50   14.93
 170393.458   171.589     4.23   18.25
 170769.605   181.483    26.30   24.20
 171145.752   184.417     7.80   26.41
 171521.899   189.714    14.08   29.37
 171898.045   192.765     8.11   31.31
 172274.192   195.579     7.48   26.80
 172650.339   202.611    18.70   25.59
 173026.485   202.534    -0.20   24.10
 173402.632   201.188    -3.58   21.61
 173778.778   196.451   -12.59   24.08
 174154.925   191.560   -13.00   24.00
 174531.072   189.355    -5.86   19.77
 174907.218   192.687     8.86   19.47
 175283.365   197.135    11.83   15.35
 175659.511   194.903    -5.93   13.17
 176035.658   194.335    -1.51   15.68
 176411.804   196.957     6.97   18.23
 176787.951   194.370    -6.88   18.98
 177164.097   197.355     7.94   18.57
 177540.244   199.663     6.14   16.72
 177916.390   203.853    11.14   20.38
 178292.536   209.996    16.33   21.80
 178668.683   211.547     4.12   21.21
 179044.829   215.793    11.29   21.44
 179420.976   220.173    11.65   24.08
 179797.122   225.645    14.55   26.76
