-342638.465   107.410     0.00    8.08
-342262.712   107.075    -0.89    7.83
-341886.963   108.023     2.52    7.99
-341511.218   111.085     8.15    6.19
-341135.476   112.648     4.16    5.87
-340759.737   114.459     4.82    6.39
-340384.002   114.180    -0.74    6.11
-340007.901   115.353     3.12    4.87
-339631.465   115.547     0.52    4.40
-339255.033   114.812    -1.95    4.62
-338878.605   113.917    -2.38    4.18
-338502.180   114.432     1.37    3.90
-338125.759   113.147    -3.41    4.89
-337749.341   112.810    -0.90    4.66
-337372.927   110.712    -5.58    4.87
-336996.516   108.019    -7.15    5.80
-336620.109   106.327    -4.50    6.12
-336243.705   103.338    -7.94    7.02
-335867.305   101.353    -5.28    6.61
-335490.908   100.045    -3.47    6.76
-335114.515    96.113   -10.45    8.88
-334738.126    92.583    -9.38    9.04
-334361.740    91.594    -2.63    8.55
-333985.357    94.972     8.98    9.83
-333608.979    99.763    12.73    9.07
-333232.603   102.985     8.56    7.68
-332856.231   103.173     0.50    7.12
-332479.863   106.763     9.54    7.35
-332103.498   108.432     4.43    7.11
-331727.137   110.814     6.33    6.29
-331350.779   112.350     4.08    5.42
-330974.425   111.994    -0.95    5.34
-330598.074   111.199    -2.11    5.32
-330221.727   108.648    -6.78    7.51
-329845.383   105.286    -8.93    8.62
-329469.043   101.301   -10.59    8.04
-329092.706    98.609    -7.15    6.72
-328716.372    96.486    -5.64    5.28
-328340.043    94.763    -4.58    3.20
-327963.716    94.513    -0.66    3.51
-327587.394    94.180    -0.88    3.27
-327211.074    93.917    -0.70    3.44
-326834.759    93.204    -1.90    4.37
-326458.446    90.686    -6.69    4.33
-326082.137    89.917    -2.04    4.22
-325705.832    91.002     2.88    5.29
-325329.530    92.532     4.07    5.52
-324953.232    95.085     6.79    3.74
-324576.937    95.840     2.00    2.57
-324200.646    95.312    -1.40    2.45
-323824.358    94.188    -2.99    2.41
-323448.073    94.045    -0.38    2.64
-323071.792    92.865    -3.13    3.22
-322695.515    91.378    -3.95    3.32
-322319.241    90.141    -3.29    3.21
-321942.970    89.276    -2.30    3.02
-321566.703    88.648    -1.67    3.14
-321190.440    88.838     0.51    3.47
-320814.179    88.756    -0.22    3.52
-320437.923    89.649     2.37    2.78
-320061.670    89.250    -1.06    2.61
-319685.420    88.233    -2.70    3.26
-319309.173    87.752    -1.28    3.59
-318932.931    87.712    -0.11    3.57
-318556.691    87.363    -0.93    3.52
-318180.455    88.276     2.43    2.99
-317804.223    88.763     1.29    2.04
-317427.994    88.729    -0.09    2.10
-317051.768    88.455    -0.73    2.73
-316675.546    88.096    -0.95    2.76
-316299.327    87.666    -1.14    2.69
-315923.112    86.296    -3.64    3.32
-315546.900    85.116    -3.14    3.53
-315170.692    84.026    -2.90    3.47
-314794.487    82.945    -2.87    3.46
-314418.285    82.972     0.07    3.36
-314042.087    82.891    -0.22    3.12
-313665.892    81.378    -4.02    3.82
-313289.701    77.788    -9.54    5.97
-312913.513    74.697    -8.22    6.00
-312537.329    72.122    -6.84    5.76
-312161.148    72.752     1.68    6.24
-311784.970    74.628     4.99    5.36
-311408.796    76.814     5.81    4.62
-311032.625    77.864     2.79    2.47
-310656.458    78.023     0.42    2.09
-310280.294    78.378     0.95    2.40
-309904.134    78.071    -0.82    2.39
-309527.976    77.729    -0.91    2.35
-309151.823    77.541    -0.50    2.24
-308775.673    77.812     0.72    2.44
-308399.526    77.945     0.35    2.45
-308023.382    78.648     1.87    2.72
-307647.242    79.377     1.94    2.72
-307271.105    79.635     0.69    2.46
-306894.972    79.224    -1.09    3.04
-306518.842    79.530     0.81    3.10
-306142.716    79.812     0.75    3.11
-305766.593    80.058     0.65    2.94
-305390.473    80.286     0.61    3.11
-305014.357    80.917     1.68    2.83
-304638.244    80.783    -0.36    2.74
-304262.134    80.180    -1.60    2.68
-303886.028    80.523     0.91    2.54
-303509.925    80.091    -1.15    2.86
-303133.826    79.134    -2.54    2.96
-302757.730    79.166     0.08    2.78
-302381.637    79.019    -0.39    2.72
-302005.548    78.729    -0.77    2.87
-301629.462    79.107     1.01    3.14
-301253.380    78.702    -1.08    3.34
-300877.301    77.737    -2.57    3.74
-300501.225    75.429    -6.14    4.44
-300125.152    74.530    -2.39    4.30
-299749.083    75.470     2.50    4.84
-299373.018    76.391     2.45    4.29
-298996.955    77.233     2.24    3.79
-298620.896    76.378    -2.27    3.88
-298244.841    74.783    -4.24    3.44
-297868.789    73.259    -4.05    2.21
-297492.740    73.023    -0.63    1.70
-297116.694    73.216     0.51    1.62
-296740.652    72.756    -1.22    1.90
-296364.613    72.616    -0.37    2.01
-295988.577    72.686     0.19    1.79
-295612.545    72.513    -0.46    1.95
-295236.517    72.026    -1.29    2.43
-294860.491    71.486    -1.44    2.58
-294484.469    69.071    -6.42    7.13
-294108.450    68.276    -2.11    6.09
-293732.435    67.391    -2.35    5.20
-293356.422    65.733    -4.41    3.46
-292980.414    63.837    -5.04    3.06
-292604.408    61.233    -6.93    3.97
-292228.406    59.019    -5.89    4.27
-291852.407    56.729    -6.09    3.69
-291476.412    55.707    -2.72    3.07
-291100.420    56.365     1.75    3.21
-290724.431    57.066     1.87    4.33
-290348.445    58.269     3.20    4.26
-289972.463    60.266     5.31    4.56
-289596.484    60.147    -0.32    6.50
-289220.508    59.405    -1.98    8.19
-288844.536    59.350    -0.14    8.64
-288468.567    59.621     0.72    8.21
-288092.601    59.686     0.17    7.47
-287716.639    60.276     1.57    4.73
-287340.680    60.669     1.05    3.41
-286964.724    59.416    -3.33    4.18
-286588.772    56.675    -7.29    5.61
-286212.823    55.363    -3.49    5.84
-285836.877    54.583    -2.07    5.41
-285460.934    54.944     0.96    5.24
-285084.995    54.917    -0.07    5.32
-284709.059    54.786    -0.35    6.14
-284333.126    55.241     1.21    6.58
-283957.197    55.675     1.15    6.47
-283581.271    57.366     4.50    5.63
-283205.348    59.763     6.38    2.27
-282829.429    59.891     0.34    2.45
-282453.512    62.405     6.69    5.88
-282077.599    67.783    14.31    9.79
-281701.690    73.122    14.20   10.97
-281325.783    77.994    12.96    8.49
-280949.880    79.697     4.53    6.62
-280573.980    80.841     3.04    6.68
-280198.084    84.075     8.60    9.09
-279822.190    90.363    16.73   10.90
-279446.300    94.763    11.71   10.77
-279070.414    97.338     6.85    9.11
-278694.530    97.602     0.70    8.90
-278318.650    96.523    -2.87    7.89
-277942.773    98.591     5.50    8.92
-277566.899   101.459     7.63    8.95
-277191.029   105.316    10.26    8.45
-276815.161   107.660     6.24    7.67
-276439.297   106.752    -2.42    8.13
-276063.437   104.756    -5.31    8.59
-275687.579   103.134    -4.31    7.83
-275311.725   100.812    -6.18    7.41
-274935.874   101.866     2.80    8.40
-274560.026   104.363     6.64    8.61
-274184.182   105.491     3.00    7.69
-273808.340   105.621     0.35    7.16
-273432.502   102.323    -8.77    9.06
-273056.668    96.733   -14.88    9.82
-272680.836    95.154    -4.20    9.09
-272305.008    96.312     3.08   10.15
-271929.183    97.970     4.41   10.11
-271553.361   102.441    11.90   11.00
-271177.542   106.810    11.63    8.22
-270801.727   106.391    -1.11    7.43
-270425.915   107.660     3.38    6.67
-270050.106   108.474     2.17    6.97
-269674.300   112.702    11.25    7.56
-269298.498   117.224    12.04    7.59
-268922.698   118.506     3.41    7.08
-268546.902   119.341     2.22    5.94
-268171.109   119.405     0.17    5.09
-267795.320   118.516    -2.36    5.07
-267419.533   117.786    -1.94    5.12
-267043.750   116.549    -3.29    5.53
-266667.970   118.049     3.99    6.18
-266292.193   117.786    -0.70    6.62
-265916.420   117.391    -1.05    7.06
-265540.649   115.810    -4.21    6.80
-265164.882   111.966   -10.23    8.14
-264788.539   105.810   -16.36   10.18
-264412.131   103.266    -6.76    9.43
-264035.726   104.996     4.60   10.45
-263659.325   108.808    10.13   11.81
-263282.926   114.242    14.44   10.00
-262906.531   119.308    13.46    6.01
-262530.139   120.763     3.87    5.81
-262153.751   121.091     0.87    6.14
-261777.365   121.621     1.41    6.25
-261400.983   122.291     1.78    5.49
-261024.604   123.071     2.07    6.28
-260648.228   122.444    -1.67    6.95
-260271.855   122.470     0.07    7.12
-259895.485   122.994     1.39    6.32
-259519.119   123.049     0.15    6.28
-259142.756   123.474     1.13    5.63
-258766.396   125.301     4.85    5.85
-258390.039   127.215     5.09    5.52
-258013.685   127.666     1.20    4.28
-257637.335   127.686     0.05    4.03
-257260.987   126.691    -2.64    4.81
-256884.643   123.053    -9.67    6.79
-256508.302   121.702    -3.59    7.31
-256131.964   121.444    -0.69    6.80
-255755.630   122.917     3.91    7.39
-255379.298   123.648     1.94    7.16
-255002.970   121.591    -5.47    9.34
-254626.645   120.301    -3.43    9.47
-254250.323   118.594    -4.54    9.25
-253874.004   118.496    -0.26    8.90
-253497.688   119.250     2.00    8.08
-253121.376   117.944    -3.47    7.84
-252745.067   117.391    -1.47    7.80
-252368.760   117.968     1.53    8.35
-251992.457   117.513    -1.21    9.16
-251616.157   117.763     0.66    9.49
-251239.861   118.609     2.25    8.32
-250863.567   116.320    -6.08    9.64
-250487.277   109.107   -19.17   11.18
-250110.989   102.729   -16.95   10.53
-249734.705   101.602    -3.00   10.70
-249358.424   104.301     7.18   12.99
-248982.146   109.335    13.38   13.33
-248605.871   115.574    16.58   10.06
-248229.600   118.353     7.38    6.84
-247853.331   118.134    -0.58    5.74
-247477.066   114.276   -10.26    7.64
-247100.803   111.917    -6.27    8.33
-246724.544   110.840    -2.86    8.95
-246348.288   110.296    -1.44    8.12
-245972.035   109.660    -1.69    8.15
-245595.786   110.308     1.72    7.83
-245219.539   109.660    -1.72    7.75
-244843.295   110.122     1.23    7.89
-244467.055   113.126     7.99    7.31
-244090.818   113.053    -0.19    7.21
-243714.583   111.378    -4.45    6.96
-243338.352   110.996    -1.01    6.19
-242962.124   109.026    -5.24    6.85
-242585.899   108.053    -2.59    6.90
-242209.678   107.291    -2.03    7.54
-241833.459   106.481    -2.15    6.90
-241457.243   105.810    -1.78    7.40
-241081.031   101.814   -10.62    9.21
-240704.822    98.891    -7.77   10.33
-240328.615    96.532    -6.27    9.50
-239952.412    94.567    -5.22    9.37
-239576.212    94.276    -0.77    9.72
-239200.015    91.724    -6.78   10.75
-238823.821    86.199   -14.69   11.73
-238447.630    83.045    -8.38   11.75
-238071.442    77.649   -14.35    6.94
-237695.258    77.417    -0.61    6.78
-237319.076    80.350     7.80   10.29
-236942.898    83.075     7.24   11.49
-236566.722    86.242     8.42   12.35
-236190.550    90.363    10.96   12.61
-235814.381    95.122    12.65   11.03
-235438.214    95.532     1.09   10.61
-235062.051    98.338     7.46    9.82
-234685.891    98.996     1.75    9.87
-234309.734   101.686     7.15    9.62
-233933.580   104.583     7.70    9.11
-233557.429   106.756     5.78    8.66
-233181.282   109.327     6.84    8.62
-232805.137   113.363    10.73    8.14
-232428.995   115.353     5.29    7.48
-232052.857   115.609     0.68    6.70
-231676.721   115.797     0.50    5.83
-231300.588   115.840     0.11    6.08
-230924.459   112.269    -9.49    6.52
-230548.332   109.648    -6.97    6.86
-230172.209   107.296    -6.25    8.34
-229796.089   103.835    -9.20    9.93
-229419.971   101.470    -6.29    9.87
-229043.857   100.096    -3.65   10.68
-228667.746    98.486    -4.28   10.35
-228291.638   101.404     7.76   10.62
-227915.533   103.019     4.30   10.81
-227539.431   104.481     3.89   10.53
-227163.332   108.567    10.86   11.45
-226787.236   108.199    -0.98   10.71
-226411.142   108.188    -0.03    9.53
-226035.053   107.523    -1.77    9.24
-225658.966   103.207   -11.48    8.94
-225282.882   100.641    -6.82    7.96
-224906.801    96.045   -12.22    6.79
-224530.723    90.944   -13.56    7.67
-224154.648    87.026   -10.42    8.41
-223778.576    83.161   -10.28    6.65
-223402.507    82.780    -1.01    6.21
-223026.441    87.733    13.17   11.59
-222650.379    92.327    12.22   11.82
-222274.319    98.350    16.02   10.74
-221898.262   102.071     9.89   10.28
-221522.208   102.891     2.18    9.74
-221146.158   104.378     3.95    9.82
-220770.110   107.567     8.48   10.17
-220394.065   111.558    10.61    9.43
-220018.023   118.459    18.35    9.84
-219641.984   123.972    14.66    7.89
-219265.949   126.812     7.55    6.51
-218889.916   128.047     3.28    5.69
-218513.886   126.840    -3.21    4.85
-218137.859   127.023     0.49    4.31
-217761.836   126.323    -1.86    4.43
-217385.815   125.759    -1.50    4.93
-217009.797   127.613     4.93    4.86
-216633.782   128.786     3.12    4.56
-216257.770   129.481     1.85    4.30
-215881.761   128.837    -1.71    4.99
-215505.755   127.583    -3.33    4.69
-215129.752   126.712    -2.32    5.25
-214753.753   125.250    -3.89    5.39
-214377.756   123.702    -4.12    6.17
-214001.762   121.840    -4.95    5.68
-213625.770   120.188    -4.39    5.17
-213249.782   119.242    -2.52    5.97
-212873.797   117.621    -4.31    6.81
-212497.815   117.141    -1.28    6.74
-212121.836   114.301    -7.55    7.75
-211745.860   110.286   -10.68    7.31
-211369.887   109.641    -1.71    7.22
-210993.916   106.455    -8.47    7.17
-210617.949   102.224   -11.25    8.87
-210241.984    96.996   -13.91    9.26
-209866.023    95.506    -3.96    9.50
-209490.065    97.783     6.06   13.38
-209114.109   104.840    18.77   14.30
-208738.156   111.865    18.69   11.46
-208362.207   114.991     8.31    7.52
-207986.260   114.594    -1.06    5.94
-207610.316   113.616    -2.60    6.23
-207234.376   113.918     0.80    6.22
-206858.438   116.378     6.54    6.76
-206482.503   117.026     1.73    6.10
-206106.571   118.185     3.08    7.21
-205730.642   120.250     5.49    6.84
-205354.715   122.609     6.28    5.55
-204978.792   123.391     2.08    5.71
-204602.872   124.122     1.94    5.73
-204226.955   123.363    -2.02    6.49
-203851.040   120.942    -6.44    8.10
-203475.129   118.250    -7.16    8.59
-203099.220   115.621    -6.99    7.54
-202723.314   113.759    -4.95    6.69
-202347.412   114.840     2.87    6.70
-201971.512   116.741     5.06    6.76
-201595.615   120.945    11.18    6.84
-201219.721   122.686     4.63    5.39
-200843.830   122.865     0.48    5.52
-200467.942   123.053     0.50    4.98
-200092.056   122.215    -2.23    5.67
-199716.174   120.748    -3.90    5.44
-199340.294   118.686    -5.49    5.89
-198964.418   117.641    -2.78    5.99
-198588.544   117.502    -0.37    5.25
-198212.673   118.660     3.08    5.64
-197836.805   119.919     3.35    5.73
-197460.941   122.917     7.98    6.45
-197085.078   125.583     7.10    6.05
-196709.219   126.154     1.52    5.59
-196333.363   125.549    -1.61    5.71
-195957.509   123.071    -6.59    6.18
-195581.659   118.441   -12.32    7.51
-195205.811   115.215    -8.58    6.76
-194829.966   113.660    -4.14    6.19
-194454.125   113.128    -1.42    6.54
-194078.286   112.296    -2.21    7.34
-193702.449   109.567    -7.26    9.42
-193326.616   105.262   -11.45   10.73
-192950.786   100.506   -12.66   11.42
-192574.958    95.566   -13.15    9.72
-192199.134    91.215   -11.58    8.91
-191823.312    90.071    -3.05    8.81
-191447.493    88.474    -4.25    7.05
-191071.677    86.917    -4.14    7.32
-190695.864    85.686    -3.28    5.83
-190320.053    84.812    -2.33    5.43
-189944.094    84.107    -1.87    5.96
-189567.719    84.429     0.86    5.51
-189191.346    82.941    -3.95    5.27
-188814.977    82.594    -0.92    5.87
-188438.610    82.441    -0.41    6.20
-188062.246    81.594    -2.25    5.97
-187685.885    80.729    -2.30    5.94
-187309.527    79.945    -2.08    6.37
-186933.171    77.224    -7.23    6.26
-186556.819    76.276    -2.52    5.91
-186180.469    74.866    -3.75    6.12
-185804.123    73.335    -4.07    5.60
-185427.779    71.841    -3.97    6.31
-185051.438    71.049    -2.10    6.97
-184675.099    71.199     0.40    6.29
-184298.764    71.455     0.68    5.88
-183922.432    72.365     2.42    6.48
-183546.102    71.365    -2.66    6.32
-183169.775    71.621     0.68    6.52
-182793.451    71.141    -1.27    6.36
-182417.130    70.252    -2.36    6.19
-182040.811    70.216    -0.10    6.16
-181664.496    68.838    -3.66    6.19
-181288.183    68.669    -0.45    6.25
-180911.873    68.729     0.16    5.87
-180535.566    68.947     0.58    5.52
-180159.262    69.942     2.65    4.95
-179782.961    68.841    -2.93    5.03
-179406.662    66.161    -7.12    5.32
-179030.366    65.266    -2.38    6.71
-178654.073    64.353    -2.43    6.38
-178277.783    64.286    -0.18    6.62
-177901.496    65.759     3.92    7.39
-177525.211    65.327    -1.15    6.83
-177148.930    64.496    -2.21    7.64
-176772.651    63.113    -3.68    7.43
-176396.375    60.660    -6.52    8.09
-176020.101    57.891    -7.36    7.74
-175643.831    55.541    -6.25    7.13
-175267.563    54.173    -3.64    6.92
-174891.298    52.377    -4.77    6.10
-174515.036    51.323    -2.80    6.27
-174138.777    49.999    -3.52    5.33
-173762.520    48.391    -4.27    5.66
-173386.267    48.635     0.65    6.37
-173010.016    48.459    -0.47    6.85
-172633.767    49.091     1.68    6.35
-172257.522    49.968     2.33    6.33
-171881.280    50.023     0.15    5.54
-171505.040    49.759    -0.70    4.13
-171128.803    49.071    -1.83    3.69
-170752.569    48.532    -1.43    3.38
-170376.337    47.724    -2.15    4.38
-170000.108    49.455     4.60    3.55
-169623.883    51.002     4.11    3.44
-169247.659    53.712     7.20    4.72
-168871.439    57.327     9.61    5.95
-168495.221    62.177    12.89    5.62
-168119.007    65.080     7.72    5.78
-167742.795    67.783     7.18    5.17
-167366.585    69.312     4.06    5.25
-166990.379    68.891    -1.12    4.90
-166614.175    68.308    -1.55    4.88
-166237.974    69.062     2.00    5.84
-165861.776    70.378     3.50    6.87
-165485.580    72.594     5.89    6.17
-165109.388    73.756     3.09    6.60
-164733.198    76.523     7.35    7.93
-164357.010    80.840    11.48    8.59
-163980.826    87.947    18.89   11.31
-163604.644    93.353    14.37    9.68
-163228.465    95.058     4.53    9.78
-162852.289    95.250     0.51    8.41
-162476.115    95.506     0.68    7.83
-162099.944    94.235    -3.38    7.62
-161723.776    91.675    -6.81    7.75
-161347.611    87.783   -10.35    6.57
-160971.449    84.945    -7.54    4.65
-160595.289    82.128    -7.49    5.14
-160219.132    80.864    -3.36    5.31
-159842.977    81.506     1.71    6.14
-159466.826    81.686     0.48    5.99
-159090.677    82.759     2.85    5.00
-158714.530    84.107     3.58    4.91
-158338.387    85.301     3.17    4.63
-157962.246    86.122     2.18    4.93
-157586.108    86.567     1.18    4.85
-157209.973    87.378     2.16    5.45
-156833.840    87.323    -0.15    5.43
-156457.710    89.276     5.19    5.73
-156081.583    92.404     8.32    7.23
-155705.459    95.235     7.53    9.11
-155329.337    97.891     7.06   10.88
-154953.218    95.621    -6.04   11.67
-154577.101    92.783    -7.55   11.12
-154200.988    91.763    -2.71   11.15
-153824.877    92.729     2.57   11.79
-153448.768    98.455    15.23   12.31
-153072.663   102.994    12.07   11.06
-152696.560   104.107     2.96    9.39
-152320.460   103.558    -1.46    9.04
-151944.362   101.301    -6.00    8.31
-151568.268    99.763    -4.09    8.09
-151192.175    99.783     0.05    9.54
-150816.086    97.276    -6.67    6.34
-150439.999    95.432    -4.90    5.13
-150063.915    94.496    -2.49    5.88
-149687.834    94.391    -0.28    6.08
-149311.755    94.454     0.17    6.25
-148935.679    97.840     9.00   10.17
-148559.606   101.996    11.05   10.66
-148183.535   102.864     2.31   10.48
-147807.467   100.096    -7.36    9.21
-147431.402    96.835    -8.67    7.20
-147055.339    97.301     1.24    7.83
-146679.279    95.686    -4.30    6.83
-146303.222    94.323    -3.62    6.93
-145927.167    93.071    -3.33    6.52
-145551.115    91.506    -4.16    4.92
-145175.066    90.353    -3.07    4.72
-144799.019    88.350    -5.32    4.36
-144422.975    86.944    -3.74    4.04
-144046.934    85.107    -4.88    4.65
-143670.895    82.648    -6.54    5.17
-143294.859    80.459    -5.82    5.45
-142918.826    77.797    -7.08    3.99
-142542.795    76.276    -4.05    3.44
-142166.767    75.865    -1.09    3.83
-141790.741    75.335    -1.41    4.39
-141414.719    73.917    -3.77    4.89
-141038.698    71.863    -5.46    4.96
-140662.681    71.071    -2.11    4.20
-140286.666    70.286    -2.09    3.77
-139910.654    70.891     1.61    4.56
-139534.644    71.648     2.01    4.52
-139158.637    70.558    -2.90    4.57
-138782.633    70.598     0.11    4.13
-138406.631    70.113    -1.29    3.60
-138030.632    69.207    -2.41    3.81
-137654.635    67.759    -3.85    3.95
-137278.641    65.999    -4.68    4.39
-136902.650    64.594    -3.74    4.59
-136526.662    63.605    -2.63    4.19
-136150.676    63.378    -0.60    4.39
-135774.692    63.250    -0.34    4.16
-135398.711    62.224    -2.73    4.06
-135022.733    62.429     0.55    3.72
-134646.758    61.308    -2.98    3.28
-134270.785    59.180    -5.66    4.75
-133894.815    56.023    -8.40    5.63
-133518.847    53.417    -6.93    4.87
-133142.882    50.350    -8.16    4.49
-132766.919    48.968    -3.68    4.97
-132390.959    48.257    -1.89    5.40
-132015.002    47.947    -0.83    5.19
-131639.047    49.812     4.96    6.47
-131263.095    54.378    12.14    8.74
-130887.146    58.567    11.14    8.53
-130511.199    60.486     5.10    6.62
-130135.254    58.320    -5.76    8.29
-129759.313    56.266    -5.46    7.17
-129383.373    54.994    -3.38    6.88
-129007.437    56.405     3.75    6.71
-128631.503    59.481     8.18    5.57
-128255.571    62.188     7.20    4.45
-127879.643    62.786     1.59    4.41
-127503.716    64.147     3.62    4.42
-127127.793    64.147     0.00    4.11
-126751.872    65.945     4.78    4.30
-126375.953    67.259     3.50    3.79
-126000.037    68.173     2.43    3.58
-125624.124    68.945     2.05    3.38
-125248.213    69.378     1.15    3.52
-124872.305    70.675     3.45    3.75
-124496.399    72.161     3.95    4.48
-124120.496    73.350     3.16    4.18
-123744.595    73.113    -0.63    3.73
-123368.697    72.327    -2.09    4.35
-122992.802    71.391    -2.49    4.42
-122616.909    71.242    -0.40    3.98
-122241.019    71.712     1.25    3.92
-121865.131    73.312     4.26    4.19
-121489.246    76.609     8.77    4.87
-121113.363    79.712     8.25    5.10
-120737.483    81.840     5.66    5.52
-120361.605    85.363     9.37    4.94
-119985.730    87.680     6.17    6.68
-119609.858    87.301    -1.01    6.00
-119233.988    86.058    -3.31    6.89
-118858.120    84.558    -3.99    6.99
-118482.256    80.783   -10.04    5.21
-118106.393    78.891    -5.03    4.51
-117730.533    79.756     2.30    5.61
-117354.676    81.530     4.72    8.19
-116978.821    86.429    13.04    9.69
-116602.969    91.403    13.23   11.14
-116227.120    95.053     9.71   10.90
-115851.272    99.816    12.67   10.43
-115475.428   104.970    13.71    8.24
-115099.586   105.865     2.38    8.29
-114723.424   105.233    -1.68    9.40
-114347.078   103.917    -3.50    9.73
-113970.735   101.113    -7.45    8.40
-113594.394    98.864    -5.98    7.75
-113218.055    97.506    -3.61    7.33
-112841.719    98.577     2.84    8.21
-112465.386   101.763     8.47   11.30
-112089.055   108.609    18.19   13.21
-111712.726   114.835    16.55   11.16
-111336.400   119.702    12.93    7.94
-110960.077   120.702     2.66    5.59
-110583.756   120.812     0.29    4.85
-110207.438   119.616    -3.18    5.09
-109831.122   118.675    -2.50    6.40
-109454.808   117.019    -4.40    6.40
-109078.498   116.680    -0.90    6.46
-108702.189   116.865     0.49    6.61
-108325.883   116.405    -1.22    6.47
-107949.580   115.391    -2.69    6.19
-107573.279   113.996    -3.71    6.37
-107196.981   113.783    -0.57    6.22
-106820.685   112.259    -4.05    7.00
-106444.391   111.419    -2.23    7.91
-106068.100   109.942    -3.92    8.22
-105691.812   107.506    -6.47    9.40
-105315.526   104.577    -7.79    9.29
-104939.242    98.296   -16.69    8.60
-104562.961    94.783    -9.34    7.61
-104186.683    95.269     1.29    8.47
-103810.407    97.341     5.51    9.48
-103434.133    98.648     3.47    9.55
-103057.862    95.180    -9.22   11.10
-102681.593    88.944   -16.58   11.39
-102305.327    83.532   -14.38    7.55
-101929.063    81.080    -6.52    5.15
-101552.802    80.391    -1.83    4.55
-101176.543    81.575     3.15    4.70
-100800.287    83.947     6.30    5.94
-100424.033    86.080     5.67    7.09
-100047.782    88.648     6.82    8.41
 -99671.533    92.276     9.64   10.18
 -99295.287    96.558    11.38   10.86
 -98919.042    98.641     5.54   10.07
 -98542.801   101.405     7.35    9.94
 -98166.562   102.945     4.09    9.49
 -97790.325   104.621     4.45    8.95
 -97414.091   105.788     3.10    8.74
 -97037.859   106.470     1.81    8.38
 -96661.630   107.968     3.98    8.37
 -96285.403   109.917     5.18    7.40
 -95909.178   111.019     2.93    6.41
 -95532.956   110.107    -2.42    5.94
 -95156.737   110.609     1.33    6.22
 -94780.520   112.733     5.65    5.40
 -94404.305   113.308     1.53    6.26
 -94028.093   112.621    -1.83    6.91
 -93651.883   111.252    -3.64    6.83
 -93275.675   108.026    -8.58    7.16
 -92899.470   109.224     3.19    6.79
 -92523.268   110.985     4.68    6.40
 -92147.068   110.917    -0.18    6.13
 -91770.870   109.707    -3.22    7.12
 -91394.675   106.058    -9.70    8.71
 -91018.482    99.788   -16.67   10.93
 -90642.291    95.864   -10.43    9.62
 -90266.103    93.660    -5.86    9.99
 -89889.918    95.147     3.95   10.40
 -89513.734    96.365     3.24   10.58
 -89137.554    99.023     7.07    8.67
 -88761.375    98.250    -2.05    6.83
 -88385.199    96.942    -3.48    8.24
 -88009.026    94.474    -6.56    8.98
 -87632.854    94.837     0.96   10.39
 -87256.686    95.323     1.29   11.18
 -86880.519    95.080    -0.65   10.95
 -86504.355    93.338    -4.63   10.62
 -86128.194    90.720    -6.96    9.05
 -85752.034    92.816     5.57    9.68
 -85375.877    95.994     8.45    9.81
 -84999.723    99.919    10.44    8.90
 -84623.571   103.506     9.54    7.37
 -84247.421   105.729     5.91    6.66
 -83871.274   105.865     0.36    6.57
 -83495.129   103.759    -5.60    7.35
 -83118.987   101.199    -6.81    7.43
 -82742.846    99.567    -4.34    6.74
 -82366.709    98.338    -3.27    7.30
 -81990.573    95.566    -7.37    8.83
 -81614.440    91.805   -10.00   10.74
 -81238.310    88.432    -8.97   10.99
 -80862.181    86.513    -5.10    9.36
 -80486.056    85.837    -1.80    8.77
 -80109.932    83.567    -6.04    9.20
 -79733.811    79.577   -10.61   10.01
 -79357.692    72.916   -17.71    7.54
 -78981.576    68.199   -12.54    6.51
 -78605.462    64.837    -8.94    6.05
 -78229.350    60.019   -12.81    7.33
 -77853.240    56.496    -9.37    6.99
 -77477.133    53.575    -7.77    5.36
 -77101.029    54.128     1.47    6.59
 -76724.926    56.122     5.30    8.07
 -76348.827    60.350    11.24    7.95
 -75972.729    63.523     8.43    6.45
 -75596.634    65.916     6.36    6.07
 -75220.541    68.834     7.76    6.84
 -74844.450    74.865    16.04   10.97
 -74468.362    78.242     8.98   11.54
 -74092.276    81.378     8.34   10.17
 -73716.193    83.161     4.74    9.43
 -73340.111    79.224   -10.47    7.67
 -72964.032    77.609    -4.30    7.80
 -72587.956    80.865     8.66   11.40
 -72211.882    86.783    15.74   13.84
 -71835.810    96.224    25.11   12.54
 -71459.740   102.444    16.54    9.86
 -71083.673   105.712     8.69    7.83
 -70707.608   107.323     4.29    5.84
 -70331.546   106.481    -2.24    5.92
 -69955.485   104.585    -5.04    6.73
 -69579.427   102.444    -5.70    7.89
 -69203.372   100.045    -6.38    8.04
 -68827.318    98.520    -4.06    8.95
 -68451.267    96.891    -4.33    9.45
 -68075.219    97.621     1.94    9.44
 -67699.172    98.026     1.08    9.64
 -67323.128    97.918    -0.29    8.88
 -66947.087    98.141     0.59   10.04
 -66571.047    93.558   -12.19   11.79
 -66195.010    88.842   -12.54   13.29
 -65818.975    82.486   -16.90   10.83
 -65442.943    76.968   -14.67    6.20
 -65066.912    74.968    -5.32    5.10
 -64690.884    74.455    -1.36    5.07
 -64314.859    75.523     2.84    5.08
 -63938.835    75.429    -0.25    3.97
 -63562.814    77.405     5.25    4.62
 -63186.795    79.080     4.46    5.05
 -62810.779    80.049     2.58    4.96
 -62434.765    80.291     0.64    4.89
 -62058.753    79.045    -3.31    3.98
 -61682.743    79.154     0.29    4.90
 -61306.736    79.447     0.78    4.44
 -60930.731    79.729     0.75    3.91
 -60554.728    78.252    -3.93    4.09
 -60178.727    74.628    -9.64    6.26
 -59802.729    72.291    -6.22    5.93
 -59426.733    70.594    -4.51    5.27
 -59050.739    70.788     0.52    4.52
 -58674.748    73.680     7.69    3.98
 -58298.759    75.532     4.92    4.31
 -57922.772    80.323    12.74    6.92
 -57546.787    86.891    17.47   11.18
 -57170.805    90.891    10.64   11.13
 -56794.825    96.513    14.95   11.04
 -56418.847    99.513     7.98   10.98
 -56042.871    97.462    -5.45   10.32
 -55666.898    95.404    -5.48   10.61
 -55290.927    93.250    -5.73   12.11
 -54914.958    92.697    -1.47   12.21
 -54538.991    90.621    -5.52   12.73
 -54163.027    90.835     0.57   13.45
 -53787.065    88.628    -5.87   13.61
 -53411.105    86.866    -4.69   12.16
 -53035.148    80.540   -16.83    8.43
 -52659.192    77.233    -8.80    9.64
 -52283.239    73.049   -11.13    8.71
 -51907.288    71.276    -4.72    7.93
 -51531.339    68.783    -6.63    7.10
 -51155.393    66.441    -6.23    5.99
 -50779.449    65.496    -2.51    5.83
 -50403.507    64.891    -1.61    6.45
 -50027.567    65.513     1.65    6.93
 -49651.630    64.974    -1.43    8.04
 -49275.694    62.968    -5.34    8.32
 -48899.761    61.378    -4.23    7.70
 -48523.830    60.613    -2.03    6.64
 -48147.902    59.759    -2.27    5.90
 -47771.975    59.363    -1.05    5.99
 -47396.051    56.549    -7.49    5.66
 -47020.129    54.429    -5.64    5.21
 -46644.210    52.026    -6.39    4.53
 -46268.292    49.680    -6.24    6.11
 -45892.377    45.944    -9.94    7.49
 -45516.464    43.741    -5.86    7.72
 -45140.553    40.621    -8.30    7.67
 -44764.644    38.096    -6.72    7.90
 -44388.738    36.481    -4.30    7.79
 -44012.833    34.837    -4.37    5.36
 -43636.931    34.323    -1.37    5.60
 -43261.031    35.350     2.73    5.83
 -42885.134    36.301     2.53    4.59
 -42509.238    37.045     1.98    4.00
 -42133.345    38.169     2.99    2.37
 -41757.454    37.816    -0.94    2.16
 -41381.565    37.161    -1.74    2.59
 -41005.678    38.567     3.74    4.85
 -40629.793    41.301     7.28    8.03
 -40253.911    44.549     8.64    9.93
 -39878.031    50.049    14.63   10.07
 -39501.713    53.233     8.46   10.11
 -39125.396    55.441     5.87    7.72
 -38749.081    55.161    -0.74    7.08
 -38372.768    51.616    -9.42    7.05
 -37996.457    47.917    -9.83    5.22
 -37620.148    45.835    -5.53    4.37
 -37243.842    45.242    -1.58    3.19
 -36867.538    46.080     2.23    3.13
 -36491.236    48.233     5.72    4.58
 -36114.936    50.491     6.00    3.91
 -35738.638    53.080     6.88    4.62
 -35362.342    54.566     3.95    4.45
 -34986.049    56.786     5.90    5.17
 -34609.758    58.350     4.16    5.94
 -34233.469    60.128     4.72    6.18
 -33857.182    61.942     4.82    6.71
 -33480.897    63.602     4.41    6.85
 -33104.614    65.363     4.68    6.26
 -32728.334    68.071     7.19    6.83
 -32352.055    71.540     9.22    7.09
 -31975.779    74.666     8.31    6.92
 -31599.505    78.814    11.02    8.74
 -31223.233    77.748    -2.83   11.40
 -30846.964    72.810   -13.12   14.12
 -30470.696    65.350   -19.82   12.13
 -30094.431    59.759   -14.86    7.60
 -29718.168    58.455    -3.47    6.89
 -29341.906    58.697     0.64    9.11
 -28965.647    55.452    -8.62    8.85
 -28589.390    53.481    -5.24    7.32
 -28213.136    51.513    -5.23    5.13
 -27836.883    53.107     4.24    5.88
 -27460.633    53.575     1.24    6.31
 -27084.384    54.199     1.66    7.36
 -26708.138    52.947    -3.33    7.82
 -26331.894    50.019    -7.78    8.06
 -25955.652    46.141   -10.31    6.77
 -25579.412    42.558    -9.52    5.31
 -25203.175    39.891    -7.09    5.60
 -24826.939    36.641    -8.64    5.03
 -24450.706    32.783   -10.25    4.46
 -24074.474    29.459    -8.84    3.78
 -23698.245    27.323    -5.68    3.81
 -23322.018    23.970    -8.91    3.74
 -22945.793    21.053    -7.75    3.69
 -22569.570    19.173    -5.00    3.19
 -22193.349    18.609    -1.50    3.19
 -21817.130    19.917     3.48    3.48
 -21440.914    20.523     1.61    4.50
 -21064.699    18.558    -5.22    7.45
 -20688.487    16.712    -4.91    9.07
 -20312.277    13.432    -8.72   10.03
 -19936.068    11.147    -6.07   10.37
 -19559.862     6.502   -12.35    7.52
 -19183.658     3.891    -6.94    4.04
 -18807.456     2.891    -2.66    0.00
 -18431.257     2.891     0.00    0.00
 -18055.059     2.891     0.00    0.00
 -17678.863     2.891     0.00    0.00
 -17302.670     2.918     0.07    0.16
 -16926.478     3.045     0.34    0.49
 -16550.289     3.363     0.85    1.08
 -16174.101     4.096     1.95    1.88
 -15797.916     5.071     2.59    2.63
 -15421.733     6.675     4.26    3.27
 -15045.552     7.686     2.69    3.15
 -14669.373     7.891     0.55    2.91
 -14293.196     7.045    -2.25    3.08
 -13917.021     5.594    -3.86    2.81
 -13540.848     4.071    -4.05    1.99
 -13164.678     5.026     2.54    4.47
 -12788.509     8.523     9.29    7.28
 -12412.342    12.999    11.90    7.30
 -12036.178    17.329    11.51    4.72
 -11660.015    18.404     2.86    2.55
 -11283.855    17.759    -1.71    2.96
 -10907.696    16.613    -3.05    3.08
 -10531.540    15.327    -3.42    3.47
 -10155.386    13.919    -3.74    2.96
  -9779.234    13.096    -2.19    3.14
  -9403.083    12.496    -1.59    3.15
  -9026.935    12.756     0.69    3.21
  -8650.789    15.312     6.80    4.20
  -8274.645    17.865     6.79    4.54
  -7898.503    18.966     2.93    3.92
  -7522.363    19.252     0.76    4.00
  -7146.225    17.942    -3.48    4.88
  -6770.089    16.444    -3.98    4.96
  -6393.955    15.756    -1.83    5.83
  -6017.824    16.648     2.37    6.35
  -5641.694    19.720     8.17    6.61
  -5265.566    21.942     5.91    6.75
  -4889.440    24.241     6.11    5.65
  -4513.317    24.863     1.65    5.02
  -4137.195    24.250    -1.63    5.02
  -3761.075    22.891    -3.61    4.80
  -3384.958    21.444    -3.85    5.85
  -3008.842    18.353    -8.22    8.46
  -2632.729    13.259   -13.54   10.13
  -2256.617     6.128   -18.96    8.10
  -1880.507     2.353   -10.04    5.29
  -1504.400     0.241    -5.61    0.48
  -1128.294     0.053    -0.50    0.37
   -752.191     0.045    -0.02    0.37
   -376.089     0.049     0.01    0.37
      0.010    -0.028    -0.20    0.28
    376.108    -0.082    -0.14    0.16
    752.203     0.169     0.67    1.67
   1128.297     2.154     5.28    6.42
   1504.388     4.516     6.28    8.20
   1880.478     5.585     2.84    8.07
   2256.565     8.455     7.63    8.95
   2632.651    10.026     4.18    9.08
   3008.734    13.180     8.39    8.75
   3384.816    13.814     1.68    8.74
   3760.895    15.891     5.52    7.28
   4136.973    16.594     1.87    6.70
   4513.048    15.207    -3.69    7.22
   4889.122    14.716    -1.31    7.13
   5265.194    14.447    -0.72    7.11
   5641.263    14.066    -1.01    6.79
   6017.331    11.496    -6.83    6.84
   6393.397     9.540    -5.20    6.92
   6769.460     8.161    -3.67    6.58
   7145.522     9.335     3.12    7.78
   7521.582    10.942     4.27    7.37
   7897.640    11.991     2.79    6.16
   8273.695    12.323     0.88    5.86
   8649.749    12.916     1.58    6.53
   9025.801    14.865     5.18    6.75
   9401.851    16.680     4.83    7.35
   9777.899    19.945     8.68    7.14
  10153.945    21.865     5.11    6.77
  10529.989    22.080     0.57    6.93
  10906.031    22.835     2.01    6.68
  11282.071    22.481    -0.94    6.72
  11658.109    24.030     4.12    5.36
  12034.146    25.071     2.77    4.90
  12410.180    25.865     2.11    6.70
  12786.212    29.224     8.93    3.25
  13162.243    30.918     4.50    2.43
  13538.271    31.540     1.65    2.35
  13914.297    30.759    -2.07    2.75
  14290.322    29.686    -2.85    3.06
  14666.345    29.215    -1.25    3.00
  15042.365    29.506     0.77    2.86
  15418.384    30.365     2.28    2.66
  15794.401    31.496     3.01    2.79
  16170.416    32.567     2.85    2.93
  16546.429    33.301     1.95    2.73
  16922.440    32.812    -1.30    3.22
  17298.449    29.808    -7.99    7.34
  17674.456    26.312    -9.30    8.20
  18050.461    25.558    -2.01    7.33
  18426.464    24.917    -1.70    6.20
  18802.466    26.532     4.30    4.87
  19178.465    28.744     5.88    4.22
  19554.463    30.188     3.84    3.88
  19930.459    32.134     5.18    2.43
  20306.452    32.134     0.00    1.91
  20682.444    32.166     0.08    2.24
  21058.434    30.594    -4.18    4.12
  21434.422    29.378    -3.23    4.25
  21810.408    28.942    -1.16    4.30
  22186.392    28.276    -1.77    4.33
  22562.375    27.567    -1.89    5.08
  22938.355    25.583    -5.28    5.73
  23314.333    24.102    -3.94    4.78
  23690.310    24.835     1.95    4.74
  24066.285    25.107     0.72    4.14
  24442.258    26.419     3.49    4.32
  24818.228    27.312     2.38    3.69
  25194.197    26.994    -0.85    3.70
  25570.165    26.172    -2.18    3.87
  25946.130    24.023    -5.72    5.69
  26322.093    20.810    -8.55    6.50
  26698.055    19.280    -4.07    7.17
  27074.014    17.840    -3.83    7.22
  27449.972    16.891    -2.52    7.37
  27825.928    14.788    -5.59    7.71
  28201.882    13.686    -2.93    7.16
  28577.834    11.199    -6.62    7.13
  28953.784     8.756    -6.50    6.26
  29329.732     6.166    -6.89    4.40
  29705.679     5.737    -1.14    4.08
  30081.623     6.808     2.85    4.44
  30457.566     8.459     4.39    5.06
  30833.507    11.296     7.55    5.13
  31209.446    14.918     9.63    6.23
  31585.383    18.378     9.20    5.81
  31961.318    20.156     4.73    5.52
  32337.252    21.686     4.07    5.06
  32713.183    23.786     5.59    5.41
  33089.113    25.780     5.30    5.14
  33465.041    28.173     6.37    4.22
  33840.967    29.432     3.35    3.14
  34216.891    30.019     1.56    2.48
  34592.813    30.365     0.92    2.41
  34968.733    30.250    -0.31    3.20
  35344.783    29.594    -1.75    3.77
  35721.068    29.506    -0.23    3.82
  36097.351    29.466    -0.11    4.19
  36473.632    30.252     2.09    3.80
  36849.911    31.729     3.92    3.37
  37226.189    32.432     1.87    3.61
  37602.464    33.188     2.01    4.24
  37978.738    35.269     5.53    3.76
  38355.010    36.834     4.16    3.25
  38731.280    38.016     3.14    2.10
  39107.548    38.391     1.00    2.33
  39483.815    38.756     0.97    2.66
  39860.080    38.353    -1.07    3.06
  40236.342    38.628     0.73    3.09
  40612.603    38.996     0.98    3.26
  40988.862    38.838    -0.42    2.89
  41365.120    38.558    -0.75    2.68
  41741.375    37.891    -1.77    2.84
  42117.629    37.286    -1.61    2.79
  42493.881    37.441     0.41    3.05
  42870.131    37.091    -0.93    2.99
  43246.379    37.242     0.40    2.79
  43622.626    38.378     3.02    2.51
  43998.870    37.648    -1.94    4.38
  44375.113    35.269    -6.32    6.46
  44751.354    34.641    -1.67    6.62
  45127.593    33.199    -3.83    6.77
  45503.831    32.635    -1.50    6.03
  45880.066    31.783    -2.26    7.04
  46256.300    32.276     1.31    6.59
  46632.532    32.865     1.57    6.75
  47008.762    32.814    -0.14    6.58
  47384.991    33.378     1.50    5.64
  47761.217    33.019    -0.95    5.46
  48137.442    33.558     1.43    5.52
  48513.665    33.865     0.82    5.50
  48889.887    34.549     1.82    4.58
  49266.106    35.641     2.90    2.85
  49642.324    34.942    -1.86    3.36
  50018.540    32.432    -6.67    5.68
  50394.754    30.280    -5.72    6.78
  50770.966    28.702    -4.19    6.17
  51147.177    28.169    -1.42    5.31
  51523.385    29.180     2.69    4.88
  51899.592    32.916     9.93    5.34
  52275.798    35.837     7.76    5.60
  52652.001    38.019     5.80    5.22
  53028.203    39.737     4.57    4.66
  53404.403    41.250     4.02    3.92
  53780.601    41.729     1.27    3.55
  54156.797    41.224    -1.34    3.30
  54532.992    40.432    -2.11    3.71
  54909.185    38.134    -6.11    4.31
  55285.376    37.215    -2.44    4.20
  55661.566    38.067     2.27    4.88
  56037.753    40.686     6.96    6.88
  56413.939    44.737    10.77    7.77
  56790.123    47.224     6.61    5.96
  57166.305    49.945     7.23    4.15
  57542.486    51.780     4.88    4.37
  57918.665    53.233     3.86    4.19
  58294.842    54.616     3.68    3.67
  58671.017    55.053     1.16    3.74
  59047.191    55.180     0.34    3.83
  59423.363    55.628     1.19    3.22
  59799.533    52.712    -7.75    6.92
  60175.702    48.783   -10.44    7.77
  60551.868    45.641    -8.35    6.45
  60928.033    44.575    -2.83    5.29
  61304.197    46.242     4.43    4.83
  61680.358    47.026     2.08    4.90
  62056.518    46.697    -0.88    4.58
  62432.676    47.481     2.08    4.92
  62808.832    49.250     4.70    5.08
  63184.987    51.752     6.65    5.15
  63561.140    55.312     9.46    5.53
  63937.291    58.107     7.43    5.85
  64313.440    62.141    10.72    7.12
  64689.588    67.241    13.56    8.62
  65065.734    71.378    11.00    7.38
  65441.878    73.575     5.84    7.08
  65818.021    73.707     0.35    5.91
  66194.162    72.291    -3.76    7.56
  66570.301    73.134     2.24    7.76
  66946.438    73.791     1.75    7.93
  67322.574    75.814     5.38    7.44
  67698.708    76.621     2.14    5.96
  68074.841    75.350    -3.38    6.11
  68450.971    74.378    -2.59    6.31
  68827.100    72.786    -4.23    7.35
  69203.228    71.173    -4.29    7.45
  69579.353    71.335     0.43    7.66
  69955.477    68.173    -8.41    8.12
  70331.599    64.523    -9.71    7.50
  70707.720    62.863    -4.41    7.13
  71083.839    61.660    -3.20    7.38
  71459.956    61.994     0.89    7.19
  71836.071    61.286    -1.88    7.39
  72212.185    60.999    -0.76    6.80
  72588.297    59.429    -4.17    6.41
  72964.407    57.161    -6.03    6.21
  73340.516    57.291     0.34    6.23
  73716.623    55.840    -3.86    5.20
  74092.729    55.291    -1.46    5.75
  74468.832    52.972    -6.17    6.51
  74844.934    46.729   -16.60    8.75
  75221.035    41.459   -14.01   10.51
  75597.133    34.233   -19.21    9.16
  75973.231    30.113   -10.95    5.81
  76349.326    28.916    -3.18    3.95
  76725.420    28.865    -0.13    3.24
  77101.512    28.540    -0.87    4.24
  77477.602    33.199    12.39   10.08
  77853.691    37.996    12.76   11.29
  78229.778    42.865    12.94   10.29
  78605.863    49.308    17.13    4.73
  78981.947    50.532     3.26    4.44
  79358.029    52.030     3.98    5.04
  79734.110    54.455     6.45    5.64
  80110.189    58.122     9.75    8.71
  80486.266    62.509    11.66    9.80
  80862.341    66.972    11.87   10.98
  81238.415    72.864    15.67   10.35
  81614.488    73.286     1.12    9.88
  81990.558    73.786     1.33    8.96
  82366.627    71.585    -5.85    8.66
  82742.695    68.968    -6.96    7.97
  83118.760    68.429    -1.43    7.09
  83494.825    69.053     1.66    6.38
  83870.887    69.444     1.04    6.97
  84246.948    68.233    -3.22    7.23
  84623.007    68.378     0.39    7.97
  84999.065    65.756    -6.97    8.09
  85375.121    63.404    -6.25    8.33
  85751.175    63.752     0.93    8.36
  86127.228    62.788    -2.56    7.77
  86503.279    62.788     0.00    6.70
  86879.329    65.422     7.00    6.45
  87255.376    66.049     1.67    6.34
  87631.423    67.350     3.46    6.39
  88007.467    69.161     4.82    6.92
  88383.511    70.301     3.03    7.18
  88759.552    70.594     0.78    6.51
  89135.592    70.788     0.52    6.42
  89511.630    72.224     3.82    6.69
  89887.667    74.675     6.52    6.97
  90263.702    78.486    10.13    7.21
  90639.735    82.147     9.74    8.50
  91015.767    83.763     4.30    8.22
  91391.797    85.323     4.15    9.01
  91767.826    87.660     6.21    7.60
  92143.853    89.810     5.72    8.52
  92519.879    93.594    10.06    9.35
  92895.903    99.575    15.91    9.15
  93271.925   102.485     7.74    6.61
  93647.946   103.199     1.90    6.07
  94023.965   102.404    -2.11    6.45
  94399.982   100.919    -3.95    6.05
  94775.998    99.686    -3.28    8.02
  95152.013    96.459    -8.58    9.35
  95528.026    92.096   -11.60   10.99
  95904.037    88.891    -8.52   12.00
  96280.047    87.470    -3.78   12.15
  96656.055    83.756    -9.88   12.04
  97032.061    82.455    -3.46   11.15
  97408.066    79.516    -7.82    9.79
  97784.070    77.224    -6.09    8.09
  98160.072    76.486    -1.96    7.84
  98536.072    75.075    -3.75    7.86
  98912.071    72.594    -6.60    7.70
  99288.068    70.486    -5.61    7.51
  99664.063    67.597    -7.68    5.67
 100040.057    65.353    -5.97    7.25
 100416.050    62.635    -7.23    7.43
 100792.041    60.530    -5.60    7.63
 101168.030    56.455   -10.84    7.64
 101544.018    54.197    -6.01    5.34
 101920.004    52.312    -5.01    4.74
 102295.989    51.365    -2.52    4.23
 102671.972    50.122    -3.31    3.95
 103047.954    48.269    -4.93    5.00
 103423.934    48.733     1.23    6.24
 103799.913    49.016     0.75    7.38
 104175.890    48.502    -1.37    7.21
 104551.865    48.286    -0.58    7.42
 104927.839    46.242    -5.43    8.91
 105303.812    44.378    -4.96    8.68
 105679.783    42.080    -6.11    7.78
 106055.752    40.447    -4.35    6.17
 106431.720    37.071    -8.98    7.32
 106807.686    34.532    -6.75    6.61
 107183.651    32.621    -5.08    5.95
 107559.614    33.455     2.22    5.49
 107935.576    36.242     7.41    7.45
 108311.537    40.327    10.86    8.02
 108687.495    43.917     9.55    6.22
 109063.453    44.583     1.77    5.19
 109439.408    45.947     3.63    5.57
 109815.362    47.233     3.42    5.36
 110191.315    48.660     3.80    5.13
 110567.486    50.462     4.79    4.96
 110943.744    50.840     1.00    6.66
 111320.001    50.107    -1.95    6.56
 111696.256    48.621    -3.95    6.50
 112072.510    45.540    -8.19    5.75
 112448.762    45.002    -1.43    4.61
 112825.013    46.917     5.09    6.11
 113201.263    49.623     7.19    5.71
 113577.510    51.702     5.53    5.49
 113953.757    51.327    -1.00    6.36
 114330.002    47.970    -8.92    6.58
 114706.245    44.549    -9.09    6.61
 115082.487    41.729    -7.50    6.10
 115458.727    39.366    -6.28    6.69
 115834.966    34.026   -14.19    7.36
 116211.203    29.134   -13.00    6.81
 116587.439    24.917   -11.21    4.70
 116963.674    22.502    -6.42    2.48
 117339.907    22.199    -0.81    2.33
 117716.138    22.532     0.89    2.79
 118092.368    22.577     0.12    3.58
 118468.597    21.945    -1.68    4.02
 118844.824    22.459     1.36    3.54
 119221.049    21.628    -2.21    5.45
 119597.274    16.516   -13.59    9.77
 119973.496    11.378   -13.66   10.12
 120349.717     7.891    -9.27    8.47
 120725.937     8.102     0.56    8.88
 121102.155    12.917    12.80    9.18
 121478.372    16.729    10.13    6.45
 121854.587    18.716     5.28    4.76
 122230.801    18.470    -0.65    4.91
 122607.014    18.030    -1.17    5.34
 122983.225    17.513    -1.37    4.54
 123359.434    14.748    -7.35    5.08
 123735.642    12.199    -6.78    5.83
 124111.849    11.686    -1.36    6.72
 124488.054    12.420     1.95    7.68
 124864.258    11.999    -1.12    8.15
 125240.460    12.323     0.86    8.06
 125616.661    14.756     6.47    8.94
 125992.860    19.353    12.22    9.46
 126369.058    24.134    12.71    9.28
 126745.255    29.250    13.60    6.82
 127121.450    31.712     6.54    6.89
 127497.643    33.481     4.70    6.82
 127873.836    35.080     4.25    6.20
 128250.026    36.428     3.58    6.14
 128626.216    36.788     0.96    6.79
 129002.404    35.835    -2.53    7.99
 129378.590    35.459    -1.00    7.74
 129754.775    34.702    -2.01    8.75
 130130.959    32.756    -5.17    9.06
 130507.141    30.455    -6.12    9.26
 130883.322    27.618    -7.54    9.19
 131259.501    24.660    -7.86    7.47
 131635.679    23.891    -2.04    6.62
 132011.856    22.863    -2.73    4.85
 132388.031    23.378     1.37    4.37
 132764.205    23.107    -0.72    3.71
 133140.377    22.763    -0.92    2.70
 133516.548    23.417     1.74    2.23
 133892.717    24.276     2.28    2.06
 134268.886    24.783     1.35    1.91
 134645.052    24.763    -0.05    2.72
 135021.218    26.416     4.39    5.14
 135397.381    27.669     3.33    5.93
 135773.544    29.134     3.90    5.89
 136149.705    32.513     8.98    5.11
 136525.865    34.188     4.45    5.15
 136902.023    35.918     4.60    4.79
 137278.180    38.034     5.62    3.53
 137654.336    38.441     1.08    3.63
 138030.490    39.444     2.67    4.27
 138406.643    38.161    -3.41    5.15
 138782.794    36.609    -4.13    6.01
 139158.944    36.023    -1.56    6.56
 139535.093    35.707    -0.84    6.22
 139911.240    37.810     5.59    6.29
 140287.386    39.660     4.92    7.01
 140663.530    44.224    12.13    6.92
 141039.673    46.259     5.41    6.18
 141415.815    46.841     1.55    5.21
 141791.956    48.948     5.60    4.82
 142168.095    49.891     2.51    5.59
 142544.232    51.810     5.10    6.73
 142920.369    55.296     9.27    5.87
 143296.503    56.648     3.59    5.74
 143672.637    56.391    -0.68    5.93
 144048.769    54.583    -4.81    6.72
 144424.900    51.276    -8.79    8.06
 144801.030    47.049   -11.24    8.19
 145177.158    42.180   -12.94    6.20
 145553.285    39.045    -8.34    5.54
 145929.410    39.019    -0.07    5.48
 146305.534    38.459    -1.49    4.71
 146681.657    41.173     7.22    5.23
 147057.778    43.863     7.15    5.80
 147433.898    45.154     3.43    7.14
 147810.017    46.917     4.69    7.57
 148186.134    47.766     2.26    7.01
 148562.250    47.147    -1.64    6.59
 148938.365    46.575    -1.52    5.76
 149314.478    45.540    -2.75    3.60
 149690.590    46.972     3.81    4.36
 150066.701    49.002     5.40    5.35
 150442.810    53.549    12.09    9.11
 150818.918    57.147     9.57    9.53
 151195.025    58.405     3.34    9.15
 151571.131    58.122    -0.75    8.12
 151947.235    58.071    -0.14    7.12
 152323.337    59.942     4.98    7.68
 152699.439    63.486     9.42    8.83
 153075.539    66.045     6.80    8.47
 153451.638    68.567     6.71    7.53
 153827.735    68.053    -1.37    7.73
 154203.831    66.378    -4.46    8.68
 154579.926    61.133   -13.94    9.63
 154956.020    58.250    -7.67    8.12
 155332.112    56.942    -3.48    8.03
 155708.203    57.169     0.60    9.09
 156084.292    57.944     2.06    7.99
 156460.381    57.363    -1.54    5.36
 156836.468    56.128    -3.28    4.31
 157212.553    56.173     0.12    5.87
 157588.638    57.567     3.71    6.49
 157964.721    60.338     7.37    6.47
 158340.803    61.628     3.43    5.46
 158716.883    60.173    -3.87    5.41
 159092.962    58.432    -4.63    4.98
 159469.040    57.506    -2.46    4.95
 159845.117    56.199    -3.48    4.65
 160221.192    53.350    -7.57    7.22
 160597.266    51.864    -3.95    7.19
 160973.339    50.474    -3.70    6.40
 161349.411    51.122     1.72    6.02
 161725.481    54.532     9.07    4.18
 162101.550    55.348     2.17    3.33
 162477.617    56.353     2.67    3.14
 162853.684    56.780     1.14    3.79
 163229.749    58.026     3.31    4.04
 163605.813    57.942    -0.22    4.35
 163981.875    57.891    -0.14    4.56
 164357.937    56.496    -3.71    4.35
 164733.997    55.154    -3.57    3.80
 165110.055    55.266     0.30    3.91
 165486.113    55.675     1.09    4.64
 165862.169    55.891     0.57    5.06
 166238.224    55.840    -0.14    4.92
 166614.278    55.835    -0.01    4.67
 166990.330    56.378     1.44    4.62
 167366.382    57.669     3.43    4.68
 167742.432    60.102     6.47    4.58
 168118.480    61.366     3.36    4.79
 168494.528    61.621     0.68    4.47
 168870.574    61.891     0.72    4.19
 169246.619    62.660     2.05    4.35
 169622.663    63.496     2.22    4.14
 169998.705    65.759     6.02    4.85
 170374.746    68.276     6.69    5.23
 170750.786    71.602     8.84    5.14
 171126.825    74.169     6.83    6.28
 171502.863    76.686     6.69    7.23
 171878.899    83.669    18.57   12.64
 172254.934    91.241    20.14   15.35
 172630.968   100.635    24.98   13.81
 173007.001   108.141    19.96   11.78
 173383.032   108.864     1.92   10.04
 173759.062   108.459    -1.08    9.40
 174135.091   107.654    -2.14    9.52
 174511.119   105.635    -5.37    9.49
 174887.145   108.161     6.72   10.83
 175263.171   110.353     5.83   11.97
 175639.195   108.840    -4.02   12.39
 176015.217   109.917     2.87   11.45
 176391.239   108.242    -4.45   10.09
 176767.259   109.404     3.09   10.31
 177143.279   112.250     7.57   10.46
 177519.297   114.280     5.40   10.98
 177895.313   118.814    12.06   10.94
 178271.329   125.335    17.34    8.92
 178647.343   126.233     2.39    8.39
 179023.357   129.173     7.82    6.59
 179399.369   131.579     6.40    4.88
 179775.379   130.594    -2.62    6.85
 180151.389   126.459   -11.00   12.22
 180527.397   118.107   -22.21   14.67
 180903.404   106.019   -32.15   13.71
 181279.410    97.335   -23.09    8.88
 181655.415    92.814   -12.02    5.90
 182031.419    90.635    -5.80    4.82
 182407.421    88.968    -4.43    6.08
 182783.423    88.621    -0.92    6.28
 183159.423    87.429    -3.17    6.21
 183535.422    86.891    -1.43    4.75
 183911.419    87.197     0.81    4.44
 184287.416    86.756    -1.17    4.84
 184663.411    84.405    -6.25    4.34
 185039.405    82.864    -4.10    5.48
 185415.414    77.968   -13.02    7.23
 185791.646    74.454    -9.34    7.12
 186167.878    71.128    -8.84    5.67
 186544.109    69.207    -5.11    3.92
 186920.338    70.669     3.89    4.02
 187296.567    74.199     9.38    5.29
 187672.794    76.837     7.01    4.85
 188049.020    79.583     7.30    4.02
 188425.245    82.233     7.04    4.12
 188801.468    84.180     5.18    4.53
 189177.691    84.918     1.96    4.40
 189553.912    85.071     0.41    4.43
 189930.132    85.891     2.18    4.58
 190306.351    86.058     0.44    4.54
 190682.569    88.215     5.74    4.57
 191058.786    92.080    10.27    6.26
 191435.002    94.945     7.61    6.38
 191811.216    99.378    11.78    7.60
 192187.429   100.303     2.46    7.41
 192563.641    96.241   -10.80    9.91
 192939.852    91.994   -11.29   11.35
 193316.062    85.641   -16.89   10.03
 193692.271    80.532   -13.58    7.35
 194068.479    77.702    -7.52    4.31
 194444.685    76.891    -2.16    5.09
 194820.890    76.707    -0.49    6.35
 195197.095    77.096     1.03    6.31
 195573.298    76.486    -1.62    5.13
 195949.500    75.207    -3.40    5.27
 196325.700    74.166    -2.77    4.19
 196701.900    71.974    -5.83    3.30
 197078.099    70.996    -2.60    3.57
 197454.296    70.702    -0.78    3.35
 197830.492    69.675    -2.73    3.90
 198206.688    68.675    -2.66    4.44
 198582.882    67.558    -2.97    4.13
 198959.075    64.301    -8.66    4.33
 199335.267    63.455    -2.25    4.53
 199711.457    63.594     0.37    4.95
 200087.647    64.942     3.58    6.19
 200463.835    67.404     6.54    5.80
 200840.023    68.968     4.16    6.05
 201216.209    68.733    -0.62    6.17
 201592.394    65.763    -7.90    7.74
 201968.579    62.752    -8.00    7.18
 202344.762    60.128    -6.98    7.18
 202720.944    58.609    -4.04    7.06
 203097.124    57.120    -3.96    7.66
 203473.304    57.173     0.14    7.46
 203849.483    56.702    -1.25    7.24
 204225.660    56.335    -0.97    7.15
 204601.837    56.323    -0.03    5.72
 204978.012    56.585     0.70    5.71
 205354.186    54.944    -4.36    6.34
 205730.360    52.818    -5.65    6.21
 206106.532    51.269    -4.12    6.46
 206482.703    48.891    -6.32    5.85
 206858.873    48.575    -0.84    4.82
 207235.042    47.865    -1.89    4.78
 207611.210    47.188    -1.80    4.61
 207987.376    47.366     0.47    4.51
 208363.542    47.999     1.68    5.60
 208739.707    50.107     5.60    7.88
 209115.870    50.648     1.44    7.05
 209492.033    51.748     2.93    5.68
 209868.194    51.481    -0.71    5.07
 210244.354    48.301    -8.45    5.04
 210620.514    46.320    -5.27    5.03
 210996.672    42.432   -10.34    5.33
 211372.829    40.432    -5.32    5.26
 211748.985    39.680    -2.00    5.57
 212125.140    39.641    -0.10    5.79
 212501.294    42.513     7.63    6.39
 212877.447    46.259     9.96    7.71
 213253.599    50.391    10.98    8.13
 213629.750    54.712    11.49    7.27
 214005.900    57.621     7.73    5.19
 214382.048    60.441     7.50    6.34
 214758.196    63.075     7.00    5.14
 215134.343    65.474     6.38    6.35
 215510.488    66.783     3.48    6.10
 215886.633    68.085     3.46    5.82
 216262.777    69.404     3.50    5.73
 216638.919    70.532     3.00    5.04
 217015.061    72.005     3.92    6.58
 217391.201    73.891     5.01    6.04
 217767.340    76.107     5.89    5.22
 218143.479    75.808    -0.80    4.94
 218519.616    73.122    -7.14    5.88
 218895.753    70.654    -6.56    6.56
 219271.888    67.019    -9.66    7.04
 219648.022    66.523    -1.32    7.07
 220024.155    66.866     0.91    6.66
 220400.288    67.540     1.79    5.42
 220776.419    68.441     2.40    5.09
 221152.549    69.429     2.63    5.06
 221528.678    69.724     0.78    5.07
 221904.807    70.972     3.32    4.65
 222280.934    72.107     3.02    3.63
 222657.060    73.729     4.31    3.46
 223033.185    75.763     5.41    3.76
 223409.309    79.447     9.79    6.71
 223785.433    84.788    14.20    8.11
 224161.555    88.759    10.56    7.76
 224537.676    91.297     6.75    6.63
 224913.796    93.808     6.67    4.99
