# NaN NaN NaN ;Mean Elev.(m), Avg Gradient(m/km), RMS Gradient(m/km) - SRTM1     
#   -0.965   0.171   2.370 ;Mean Elev.(m), Avg Gradient(m/km), RMS Gradient(m/km) - ASTER GDEM
#    1.248  -0.165   1.367 ;Mean Elev.(m), Avg Gradient(m/km), RMS Gradient(m/km) - GMTED2010 
  7 306.631872  -1.791357     4.941     5.254 11 52468.06572444 27.214
  8 306.631715  -1.791386     4.749     4.844 11 52503.06571376 22.509
 10 306.630523  -1.791661     2.500     2.567 11 52573.06573813 20.513
 11 306.634857  -1.789223     3.144     3.075 11 52608.06569645 15.614
 12 306.632222  -1.790735     3.628     3.835 11 52643.06569249 23.159
 13 306.635943  -1.788577     3.859     3.865 11 52678.06567610 19.209
 14 306.631289  -1.790827     4.034     4.267 12 52713.06571280 25.207
 16 306.631529  -1.791162     5.008     5.318 12 52783.06567926 35.312
 17 306.630942  -1.791046     5.611     5.462 11 52818.06575726 24.824
 18 306.634426  -1.790286     4.770     4.650 12 52853.06580710 24.928
 20 306.632280  -1.789797     4.046     4.087 11 52923.06579552 20.183
 21 306.638852  -1.788273     2.047     2.394 12 52958.06576147 20.758
 22 306.636170  -1.789256     3.306     3.315 11 52993.06578633 14.123
 23 306.637207  -1.787699     3.808     3.962 12 53028.06575193 25.250
 24 306.638927  -1.788322     3.951     4.007 12 53063.06576009 23.802
 25 306.627896  -1.791840     4.761     5.057 11 53098.06577761 26.033
 26 306.640533  -1.787311     5.294     5.534 11 53133.06575826 23.240
 28 306.632095  -1.791493     5.168     5.083 11 53203.06583303 28.437
 29 306.638969  -1.788003     4.564     4.530 11 53238.06580191 18.840
 30 306.635719  -1.788721     3.971     3.977 11 53273.06576118 16.045
 31 306.628519  -1.792558     3.382     3.372 11 53308.06582071 22.329
 33 306.637253  -1.787854     3.829     3.879 12 53378.06572763 24.558
 34 306.637385  -1.789249     3.626     3.921 12 53413.06576376 25.546
 35 306.633862  -1.790295     4.909     5.049 12 53448.06575098 36.441
 36 306.626558  -1.792208     5.290     5.564 11 53483.06583613 28.988
 37 306.633858  -1.789173     5.156     5.502 12 53518.06583701 30.495
 38 306.627292  -1.793823     4.970     5.321 11 53553.06585781 27.966
 39 306.637335  -1.788532     4.799     4.830 12 53588.06580862 22.961
 40 306.627493  -1.792758     2.918     2.877 11 53623.06577891 20.686
 41 306.631667  -1.791268     2.659     2.625 11 53658.06580644 17.832
 42 306.632049  -1.791001     2.840     2.826 11 53693.06578823 14.651
 43 306.635824  -1.789318     3.149     3.188 12 53728.06571176 19.505
 44 306.640201  -1.787863     4.524     4.427 12 53763.06566965 21.752
 45 306.636643  -1.788097     4.569     4.668 11 53798.06567964 30.854
 47 306.631413  -1.789983     4.275     4.571 11 53868.06573919 22.174
 48 306.632050  -1.791577     5.531     5.934 11 53903.06577056 25.420
 49 306.624003  -1.795245     4.923     5.213 11 53938.06580668 31.695
 50 306.630230  -1.792437     4.641     4.620 11 53973.06576951 20.687
 52 306.638266  -1.789041     3.081     3.075 12 54043.06578137 19.579
 53 306.633664  -1.790662     2.995     2.952 12 54078.06577462 22.436
 56 306.633224  -1.790469     4.844     4.840 12 54183.06570188 24.644
 57 306.632435  -1.790795     4.964     5.064 12 54218.06572766 27.203
 58 306.632733  -1.791417     5.189     5.551 11 54253.06575339 22.555
 59 306.634761  -1.788770     5.290     5.290 12 54288.06575795 24.177
 60 306.634899  -1.789612     3.923     4.382 11 54323.06575476 22.805
 61 306.634605  -1.790554     4.286     4.298 11 54358.06571201 17.621
 62 306.634287  -1.789636     2.452     2.328 11 54393.06569511 20.499
 63 306.634705  -1.789095     3.255     3.299 11 54428.06566220 18.799
 65 306.634977  -1.790360     4.453     4.395 12 54498.06567102 22.302
 66 306.635265  -1.789200     4.910     4.934 12 54533.06568692 22.245
 67 306.634258  -1.790655     5.236     5.610 11 54568.06567554 25.130
 68 306.633021  -1.789817     5.619     6.015 11 54603.06568251 22.913
 69 306.632430  -1.789889     5.376     5.021 12 54638.06569312 24.542
 70 306.632419  -1.790181     5.075     5.372 11 54673.06569607 20.653
 71 306.635115  -1.788838     4.949     4.895 12 54708.06565526 19.601
 72 306.633435  -1.789279     3.335     3.271 11 54743.06566201 18.949
 73 306.635333  -1.790038     2.893     2.780 12 54778.06563647 20.666
 74 306.633840  -1.789260     3.795     3.800 12 54813.06565502 22.502
 75 306.633932  -1.790636     3.892     3.953 12 54848.06563679 23.011
 76 306.632794  -1.790671     4.440     4.066 12 54883.06565823 23.425
 77 306.631469  -1.790150     5.323     5.749 11 54918.06563895 24.068
 78 306.632378  -1.789994     7.216     7.193 11 54953.06565302 33.819
 79 306.630899  -1.790556     5.847     6.230 11 54988.06567725 21.891
 80 306.634910  -1.789577     6.442     6.418 12 55023.06566902 23.379
 81 306.633927  -1.789854     5.383     5.448 11 55058.06566480 20.813
 82 306.633129  -1.790449     5.008     5.011 11 55093.06561988 17.068
 83 306.633785  -1.789944     2.548     2.153 12 55128.06560485 23.684
 84 306.633686  -1.789210     2.744     2.595 11 55163.06558104 16.004
 85 306.633263  -1.790552     4.029     4.426 12 55198.06559633 18.621
 86 306.633005  -1.790359     3.771     3.954 12 55233.06558530 22.949
 87 306.634191  -1.790741     4.530     4.408 11 55268.06559045 20.321
 88 306.634816  -1.789094     4.909     5.222 11 55303.06556549 21.435
 89 306.633515  -1.790569     5.278     5.368 11 55338.06556497 21.441
 90 306.634580  -1.789892     5.676     5.555 12 55373.06555508 22.164
 91 306.635009  -1.788998     4.981     4.898 11 55408.06557594 19.164
 92 306.634014  -1.789455     3.504     4.060 11 55443.06557386 17.354
 93 306.635004  -1.790097     3.403     3.396 12 55478.06551271 18.025
