# NaN NaN NaN ;Mean Elev.(m), Avg Gradient(m/km), RMS Gradient(m/km) - SRTM1     
#   17.108   0.401   3.949 ;Mean Elev.(m), Avg Gradient(m/km), RMS Gradient(m/km) - ASTER GDEM
#    7.860  -0.110   4.979 ;Mean Elev.(m), Avg Gradient(m/km), RMS Gradient(m/km) - GMTED2010 
  8 300.463469  -3.137319    19.709    19.687 20 52499.08341181 32.216
 10 300.464398  -3.139216    13.641    13.763 20 52569.08342714 25.727
 11 300.460375  -3.137893    12.450    11.902 20 52604.08341372 26.400
 12 300.461215  -3.139602    14.411    14.220 22 52639.08339259 29.057
 13 300.462409  -3.138588    15.190    14.887 21 52674.08338972 21.090
 14 300.462533  -3.138973    16.183    15.710 20 52709.08340346 20.357
 15 300.456081  -3.136747    17.679    17.618 21 52744.08343294 27.869
 17 300.459875  -3.138282    20.111    20.081 21 52814.08345253 30.052
 18 300.462490  -3.138168    19.925    19.874 21 52849.08350553 36.331
 19 300.459200  -3.137557    18.011    18.016 21 52884.08354126 28.047
 20 300.463266  -3.137518    14.414    13.423 20 52919.08349754 25.860
 21 300.468419  -3.138517    13.392    13.707 20 52954.08346012 29.246
 22 300.472116  -3.136824    13.343    12.782 17 52989.08346804 25.514
 23 300.469432  -3.137709    14.186    13.931 19 53024.08345343 31.407
 24 300.471531  -3.138676    14.868    14.632 18 53059.08344986 30.330
 25 300.455846  -3.139719    16.176    16.305 23 53094.08348763 25.945
 26 300.467961  -3.137215    18.274    18.287 19 53129.08345968 34.877
 28 300.462969  -3.137907    18.732    18.785 20 53199.08352859 32.228
 29 300.471334  -3.137716    17.842    17.521 19 53234.08349842 25.268
 30 300.461932  -3.138570    14.692    14.594 20 53269.08346561 38.706
 31 300.455213  -3.138184    13.694    13.178 23 53304.08352631 20.146
 32 300.461969  -3.137899    12.972    11.960 20 53339.08349509 26.719
 33 300.464901  -3.136894    13.891    13.672 20 53374.08342734 29.758
 35 300.462880  -3.138448    17.262    17.274 21 53444.08345227 22.716
 36 300.457134  -3.138720    18.525    18.630 22 53479.08352974 32.075
 37 300.462235  -3.137461    19.698    19.642 21 53514.08353860 27.512
 38 300.457177  -3.137637    19.531    19.487 22 53549.08355742 32.283
 39 300.463907  -3.138043    17.873    17.742 21 53584.08352070 24.064
 40 300.459466  -3.138176    15.355    15.003 21 53619.08347736 18.107
 41 300.462573  -3.139454    13.259    14.716 21 53654.08350150 16.735
 42 300.459794  -3.138109    12.488    11.644 21 53689.08349839 17.186
 43 300.465126  -3.138270    13.277    12.512 20 53724.08342289 29.648
 44 300.470285  -3.136495    15.783    15.511 18 53759.08336372 24.394
 45 300.466734  -3.138553    18.191    18.191 20 53794.08338350 38.989
 46 300.467188  -3.138596    18.934    18.943 20 53829.08335746 30.970
 47 300.460269  -3.138971    20.006    19.995 21 53864.08343848 30.955
 48 300.462869  -3.138605    20.904    20.901 20 53899.08346329 31.218
 49 300.452758  -3.138405    19.937    19.965 22 53934.08350844 31.176
 50 300.457237  -3.137771    17.301    17.192 21 53969.08347917 23.483
 51 300.465830  -3.137816    12.249    11.976 19 54004.08345119 38.039
 52 300.466059  -3.137434     9.591     8.900 20 54039.08348461 32.890
 53 300.463781  -3.136619    12.493    12.105 20 54074.08347886 35.595
 54 300.461461  -3.137846    14.500    14.534 21 54109.08342470 39.956
 55 300.463013  -3.138885    16.120    16.048 20 54144.08341631 20.747
 56 300.461931  -3.138172    16.460    16.281 20 54179.08340904 21.282
 57 300.462035  -3.138412    18.330    18.316 21 54214.08342370 28.662
 58 300.462075  -3.138041    19.710    19.726 21 54249.08345231 31.949
 59 300.463625  -3.138000    20.298    20.257 21 54284.08346024 32.634
 60 300.464828  -3.139630    18.929    19.012 20 54319.08345707 30.145
 61 300.463854  -3.139275    14.543    14.247 20 54354.08342091 35.250
 62 300.464130  -3.138299    13.443    12.224 20 54389.08339747 19.854
 63 300.462830  -3.137458    12.001    11.380 20 54424.08337092 29.752
 64 300.464662  -3.139616    14.442    13.706 20 54459.08337235 22.371
 65 300.464149  -3.138870    16.260    16.237 20 54494.08337510 29.721
 66 300.465352  -3.138191    17.658    17.684 20 54529.08338526 23.092
 67 300.462889  -3.139501    19.196    19.144 21 54564.08338214 40.369
 68 300.462707  -3.137881    20.107    20.126 21 54599.08338160 41.540
 69 300.461528  -3.137707    20.579    20.649 20 54634.08339407 32.616
 70 300.461902  -3.138821    20.000    19.976 21 54669.08339862 35.682
 71 300.464524  -3.139699    17.476    17.399 20 54704.08336262 24.212
 72 300.463480  -3.138242    14.548    14.275 21 54739.08336118 22.503
 73 300.464682  -3.139616    11.760    11.053 20 54774.08334316 32.409
 74 300.463238  -3.139592    15.317    15.070 21 54809.08335387 17.604
 75 300.463023  -3.137744    15.816    15.835 21 54844.08334215 44.889
 76 300.461661  -3.137553    18.121    18.162 20 54879.08335776 28.631
 77 300.461334  -3.139123    19.407    19.389 22 54914.08334540 32.153
 78 300.461143  -3.136985    21.009    20.926 21 54949.08335045 38.305
 79 300.460899  -3.137616    20.720    20.855 20 54984.08337569 30.393
 80 300.463952  -3.138704    21.394    21.299 20 55019.08337133 30.228
 81 300.463937  -3.138084    20.653    20.591 21 55054.08336772 34.541
 82 300.461845  -3.137554    17.513    17.404 20 55089.08332887 27.983
 83 300.464421  -3.138558    14.917    15.620 20 55124.08330422 19.815
 84 300.462056  -3.138107    11.455     9.208 20 55159.08328906 21.520
 85 300.463161  -3.138858    14.272    13.685 20 55194.08329451 16.998
 87 300.463780  -3.137414    16.065    16.073 20 55264.08328948 30.375
 88 300.463225  -3.137855    17.674    17.658 21 55299.08327458 29.402
 89 300.461762  -3.138466    19.978    19.932 20 55334.08326806 35.140
 90 300.463924  -3.139398    19.874    19.889 20 55369.08325860 29.564
 91 300.463688  -3.136892    18.820    18.821 20 55404.08327566 31.253
 92 300.464883  -3.141230    15.894    15.577 21 55439.08327677 24.635
 93 300.463417  -3.136983    12.313    12.977 20 55474.08322403 25.546
