# NaN NaN NaN ;Mean Elev.(m), Avg Gradient(m/km), RMS Gradient(m/km) - SRTM1     
#   69.441   0.291   3.435 ;Mean Elev.(m), Avg Gradient(m/km), RMS Gradient(m/km) - ASTER GDEM
#   65.935  -0.157   4.552 ;Mean Elev.(m), Avg Gradient(m/km), RMS Gradient(m/km) - GMTED2010 
  7 289.881953  -4.045175    65.167    65.163 14 52469.11319094 50.270
  8 289.881898  -4.044124    66.812    66.409 14 52504.11317769 27.176
  9 289.888381  -4.053573    62.342    62.309 10 52539.11315924 47.246
 10 289.880257  -4.043720    63.219    63.258 14 52574.11320398 38.053
 11 289.886406  -4.052888    67.643    67.644 10 52609.11316133 49.525
 12 289.883867  -4.046556    68.415    68.402 14 52644.11315561 44.677
 13 289.890538  -4.054605    66.704    66.694  8 52679.11313367 46.177
 15 289.870101  -4.029205    69.122    69.131  8 52749.11320750 32.587
 16 289.882607  -4.045297    70.037    70.075 14 52784.11314597 40.486
 17 289.882104  -4.044009    69.566    69.560 14 52819.11322274 50.083
 18 289.887511  -4.052348    65.039    64.361  9 52854.11326998 48.537
 20 289.882835  -4.045607    63.190    63.200 14 52924.11325863 48.437
 21 289.893098  -4.055717    64.939    64.942  8 52959.11322298 49.571
 22 289.887399  -4.052066    66.328    66.346  9 52994.11325354 48.058
 23 289.888408  -4.054384    68.141    68.132  9 53029.11321753 49.722
 24 289.891807  -4.055327    64.791    64.783  9 53064.11322498 43.010
 25 289.878451  -4.044032    67.926    67.921 14 53099.11323944 51.535
 26 289.893474  -4.055036    67.606    67.630  8 53134.11322425 34.230
 28 289.882669  -4.045631    66.844    66.850 13 53204.11329838 41.751
 29 289.891718  -4.055224    62.769    62.438  9 53239.11326435 48.834
 30 289.888268  -4.052258    63.386    63.134  9 53274.11322780 44.715
 31 289.879455  -4.044228    64.887    64.901 14 53309.11328371 46.829
 32 289.885591  -4.052212    67.153    67.176 10 53344.11324829 49.430
 33 289.890397  -4.053970    66.761    66.767  9 53379.11319336 45.312
 34 289.891097  -4.053994    65.834    65.835  9 53414.11322443 44.211
 35 289.887233  -4.052556    68.577    68.560  9 53449.11321534 52.274
 37 289.887114  -4.052865    67.857    67.777 10 53519.11329892 38.483
 38 289.875310  -4.036787    65.846    65.846 12 53554.11332460 49.151
 39 289.891438  -4.054058    62.910    62.064  9 53589.11326733 42.727
 40 289.876807  -4.039405    59.141    59.190 12 53624.11324650 32.606
 41 289.882116  -4.043997    59.971    59.956 14 53659.11327229 37.293
 42 289.883126  -4.045397    65.055    64.681 13 53694.11324971 22.345
 43 289.888933  -4.053910    64.679    64.534  9 53729.11317103 47.589
 44 289.894114  -4.056684    67.250    67.249  8 53764.11313257 51.077
 45 289.890255  -4.055348    67.723    67.687  9 53799.11314028 38.775
 46 289.887866  -4.052588    69.957    69.942  9 53834.11313820 41.338
 47 289.882968  -4.045411    70.293    70.291 13 53869.11320332 49.396
 48 289.882356  -4.045324    65.304    65.342 14 53904.11323684 47.622
 49 289.870412  -4.029149    63.436    63.457  8 53939.11327483 51.244
 50 289.880779  -4.044404    61.709    61.302 14 53974.11323184 40.642
 52 289.892240  -4.054847    63.190    62.528  9 54044.11324249 41.247
 53 289.885633  -4.051487    66.440    66.449 10 54079.11323643 42.546
 54 289.885193  -4.051598    68.810    68.837 10 54114.11317318 33.717
 56 289.885594  -4.051986    68.188    68.202 10 54184.11316293 48.198
 57 289.883361  -4.045284    69.277    69.257 13 54219.11319296 27.859
 58 289.883701  -4.045756    68.722    68.666 14 54254.11321800 37.437
 59 289.887847  -4.053040    65.600    65.611  9 54289.11321966 48.580
 60 289.887912  -4.053413    61.599    61.650 10 54324.11321674 49.554
 61 289.886710  -4.052254    61.408    61.427  9 54359.11317250 45.279
 62 289.887065  -4.052107    61.138    61.123  9 54394.11315717 49.473
 63 289.887672  -4.052841    66.271    66.255 10 54429.11312228 48.355
 64 289.887918  -4.053590    66.869    66.886  9 54464.11313594 51.597
 65 289.887485  -4.052626    68.457    68.407  9 54499.11313274 51.269
 66 289.887945  -4.052578    69.211    69.177  9 54534.11315012 49.577
 67 289.886773  -4.052694    69.550    69.555 10 54569.11313658 51.684
 68 289.885772  -4.052742    69.448    69.475 10 54604.11314541 49.306
 69 289.884065  -4.047242    66.014    65.982 12 54639.11315657 36.685
 70 289.883529  -4.046235    64.558    64.563 14 54674.11315940 47.786
 71 289.888311  -4.054118    60.995    60.381  9 54709.11311573 38.079
 72 289.886055  -4.052297    62.958    62.952 10 54744.11312478 50.710
 73 289.887801  -4.052501    64.693    64.646  9 54779.11309846 49.732
 74 289.886609  -4.051976    66.115    66.129  9 54814.11311778 49.928
 75 289.886492  -4.052514    67.198    67.209  9 54849.11309830 51.640
 76 289.885097  -4.051464    69.823    69.811 10 54884.11312151 51.163
 77 289.882268  -4.045308    70.368    70.343 14 54919.11310132 40.734
 78 289.883654  -4.045797    71.028    71.012 13 54954.11311781 50.135
 79 289.882084  -4.046680    70.316    70.386 14 54989.11314169 34.132
 80 289.887642  -4.053466    68.119    68.111 10 55024.11313153 49.787
 81 289.886455  -4.052581    63.789    63.804 10 55059.11312678 38.086
 82 289.885478  -4.052534    61.346    61.334 10 55094.11308034 35.905
 83 289.886246  -4.052437    63.766    63.059  9 55129.11306764 20.227
 84 289.886729  -4.051904    63.895    63.892  9 55164.11304154 48.228
 85 289.885664  -4.052335    68.330    68.408 10 55199.11305957 28.091
 87 289.886397  -4.051879    67.382    67.366  9 55269.11305369 25.634
 88 289.887358  -4.052822    68.996    69.026  9 55304.11302701 47.325
 89 289.886431  -4.053413    68.941    68.939 10 55339.11302684 50.540
 90 289.886937  -4.052027    65.402    65.391  9 55374.11301794 50.669
 91 289.887869  -4.052953    63.016    62.991  9 55409.11303916 51.095
 92 289.886664  -4.052297    58.612    58.588 10 55444.11303560 49.056
 93 289.887520  -4.053232    58.102    58.125 10 55479.11297225 48.942
