-221916.246    17.281     0.00    3.00
-221540.144    17.589     0.82    2.94
-221164.042    17.636     0.12    2.95
-220787.942    17.513    -0.33    2.98
-220411.842    16.306    -3.21    2.58
-220035.744    14.949    -3.61    3.30
-219659.646    15.069     0.32    3.36
-219283.550    15.872     2.14    3.62
-218907.454    17.077     3.20    3.94
-218531.360    17.440     0.97    5.07
-218155.266    16.923    -1.37    6.28
-217779.174    17.144     0.59    6.22
-217403.082    17.235     0.24    6.57
-217026.992    17.657     1.12    5.14
-216650.902    18.180     1.39    4.15
-216274.814    18.057    -0.33    4.03
-215898.726    17.103    -2.54    3.80
-215522.639    15.090    -5.35    5.68
-215146.554    13.308    -4.74    6.01
-214770.469    12.359    -2.52    5.93
-214394.386    12.872     1.36    5.41
-214018.303    12.765    -0.28    5.50
-213642.221    12.641    -0.33    5.11
-213266.141    12.792     0.40    5.83
-212890.061    12.267    -1.40    6.44
-212513.982    11.765    -1.34    6.73
-212137.905    12.909     3.04    6.05
-211761.828    10.564    -6.23    7.14
-211385.752     8.320    -5.97    7.48
-211009.677     6.430    -5.03    7.81
-210633.603     3.241    -8.48    6.50
-210257.530     2.124    -2.97    6.41
-209881.459     3.609     3.95    7.60
-209505.388     4.026     1.11    8.07
-209129.318     3.198    -2.20    7.42
-208753.248     0.873    -6.18    3.82
-208377.180     2.128     3.34    6.10
-208001.113     7.128    13.30    8.96
-207625.047    12.441    14.13    8.00
-207248.982    15.923     9.26    5.15
-206872.917    14.008    -5.09    6.44
-206496.854     9.430   -12.18    8.21
-206120.792     4.738   -12.48    7.35
-205744.730     0.582   -11.05    2.70
-205368.670     1.795     3.23    5.14
-204992.610     6.462    12.41    7.87
-204616.551    10.152     9.81    7.66
-204240.494    13.616     9.21    4.95
-203864.437    14.096     1.28    3.78
-203488.381    10.004   -10.88    6.81
-203112.326     5.436   -12.15    6.89
-202736.272     2.090    -8.90    5.27
-202360.219    -0.154    -5.97    0.00
-201984.167    -0.154     0.00    0.00
-201608.116    -0.154     0.00    0.00
-201232.065    -0.154     0.00    0.00
-200856.016    -0.154     0.00    0.00
-200479.968    -0.154     0.00    0.00
-200103.920     0.541     1.85    2.40
-199727.874     4.657    10.95    6.98
-199351.828     7.846     8.48    7.76
-198975.783    11.662    10.15    7.69
-198599.739    13.646     5.28    7.65
-198223.696    13.902     0.68    8.24
-197847.654    15.896     5.30    7.16
-197471.613    17.522     4.32    6.56
-197095.573    19.267     4.64    4.77
-196719.533    20.057     2.10    3.08
-196343.495    18.715    -3.57    4.16
-195967.457    17.735    -2.60    3.88
-195591.421    16.319    -3.77    3.48
-195215.385    15.872    -1.19    3.79
-194839.350    14.763    -2.95    4.20
-194463.316    14.539    -0.60    4.03
-194087.283    14.590     0.14    3.68
-193711.170    14.846     0.68    3.06
-193334.955    15.008     0.43    2.20
-192958.742    14.819    -0.50    2.38
-192582.529    14.641    -0.47    2.52
-192206.317    15.564     2.45    2.91
-191830.107    14.684    -2.34    3.78
-191453.896    14.282    -1.07    4.01
-191077.687    14.188    -0.25    3.94
-190701.479    14.425     0.63    3.68
-190325.272    14.468     0.11    3.11
-189949.065    14.769     0.80    2.39
-189572.860    14.109    -1.75    2.24
-189196.655    14.235     0.33    2.56
-188820.451    13.609    -1.66    4.15
-188444.248    13.569    -0.11    4.31
-188068.046    13.154    -1.10    4.35
-187691.844    12.898    -0.68    3.60
-187315.644    12.483    -1.10    2.30
-186939.444    12.792     0.82    2.63
-186563.246    13.576     2.08    3.01
-186187.048    14.522     2.51    2.59
-185810.851    15.282     2.02    2.73
-185434.655    15.576     0.78    2.82
-185058.459    15.257    -0.85    2.79
-184682.265    15.103    -0.41    3.24
-184306.071    15.257     0.41    4.03
-183929.878    15.414     0.42    4.27
-183553.686    15.188    -0.60    4.44
-183177.495    14.530    -1.75    3.99
-182801.305    13.930    -1.60    3.83
-182425.116    12.927    -2.66    2.93
-182048.927    12.954     0.07    3.38
-181672.740    13.738     2.08    3.86
-181296.553    15.257     4.04    3.57
-180920.367    16.534     3.40    3.59
-180544.181    18.504     5.24    4.18
-180167.997    16.333    -5.77    7.17
-179791.813    13.874    -6.54    8.46
-179415.631    13.513    -0.96    8.95
-179039.449    15.603     5.56    9.45
-178663.268    19.000     9.03    7.47
-178287.087    21.692     7.16    4.18
-177910.908    20.504    -3.16    4.33
-177534.729    19.035    -3.90    5.97
-177158.551    16.692    -6.23    7.64
-176782.374    13.180    -9.34    7.98
-176406.198     8.485   -12.48    5.12
-176030.023     8.954     1.25    5.69
-175653.848    11.522     6.83    7.65
-175277.675    14.873     8.91    7.73
-174901.502    18.008     8.33    7.43
-174525.329    16.287    -4.58    7.52
-174149.158    13.471    -7.49    7.10
-173772.988    12.513    -2.55    6.91
-173396.818    15.069     6.79    7.85
-173020.649    18.410     8.88    7.26
-172644.481    18.819     1.09    7.30
-172268.313    19.846     2.73    7.11
-171892.147    20.609     2.03    7.18
-171515.981    22.077     3.90    6.08
-171139.816    24.225     5.71    3.47
-170763.652    24.794     1.51    2.62
-170387.488    24.871     0.21    2.63
-170011.326    24.046    -2.19    3.48
-169635.164    24.083     0.10    3.45
-169259.003    24.900     2.17    3.50
-168882.843    26.252     3.59    2.71
-168506.683    26.819     1.51    2.47
-168130.524    27.069     0.66    2.26
-167754.366    26.692    -1.00    2.23
-167378.209    25.616    -2.86    2.59
-167002.053    24.144    -3.91    3.04
-166625.897    22.667    -3.93    3.39
-166249.742    21.083    -4.21    3.31
-165873.588    22.359     3.39    3.43
-165497.435    23.252     2.37    3.79
-165121.282    25.026     4.72    3.27
-164745.130    25.819     2.11    2.08
-164368.979    25.399    -1.12    2.04
-163992.829    24.846    -1.47    2.06
-163616.679    24.464    -1.02    1.63
-163240.531    24.410    -0.14    1.85
-162864.382    24.900     1.30    2.07
-162488.235    24.930     0.08    2.22
-162112.089    24.684    -0.65    2.09
-161735.943    24.180    -1.34    2.03
-161359.798    24.373     0.51    1.86
-160983.653    24.407     0.09    1.91
-160607.510    24.630     0.59    2.07
-160231.367    24.462    -0.45    2.17
-159855.225    24.425    -0.10    2.96
-159479.084    21.688    -7.28    5.01
-159102.943    18.225    -9.21    4.68
-158726.803    16.646    -4.20    3.59
-158350.664    16.657     0.03    3.80
-157974.525    17.657     2.66    3.77
-157598.388    19.252     4.24    3.19
-157222.251    19.732     1.28    3.03
-156846.115    20.128     1.05    2.28
-156469.979    20.539     1.09    1.45
-156093.844    20.961     1.12    1.49
-155717.710    20.981     0.06    1.48
-155341.577    21.306     0.86    1.41
-154965.444    21.267    -0.10    1.54
-154589.312    21.071    -0.52    1.56
-154213.181    20.873    -0.53    1.42
-153837.050    21.530     1.75    2.38
-153460.921    21.215    -0.84    2.83
-153084.792    20.539    -1.80    2.75
-152708.663    20.468    -0.19    2.55
-152332.535    19.871    -1.59    2.21
-151956.409    19.294    -1.54    2.05
-151580.282    19.333     0.10    2.01
-151204.157    20.008     1.80    2.37
-150828.032    20.346     0.90    2.40
-150451.908    20.769     1.12    2.99
-150075.784    19.846    -2.45    2.37
-149699.661    19.018    -2.20    1.77
-149323.539    18.294    -1.93    1.59
-148947.418    17.711    -1.55    1.67
-148571.297    17.513    -0.53    1.55
-148195.177    17.385    -0.34    1.37
-147819.058    17.792     1.08    1.96
-147442.939    17.769    -0.06    1.92
-147066.821    17.899     0.34    2.18
-146690.704    18.646     1.99    2.60
-146314.587    19.207     1.49    3.30
-145938.471    19.471     0.70    3.77
-145562.356    20.590     2.97    3.99
-145186.241    22.430     4.89    5.11
-144810.127    24.008     4.20    4.96
-144434.014    26.144     5.68    4.26
-144057.902    27.603     3.88    2.90
-143681.790    27.399    -0.54    2.62
-143305.678    26.873    -1.40    2.70
-142929.568    26.385    -1.30    2.49
-142553.458    25.320    -2.83    1.94
-142177.349    24.495    -2.19    2.03
-141801.240    23.616    -2.34    2.29
-141425.132    22.616    -2.66    1.65
-141049.025    22.373    -0.65    1.52
-140672.918    22.763     1.04    1.89
-140296.812    23.513     1.99    1.94
-139920.707    24.346     2.22    1.78
-139544.602    24.846     1.33    1.64
-139168.498    25.103     0.68    1.55
-138792.394    25.532     1.14    1.68
-138416.292    25.657     0.33    1.58
-138040.190    25.549    -0.29    1.41
-137664.088    25.225    -0.86    1.50
-137287.987    25.576     0.93    2.01
-136911.887    25.485    -0.24    2.10
-136535.787    24.896    -1.57    2.39
-136159.688    24.872    -0.06    2.50
-135783.590    24.441    -1.15    2.44
-135407.492    24.373    -0.18    2.33
-135031.395    24.636     0.70    3.38
-134655.299    25.616     2.61    3.66
-134279.203    26.387     2.05    3.44
-133903.108    26.641     0.68    2.81
-133527.013    25.819    -2.19    2.46
-133150.919    24.744    -2.86    2.01
-132774.826    24.103    -1.70    2.09
-132398.733    23.253    -2.26    2.09
-132022.641    22.794    -1.22    1.66
-131646.550    22.630    -0.43    1.42
-131270.459    22.468    -0.43    1.48
-130894.369    22.436    -0.08    1.77
-130518.279    22.387    -0.13    1.80
-130142.190    22.180    -0.55    1.56
-129766.101    22.359     0.48    1.65
-129390.013    22.333    -0.07    1.54
-129013.926    22.609     0.74    1.51
-128637.840    22.513    -0.26    2.11
-128261.754    22.077    -1.16    1.94
-127885.668    22.144     0.18    1.61
-127509.583    21.873    -0.72    1.72
-127133.499    21.468    -1.08    1.62
-126757.415    21.441    -0.07    1.69
-126381.332    21.062    -1.01    1.86
-126005.250    20.628    -1.16    1.79
-125629.168    21.051     1.13    2.00
-125253.086    21.436     1.02    1.70
-124877.006    21.652     0.57    1.79
-124500.925    21.795     0.38    1.79
-124124.846    21.374    -1.12    1.73
-123748.767    21.410     0.10    2.05
-123372.688    21.162    -0.66    2.26
-122996.610    21.083    -0.21    2.39
-122620.533    21.062    -0.05    2.65
-122244.456    21.462     1.06    2.88
-121868.380    21.529     0.18    3.16
-121492.305    21.735     0.55    3.12
-121116.230    22.306     1.52    3.05
-120740.155    22.279    -0.07    3.03
-120364.081    22.819     1.44    3.49
-119988.008    22.765    -0.14    2.89
-119611.935    23.332     1.51    2.75
-119235.863    22.821    -1.36    2.63
-118859.791    22.795    -0.07    1.86
-118483.633    22.792    -0.01    2.38
-118107.452    22.692    -0.27    3.19
-117731.272    22.846     0.41    3.58
-117355.093    22.846     0.00    3.44
-116978.914    22.385    -1.23    3.53
-116602.736    22.077    -0.82    3.52
-116226.558    22.291     0.57    3.24
-115850.381    22.662     0.99    2.99
-115474.204    23.590     2.47    2.59
-115098.028    23.791     0.53    3.00
-114721.852    22.718    -2.85    4.19
-114345.677    21.765    -2.53    4.49
-113969.503    20.468    -3.45    4.26
-113593.329    19.684    -2.08    2.89
-113217.155    19.957     0.73    2.31
-112840.982    20.000     0.11    2.05
-112464.810    19.821    -0.48    2.49
-112088.638    19.711    -0.29    2.88
-111712.467    20.921     3.22    3.40
-111336.296    21.188     0.71    3.00
-110960.125    21.504     0.84    2.56
-110583.956    22.225     1.92    2.05
-110207.786    22.333     0.29    2.10
-109831.618    22.346     0.03    2.27
-109455.449    21.657    -1.83    3.23
-109079.282    19.609    -5.44    4.86
-108703.114    17.332    -6.05    5.98
-108326.948    14.513    -7.49    6.63
-107950.781    11.333    -8.45    6.44
-107574.616    10.374    -2.55    6.79
-107198.451    11.657     3.41    7.35
-106822.286    14.954     8.77    7.27
-106446.122    17.267     6.15    5.92
-106069.958    17.946     1.80    4.39
-105693.795    18.062     0.31    4.22
-105317.632    17.452    -1.62    3.97
-104941.470    17.557     0.28    3.57
-104565.308    18.215     1.75    3.74
-104189.147    18.657     1.18    3.38
-103812.986    18.646    -0.03    4.02
-103436.826    18.162    -1.29    3.93
-103060.666    17.819    -0.91    3.67
-102684.507    18.252     1.15    3.69
-102308.348    19.361     2.95    2.62
-101932.190    20.051     1.84    2.49
-101556.032    20.769     1.91    2.50
-101179.874    21.523     2.00    2.58
-100803.717    21.765     0.64    2.27
-100427.561    22.522     2.01    2.36
-100051.405    23.225     1.87    2.10
 -99675.250    23.564     0.90    2.25
 -99299.095    23.765     0.53    2.59
 -98922.940    23.487    -0.74    2.78
 -98546.786    22.846    -1.70    3.15
 -98170.632    22.359    -1.30    2.92
 -97794.479    21.144    -3.23    1.97
 -97418.326    21.261     0.31    2.10
 -97042.174    20.741    -1.38    1.87
 -96666.022    20.846     0.28    2.03
 -96289.871    20.900     0.14    2.44
 -95913.720    21.062     0.43    2.60
 -95537.570    21.846     2.08    3.14
 -95161.420    22.103     0.68    2.94
 -94785.270    21.816    -0.76    2.98
 -94409.121    22.487     1.78    3.48
 -94032.972    22.241    -0.65    3.14
 -93656.824    22.124    -0.31    2.89
 -93280.677    22.513     1.03    3.11
 -92904.529    23.252     1.96    3.39
 -92528.382    23.215    -0.10    3.51
 -92152.236    22.636    -1.54    3.61
 -91776.090    21.974    -1.76    3.45
 -91399.944    20.927    -2.78    2.78
 -91023.799    21.333     1.08    3.55
 -90647.654    22.521     3.16    3.61
 -90271.510    24.013     3.97    3.54
 -89895.366    24.495     1.28    3.24
 -89519.223    23.846    -1.72    2.71
 -89143.080    24.062     0.57    2.94
 -88766.937    24.035    -0.07    3.20
 -88390.795    23.989    -0.12    2.89
 -88014.653    24.571     1.55    2.96
 -87638.512    25.399     2.20    2.78
 -87262.371    25.792     1.05    2.89
 -86886.231    25.026    -2.04    3.66
 -86510.090    24.609    -1.11    4.26
 -86133.951    24.057    -1.47    4.30
 -85757.811    22.900    -3.07    4.16
 -85381.673    22.128    -2.05    3.19
 -85005.534    21.791    -0.90    3.01
 -84629.396    21.952     0.43    3.14
 -84253.258    22.410     1.22    3.49
 -83877.121    23.003     1.57    3.12
 -83500.984    21.978    -2.72    3.68
 -83124.848    20.603    -3.66    3.60
 -82748.712    19.819    -2.08    2.77
 -82372.576    19.954     0.36    2.74
 -81996.441    20.957     2.67    2.99
 -81620.306    22.267     3.48    3.65
 -81244.171    22.616     0.93    3.77
 -80868.037    22.738     0.33    4.02
 -80491.903    21.925    -2.16    4.12
 -80115.770    20.128    -4.78    3.25
 -79739.637    19.744    -1.02    2.50
 -79363.504    20.360     1.64    2.67
 -78987.372    20.949     1.57    2.55
 -78611.240    21.387     1.16    2.32
 -78235.109    21.603     0.57    2.58
 -77858.978    22.162     1.49    2.87
 -77482.847    21.815    -0.92    3.20
 -77106.717    22.026     0.56    3.46
 -76730.587    22.267     0.64    3.38
 -76354.457    22.624     0.95    2.93
 -75978.328    21.900    -1.92    3.27
 -75602.199    21.319    -1.55    4.38
 -75226.070    20.557    -2.03    4.49
 -74849.942    19.000    -4.14    4.31
 -74473.814    17.927    -2.85    4.24
 -74097.687    16.767    -3.08    3.24
 -73721.560    16.564    -0.54    2.81
 -73345.433    17.436     2.32    3.18
 -72969.307    18.576     3.03    2.76
 -72593.180    19.171     1.58    2.38
 -72217.055    18.630    -1.44    2.95
 -71840.929    17.252    -3.66    3.40
 -71464.804    16.684    -1.51    3.45
 -71088.680    16.132    -1.47    2.90
 -70712.555    16.026    -0.28    3.09
 -70336.431    17.026     2.66    2.94
 -69960.308    17.180     0.41    3.00
 -69584.184    18.000     2.18    3.11
 -69208.061    18.680     1.81    3.29
 -68831.939    20.117     3.82    4.17
 -68455.816    21.359     3.30    3.36
 -68079.694    22.333     2.59    2.99
 -67703.573    22.346     0.04    2.78
 -67327.451    21.583    -2.03    2.32
 -66951.330    21.896     0.83    1.85
 -66575.209    21.630    -0.71    2.25
 -66199.089    21.846     0.57    2.44
 -65822.969    22.000     0.41    2.70
 -65446.849    22.291     0.77    2.63
 -65070.730    23.468     3.13    2.75
 -64694.611    23.430    -0.10    2.91
 -64318.492    23.294    -0.36    2.73
 -63942.373    22.696    -1.59    3.98
 -63566.255    21.846    -2.26    4.67
 -63190.137    19.946    -5.05    6.72
 -62814.020    18.954    -2.64    8.23
 -62437.902    19.198     0.65    8.57
 -62061.785    20.215     2.70    8.69
 -61685.669    22.231     5.36    7.70
 -61309.552    23.478     3.32    6.74
 -60933.436    23.402    -0.20    6.67
 -60557.320    22.128    -3.39    7.10
 -60181.205    20.319    -4.81    6.48
 -59805.090    20.021    -0.79    5.45
 -59428.975    19.923    -0.26    4.46
 -59052.860    19.180    -1.98    4.47
 -58676.746    18.738    -1.17    4.14
 -58300.632    18.117    -1.65    3.08
 -57924.518    17.452    -1.77    3.02
 -57548.405    16.667    -2.09    2.81
 -57172.291    16.846     0.48    2.71
 -56796.178    16.421    -1.13    2.74
 -56420.066    16.000    -1.12    2.64
 -56043.953    16.425     1.13    2.70
 -55667.841    16.819     1.05    2.76
 -55291.729    17.821     2.66    2.87
 -54915.618    18.385     1.50    2.49
 -54539.507    17.791    -1.58    2.77
 -54163.396    16.590    -3.19    3.07
 -53787.285    15.902    -1.83    2.98
 -53411.174    15.715    -0.50    3.23
 -53035.064    16.590     2.33    3.97
 -52658.954    17.346     2.01    3.98
 -52282.844    16.792    -1.47    3.89
 -51906.735    16.267    -1.40    3.61
 -51530.626    15.252    -2.70    2.53
 -51154.517    16.000     1.99    3.11
 -50778.408    17.402     3.73    3.32
 -50402.300    18.898     3.98    3.40
 -50026.191    20.205     3.48    3.92
 -49650.083    21.744     4.09    3.52
 -49273.976    21.792     0.13    3.99
 -48897.868    21.872     0.21    3.35
 -48521.761    20.267    -4.27    4.56
 -48145.654    18.513    -4.66    4.21
 -47769.547    16.765    -4.65    3.70
 -47393.441    17.522     2.01    3.08
 -47017.334    18.117     1.58    2.18
 -46641.228    17.692    -1.13    3.64
 -46265.123    17.128    -1.50    4.97
 -45889.017    17.333     0.55    4.87
 -45512.912    17.410     0.20    4.24
 -45136.807    17.819     1.09    3.43
 -44760.702    19.000     3.14    1.76
 -44384.597    19.522     1.39    1.78
 -44008.493    19.692     0.45    1.61
 -43632.382    19.425    -0.71    1.80
 -43256.232    18.399    -2.73    2.41
 -42880.082    16.927    -3.91    2.07
 -42503.932    16.077    -2.26    2.10
 -42127.783    15.205    -2.32    1.95
 -41751.634    15.041    -0.44    1.94
 -41375.485    14.846    -0.52    1.87
 -40999.336    14.819    -0.07    1.96
 -40623.187    15.846     2.73    2.37
 -40247.039    15.603    -0.65    3.18
 -39870.891    14.817    -2.09    4.18
 -39494.743    12.271    -6.77    5.47
 -39118.595    10.128    -5.70    5.44
 -38742.448     9.402    -1.93    5.76
 -38366.300     7.103    -6.11    6.16
 -37990.153     6.873    -0.61    6.88
 -37614.006     6.004    -2.31    6.09
 -37237.860     5.846    -0.42    5.95
 -36861.713     6.180     0.89    5.79
 -36485.567     6.387     0.55    6.38
 -36109.420     5.373    -2.70    5.71
 -35733.274     4.021    -3.59    4.47
 -35357.129     4.957     2.49    5.02
 -34980.983     8.504     9.43    6.98
 -34604.838    11.333     7.52    6.94
 -34228.692    12.414     2.87    6.48
 -33852.547    13.333     2.44    6.95
 -33476.402    14.402     2.84    6.85
 -33100.257    16.282     5.00    5.47
 -32724.113    17.410     3.00    4.15
 -32347.968    18.013     1.60    2.32
 -31971.824    16.692    -3.51    3.52
 -31595.680    15.898    -2.11    4.36
 -31219.536    15.667    -0.61    4.03
 -30843.392    14.820    -2.25    3.90
 -30467.249    14.692    -0.34    3.11
 -30091.105    14.485    -0.55    2.43
 -29714.962    14.792     0.82    2.69
 -29338.819    14.949     0.42    2.76
 -28962.676    14.761    -0.50    2.65
 -28586.533    14.462    -0.79    2.84
 -28210.390    12.215    -5.97    4.98
 -27834.248     9.513    -7.18    6.50
 -27458.106     6.846    -7.09    6.06
 -27081.963     6.069    -2.07    4.14
 -26705.821     7.873     4.80    3.98
 -26329.679    11.771    10.36    4.15
 -25953.538    14.792     8.03    5.02
 -25577.396    18.564    10.03    5.58
 -25201.254    22.162     9.57    3.88
 -24825.113    24.188     5.39    2.94
 -24448.972    25.144     2.54    2.27
 -24072.831    25.246     0.27    1.98
 -23696.690    24.657    -1.57    1.94
 -23320.549    24.008    -1.72    1.85
 -22944.408    23.630    -1.01    2.45
 -22568.267    22.589    -2.77    3.15
 -22192.127    21.385    -3.20    4.48
 -21815.987    20.872    -1.36    5.28
 -21439.846    20.819    -0.14    4.85
 -21063.706    21.008     0.50    4.09
 -20687.566    21.035     0.07    4.38
 -20311.426    20.688    -0.92    5.34
 -19935.286    20.221    -1.24    5.80
 -19559.147    20.603     1.01    5.74
 -19183.007    20.636     0.09    5.11
 -18806.868    19.083    -4.13    6.33
 -18430.728    18.718    -0.97    6.73
 -18054.589    18.549    -0.45    6.76
 -17678.450    18.872     0.86    6.16
 -17302.311    19.974     2.93    5.14
 -16926.172    20.522     1.46    3.86
 -16550.033    19.441    -2.87    5.26
 -16173.895    16.927    -6.68    6.27
 -15797.756    16.794    -0.36    6.43
 -15421.617    17.257     1.23    6.21
 -15045.479    18.475     3.24    5.51
 -14669.341    20.359     5.01    2.66
 -14293.202    20.452     0.25    2.43
 -13917.064    21.235     2.08    1.78
 -13540.926    20.769    -1.24    3.21
 -13164.788    19.609    -3.08    4.66
 -12788.650    18.616    -2.64    4.86
 -12412.512    17.387    -3.27    4.61
 -12036.375    16.769    -1.64    4.29
 -11660.237    16.985     0.57    3.80
 -11284.099    17.946     2.56    3.79
 -10907.962    17.872    -0.20    3.85
 -10531.824    15.389    -6.60    7.60
 -10155.687     9.711   -15.10    9.76
  -9779.549     3.630   -16.17    7.67
  -9403.412     0.144    -9.27    1.51
  -9027.275    -0.154    -0.79    0.00
  -8651.138    -0.154     0.00    0.00
  -8275.001    -0.154     0.00    0.00
  -7898.864    -0.154     0.00    0.00
  -7522.727    -0.154     0.00    0.00
  -7146.590    -0.154     0.00    0.00
  -6770.453    -0.154     0.00    0.00
  -6394.316    -0.154     0.00    0.00
  -6018.180    -0.154     0.00    0.00
  -5642.043    -0.154     0.00    0.00
  -5265.906    -0.154     0.00    0.00
  -4889.770    -0.154     0.00    0.00
  -4513.633    -0.154     0.00    0.00
  -4137.497    -0.154     0.00    0.00
  -3761.360    -0.154     0.00    0.00
  -3385.224    -0.154     0.00    0.00
  -3009.087    -0.154     0.00    0.00
  -2632.951    -0.154     0.00    0.00
  -2256.815    -0.154     0.00    0.00
  -1880.678    -0.154     0.00    0.00
  -1504.542    -0.154     0.00    0.00
  -1128.406    -0.154     0.00    0.00
   -752.270    -0.154     0.00    0.00
   -376.134    -0.154     0.00    0.00
      0.003    -0.154     0.00    0.00
    376.139    -0.154     0.00    0.00
    752.275    -0.154     0.00    0.00
   1128.411    -0.154     0.00    0.00
   1504.547    -0.154     0.00    0.00
   1880.683    -0.154     0.00    0.00
   2256.819    -0.154     0.00    0.00
   2632.955    -0.154     0.00    0.00
   3009.091    -0.154     0.00    0.00
   3385.227    -0.154     0.00    0.00
   3761.363    -0.154     0.00    0.00
   4137.499    -0.154     0.00    0.00
   4513.635    -0.154     0.00    0.00
   4889.771    -0.154     0.00    0.00
   5265.907    -0.154     0.00    0.00
   5642.043    -0.154     0.00    0.00
   6018.179    -0.154     0.00    0.00
   6394.315    -0.154     0.00    0.00
   6770.451    -0.154     0.00    0.00
   7146.587    -0.154     0.00    0.00
   7522.723    -0.154     0.00    0.00
   7898.859    -0.154     0.00    0.00
   8274.995    -0.154     0.00    0.00
   8651.131    -0.154     0.00    0.00
   9027.267     3.692    10.23    7.88
   9403.403     8.513    12.82    9.98
   9779.539    13.430    13.07    9.74
  10155.675    19.026    14.88    5.72
  10531.811    21.263     5.95    1.75
  10907.947    21.452     0.50    1.65
  11284.083    21.539     0.23    1.91
  11660.220    21.530    -0.02    2.01
  12036.356    21.765     0.62    1.80
  12412.492    21.718    -0.13    2.00
  12788.628    21.796     0.21    2.02
  13164.765    22.144     0.92    1.97
  13540.901    22.452     0.82    1.69
  13917.037    22.198    -0.68    1.40
  14293.174    21.765    -1.15    1.77
  14669.310    21.225    -1.44    2.62
  15045.447    20.761    -1.23    3.81
  15421.583    20.436    -0.86    3.79
  15797.720    18.696    -4.63    4.79
  16173.857    17.096    -4.25    5.81
  16549.993    15.744    -3.60    6.03
  16926.130    13.583    -5.74    5.27
  17302.267    13.294    -0.77    4.38
  17678.404    14.231     2.49    4.30
  18054.541    14.609     1.01    3.87
  18430.678    15.374     2.03    3.31
  18806.815    15.530     0.42    3.35
  19182.952    15.616     0.23    3.47
  19559.089    14.646    -2.58    4.30
  19935.226    14.128    -1.38    4.39
  20311.363    12.557    -4.18    4.27
  20687.501    12.414    -0.38    4.70
  21063.638    12.873     1.22    4.14
  21439.776    11.495    -3.66    3.85
  21815.913    10.795    -1.86    3.73
  22192.051     9.385    -3.75    3.47
  22568.188     7.981    -3.73    2.86
  22944.326     7.974    -0.02    3.03
  23320.464     7.478    -1.32    3.27
  23696.602     7.162    -0.84    3.31
  24072.740     6.144    -2.71    2.99
  24448.878     5.128    -2.70    2.24
  24825.016     3.846    -3.41    2.01
  25201.155     3.096    -1.99    1.59
  25577.293     2.609    -1.29    1.13
  25953.431     2.541    -0.18    1.09
  26329.570     3.103     1.49    1.35
  26705.709     4.257     3.07    2.11
  27081.847     4.961     1.87    2.14
  27457.986     6.630     4.44    3.07
  27834.125     7.927     3.45    3.90
  28210.264     9.684     4.67    4.60
  28586.403    12.321     7.01    4.93
  28962.543    11.873    -1.19    6.06
  29338.682     8.662    -8.54    7.77
  29714.821     4.846   -10.14    7.76
  30090.961     1.487    -8.93    4.18
  30467.101     1.846     0.95    3.19
  30843.241     3.795     5.18    3.67
  31219.380     6.320     6.71    3.72
  31595.511     9.013     7.16    2.86
  31971.632    10.549     4.08    3.00
  32347.753    10.930     1.01    3.69
  32723.875     9.899    -2.74    4.75
  33099.996     7.462    -6.48    6.31
  33476.118     5.190    -6.04    7.09
  33852.240     3.452    -4.62    7.12
  34228.361     0.954    -6.64    4.61
  34604.483    -0.154    -2.95    0.00
  34980.605    -0.154     0.00    0.00
  35356.728    -0.154     0.00    0.00
  35732.850    -0.154     0.00    0.00
  36108.973    -0.154     0.00    0.00
  36485.095    -0.154     0.00    0.00
  36861.218    -0.154     0.00    0.00
  37237.341    -0.154     0.00    0.00
  37613.464    -0.154     0.00    0.00
  37989.587    -0.154     0.00    0.00
  38365.711    -0.154     0.00    0.00
  38741.834    -0.154     0.00    0.00
  39117.958    -0.154     0.00    0.00
  39494.082    -0.154     0.00    0.00
  39870.206    -0.154     0.00    0.00
  40246.330    -0.154     0.00    0.00
  40622.454    -0.154     0.00    0.00
  40998.578    -0.154     0.00    0.00
  41374.703    -0.154     0.00    0.00
  41750.828    -0.154     0.00    0.00
  42126.953    -0.154     0.00    0.00
  42503.078    -0.154     0.00    0.00
  42879.203    -0.154     0.00    0.00
  43255.328    -0.154     0.00    0.00
  43631.454     0.083     0.63    1.02
  44007.580     0.621     1.43    1.70
  44383.706     1.218     1.59    1.99
  44759.832     1.738     1.38    2.14
  45135.958     2.252     1.37    2.07
  45512.084     2.711     1.22    2.07
  45888.211     3.198     1.29    2.02
  46264.338     4.819     4.31    5.26
  46640.465    10.308    14.59    8.59
  47016.592    15.077    12.68    8.77
  47392.719    17.225     5.71    7.27
  47768.847    17.109    -0.31    7.28
  48144.975    15.215    -5.04    7.36
  48521.103    12.436    -7.39    7.05
  48897.231    11.657    -2.07    6.66
  49273.359    12.128     1.25    6.63
  49649.488    11.013    -2.97    5.78
  50025.616    10.583    -1.14    6.13
  50401.745    11.504     2.45    5.90
  50777.874    11.440    -0.17    5.60
  51154.004    12.616     3.13    5.62
  51530.133    11.306    -3.48    6.04
  51906.263    11.041    -0.70    5.74
  52282.393    10.360    -1.81    5.77
  52658.523    10.319    -0.11    4.92
  53034.653    10.109    -0.56    4.33
  53410.784     9.744    -0.97    3.97
  53786.915     9.495    -0.66    3.35
  54163.046     9.923     1.14    3.71
  54539.177     9.872    -0.14    4.36
  54915.308    10.205     0.89    5.27
  55291.440    11.225     2.71    6.38
  55667.572    12.410     3.15    6.65
  56043.704    14.117     4.54    6.14
  56419.837    14.954     2.23    6.03
  56795.969    15.333     1.01    6.50
  57172.102    17.346     5.35    7.30
  57548.235    18.487     3.03    7.57
  57924.368    20.692     5.86    6.63
  58300.502    22.096     3.73    5.84
  58676.635    21.609    -1.29    5.79
  59052.769    21.874     0.70    6.14
  59428.904    21.030    -2.24    7.31
  59805.038    20.410    -1.65    7.21
  60181.173    18.468    -5.16    7.92
  60557.308    16.952    -4.03    7.54
  60933.443    17.128     0.47    7.26
  61309.578    16.923    -0.55    7.15
  61685.714    16.360    -1.50    8.16
  62061.850    14.769    -4.23    8.04
  62437.986    12.590    -5.79    8.74
  62814.123    11.124    -3.90    7.71
  63190.259    10.738    -1.03    8.19
  63566.396    13.096     6.27    9.07
  63942.534    14.513     3.77    8.75
  64318.671    15.564     2.79    7.51
  64694.809    18.018     6.52    7.61
  65070.947    20.769     7.32    7.84
  65447.085    21.819     2.79    7.98
  65823.224    22.792     2.59    7.47
  66199.363    21.136    -4.40    9.15
  66575.502    19.373    -4.69    9.80
  66951.641    16.136    -8.61   11.13
  67327.781    12.279   -10.25   10.53
  67703.921    10.571    -4.54   10.26
  68080.061     7.541    -8.06    9.07
  68456.201     5.621    -5.10    6.95
  68832.342     4.188    -3.81    5.17
  69208.483     3.235    -2.53    1.13
  69584.625     2.927    -0.82    1.26
  69960.766     2.630    -0.79    1.36
  70336.908     2.425    -0.54    1.67
  70713.050     1.949    -1.27    1.67
  71089.193     1.576    -0.99    1.69
  71465.336     1.196    -1.01    1.70
  71841.479     1.128    -0.18    1.57
  72217.622     1.399     0.72    1.74
  72593.766     1.981     1.55    2.06
  72969.910     2.769     2.09    1.99
  73346.054     3.241     1.25    1.57
  73722.199     3.263     0.06    1.68
  74098.344     2.846    -1.11    1.84
  74474.489     3.013     0.44    1.40
  74850.634     3.410     1.06    1.43
  75226.780     4.026     1.64    1.23
  75602.926     4.523     1.32    1.07
  75979.073     4.306    -0.58    1.24
  76355.219     3.495    -2.16    1.72
  76731.367     2.765    -1.94    2.02
  77107.514     1.504    -3.35    1.92
  77483.662     0.596    -2.41    1.34
  77859.810     0.154    -1.18    1.00
  78235.958    -0.154    -0.82    0.00
  78612.107    -0.154     0.00    0.00
  78988.256    -0.154     0.00    0.00
  79364.405    -0.154     0.00    0.00
  79740.555    -0.154     0.00    0.00
  80116.705    -0.154     0.00    0.00
  80492.855    -0.154     0.00    0.00
  80869.006    -0.154     0.00    0.00
  81245.157    -0.154     0.00    0.00
  81621.308    -0.154     0.00    0.00
  81997.460    -0.154     0.00    0.00
  82373.612    -0.154     0.00    0.00
  82749.764    -0.154     0.00    0.00
  83125.917    -0.154     0.00    0.00
  83502.070    -0.154     0.00    0.00
  83878.224    -0.154     0.00    0.00
  84254.377    -0.154     0.00    0.00
  84630.532    -0.154     0.00    0.00
  85006.686    -0.154     0.00    0.00
  85382.841    -0.154     0.00    0.00
  85758.996    -0.154     0.00    0.00
  86135.152    -0.154     0.00    0.00
  86511.308    -0.154     0.00    0.00
  86887.464    -0.154     0.00    0.00
  87263.621    -0.154     0.00    0.00
  87639.778    -0.154     0.00    0.00
  88015.935     0.198     0.93    1.83
  88392.093     2.503     6.13    5.77
  88768.251     6.205     9.84    7.80
  89144.409     9.641     9.13    8.49
  89520.568    13.485    10.22    7.75
  89896.727    16.180     7.16    6.16
  90272.887    18.090     5.08    3.71
  90649.047    18.136     0.12    3.85
  91025.208    17.241    -2.38    4.52
  91401.368    16.923    -0.84    4.81
  91777.529    15.414    -4.01    4.66
  92153.691    13.399    -5.36    4.87
  92529.853    11.096    -6.12    5.48
  92906.015     8.596    -6.65    4.86
  93282.178     6.711    -5.01    3.15
  93658.341     6.360    -0.93    1.99
  94034.505     8.062     4.53    3.89
  94410.668    10.657     6.90    4.70
  94786.833    12.957     6.12    4.33
  95162.997    12.596    -0.96    4.71
  95539.163    11.949    -1.72    5.20
  95915.328    12.198     0.66    5.82
  96291.494    11.539    -1.75    6.07
  96667.660    12.522     2.61    6.25
  97043.827    11.715    -2.15    6.20
  97419.994    11.513    -0.54    6.15
  97796.162    11.410    -0.27    5.49
  98172.330    10.013    -3.71    4.73
  98548.498     8.925    -2.89    4.44
  98924.667     8.051    -2.32    4.14
  99300.836     8.319     0.71    4.07
  99677.006     7.051    -3.37    3.50
 100053.176     6.333    -1.91    3.12
 100429.346     5.900    -1.15    2.62
 100805.517     4.900    -2.66    1.15
 101181.688     4.957     0.15    1.04
 101557.860     4.872    -0.23    0.99
 101934.032     5.071     0.53    1.93
 102310.205     5.549     1.27    2.50
 102686.378     5.308    -0.64    2.15
 103062.551     5.215    -0.25    1.88
 103438.725     5.346     0.35    1.43
 103814.900     5.738     1.04    1.90
 104191.074     5.971     0.62    2.10
 104567.250     6.117     0.39    2.18
 104943.425     6.008    -0.29    2.14
 105319.601     5.252    -2.01    0.98
 105695.778     5.346     0.25    1.23
 106071.955     5.385     0.10    1.25
 106448.133     5.205    -0.48    1.11
 106824.239     5.218     0.03    1.09
 107200.332     5.576     0.95    1.12
 107576.425     5.765     0.50    1.50
 107952.519     5.715    -0.13    1.44
 108328.613     5.996     0.75    1.59
 108704.707     5.846    -0.40    1.49
 109080.802     7.267     3.78    4.57
 109456.897    10.583     8.82    6.90
 109832.993    12.795     5.88    8.03
 110209.089    14.171     3.66    8.05
 110585.186    15.496     3.52    7.72
 110961.283    14.662    -2.22    8.12
 111337.381    16.096     3.81    7.55
 111713.479    16.387     0.77    6.35
 112089.578    15.291    -2.91    6.25
 112465.677    14.590    -1.86    5.15
 112841.777    13.257    -3.55    5.14
 113217.877    11.389    -4.97    5.56
 113593.977     8.688    -7.18    5.09
 113970.079     5.765    -7.77    2.47
 114346.180     4.985    -2.07    0.93
 114722.282     4.872    -0.30    0.90
 115098.385     4.873     0.00    0.90
 115474.488     5.000     0.34    1.06
 115850.591     4.899    -0.27    1.14
 116226.695     5.246     0.92    1.30
 116602.800     5.441     0.52    1.30
 116978.905     5.371    -0.19    1.38
 117355.010     5.077    -0.78    1.72
 117731.116     4.624    -1.20    1.61
 118107.223     4.657     0.09    1.52
 118483.330     4.495    -0.43    1.36
 118859.437     4.414    -0.22    1.07
 119235.545     4.333    -0.21    0.94
 119611.654     4.218    -0.31    0.73
 119987.763     4.308     0.24    0.88
 120363.872     4.373     0.17    1.01
 120739.982     4.291    -0.22    1.08
 121116.093     4.282    -0.02    1.14
 121492.204     4.004    -0.74    1.05
 121868.316     4.241     0.63    1.41
 122244.428     4.235    -0.02    1.44
 122620.540     4.282     0.12    1.41
 122996.654     4.441     0.42    1.52
 123372.767     4.462     0.06    1.63
 123748.882     4.746     0.76    1.48
 124124.996     4.761     0.04    1.56
 124501.112     4.630    -0.35    1.20
 124877.227     4.549    -0.22    1.37
 125253.344     4.711     0.43    1.29
 125629.461     4.657    -0.14    1.02
 126005.578     4.513    -0.38    1.04
 126381.696     4.496    -0.04    1.25
 126757.815     4.385    -0.30    1.27
 127133.934     4.198    -0.50    1.21
 127510.053     4.267     0.19    1.33
 127886.173     3.978    -0.77    1.36
 128262.294     3.974    -0.01    1.30
 128638.415     3.954    -0.05    1.31
 129014.537     3.898    -0.15    1.21
 129390.659     4.346     1.19    1.70
 129766.782     4.410     0.17    1.67
 130142.906     4.385    -0.07    1.43
 130519.030     4.128    -0.68    1.33
 130895.154     4.057    -0.19    1.36
 131271.279     4.225     0.45    1.36
 131647.405     4.144    -0.22    1.18
 132023.531     4.004    -0.37    1.13
 132399.658     4.069     0.17    1.10
 132775.786     3.949    -0.32    1.21
 133151.913     4.257     0.82    1.29
 133528.042     4.414     0.42    1.28
 133904.171     4.767     0.94    1.19
 134280.301     4.641    -0.34    1.26
 134656.431     4.539    -0.27    1.22
 135032.562     4.630     0.24    1.29
 135408.693     5.564     2.48    2.74
 135784.825     5.576     0.03    2.82
 136160.958     6.004     1.14    2.71
 136537.091     6.441     1.16    3.24
 136913.225     7.596     3.07    4.61
 137289.359    10.795     8.50    5.55
 137665.494    12.846     5.45    5.06
 138041.629    11.319    -4.06    5.86
 138417.766    11.308    -0.03    6.21
 138793.902    10.457    -2.26    6.36
 139170.040     7.205    -8.65    6.44
 139546.177     7.373     0.44    6.32
 139922.316     5.954    -3.77    4.60
 140298.455     7.399     3.84    5.12
 140674.595    10.667     8.69    5.74
 141050.735    11.671     2.67    5.81
 141426.876    11.541    -0.35    6.68
 141803.017     9.795    -4.64    6.47
 142179.160     8.215    -4.20    5.63
 142555.302     6.441    -4.72    3.78
 142931.446     5.954    -1.29    3.99
 143307.590     5.475    -1.27    2.83
 143683.734     4.821    -1.74    1.37
 144059.879     5.171     0.93    1.23
 144436.025     5.457     0.76    1.20
 144812.172     6.000     1.44    2.70
 145188.319     6.096     0.26    2.82
 145564.466     5.688    -1.08    2.19
 145940.615     5.539    -0.40    2.03
 146316.764     5.636     0.26    2.04
 146692.913     5.711     0.20    1.97
 147069.063     5.715     0.01    1.14
 147445.214     6.046     0.88    1.04
 147821.366     5.954    -0.24    0.99
 148197.518     6.282     0.87    0.85
 148573.671     6.267    -0.04    0.98
 148949.824     6.684     1.11    1.09
 149325.978     6.819     0.36    1.09
 149702.133     6.902     0.22    1.24
 150078.288     6.974     0.19    1.26
 150454.444     6.971    -0.01    1.22
 150830.600     6.738    -0.62    1.07
 151206.758     6.721    -0.04    1.02
 151582.916     6.794     0.19    1.04
 151959.074     6.899     0.28    1.01
 152335.233     7.008     0.29    1.26
 152711.393     7.231     0.59    1.27
 153087.554     7.152    -0.21    1.17
 153463.715     7.013    -0.37    1.13
 153839.877     6.795    -0.58    0.79
 154216.039     6.761    -0.09    0.74
 154592.203     6.667    -0.25    1.05
 154968.366     6.821     0.41    1.04
 155344.531     6.985     0.44    1.51
 155720.696     7.171     0.49    1.56
 156096.862     7.144    -0.07    1.54
 156473.028     7.188     0.12    1.62
 156849.196     7.077    -0.30    1.16
 157225.364     7.117     0.11    1.04
 157601.532     7.257     0.37    0.99
 157977.701     7.557     0.80    1.14
 158353.871     7.662     0.28    1.18
 158730.042     8.198     1.42    1.21
 159106.213     8.487     0.77    1.35
 159482.385     8.583     0.25    1.43
 159858.558     9.013     1.14    1.52
 160234.731     9.004    -0.02    1.52
 160610.905     9.207     0.54    1.44
 160987.080     9.154    -0.14    1.30
 161363.255     9.077    -0.20    1.13
 161739.432     8.815    -0.70    1.20
 162115.608     8.630    -0.49    1.20
 162491.786     8.387    -0.65    1.14
 162867.964     8.333    -0.14    1.19
 163244.143     8.051    -0.75    0.98
 163620.323     7.765    -0.76    0.86
 163996.503     7.667    -0.26    0.79
 164372.684     7.513    -0.41    0.90
 164748.866     7.487    -0.07    0.93
 165125.049     7.522     0.09    1.25
 165501.232     7.692     0.45    1.35
 165877.416     7.662    -0.08    1.45
 166253.600     7.624    -0.10    1.44
 166629.786     7.657     0.09    1.29
 167005.972     7.624    -0.09    0.96
 167382.158     7.387    -0.63    1.02
 167758.346     7.410     0.06    1.10
 168134.534     7.315    -0.25    1.24
 168510.723     7.241    -0.20    1.33
 168886.913     7.215    -0.07    1.34
 169263.103     7.346     0.35    1.48
 169639.295     7.513     0.44    1.49
 170015.486     7.711     0.53    1.38
 170391.679     7.590    -0.32    1.48
 170767.872     7.320    -0.72    1.37
 171144.067     7.231    -0.24    1.50
 171520.261     7.279     0.13    1.69
 171896.457     7.504     0.60    1.42
 172272.653     8.231     1.93    2.65
 172648.850     9.513     3.41    3.17
 173025.048     9.279    -0.62    3.07
 173401.247     9.441     0.43    3.96
 173777.446     9.846     1.08    4.35
 174153.646    10.900     2.80    4.80
 174529.847    12.389     3.96    4.77
 174906.049    12.021    -0.98    5.07
 175282.251    10.769    -3.33    4.37
 175658.454    10.252    -1.38    3.04
 176034.658    10.616     0.97    3.14
 176410.863    11.057     1.17    3.11
 176787.068    10.767    -0.77    2.89
 177163.274    11.136     0.98    2.56
 177539.481    11.872     1.96    2.55
 177915.689    12.680     2.15    2.04
 178291.897    12.741     0.16    1.72
 178668.107    12.346    -1.05    1.88
 179044.317    11.846    -1.33    2.39
 179420.527    12.109     0.70    2.14
 179796.739    11.792    -0.84    2.00
 180172.951    11.279    -1.36    1.83
 180549.165    11.387     0.29    1.54
 180925.378    10.680    -1.88    1.75
 181301.593    10.385    -0.78    1.52
 181677.783    10.154    -0.61    1.61
 182053.845     9.711    -1.18    1.57
 182429.908     9.557    -0.41    1.51
 182805.971     9.564     0.02    1.56
 183182.036     9.359    -0.55    1.14
 183558.101     9.846     1.30    1.12
 183934.167     9.949     0.27    1.23
 184310.234     9.735    -0.57    1.35
 184686.301     9.684    -0.14    1.61
 185062.369     9.478    -0.55    1.58
 185438.439     9.392    -0.23    1.62
 185814.509     9.462     0.19    1.58
 186190.579     9.557     0.25    1.43
 186566.651     9.485    -0.19    1.59
 186942.723     9.684     0.53    1.66
 187318.797     9.596    -0.23    1.70
 187694.871     9.399    -0.52    1.64
 188070.945     9.221    -0.47    1.25
 188447.021     9.225     0.01    1.14
 188823.097     9.641     1.11    1.52
 189199.175    10.030     1.04    2.19
 189575.253     9.846    -0.49    2.09
 189951.332     9.819    -0.07    1.83
 190327.412     9.796    -0.06    1.54
 190703.492     9.981     0.49    1.77
 191079.573     9.927    -0.14    1.80
 191455.656     9.954     0.07    1.70
 191831.739     9.875    -0.21    1.54
 192207.823     9.590    -0.76    1.37
 192583.907     9.616     0.07    1.37
 192959.993     9.485    -0.35    1.50
 193336.079     9.846     0.96    1.86
 193712.167     9.985     0.37    1.82
 194088.255     9.267    -1.91    1.62
 194464.344     9.196    -0.19    1.64
 194840.433     9.090    -0.28    1.75
 195216.524     9.083    -0.02    1.67
 195592.615     9.452     0.98    1.64
 195968.708    10.257     2.14    1.83
 196344.801    10.252    -0.01    1.89
 196720.895    10.872     1.65    2.02
 197096.990    11.436     1.50    2.09
 197473.086    11.549     0.30    2.07
 197849.182    11.576     0.07    2.21
 198225.280    11.846     0.72    1.90
 198601.378    11.767    -0.21    2.05
 198977.477    11.487    -0.74    1.87
 199353.577    11.389    -0.26    1.87
 199729.678    11.103    -0.76    1.71
 200105.780    10.267    -2.22    1.95
 200481.882    10.069    -0.53    2.11
 200857.986     9.609    -1.22    2.29
 201234.090     9.282    -0.87    2.36
 201610.196     9.000    -0.75    2.27
 201986.302     8.767    -0.62    2.57
 202362.409     8.180    -1.56    1.44
 202738.517     8.513     0.89    1.66
 203114.625     8.871     0.95    1.82
 203490.735     9.667     2.12    2.38
 203866.846    10.132     1.24    3.23
 204242.957    10.360     0.61    3.59
 204619.069    10.008    -0.93    3.67
 204995.183     8.846    -3.09    2.85
 205371.297     7.899    -2.52    2.10
 205747.412     7.522    -1.00    1.80
 206123.528     7.946     1.13    1.63
 206499.644     8.846     2.39    2.60
 206875.762     9.981     3.02    3.28
 207251.881    11.188     3.21    3.49
 207628.000    11.692     1.34    3.34
 208004.121    11.478    -0.57    3.34
 208380.242    10.874    -1.61    2.97
 208756.364    10.692    -0.48    2.49
 209132.487    10.596    -0.26    2.74
 209508.611    10.692     0.26    3.09
 209884.736    10.539    -0.41    3.14
 210260.862     9.964    -1.53    2.88
 210636.989    10.198     0.62    3.05
 211013.116    10.198     0.00    2.62
 211389.245     9.873    -0.86    2.65
 211765.375    10.004     0.35    2.27
 212141.505     9.513    -1.31    2.24
 212517.636     8.923    -1.57    2.32
 212893.769     8.718    -0.55    2.13
 213269.902     8.306    -1.10    1.28
 213646.036     8.171    -0.36    1.06
 214022.171     8.794     1.66    3.18
 214398.307     9.180     1.03    3.33
 214774.444     9.735     1.48    3.55
 215150.582     9.641    -0.25    4.01
 215526.721     9.985     0.91    5.10
 215902.861    10.083     0.26    4.95
 216279.001     9.205    -2.33    3.60
 216655.143     8.315    -2.37    1.95
 217031.285     7.925    -1.04    1.87
 217407.429     7.062    -2.29    1.13
 217783.573     7.008    -0.14    1.14
 218159.719     6.846    -0.43    0.97
 218535.865     6.792    -0.14    1.05
 218912.013     7.180     1.03    1.78
 219288.161     7.769     1.57    2.63
 219664.310     8.241     1.25    2.70
 220040.460     8.425     0.49    2.52
 220416.611     8.154    -0.72    2.17
 220792.764     7.718    -1.16    2.08
 221168.917     7.252    -1.24    1.95
 221545.071     6.715    -1.43    1.70
 221921.226     6.333    -1.02    1.35
 222297.382     6.360     0.07    1.39
 222673.539     6.441     0.22    1.36
 223049.697     6.753     0.83    1.30
 223425.855     6.692    -0.16    1.27
 223802.015     6.462    -0.61    1.21
 224178.176     6.374    -0.23    1.11
 224554.338     6.333    -0.11    1.00
 224930.501     6.495     0.43    1.14
 225306.665     6.616     0.32    1.25
 225682.829     6.609    -0.02    1.28
 226058.995     6.636     0.07    1.30
 226435.162     6.495    -0.37    1.21
 226811.329     6.487    -0.02    1.25
 227187.498     6.334    -0.41    1.27
 227563.668     6.152    -0.48    1.47
 227939.839     6.267     0.31    1.64
 228316.010     6.062    -0.54    1.83
 228692.183     6.062     0.00    1.46
 229068.357     6.035    -0.07    1.78
 229444.531     5.818    -0.58    1.69
 229820.707     5.796    -0.06    1.54
 230196.884     6.231     1.16    1.16
 230573.061     6.252     0.06    0.96
 230949.240     6.513     0.69    1.01
 231325.420     6.652     0.37    1.24
 231701.601     6.405    -0.66    1.24
 232077.782     6.286    -0.32    1.19
