# NaN NaN NaN ;Mean Elev.(m), Avg Gradient(m/km), RMS Gradient(m/km) - SRTM1     
#   15.132  -2.268   5.748 ;Mean Elev.(m), Avg Gradient(m/km), RMS Gradient(m/km) - ASTER GDEM
#   21.004  -2.103   5.103 ;Mean Elev.(m), Avg Gradient(m/km), RMS Gradient(m/km) - GMTED2010 
  8    30.090 52489.09321572 26.86 297.068108  -4.020693 19.876
  8    30.242 52489.09321636 29.07 297.067388  -4.017393 19.876
  9    27.828 52524.09319093 23.25 297.064580  -4.023168 22.269
  9    27.676 52524.09319158 24.17 297.063850  -4.019868 22.269
  9    27.874 52524.09319222 25.05 297.063120  -4.016558 22.269
 10    22.498 52559.09324091 24.81 297.061823  -4.021728 21.359
 10    22.624 52559.09324155 25.64 297.061093  -4.018418 21.359
 11    23.559 52594.09324326 30.03 297.058925  -4.023387 16.580
 11    23.688 52594.09324391 31.56 297.058195  -4.020079  7.955
 12    26.159 52629.09317087 38.16 297.069682  -4.020320 25.491
 12    26.191 52629.09317152 40.56 297.068962  -4.017010 25.491
 13    26.482 52664.09320501 13.34 297.063399  -4.023275 26.360
 13    26.958 52664.09320565 15.11 297.062669  -4.019965 26.360
 13    27.462 52664.09320630 16.17 297.061939  -4.016665 26.360
 14    26.255 52699.09317954 20.88 297.070644  -4.023360 13.380
 14    26.773 52699.09318019 21.59 297.069914  -4.020050 13.380
 14    27.172 52699.09318083 22.73 297.069184  -4.016750 13.380
 15    27.957 52734.09320566 18.24 297.071434  -4.020672 14.945
 15    27.968 52734.09320630 20.88 297.070704  -4.017372 14.945
 16    29.581 52769.09320359 22.83 297.062455  -4.021756 26.570
 16    29.583 52769.09320423 23.56 297.061725  -4.018446 26.570
 17    30.964 52804.09323049 30.57 297.064774  -4.022652 20.481
 17    30.919 52804.09323113 27.63 297.064044  -4.019342 20.481
 18    31.192 52839.09329330 43.59 297.066623  -4.021420 25.211
 18    31.115 52839.09329395 42.70 297.065893  -4.018120 25.211
 19    29.056 52874.09333237 32.52 297.066062  -4.023535 24.703
 19    28.971 52874.09333301 32.66 297.065328  -4.020228 15.856
 19    29.089 52874.09333366 31.35 297.064598  -4.016928 15.856
 21    22.644 52944.09324354 20.96 297.072931  -4.022622 11.482
 21    25.002 52944.09324419 21.76 297.072201  -4.019322 11.482
 21    22.452 52944.09324483 22.75 297.071471  -4.016022 11.482
 22    28.105 52979.09329827 14.54 297.066259  -4.022275 20.535
 22    27.938 52979.09329891 14.08 297.065529  -4.018965 20.535
 23    25.210 53014.09329639 24.56 297.062598  -4.022935 19.106
 23    25.242 53014.09329703 25.84 297.061878  -4.019635 19.106
 24    24.894 53049.09326832 23.65 297.065954  -4.023318 13.793
 24    25.030 53049.09326896 23.91 297.065234  -4.020008 13.793
 24    25.030 53049.09326961 24.74 297.064504  -4.016708 13.793
 25    27.831 53084.09330361 15.33 297.058149  -4.024454 21.546
 25    27.416 53084.09330426 14.97 297.057419  -4.021144 21.546
 25    29.124 53084.09330490 16.70 297.056689  -4.017844 21.546
 26    28.251 53119.09327424 24.53 297.062012  -4.022307 25.171
 26    27.994 53119.09327489 25.94 297.061282  -4.019007 25.171
 27    28.731 53154.09332591 24.06 297.059505  -4.023633 29.464
 27    28.694 53154.09332656 25.19 297.058772  -4.020325 15.899
 27    29.386 53154.09332720 26.74 297.058042  -4.017025 15.899
 28    28.910 53189.09331533 21.41 297.070988  -4.020531 19.671
 28    29.015 53189.09331597 25.32 297.070258  -4.017231 19.671
 29    28.535 53224.09332939 44.98 297.067000  -4.021299 27.677
 29    28.589 53224.09333004 47.99 297.066270  -4.017989 27.677
 30    27.738 53259.09330406  9.52 297.061010  -4.024440 24.127
 30    27.260 53259.09330470  8.83 297.060280  -4.021140 24.127
 30    28.764 53259.09330535  7.96 297.059550  -4.017830 24.127
 31    26.258 53294.09332895 15.69 297.057457  -4.023104 18.515
 31    28.724 53294.09332960 15.65 297.056722  -4.019797  4.874
 32    23.931 53329.09330184 39.59 297.066870  -4.023820 17.017
 32    23.676 53329.09330249 42.57 297.066140  -4.020520 17.017
 32    24.113 53329.09330313 44.61 297.065409  -4.017211 22.985
 33    28.265 53364.09325348 12.75 297.068855  -4.023570 20.339
 33    27.901 53364.09325413 13.74 297.068135  -4.020270 20.339
 33    27.606 53364.09325477 14.66 297.067405  -4.016960 20.339
 35    27.921 53434.09326812 41.91 297.066973  -4.020750 17.088
 35    27.249 53434.09326877 48.14 297.066243  -4.017450 17.088
 36    28.690 53469.09330966 19.02 297.063701  -4.022375  9.902
 36    28.728 53469.09331030 19.08 297.062971  -4.019075  9.902
 37    30.169 53504.09335426 37.45 297.060535  -4.023698 25.643
 37    30.305 53504.09335490 37.80 297.059805  -4.020388 25.643
 37    30.244 53504.09335555 39.82 297.059075  -4.017088 25.643
 38    30.586 53539.09335222 38.24 297.063700  -4.023069 34.812
 38    30.366 53539.09335287 32.65 297.062969  -4.019760 27.251
 38    30.402 53539.09335351 45.90 297.062239  -4.016460 27.251
 39    28.414 53574.09335017 27.46 297.061056  -4.021921 33.898
 39    28.415 53574.09335081 40.84 297.060326  -4.018611 33.898
 40    27.181 53609.09330008 13.44 297.063121  -4.021341 27.556
 40    27.537 53609.09330072 13.88 297.062391  -4.018031 27.556
 41    18.665 53644.09330234 47.26 297.064600  -4.021886 21.698
 41    19.287 53644.09330299 49.10 297.063880  -4.018586 21.698
 42    20.232 53679.09331980 25.22 297.060048  -4.023739 15.948
 42    20.036 53679.09332044 26.01 297.059318  -4.020429 15.948
 42    20.172 53679.09332109 26.95 297.058588  -4.017129 15.948
 44    26.602 53749.09316320 16.89 297.070235  -4.020927 14.698
 44    26.823 53749.09316384 17.65 297.069505  -4.017627 14.698
 45    27.546 53784.09319361 17.88 297.069007  -4.022153 14.916
 45    27.459 53784.09319426 19.62 297.068277  -4.018843 14.916
 46    28.526 53819.09315525 25.79 297.067629  -4.021024 26.262
 46    28.951 53819.09315589 38.03 297.066899  -4.017714 26.262
 47    29.531 53854.09323473 21.60 297.061492  -4.024430 31.483
 47    29.448 53854.09323537 20.16 297.060762  -4.021130 31.483
 47    29.734 53854.09323602 21.75 297.060032  -4.017820 31.483
 48    30.834 53889.09324301 48.66 297.072704  -4.023244 28.247
 48    30.853 53889.09324366 52.66 297.071972  -4.019937 34.902
 48    30.912 53889.09324430 50.88 297.071242  -4.016637 34.902
 49    29.211 53924.09331091 22.53 297.055433  -4.024204 23.770
 49    29.275 53924.09331156 22.20 297.054703  -4.020904 23.770
 49    29.389 53924.09331220 22.76 297.053973  -4.017594 23.770
 50    25.831 53959.09330202 30.25 297.057687  -4.022768 12.420
 50    25.624 53959.09330267 30.63 297.056957  -4.019468 12.420
 51    21.407 53994.09323267 42.74 297.068636  -4.022035 15.738
 51    21.581 53994.09323331 45.78 297.067906  -4.018725 15.738
 52    20.191 54029.09329208 35.72 297.067156  -4.021552 18.389
 52    20.277 54029.09329272 45.85 297.066426  -4.018242 18.389
 53    22.230 54064.09328502 32.57 297.069121  -4.022947 11.130
 53    22.182 54064.09328567 30.94 297.068391  -4.019647 11.130
 53    22.364 54064.09328631 31.28 297.067661  -4.016337 11.130
 54    25.524 54099.09325187 21.69 297.064717  -4.022388 14.357
 54    25.268 54099.09325251 23.05 297.063987  -4.019078 14.357
 55    27.449 54134.09321003 26.95 297.065605  -4.021549 18.443
 55    27.471 54134.09321068 27.63 297.064875  -4.018239 18.443
 57    28.055 54204.09321323 24.73 297.065316  -4.023970 14.985
 57    28.053 54204.09321388 25.73 297.064596  -4.020670 14.985
 57    28.009 54204.09321452 26.41 297.063866  -4.017360 14.985
 58    29.998 54239.09324839 23.75 297.066219  -4.023634 24.130
 58    29.693 54239.09324904 22.60 297.065489  -4.020324 24.130
 58    29.977 54239.09324968 24.04 297.064759  -4.017024 24.130
 59    30.343 54274.09326624 26.30 297.065682  -4.022265 29.551
 59    30.380 54274.09326688 25.89 297.064962  -4.018955 29.551
 60    29.390 54309.09326761 34.16 297.065826  -4.021834 18.513
 60    29.338 54309.09326825 37.51 297.065096  -4.018534 18.513
 61    23.529 54344.09324456 20.88 297.066440  -4.023211 17.389
 61    23.916 54344.09324520 23.03 297.065720  -4.019901 17.389
 61    23.589 54344.09324585 35.21 297.064990  -4.016601 17.389
 62    20.023 54379.09320300 37.24 297.065953  -4.023766 18.124
 62    20.080 54379.09320364 39.36 297.065223  -4.020466 18.124
 62    20.185 54379.09320429 43.15 297.064493  -4.017156 18.124
 63    22.490 54414.09319256 46.60 297.065200  -4.022483 16.458
 63    22.497 54414.09319321 48.81 297.064470  -4.019173 16.458
 64    25.159 54449.09317026 36.36 297.065231  -4.020944 16.584
 64    25.095 54449.09317091 43.33 297.064501  -4.017634 16.584
 65    26.825 54484.09318678 17.73 297.067116  -4.022200 22.225
 65    27.141 54484.09318743 19.42 297.066386  -4.018900 22.225
 66    27.922 54519.09318382 16.63 297.066411  -4.020774  6.716
 66    28.263 54519.09318447 18.69 297.065691  -4.017464  6.716
 67    28.732 54554.09319839 19.94 297.065052  -4.023071 31.187
 67    28.811 54554.09319903 18.69 297.064325  -4.019763 13.076
 67    28.834 54554.09319968 18.94 297.063595  -4.016463 13.076
 68    29.365 54589.09318004 23.27 297.065114  -4.021928 13.450
 68    29.386 54589.09318068 24.51 297.064384  -4.018618 13.450
 69    30.524 54624.09319749 30.82 297.064683  -4.021037 21.963
 69    30.646 54624.09319813 33.87 297.063953  -4.017727 21.963
 70    29.527 54659.09320549 20.98 297.063654  -4.023489 19.704
 70    29.444 54659.09320614 20.94 297.062924  -4.020179 19.704
 70    29.905 54659.09320678 22.16 297.062194  -4.016879 19.704
 71    26.957 54694.09318598 27.42 297.065784  -4.023369 22.162
 71    27.175 54694.09318662 28.84 297.065054  -4.020069 22.162
 71    27.238 54694.09318727 28.89 297.064326  -4.016761 12.138
 72    21.482 54729.09316044 26.86 297.065776  -4.021403 10.525
 72    21.395 54729.09316108 32.98 297.065056  -4.018093 10.525
 73    20.825 54764.09316357 20.42 297.065236  -4.023327 21.159
 73    20.649 54764.09316421 21.43 297.064505  -4.020018 24.991
 73    27.036 54764.09316486 21.81 297.063775  -4.016718 24.991
 74    27.879 54799.09315267 13.88 297.065274  -4.023674  8.705
 74    27.945 54799.09315331 13.90 297.064544  -4.020374  8.705
 74    27.580 54799.09315395 14.42 297.063824  -4.017064  8.705
 75    26.276 54834.09315433 19.48 297.065303  -4.024328 23.669
 75    27.084 54834.09315498 19.00 297.064572  -4.021020  8.838
 75    27.509 54834.09315562 20.65 297.063842  -4.017720  8.838
 76    28.095 54869.09315010 15.52 297.066283  -4.022465 11.659
 76    27.955 54869.09315074 15.70 297.065553  -4.019155 11.659
 77    29.299 54904.09316343 23.89 297.063259  -4.023133 30.879
 77    29.618 54904.09316407 26.31 297.062532  -4.019825 14.390
 77    29.500 54904.09316472 38.67 297.061802  -4.016525 14.390
 78    30.813 54939.09314132 32.78 297.065269  -4.021183 18.209
 78    30.871 54939.09314196 32.12 297.064539  -4.017873 18.209
 79    31.673 54974.09317236 35.20 297.064858  -4.023136 17.316
 79    31.620 54974.09317301 30.54 297.064128  -4.019826 17.316
 79    31.736 54974.09317365 33.86 297.063408  -4.016526 17.316
 80    32.215 55009.09318615 38.97 297.063840  -4.021550 25.872
 80    32.190 55009.09318680 42.16 297.063110  -4.018250 25.872
 81    30.986 55044.09317594 27.67 297.065618  -4.021791 26.037
 81    31.163 55044.09317658 27.69 297.064888  -4.018491 26.037
 82    28.171 55079.09315284 36.30 297.065272  -4.022908 24.491
 82    28.237 55079.09315349 36.31 297.064544  -4.019598 16.258
 82    28.332 55079.09315413 39.23 297.063814  -4.016298 16.258
 83    28.721 55114.09310819 17.13 297.065850  -4.022140 21.325
 83    28.423 55114.09310884 17.06 297.065116  -4.018831 20.129
 84    21.620 55149.09310784 29.57 297.064362  -4.023223 16.948
 84    20.651 55149.09310848 31.12 297.063631  -4.019916 24.754
 84    20.723 55149.09310913 38.01 297.062901  -4.016616 24.754
 85    25.341 55184.09309096 23.13 297.065175  -4.021959 16.906
 85    23.428 55184.09309161 22.84 297.064455  -4.018649 16.906
 86    22.295 55219.09310647 23.86 297.063864  -4.021257 11.353
 86    22.937 55219.09310712 24.45 297.063134  -4.017957 11.353
 87    28.853 55254.09308673 16.92 297.066758  -4.020954  8.534
 87    29.186 55254.09308737 17.26 297.066038  -4.017644  8.534
 88    27.472 55289.09309589 18.02 297.063897  -4.021748 27.335
 88    27.631 55289.09309653 20.15 297.063171  -4.018441  6.884
 89    29.239 55324.09307420 38.52 297.063663  -4.024302 32.834
 89    29.494 55324.09307484 35.67 297.062933  -4.021002 32.834
 89    29.692 55324.09307549 44.18 297.062213  -4.017692 32.834
 90    30.274 55359.09307241 23.33 297.064338  -4.022599 28.822
 90    30.159 55359.09307306 22.75 297.063608  -4.019299 28.822
 91    29.007 55394.09307590 20.89 297.065406  -4.023622 22.111
 91    28.727 55394.09307654 20.90 297.064676  -4.020322 22.111
 91    29.203 55394.09307719 20.89 297.063956  -4.017012 22.111
 92    24.363 55429.09308849 23.51 297.065933  -4.020918  7.032
 92    27.418 55429.09308914 23.69 297.065203  -4.017618  7.032
 93    18.855 55464.09305117 44.78 297.066694  -4.021916 10.933
 93    18.461 55464.09305181 46.95 297.065968  -4.018605 27.694
