-231138.120     4.979     0.00    1.74
-230761.908     4.866    -0.30    1.58
-230385.697     4.568    -0.79    1.43
-230009.486     4.462    -0.28    1.36
-229633.277     4.164    -0.79    1.41
-229257.069     3.596    -1.51    1.83
-228880.862     3.677     0.22    1.86
-228504.656     3.623    -0.14    1.74
-228128.451     3.667     0.12    1.36
-227752.247     3.424    -0.65    1.20
-227376.044     3.363    -0.16    1.30
-226999.842     3.461     0.26    1.38
-226623.640     3.661     0.53    1.65
-226247.440     3.799     0.37    2.24
-225871.241     3.697    -0.27    2.02
-225495.043     3.515    -0.48    1.48
-225118.846     3.722     0.55    1.53
-224742.650     3.812     0.24    1.57
-224366.455     3.845     0.09    1.53
-223990.260     4.108     0.70    1.74
-223614.067     4.056    -0.14    1.93
-223237.875     4.235     0.48    1.71
-222861.684     4.713     1.27    3.24
-222485.493     4.611    -0.27    3.35
-222109.304     4.697     0.23    3.09
-221733.116     4.361    -0.89    1.80
-221356.928     4.132    -0.61    1.48
-220980.742     4.029    -0.27    1.33
-220604.557     4.029    -0.00    1.09
-220228.372     4.266     0.63    1.07
-219852.189     4.312     0.12    1.14
-219476.006     4.132    -0.48    1.09
-219099.825     3.704    -1.14    1.25
-218723.644     3.184    -1.38    2.41
-218347.464     1.623    -4.15    3.52
-217971.286    -0.107    -4.60    3.86
-217595.108    -1.809    -4.53    3.39
-217218.931    -3.474    -4.42    1.91
-216842.756    -3.944    -1.25    0.00
-216466.581    -3.944     0.00    0.00
-216090.407    -3.944     0.00    0.00
-215714.234    -3.944     0.00    0.00
-215338.062    -3.944     0.00    0.00
-214961.891    -3.944     0.00    0.00
-214585.721    -3.944     0.00    0.00
-214209.551    -3.944     0.00    0.00
-213833.383    -3.944     0.00    0.00
-213457.216    -3.944     0.00    0.00
-213081.049    -3.944     0.00    0.00
-212704.884    -3.944     0.00    0.00
-212328.719    -3.394     1.46    2.43
-211952.556    -1.509     5.01    5.96
-211576.393     1.500     8.00    8.02
-211200.231     4.326     7.51    8.47
-210824.071     6.028     4.52    7.44
-210447.911     7.213     3.15    5.47
-210071.752     6.231    -2.61    4.06
-209695.594     4.444    -4.75    2.28
-209319.437     4.031    -1.10    1.46
-208943.280     4.272     0.64    1.46
-208567.125     5.650     3.66    2.69
-208190.971     6.108     1.22    2.52
-207814.817     6.235     0.34    2.39
-207438.665     6.898     1.76    2.59
-207062.513     7.167     0.72    2.84
-206686.362     8.056     2.36    3.06
-206310.213     7.917    -0.37    3.07
-205934.064     7.106    -2.16    3.30
-205557.916     6.568    -1.43    3.19
-205181.769     5.806    -2.03    2.30
-204805.622     5.110    -1.85    2.07
-204429.477     4.806    -0.81    1.54
-204053.333     4.477    -0.87    1.24
-203677.189     4.594     0.31    1.45
-203301.046     4.974     1.01    1.38
-202924.905     5.256     0.75    1.32
-202548.764     5.107    -0.40    1.30
-202172.624     4.792    -0.84    1.35
-201796.485     4.191    -1.60    1.08
-201420.346     3.927    -0.70    1.10
-201044.209     3.748    -0.48    1.10
-200668.073     3.750     0.01    1.04
-200291.937     3.722    -0.07    1.11
-199915.802     3.889     0.44    1.21
-199539.668     4.056     0.44    1.29
-199163.535     4.209     0.41    1.31
-198787.403     4.524     0.84    1.44
-198411.272     4.542     0.05    1.39
-198035.142     4.450    -0.24    1.39
-197659.012     4.623     0.46    1.41
-197282.884     4.491    -0.35    1.25
-196906.756     4.611     0.32    1.32
-196530.629     4.979     0.98    1.53
-196154.503     4.979     0.00    1.48
-195778.378     5.056     0.20    1.64
-195402.253     4.974    -0.22    1.74
-195026.130     5.056     0.22    2.34
-194650.007     5.898     2.24    3.35
-194273.886     6.472     1.53    3.80
-193897.765     7.299     2.20    3.68
-193521.645     6.974    -0.86    3.47
-193145.525     6.731    -0.65    3.03
-192769.407     6.594    -0.36    1.97
-192393.290     6.993     1.06    2.33
-192017.173     7.424     1.15    1.89
-191641.057     7.363    -0.16    1.87
-191264.942     6.694    -1.78    1.93
-190888.828     6.286    -1.09    1.56
-190512.714     6.002    -0.76    1.51
-190136.602     5.774    -0.61    1.52
-189760.490     5.876     0.27    1.57
-189384.379     5.661    -0.57    1.64
-189008.269     6.161     1.33    1.94
-188632.160     6.697     1.42    2.10
-188256.052     7.184     1.30    1.98
-187879.944     6.889    -0.78    2.17
-187503.837     6.569    -0.85    2.16
-187127.732     6.002    -1.51    1.81
-186751.626     5.677    -0.86    1.64
-186375.522     5.542    -0.36    1.45
-185999.419     5.497    -0.12    1.37
-185623.316     5.781     0.75    1.58
-185247.214     5.620    -0.43    1.50
-184871.113     5.833     0.57    1.61
-184495.013     5.748    -0.23    1.54
-184118.914     5.596    -0.40    1.54
-183742.815     5.635     0.10    1.50
-183366.717     5.977     0.91    1.68
-182990.620     6.261     0.76    1.64
-182614.524     6.380     0.32    1.38
-182238.428     6.529     0.40    1.35
-181862.334     6.406    -0.33    1.27
-181486.240     6.170    -0.63    1.23
-181110.147     6.353     0.49    1.43
-180734.055     6.866     1.37    1.98
-180357.963     7.920     2.80    2.42
-179981.873     9.272     3.59    1.99
-179605.783     9.972     1.86    1.87
-179229.694     9.261    -1.89    2.50
-178853.605     8.081    -3.14    2.71
-178477.518     6.704    -3.66    2.38
-178101.431     6.415    -0.77    2.23
-177725.345     6.661     0.65    2.59
-177349.260     6.543    -0.31    2.78
-176973.175     6.758     0.57    3.12
-176597.092     6.286    -1.25    3.14
-176221.009     5.278    -2.68    2.91
-175844.927     4.608    -1.78    2.73
-175468.845     4.158    -1.20    2.05
-175092.765     3.761    -1.05    1.22
-174716.685     3.902     0.37    1.50
-174340.606     3.461    -1.17    2.03
-173964.527     3.111    -0.93    2.00
-173588.450     3.137     0.07    2.05
-173212.373     3.500     0.97    2.16
-172836.297     4.240     1.97    1.47
-172460.222     4.348     0.29    1.27
-172084.147     4.110    -0.63    1.22
-171708.073     3.543    -1.51    1.19
-171332.000     3.338    -0.55    1.10
-170955.928     3.697     0.95    1.42
-170579.857     3.866     0.45    1.52
-170203.786     3.799    -0.18    1.48
-169827.716     3.866     0.18    1.63
-169451.646     3.596    -0.72    1.57
-169075.578     3.704     0.29    1.58
-168699.510     3.938     0.62    1.57
-168323.443     3.774    -0.44    1.54
-167947.331     3.876     0.27    1.48
-167571.125     3.861    -0.04    1.70
-167194.919     3.569    -0.78    2.04
-166818.714     3.583     0.04    2.09
-166442.510     3.477    -0.28    2.41
-166066.306     3.281    -0.52    2.24
-165690.103     3.353     0.19    2.18
-165313.901     3.292    -0.16    2.16
-164937.700     3.977     1.82    2.66
-164561.499     4.440     1.23    2.50
-164185.299     5.542     2.93    2.46
-163809.100     5.531    -0.03    1.87
-163432.901     5.450    -0.21    1.78
-163056.703     5.623     0.46    1.64
-162680.506     4.920    -1.87    1.13
-162304.310     4.250    -1.78    1.51
-161928.114     3.594    -1.74    1.55
-161551.919     3.004    -1.57    1.43
-161175.724     2.541    -1.23    1.09
-160799.531     2.240    -0.80    0.56
-160423.338     2.218    -0.06    0.55
-160047.146     2.111    -0.28    0.33
-159670.954     2.056    -0.15    0.00
-159294.763     2.056     0.00    0.00
-158918.573     2.056     0.00    0.00
-158542.384     2.187     0.35    0.81
-158166.195     2.781     1.58    1.81
-157790.007     3.839     2.81    2.55
-157413.820     4.706     2.30    2.56
-157037.633     5.004     0.79    2.27
-156661.447     5.167     0.43    1.82
-156285.262     5.083    -0.22    1.80
-155909.077     5.002    -0.22    1.84
-155532.893     5.407     1.08    1.72
-155156.710     5.415     0.02    1.68
-154780.527     5.272    -0.38    1.36
-154404.345     5.209    -0.17    1.35
-154028.164     5.766     1.48    2.72
-153651.983     6.461     1.85    3.37
-153275.803     6.697     0.63    3.26
-152899.624     7.594     2.39    4.45
-152523.445     7.187    -1.08    4.60
-152147.268     6.083    -2.93    4.34
-151771.090     5.184    -2.39    3.29
-151394.914     4.389    -2.11    2.27
-151018.738     4.594     0.55    3.08
-150642.562     5.158     1.50    3.92
-150266.388     4.856    -0.80    3.66
-149890.214     5.596     1.97    3.78
-149514.040     4.866    -1.94    2.15
-149137.868     4.380    -1.29    2.20
-148761.696     4.407     0.07    2.67
-148385.524     4.611     0.54    2.86
-148009.353     5.331     1.91    3.24
-147633.183     5.645     0.84    3.27
-147257.014     5.407    -0.63    3.08
-146880.845     4.345    -2.82    2.62
-146504.677     3.503    -2.24    1.70
-146128.509     3.466    -0.10    1.46
-145752.342     3.029    -1.16    1.30
-145376.176     2.927    -0.27    1.32
-145000.010     2.778    -0.40    1.21
-144623.845     2.491    -0.76    1.25
-144247.681     2.363    -0.34    1.15
-143871.517     2.118    -0.65    1.16
-143495.354     1.950    -0.45    0.86
-143119.191     1.731    -0.58    0.85
-142743.030     1.758     0.07    0.97
-142366.868     1.898     0.37    1.00
-141990.708     1.812    -0.23    1.12
-141614.548     1.594    -0.58    1.14
-141238.388     1.466    -0.34    0.99
-140862.229     1.596     0.35    1.12
-140486.071     1.774     0.47    1.17
-140109.913     1.927     0.41    1.00
-139733.756     2.081     0.41    0.99
-139357.600     2.110     0.08    1.05
-138981.444     2.184     0.20    1.13
-138605.289     2.110    -0.20    1.10
-138229.134     2.083    -0.07    1.09
-137852.980     2.191     0.29    0.95
-137476.827     2.274     0.22    0.71
-137100.674     2.363     0.24    0.73
-136724.522     2.261    -0.27    0.98
-136348.370     2.083    -0.47    1.06
-135972.219     2.081    -0.01    1.04
-135596.069     2.028    -0.14    1.06
-135219.919     2.004    -0.06    1.00
-134843.770     2.003    -0.00    1.06
-134467.621     2.002    -0.00    1.18
-134091.473     1.731    -0.72    1.51
-133715.326     1.543    -0.50    1.41
-133339.179     1.202    -0.91    1.49
-132963.032     0.917    -0.76    1.20
-132586.887     0.953     0.10    1.14
-132210.741     1.135     0.48    1.38
-131834.597     1.245     0.29    1.39
-131458.453     2.488     3.31    3.75
-131082.309     4.170     4.47    5.60
-130706.166     5.286     2.97    6.01
-130330.024     7.681     6.37    6.59
-129953.882     8.611     2.47    5.95
-129577.741     9.338     1.93    4.83
-129201.600    10.417     2.87    4.26
-128825.460     8.924    -3.97    5.32
-128449.320     6.132    -7.42    6.03
-128073.181     3.687    -6.50    5.81
-127697.043     3.191    -1.32    5.49
-127320.905     3.135    -0.15    4.88
-126944.768     4.681     4.11    3.91
-126568.631     6.611     5.13    3.75
-126192.495     7.850     3.29    3.16
-125816.359     8.266     1.11    2.91
-125440.224     9.353     2.89    3.18
-125064.089    10.407     2.80    3.68
-124687.955    11.028     1.65    4.36
-124311.822     9.466    -4.15    6.17
-123935.689     7.156    -6.14    7.01
-123559.556     8.029     2.32    7.47
-123183.424     8.856     2.20    7.80
-122807.293     8.556    -0.80    7.35
-122431.162     9.503     2.52    6.10
-122055.032    11.164     4.42    3.93
-121678.902    11.568     1.08    3.91
-121302.772    10.083    -3.95    5.51
-120926.644     7.167    -7.75    6.41
-120550.515     6.529    -1.69    6.94
-120174.388     5.833    -1.85    7.20
-119798.260     7.030     3.18    7.38
-119422.134     7.286     0.68    7.26
-119046.008     5.944    -3.57    6.62
-118669.882     3.002    -7.82    5.13
-118293.757     1.245    -4.67    3.51
-117917.632     0.319    -2.46    1.39
-117541.508     0.831     1.36    1.89
-117165.384     1.029     0.53    1.72
-116789.261     0.953    -0.20    1.73
-116413.139     0.819    -0.36    1.78
-116037.016     0.740    -0.21    1.56
-115660.895     0.569    -0.45    1.02
-115284.774     0.517    -0.14    1.19
-114908.653     0.687     0.45    1.22
-114532.533     0.833     0.39    1.24
-114156.413     0.758    -0.20    1.08
-113780.294     0.667    -0.24    1.10
-113404.175     0.517    -0.40    1.02
-113028.057     0.697     0.48    0.96
-112651.940     0.556    -0.37    0.93
-112275.822     0.623     0.18    1.01
-111899.706     0.812     0.50    1.01
-111523.589     0.812     0.00    0.95
-111147.474     1.030     0.58    1.14
-110771.358     1.110     0.21    1.03
-110395.244     1.056    -0.14    1.12
-110019.129     1.184     0.34    1.20
-109643.015     1.184     0.00    1.06
-109266.902     1.731     1.46    1.87
-108890.789     2.056     0.86    2.96
-108514.677     2.424     0.98    3.13
-108138.565     3.417     2.64    4.47
-107762.453     3.029    -1.03    3.50
-107386.342     4.306     3.40    5.00
-107010.232     7.245     7.81    6.62
-106634.122    10.081     7.54    6.78
-106258.012    11.480     3.72    6.19
-105881.903    12.927     3.85    5.87
-105505.794    13.003     0.20    5.77
-105129.686    12.389    -1.63    4.57
-104753.578    12.363    -0.07    4.42
-104377.470    10.569    -4.77    4.71
-104001.363     9.722    -2.25    5.13
-103625.257     9.898     0.47    5.31
-103249.151    10.799     2.40    6.51
-102873.045    12.353     4.13    6.65
-102496.940    12.213    -0.37    6.45
-102120.835    10.306    -5.07    6.18
-101744.731     6.389   -10.41    4.29
-101368.627     6.002    -1.03    3.86
-100992.524     6.623     1.65    4.30
-100616.421     7.191     1.51    4.29
-100240.318     6.839    -0.93    4.49
 -99864.216     6.370    -1.25    4.60
 -99488.114     7.356     2.62    5.83
 -99112.013     8.898     4.10    6.59
 -98735.912    11.434     6.74    7.26
 -98359.812    13.850     6.43    7.64
 -97983.712    17.661    10.13    6.79
 -97607.612    20.056     6.37    6.72
 -97231.513    20.461     1.08    7.36
 -96855.414    21.132     1.79    6.56
 -96479.316    19.889    -3.31    5.84
 -96103.218    18.687    -3.20    4.19
 -95727.120    18.456    -0.62    3.63
 -95351.023    17.962    -1.31    3.09
 -94974.926    18.529     1.51    2.96
 -94598.830    18.731     0.54    2.99
 -94222.734    19.866     3.02    3.16
 -93846.639    21.407     4.10    2.93
 -93470.544    22.083     1.80    2.85
 -93094.449    21.687    -1.05    2.78
 -92718.305    21.004    -1.82    3.37
 -92342.136    20.083    -2.45    3.91
 -91965.968    20.240     0.42    3.56
 -91589.799    20.799     1.49    3.65
 -91213.632    21.517     1.91    3.30
 -90837.464    22.272     2.01    3.12
 -90461.297    24.056     4.74    4.59
 -90085.131    23.917    -0.37    4.99
 -89708.964    23.596    -0.85    5.19
 -89332.799    23.056    -1.44    4.58
 -88956.633    24.274     3.24    5.73
 -88580.468    27.722     9.17    4.90
 -88204.303    28.424     1.87    4.14
 -87828.139    25.917    -6.67    5.71
 -87451.975    21.245   -12.42    6.23
 -87075.812    17.972    -8.70    4.84
 -86699.648    15.924    -5.45    4.29
 -86323.486    14.953    -2.58    4.98
 -85947.323    14.164    -2.10    5.54
 -85571.161    13.924    -0.64    5.70
 -85194.999    14.671     1.99    6.60
 -84818.838    14.491    -0.48    6.67
 -84442.677    16.866     6.31    6.52
 -84066.516    19.631     7.35    6.45
 -83690.356    23.677    10.76    7.65
 -83314.196    28.704    13.36    5.73
 -82938.036    30.488     4.74    4.39
 -82561.877    29.967    -1.38    5.01
 -82185.718    27.748    -5.90    5.46
 -81809.560    24.312    -9.13    4.60
 -81433.402    22.944    -3.64    3.41
 -81057.244    23.363     1.11    3.44
 -80681.086    23.417     0.14    3.51
 -80304.929    23.137    -0.74    3.97
 -79928.772    20.774    -6.28    5.26
 -79552.616    18.056    -7.23    5.95
 -79176.460    15.240    -7.49    5.71
 -78800.304    13.345    -5.04    4.63
 -78424.148    12.406    -2.50    5.14
 -78047.993     9.839    -6.82    6.50
 -77671.838     6.856    -7.93    6.57
 -77295.684     3.081   -10.03    4.13
 -76919.530     2.056    -2.73    2.83
 -76543.376     6.596    12.07    8.20
 -76167.222    11.434    12.86    8.72
 -75791.069    16.371    13.13    6.67
 -75414.916    19.261     7.68    3.41
 -75038.764    19.028    -0.62    2.67
 -74662.612    18.631    -1.06    2.81
 -74286.460    17.766    -2.30    3.01
 -73910.308    17.542    -0.60    2.49
 -73534.157    16.924    -1.64    2.20
 -73158.006    16.722    -0.54    1.66
 -72781.855    16.424    -0.79    1.75
 -72405.705    16.222    -0.54    1.80
 -72029.555    15.722    -1.33    1.58
 -71653.405    15.750     0.07    2.20
 -71277.256    15.456    -0.78    2.31
 -70901.106    15.107    -0.93    2.33
 -70524.958    15.141     0.09    3.02
 -70148.809    15.515     0.99    3.58
 -69772.661    17.515     5.32    5.27
 -69396.513    18.713     3.19    5.03
 -69020.365    19.158     1.18    5.67
 -68644.218    18.893    -0.70    5.78
 -68268.071    17.731    -3.09    5.38
 -67891.924    15.953    -4.73    3.82
 -67515.777    14.608    -3.58    1.61
 -67139.631    14.380    -0.61    1.67
 -66763.485    13.927    -1.20    1.64
 -66387.340    13.620    -0.82    1.71
 -66011.194    13.944     0.86    2.56
 -65635.049    14.466     1.39    3.75
 -65258.904    14.861     1.05    4.31
 -64882.760    14.213    -1.72    5.53
 -64506.615    13.030    -3.15    5.65
 -64130.471    11.743    -3.42    4.62
 -63754.327    10.974    -2.04    4.82
 -63378.184    10.245    -1.94    5.35
 -63002.041     9.029    -3.23    4.99
 -62625.898     7.620    -3.75    4.81
 -62249.755     6.623    -2.65    4.98
 -61873.613     5.363    -3.35    4.60
 -61497.470     4.697    -1.77    4.13
 -61121.328     4.774     0.20    4.59
 -60745.187     5.839     2.83    4.85
 -60369.045     5.927     0.23    4.40
 -59992.904     6.132     0.55    4.50
 -59616.763     6.944     2.16    4.29
 -59240.623     7.582     1.69    3.43
 -58864.482     8.380     2.12    2.82
 -58488.342     8.191    -0.50    2.93
 -58112.202     7.722    -1.25    3.62
 -57736.062     8.024     0.80    4.85
 -57359.923     8.799     2.06    5.66
 -56983.784     9.876     2.86    5.84
 -56607.645     8.556    -3.51    4.63
 -56231.506     8.440    -0.31    3.31
 -55855.367     8.056    -1.02    2.25
 -55479.229     8.004    -0.14    2.11
 -55103.091     7.371    -1.68    1.86
 -54726.953     6.871    -1.33    1.56
 -54350.816     6.650    -0.59    1.24
 -53974.678     6.312    -0.90    1.35
 -53598.541     5.466    -2.25    1.68
 -53222.404     4.611    -2.27    1.71
 -52846.267     3.758    -2.27    1.87
 -52470.131     3.299    -1.22    2.78
 -52093.995     2.866    -1.15    3.36
 -51717.859     2.110    -2.01    3.02
 -51341.723     2.232     0.33    3.42
 -50965.587     1.902    -0.88    3.30
 -50589.452     1.338    -1.50    2.61
 -50213.317     1.194    -0.38    2.63
 -49837.181     0.722    -1.26    2.26
 -49461.047     1.029     0.81    2.77
 -49084.912     0.503    -1.40    1.86
 -48708.778     0.371    -0.35    1.88
 -48332.643     0.491     0.32    1.85
 -47956.509     0.974     1.28    2.97
 -47580.376     1.371     1.06    3.81
 -47204.242     1.281    -0.24    3.25
 -46828.109     3.361     5.53    6.14
 -46451.975     8.029    12.41   10.17
 -46075.842    14.596    17.46   10.18
 -45699.709    18.731    10.99    8.00
 -45323.577    22.434     9.84    3.87
 -44947.444    21.139    -3.44    5.95
 -44571.312    18.850    -6.08    8.15
 -44195.180    16.531    -6.17    9.70
 -43819.048    15.083    -3.85    9.73
 -43442.916    12.748    -6.21    9.49
 -43066.785    10.635    -5.62    9.43
 -42690.653     8.235    -6.38    8.68
 -42314.522     6.003    -5.93    7.35
 -41938.391     4.209    -4.77    4.94
 -41562.260     3.750    -1.22    4.35
 -41186.129     3.137    -1.63    3.82
 -40809.999     4.030     2.37    4.30
 -40433.868     5.798     4.70    5.64
 -40057.738     8.517     7.23    6.06
 -39681.608    10.850     6.20    5.83
 -39305.478    12.417     4.16    5.00
 -38929.348    12.218    -0.53    5.21
 -38553.218    10.583    -4.35    6.56
 -38177.089     6.503   -10.85    6.98
 -37800.960     3.606    -7.70    6.14
 -37424.831     1.353    -5.99    3.96
 -37048.702     1.056    -0.79    1.72
 -36672.573     1.871     2.17    2.10
 -36296.444     2.082     0.56    1.87
 -35920.315     2.245     0.43    2.83
 -35544.187     2.056    -0.50    5.43
 -35168.059     4.766     7.21    7.54
 -34791.931     6.191     3.79    7.75
 -34415.803     6.407     0.57    7.25
 -34039.675     5.370    -2.76    5.91
 -33663.547     3.363    -5.33    4.75
 -33287.419     2.081    -3.41    3.57
 -32911.292     1.970    -0.30    3.11
 -32535.164     3.029     2.81    4.04
 -32159.037     4.380     3.59    5.16
 -31782.910     8.353    10.56    7.23
 -31406.783    12.106     9.98    7.97
 -31030.656    14.380     6.05    7.20
 -30654.530    16.029     4.39    5.34
 -30278.403    14.845    -3.15    5.39
 -29902.277    14.363    -1.28    5.08
 -29526.150    14.434     0.19    5.23
 -29150.024    14.681     0.66    4.63
 -28773.898    14.345    -0.89    5.63
 -28397.772    13.056    -3.43    6.21
 -28021.646    12.866    -0.50    6.65
 -27645.520    11.194    -4.45    6.92
 -27269.394    10.108    -2.89    6.32
 -26893.269     9.748    -0.96    5.76
 -26517.143    11.656     5.07    6.12
 -26141.018    13.209     4.13    5.30
 -25764.892    10.398    -7.48    8.56
 -25388.767     4.917   -14.57    9.74
 -25012.642    -0.919   -15.51    6.68
 -24636.517    -3.865    -7.83    0.49
 -24260.392    -3.944    -0.21    0.00
 -23884.267    -3.944     0.00    0.00
 -23508.142    -3.944     0.00    0.00
 -23132.018    -3.944     0.00    0.00
 -22755.893    -3.944     0.00    0.00
 -22379.769    -3.944     0.00    0.00
 -22003.644    -3.944     0.00    0.00
 -21627.520    -3.944     0.00    0.00
 -21251.396    -3.944     0.00    0.00
 -20875.271    -3.944     0.00    0.00
 -20499.147    -3.944     0.00    0.00
 -20123.023    -3.944     0.00    0.00
 -19746.899    -3.944     0.00    0.00
 -19370.775    -3.944     0.00    0.00
 -18994.652    -3.944     0.00    0.00
 -18618.528    -3.944     0.00    0.00
 -18242.404    -3.944     0.00    0.00
 -17866.281    -3.944     0.00    0.00
 -17490.147    -3.944     0.00    0.00
 -17114.015    -3.944     0.00    0.00
 -16737.882    -3.944     0.00    0.00
 -16361.749    -3.944     0.00    0.00
 -15985.616    -3.944     0.00    0.00
 -15609.483    -3.944     0.00    0.00
 -15233.351    -3.944     0.00    0.00
 -14857.218    -3.944     0.00    0.00
 -14481.085    -3.944     0.00    0.00
 -14104.953    -3.944     0.00    0.00
 -13728.820    -3.944     0.00    0.00
 -13352.688    -3.944     0.00    0.00
 -12976.555    -3.944     0.00    0.00
 -12600.423    -3.944     0.00    0.00
 -12224.291    -3.944     0.00    0.00
 -11848.158    -3.944     0.00    0.00
 -11472.026    -3.944     0.00    0.00
 -11095.894    -3.944     0.00    0.00
 -10719.762    -3.944     0.00    0.00
 -10343.629    -3.944     0.00    0.00
  -9967.497    -3.944     0.00    0.00
  -9591.365    -3.944     0.00    0.00
  -9215.233    -3.944     0.00    0.00
  -8839.101    -3.944     0.00    0.00
  -8462.969    -3.944     0.00    0.00
  -8086.837    -3.242     1.87    2.85
  -7710.705     0.799    10.74    8.35
  -7334.573     6.056    13.97   10.03
  -6958.441     9.850    10.09    9.23
  -6582.309    14.056    11.18    5.68
  -6206.177    15.002     2.51    3.66
  -5830.045    14.261    -1.97    4.25
  -5453.913    14.645     1.02    3.73
  -5077.781    15.748     2.93    2.92
  -4701.649    16.361     1.63    3.05
  -4325.517    16.766     1.08    3.06
  -3949.386    14.758    -5.34    5.41
  -3573.254    13.461    -3.45    6.15
  -3197.122    10.569    -7.69    5.69
  -2820.990     7.524    -8.09    4.87
  -2444.858    10.004     6.59    6.35
  -2068.726    11.132     3.00    6.62
  -1692.594    12.972     4.89    6.17
  -1316.462    16.056     8.20    2.98
   -940.330    15.417    -1.70    3.79
   -564.198    10.213   -13.83    8.48
   -188.066     5.056   -13.71    9.67
    188.066    -0.296   -14.23    7.14
    564.198     0.515     2.16    8.20
    940.330     5.081    12.14    9.15
   1316.462     8.681     9.57    7.36
   1692.594    10.083     3.73    5.04
   2068.726     7.748    -6.21    5.21
   2444.859     4.515    -8.59    4.60
   2820.991     3.137    -3.66    3.42
   3197.123     4.866     4.60    5.04
   3573.255     7.627     7.34    5.18
   3949.387     8.713     2.89    4.23
   4325.520     8.356    -0.95    4.13
   4701.652     6.889    -3.90    3.18
   5077.785     6.004    -2.35    2.60
   5453.917     6.326     0.85    2.46
   5830.049     7.529     3.20    2.49
   6206.182     7.338    -0.51    2.71
   6582.315     7.424     0.23    2.73
   6958.447     6.139    -3.42    3.16
   7334.580     5.240    -2.39    2.67
   7710.713     5.056    -0.49    2.34
   8086.845     5.222     0.44    2.49
   8462.978     4.799    -1.12    2.47
   8839.111     5.029     0.61    2.83
   9215.244     5.785     2.01    3.93
   9591.377     8.974     8.48    6.81
   9967.510    13.893    13.08    7.93
  10343.643    17.774    10.32    6.38
  10719.776    19.158     3.68    3.51
  11095.909    18.083    -2.86    3.31
  11472.043    15.850    -5.93    2.56
  11848.176    13.766    -5.54    2.91
  12224.310    12.371    -3.71    3.68
  12600.443    11.002    -3.64    3.81
  12976.577    10.338    -1.77    3.93
  13352.710     9.977    -0.96    3.51
  13728.844    10.472     1.32    3.63
  14104.978    10.687     0.57    2.98
  14481.112    10.889     0.54    2.43
  14857.246    10.363    -1.40    2.45
  15233.380    10.440     0.20    2.81
  15609.514    10.261    -0.48    3.34
  15985.648    10.623     0.96    3.53
  16361.783    11.677     2.80    3.01
  16737.917    12.488     2.16    2.60
  17114.052    12.356    -0.35    2.67
  17490.186    12.353    -0.01    2.62
  17866.321    11.056    -3.45    2.48
  18242.456    10.876    -0.48    2.55
  18618.591    10.389    -1.30    2.37
  18994.726     9.650    -1.96    2.39
  19370.861     9.286    -0.97    2.69
  19746.996     8.792    -1.31    2.26
  20123.131     8.833     0.11    2.29
  20499.267     9.785     2.53    2.08
  20875.402    10.583     2.12    1.75
  21251.538    11.450     2.30    1.78
  21627.674    12.158     1.88    1.39
  22003.810    12.399     0.64    1.60
  22379.946    12.792     1.05    1.84
  22756.082    12.650    -0.38    2.31
  23132.218    12.694     0.12    2.63
  23508.354    12.876     0.48    2.39
  23884.491    13.191     0.84    3.61
  24260.627    11.517    -4.45    5.62
  24636.764     8.081    -9.13    8.63
  25012.901     5.871    -5.88    9.45
  25389.038     6.635     2.03   10.19
  25765.175    10.697    10.80   10.05
  26141.312    15.594    13.02    6.02
  26517.450    17.111     4.03    2.71
  26893.587    16.461    -1.73    2.31
  27269.725    15.704    -2.01    2.62
  27645.863    14.866    -2.23    2.63
  28022.001    14.569    -0.79    2.42
  28398.139    14.941     0.99    2.60
  28774.277    15.256     0.84    3.01
  29150.415    15.503     0.66    3.24
  29526.554    16.000     1.32    3.52
  29902.692    15.440    -1.49    4.00
  30278.831    16.082     1.71    3.75
  30654.970    17.082     2.66    3.94
  31031.109    17.740     1.75    2.52
  31407.249    17.799     0.16    2.51
  31783.388    18.029     0.61    2.57
  32159.528    14.556    -9.23    7.69
  32535.668     8.806   -15.29   10.78
  32911.807     1.741   -18.78    9.38
  33287.948    -2.512   -11.31    5.13
  33664.088    -3.944    -3.81    0.00
  34040.228    -3.944     0.00    0.00
  34416.369    -3.944     0.00    0.00
  34792.510    -3.944     0.00    0.00
  35168.651    -3.175     2.05    3.54
  35544.792    -2.550     1.66    5.08
  35920.933    -2.782    -0.62    4.94
  36297.074    -3.509    -1.93    2.72
  36673.216    -3.944    -1.16    0.00
  37049.358    -3.944     0.00    0.00
  37425.500    -3.944     0.00    0.00
  37801.642    -3.944     0.00    0.00
  38177.785    -3.944     0.00    0.00
  38553.927    -3.944     0.00    0.00
  38930.070    -2.839     2.94    4.33
  39306.213    -0.663     5.79    7.19
  39682.356     2.979     9.68    9.55
  40058.499     8.812    15.51   11.02
  40434.643    12.611    10.10    9.94
  40810.787    15.191     6.86    7.47
  41186.931    16.417     3.26    5.49
  41563.075    16.582     0.44    3.61
  41939.219    14.956    -4.32    3.19
  42315.364    14.866    -0.24    2.87
  42691.508    14.440    -1.13    3.18
  43067.653    14.261    -0.48    2.49
  43443.798    14.209    -0.14    2.68
  43819.944    13.488    -1.92    3.28
  44196.089    13.491     0.01    3.35
  44572.235    13.866     1.00    3.31
  44948.381    13.272    -1.58    3.74
  45324.528    13.083    -0.50    3.79
  45700.674    12.997    -0.23    3.95
  46076.821    12.389    -1.62    3.94
  46452.968    11.594    -2.11    4.01
  46829.115    12.083     1.30    3.72
  47205.262    12.424     0.91    3.25
  47581.410    13.111     1.83    2.78
  47957.558    14.082     2.58    3.01
  48333.706    15.979     5.04    3.67
  48709.854    15.569    -1.09    6.37
  49086.002    13.266    -6.12    8.94
  49462.151    12.661    -1.61    9.35
  49838.300    13.261     1.59    8.00
  50214.450    14.839     4.20    7.28
  50590.599    15.876     2.76    5.86
  50966.749    16.261     1.02    4.84
  51342.899    16.353     0.25    4.42
  51719.049    17.164     2.16    3.65
  52095.199    18.407     3.31    3.70
  52471.350    18.620     0.57    3.12
  52847.501    18.774     0.41    3.39
  53223.652    19.427     1.74    3.18
  53599.804    18.927    -1.33    3.33
  53975.956    18.569    -0.95    3.45
  54352.108    17.639    -2.47    6.27
  54728.260    16.292    -3.58    8.05
  55104.412    15.292    -2.66    8.48
  55480.565    16.319     2.73    8.03
  55856.718    18.240     5.11    6.67
  56232.872    20.581     6.22    3.40
  56609.025    20.750     0.45    5.00
  56985.179    18.331    -6.43    8.90
  57361.314    16.440    -5.03   10.74
  57737.413    14.750    -4.49   11.92
  58113.512    10.218   -12.05   13.05
  58489.612     5.542   -12.43   12.12
  58865.712     5.515    -0.07   12.13
  59241.812     7.850     6.21   12.23
  59617.912    12.596    12.62   11.88
  59994.013    19.006    17.04    8.28
  60370.114    19.876     2.31    7.39
  60746.215    15.461   -11.74   11.34
  61122.317    11.003   -11.85   13.11
  61498.419     4.850   -16.36   12.14
  61874.521    -0.339   -13.80    8.56
  62250.624    -3.472    -8.33    2.83
  62626.726    -3.944    -1.26    0.00
  63002.830    -3.944     0.00    0.00
  63378.933    -3.944     0.00    0.00
  63755.037    -3.944     0.00    0.00
  64131.141    -3.944     0.00    0.00
  64507.245    -3.944     0.00    0.00
  64883.349    -3.944     0.00    0.00
  65259.454    -3.944     0.00    0.00
  65635.560    -3.944     0.00    0.00
  66011.665    -3.944     0.00    0.00
  66387.771    -3.944     0.00    0.00
  66763.877    -3.944     0.00    0.00
  67139.983    -3.944     0.00    0.00
  67516.090    -3.944     0.00    0.00
  67892.197    -3.655     0.77    1.78
  68268.305    -1.021     7.00    7.56
  68644.413     0.889     5.08    9.73
  69020.521     5.107    11.21   12.36
  69396.629     8.750     9.69   12.91
  69772.738    11.608     7.60   12.62
  70148.847    15.568    10.53   10.56
  70524.956    18.868     8.77    6.09
  70901.066    19.635     2.04    3.51
  71277.176    19.187    -1.19    3.65
  71653.286    18.623    -1.50    3.39
  72029.397    18.030    -1.58    3.54
  72405.508    17.785    -0.65    3.65
  72781.619    18.620     2.22    3.84
  73157.731    18.902     0.75    3.53
  73533.843    18.924     0.06    2.86
  73909.956    18.398    -1.40    2.52
  74286.068    17.748    -1.73    1.88
  74662.182    17.850     0.27    1.96
  75038.295    18.361     1.36    2.21
  75414.409    18.785     1.13    2.36
  75790.523    19.137     0.93    2.29
  76166.638    18.839    -0.79    2.38
  76542.753    19.218     1.01    2.01
  76918.868    18.899    -0.85    2.32
  77294.983    18.415    -1.29    1.99
  77671.099    18.209    -0.55    2.18
  78047.216    18.167    -0.11    2.44
  78423.333    17.389    -2.07    2.71
  78799.450    16.893    -1.32    2.87
  79175.567    17.135     0.64    2.78
  79551.685    17.082    -0.14    2.70
  79927.803    17.440     0.95    3.00
  80303.922    18.218     2.07    2.40
  80680.041    18.029    -0.50    2.72
  81056.160    18.231     0.54    2.85
  81432.280    17.528    -1.87    2.61
  81808.400    16.839    -1.83    2.64
  82184.520    16.677    -0.43    2.54
  82560.641    15.083    -4.24    2.03
  82936.762    14.110    -2.59    2.52
  83312.884    14.306     0.52    2.74
  83689.006    14.231    -0.20    2.73
  84065.128    15.158     2.47    3.47
  84441.251    16.623     3.90    3.63
  84817.374    17.543     2.44    3.36
  85193.498    17.164    -1.01    6.37
  85569.622    14.766    -6.37    8.40
  85945.746    13.568    -3.18    9.09
  86321.871    13.107    -1.23    8.98
  86697.996    13.833     1.93    9.06
  87074.122    15.424     4.23    8.06
  87450.248    18.594     8.43    3.62
  87826.374    18.861     0.71    3.00
  88202.501    18.415    -1.19    2.36
  88578.628    18.326    -0.24    2.67
  88954.756    18.164    -0.43    2.69
  89330.884    17.110    -2.80    2.96
  89707.013    16.278    -2.21    3.34
  90083.142    14.953    -3.52    3.04
  90459.271    14.281    -1.79    2.75
  90835.401    14.164    -0.31    2.84
  91211.531    14.132    -0.08    3.22
  91587.661    14.582     1.19    3.66
  91963.792    15.004     1.12    3.78
  92339.924    16.353     3.59    4.05
  92716.056    17.338     2.62    4.82
  93092.188    18.353     2.70    4.91
  93468.321    19.326     2.59    4.78
  93844.454    19.272    -0.14    4.03
  94220.588    17.341    -5.13    7.71
  94596.722    16.697    -1.71    8.30
  94972.856    14.799    -5.04    8.32
  95348.991    12.084    -7.22    9.53
  95725.126     6.866   -13.87   10.45
  96101.262     1.245   -14.95    8.89
  96477.398    -2.418    -9.74    5.12
  96853.535    -1.969     1.19    5.90
  97229.672     1.542     9.34    9.65
  97605.810     5.845    11.44   10.90
  97981.948    10.450    12.24   10.13
  98358.087    13.450     7.98    7.48
  98734.226    16.191     7.29    2.74
  99110.365    15.906    -0.76    2.74
  99486.505    15.450    -1.21    2.40
  99862.645    14.164    -3.42    3.00
 100238.786    13.164    -2.66    3.35
 100614.927    12.528    -1.69    3.40
 100991.069    12.825     0.79    3.55
 101367.211    12.927     0.27    3.72
 101743.354    13.970     2.77    3.05
 102119.497    14.345     1.00    2.51
 102495.641    14.488     0.38    1.97
 102871.785    14.306    -0.49    2.09
 103247.930    14.645     0.90    2.04
 103624.075    15.380     1.95    1.75
 104000.220    16.056     1.80    1.59
 104376.366    16.292     0.63    1.67
 104752.513    16.731     1.16    1.75
 105128.660    16.893     0.43    1.42
 105504.807    17.206     0.83    1.69
 105880.955    17.927     1.92    2.12
 106257.104    18.500     1.52    2.20
 106633.253    19.704     3.20    2.23
 107009.402    20.515     2.16    2.26
 107385.552    21.272     2.01    1.97
 107761.703    22.004     1.95    2.04
 108137.854    22.198     0.52    1.85
 108514.005    22.184    -0.04    2.08
 108890.157    22.187     0.01    2.17
 109266.309    22.056    -0.35    2.10
 109642.462    21.466    -1.57    2.16
 110018.616    20.898    -1.51    1.79
 110394.770    20.266    -1.68    1.61
 110770.924    19.292    -2.59    1.44
 111147.079    18.902    -1.04    1.25
 111523.235    18.515    -1.03    1.54
 111899.391    18.902     1.03    1.69
 112275.548    18.631    -0.72    1.81
 112651.705    18.427    -0.54    1.77
 113027.862    18.110    -0.84    1.84
 113404.020    17.083    -2.73    1.55
 113780.179    17.245     0.43    2.26
 114156.338    16.110    -3.02    5.52
 114532.498    12.778    -8.86    9.15
 114908.658     8.681   -10.89   11.17
 115284.819     5.517    -8.41   10.60
 115660.980     6.461     2.51   10.29
 116037.142     9.398     7.81   10.26
 116413.304    14.582    13.78    7.28
 116789.467    16.748     5.76    2.48
 117165.631    16.974     0.60    2.11
 117541.795    16.440    -1.42    2.39
 117917.959    15.111    -3.53    2.41
 118294.124    14.286    -2.19    2.08
 118670.290    13.517    -2.04    1.92
 119046.456    13.306    -0.56    1.81
 119422.623    12.713    -1.57    1.94
 119798.790    11.920    -2.11    2.19
 120174.958    10.893    -2.73    2.58
 120551.126    10.137    -2.01    3.00
 120927.295     9.917    -0.58    3.16
 121303.464    10.319     1.07    3.24
 121679.634    10.876     1.48    2.85
 122055.805    11.785     2.42    2.16
 122431.976    11.697    -0.24    1.80
 122808.148    11.543    -0.41    1.54
 123184.320    12.466     2.45    2.66
 123560.493    13.677     3.22    2.94
 123936.666    14.799     2.98    2.73
 124312.840    15.920     2.98    1.86
 124689.015    14.661    -3.35    3.34
 125065.190    13.272    -3.69    5.11
 125441.366    10.837    -6.47    5.22
 125817.542     9.543    -3.44    5.15
 126193.719     8.477    -2.83    4.10
 126569.897     7.889    -1.56    3.36
 126946.075     9.568     4.46    4.12
 127322.253    12.361     7.42    4.96
 127698.432    11.568    -2.11    7.13
 128074.612    12.792     3.25    8.53
 128450.793    14.650     4.94    8.75
 128826.974    16.345     4.51    8.53
 129203.155    19.132     7.41    4.73
 129579.337    21.756     6.97    5.91
 129955.520    25.299     9.42    6.86
 130331.704    27.645     6.24    6.21
 130707.887    30.398     7.32    3.86
 131084.072    29.704    -1.84    3.32
 131460.257    29.137    -1.51    3.25
 131836.443    28.227    -2.42    4.22
 132212.629    25.261    -7.89    4.91
 132588.728    22.781    -6.59    4.04
 132964.790    21.667    -2.96    3.38
 133340.852    21.825     0.42    3.40
 133716.915    21.333    -1.31    3.35
 134092.979    20.661    -1.79    3.35
 134469.043    19.722    -2.50    3.62
 134845.108    18.582    -3.03    3.01
 135221.174    18.713     0.35    3.13
 135597.240    18.876     0.43    3.76
 135973.306    20.206     3.54    3.61
 136349.374    21.056     2.26    4.18
 136725.442    21.456     1.06    3.91
 137101.510    22.766     3.48    4.71
 137477.579    25.029     6.02    5.05
 137853.649    26.515     3.95    4.57
 138229.720    28.139     4.32    3.73
 138605.791    27.338    -2.13    4.18
 138981.863    25.456    -5.00    4.47
 139357.935    25.407    -0.13    4.20
 139734.008    24.381    -2.73    3.72
 140110.082    23.635    -1.98    4.02
 140486.156    22.740    -2.38    4.12
 140862.231    23.056     0.84    4.84
 141238.307    24.184     3.00    5.79
 141614.383    25.806     4.31    5.91
 141990.460    28.222     6.43    5.49
 142366.537    30.363     5.69    4.09
 142742.615    31.798     3.82    3.24
 143118.694    32.004     0.55    3.15
 143494.774    30.466    -4.09    4.17
 143870.854    29.333    -3.01    4.07
 144246.935    29.650     0.84    4.04
 144623.016    30.110     1.22    3.88
 144999.098    30.556     1.19    3.19
 145375.181    30.030    -1.40    3.19
 145751.265    29.812    -0.58    3.36
 146127.349    30.389     1.53    2.79
 146503.434    30.345    -0.12    3.45
 146879.519    28.608    -4.62    4.97
 147255.605    25.947    -7.07    6.05
 147631.692    22.056   -10.35    6.03
 148007.780    18.529    -9.38    3.94
 148383.868    18.222    -0.82    2.92
 148759.957    17.898    -0.86    2.83
 149136.046    16.639    -3.35    4.16
 149512.137    15.568    -2.85    5.21
 149888.228    14.235    -3.55    5.41
 150264.319    15.328     2.91    5.85
 150640.412    18.515     8.47    5.57
 151016.505    21.164     7.04    4.11
 151392.598    22.893     4.60    1.86
 151768.693    23.645     2.00    2.00
 152144.788    24.002     0.95    2.07
 152520.884    23.415    -1.56    4.73
 152896.980    22.004    -3.75    6.80
 153273.077    21.184    -2.18    8.01
 153649.175    22.029     2.25    7.30
 154025.274    21.312    -1.91    7.64
 154401.373    22.213     2.40    6.72
 154777.473    22.639     1.13    7.06
 155153.574    23.785     3.05    5.84
 155529.675    25.500     4.56    2.37
 155905.777    25.596     0.26    1.77
 156281.880    26.030     1.15    1.78
 156657.984    26.431     1.07    2.01
 157034.088    26.003    -1.14    2.36
 157410.193    25.503    -1.33    2.90
 157786.298    25.778     0.73    2.30
 158162.405    26.312     1.42    2.15
 158538.512    26.785     1.26    2.41
 158914.620    25.825    -2.55    3.94
 159290.729    24.924    -2.40    4.62
 159666.838    24.825    -0.26    4.46
 160042.948    22.731    -5.57    6.11
 160419.059    21.003    -4.60    7.35
 160795.170    21.261     0.69    7.01
 161171.283    21.917     1.74    6.70
 161547.396    21.542    -1.00    7.93
 161923.509    19.299    -5.96   10.19
 162299.624    18.056    -3.31   10.12
 162675.739    18.461     1.08    9.86
 163051.855    18.856     1.05    8.90
 163427.972    22.481     9.64    4.57
 163804.089    23.635     3.07    2.67
 164180.207    21.623    -5.35    5.11
 164556.326    18.415    -8.53    6.91
 164932.446    15.213    -8.51    6.80
 165308.567    14.371    -2.24    6.91
 165684.688    14.213    -0.42    6.95
 166060.810    13.825    -1.03    6.78
 166436.933    15.472     4.38    6.75
 166813.056    15.450    -0.06    6.25
 167189.180    16.356     2.41    5.71
 167565.305    17.741     3.68    4.95
 167941.431    17.677    -0.17    4.69
 168317.558    16.515    -3.09    5.00
 168693.685    15.353    -3.09    4.34
 169069.813    14.623    -1.94    4.07
 169445.942    14.639     0.04    3.31
 169822.072    15.620     2.61    3.53
 170198.202    16.491     2.32    3.32
 170574.333    17.002     1.36    3.67
 170950.465    15.556    -3.84    4.64
 171326.598    13.517    -5.42    5.98
 171702.732    12.466    -2.79    6.18
 172078.866    12.218    -0.66    6.88
 172455.001    12.543     0.86    6.35
 172831.137    14.194     4.39    5.76
 173207.274    15.740     4.11    5.70
 173583.411    16.713     2.59    4.94
 173959.549    18.743     5.40    4.98
 174335.689    19.543     2.13    4.76
 174711.828    19.731     0.50    5.01
 175087.969    21.194     3.89    4.57
 175464.111    22.434     3.30    3.43
 175840.253    22.778     0.91    3.13
 176216.396    21.871    -2.41    3.92
 176592.540    19.081    -7.42    5.73
 176968.684    17.947    -3.01    5.82
 177344.830    17.466    -1.28    5.96
 177720.976    17.671     0.55    6.44
 178097.123    16.363    -3.48    6.76
 178473.271    15.488    -2.33    6.20
 178849.420    16.286     2.12    5.94
 179225.570    16.407     0.32    6.01
 179601.720    19.191     7.40    6.10
 179977.871    21.137     5.17    4.73
 180354.023    23.761     6.98    2.26
 180730.176    23.671    -0.24    1.93
 181106.330    23.517    -0.41    2.10
 181482.484    23.306    -0.56    2.45
 181858.640    22.898    -1.08    3.21
 182234.796    23.139     0.64    3.32
 182610.953    23.845     1.88    3.15
 182987.110    24.697     2.26    2.30
 183363.269    25.218     1.39    2.29
 183739.429    25.135    -0.22    2.46
 184115.589    24.819    -0.84    2.71
 184491.750    25.081     0.70    2.76
 184867.912    24.596    -1.29    3.66
 185244.075    24.158    -1.16    3.72
 185620.239    23.774    -1.02    3.71
 185996.403    23.515    -0.69    3.96
 186372.569    23.731     0.57    3.88
 186748.735    24.002     0.72    3.95
 187124.902    23.620    -1.02    4.06
 187501.070    21.953    -4.43    4.53
 187877.239    20.198    -4.66    5.31
 188253.408    18.902    -3.45    4.55
 188629.579    19.461     1.49    4.77
 189005.750    21.611     5.72    5.23
 189381.923    23.766     5.73    4.09
 189758.096    25.635     4.97    2.60
 190134.270    26.081     1.19    2.80
 190510.444    25.345    -1.96    2.96
 190886.620    25.056    -0.77    2.97
 191262.797    24.028    -2.73    3.36
 191638.974    22.981    -2.78    4.23
 192015.152    21.491    -3.96    4.67
 192391.332    19.694    -4.78    5.71
 192767.512    17.920    -4.72    5.48
 193143.693    15.947    -5.24    5.14
 193519.875    15.326    -1.65    5.11
 193896.057    15.132    -0.51    6.40
 194272.241    14.596    -1.43    7.40
 194648.425    12.431    -5.76    8.65
 195024.611    10.466    -5.22    8.79
 195400.797     6.920    -9.42    8.58
 195776.984     3.345    -9.50    7.47
 196153.172     0.209    -8.34    5.00
 196529.361    -1.471    -4.47    2.61
 196905.551    -1.944    -1.26    0.00
 197281.742    -1.944     0.00    0.00
 197657.933    -1.944     0.00    0.00
 198034.126    -1.944     0.00    0.00
 198410.319    -1.944     0.00    0.00
 198786.514    -1.944     0.00    0.00
 199162.709     0.164     5.60    5.50
 199538.905     2.164     5.32    6.97
 199915.102     4.213     5.45    8.36
 200291.300     6.266     5.46    8.84
 200667.499     8.083     4.83    9.94
 201043.699    11.030     7.83   10.18
 201419.899    13.979     7.84    9.01
 201796.101    16.515     6.74    8.62
 202172.304    16.623     0.29    9.03
 202548.507    13.582    -8.08   10.47
 202924.711    12.235    -3.58   10.16
 203300.917    12.611     1.00   10.38
 203677.123    16.466    10.25   11.26
 204053.330    22.194    15.23    7.72
 204429.538    23.450     3.34    6.70
 204805.747    23.466     0.04    6.08
 205181.957    21.337    -5.66    6.37
 205558.168    21.108    -0.61    6.30
 205934.380    21.893     2.09    6.20
 206310.593    20.785    -2.95    8.00
 206686.806    22.004     3.24    7.57
 207063.021    22.785     2.08    8.52
 207439.226    24.774     5.29    5.54
 207815.253    25.645     2.32    2.78
 208191.281    26.272     1.67    2.06
 208567.309    25.950    -0.85    2.22
 208943.338    26.081     0.35    2.40
 209319.369    25.543    -1.43    2.63
 209695.400    25.677     0.36    3.06
 210071.432    26.240     1.50    3.07
 210447.465    27.272     2.74    2.86
 210823.500    26.839    -1.15    2.98
 211199.535    26.434    -1.08    3.37
 211575.571    24.743    -4.50    4.18
 211951.608    23.261    -3.94    5.49
 212327.646    22.825    -1.16    6.12
 212703.685    23.694     2.31    5.40
 213079.725    25.338     4.37    4.52
 213455.766    26.461     2.99    3.97
 213831.807    27.056     1.58    3.59
 214207.850    27.635     1.54    3.67
 214583.894    27.713     0.21    3.85
 214959.939    26.839    -2.32    4.23
 215335.985    25.056    -4.74    4.55
 215712.031    23.031    -5.39    4.18
 216088.079    21.694    -3.55    2.70
 216464.128    21.812     0.31    2.80
 216840.178    22.650     2.23    2.65
 217216.228    22.596    -0.14    2.67
 217592.280    20.839    -4.67    4.71
 217968.333    18.656    -5.81    6.03
 218344.386    17.781    -2.33    6.10
 218720.441    17.466    -0.84    6.07
 219096.496    17.596     0.35    5.27
 219472.553    19.132     4.09    5.36
 219848.611    19.947     2.17    5.65
 220224.669    21.292     3.58    5.61
 220600.729    23.902     6.94    4.11
 220976.790    22.876    -2.73    4.73
 221352.851    23.500     1.66    4.99
 221728.914    24.082     1.55    5.11
 222104.978    25.107     2.73    5.20
 222481.042    27.056     5.18    4.44
