# NaN NaN NaN ;Mean Elev.(m), Avg Gradient(m/km), RMS Gradient(m/km) - SRTM1     
#    7.538  -2.007   9.830 ;Mean Elev.(m), Avg Gradient(m/km), RMS Gradient(m/km) - ASTER GDEM
#    1.286  -2.392   8.670 ;Mean Elev.(m), Avg Gradient(m/km), RMS Gradient(m/km) - GMTED2010 
  7 308.025834  -1.584381     3.649     3.720  9 52465.06176490 37.141
  8 308.025737  -1.586205     3.839     3.785  8 52500.06176002 20.734
  9 308.023282  -1.586241     3.112     3.013  9 52535.06174738 16.100
 10 308.025233  -1.584491     2.917     2.890  9 52570.06177858 16.036
 11 308.024784  -1.586404     2.477     2.461 10 52605.06175516 20.554
 12 308.023933  -1.586746     2.747     2.731 10 52640.06174025 17.100
 13 308.025833  -1.586067     3.712     3.725  8 52675.06173397 19.341
 14 308.024782  -1.587065     3.196     3.171  9 52710.06175337 16.001
 15 308.018695  -1.588117     4.327     4.316  9 52745.06178132 46.302
 16 308.024338  -1.587730     4.082     4.046  9 52780.06171803 18.317
 17 308.022976  -1.588071     3.431     3.434  9 52815.06180076 17.487
 18 308.025770  -1.587329     3.979     3.971  8 52850.06185309 43.341
 19 308.022190  -1.587682     3.129     3.164  9 52885.06188816 30.575
 20 308.025611  -1.584945     2.712     2.729  9 52920.06184460 17.285
 21 308.030898  -1.585195     2.775     2.731  6 52955.06180809 16.819
 22 308.032934  -1.583718     2.256     2.249  8 52990.06182008 15.175
 23 308.031812  -1.578283     2.972     3.045  7 53025.06179726 17.348
 24 308.033338  -1.582354     4.005     4.014  6 53060.06179855 24.538
 25 308.019299  -1.588350     3.309     3.291  8 53095.06183241 18.013
 26 308.031529  -1.584255     4.240     4.284  8 53130.06180526 22.813
 28 308.025340  -1.586261     3.202     3.273 10 53200.06187698 34.075
 29 308.033159  -1.583204     3.747     3.711  8 53235.06184686 31.262
 30 308.025819  -1.586687     2.658     2.715  8 53270.06181009 14.222
 31 308.018982  -1.588166     2.538     2.549  9 53305.06187209 16.741
 32 308.025130  -1.587274     2.847     2.947  9 53340.06184041 16.976
 33 308.027574  -1.581655     2.363     2.469  7 53375.06177208 15.471
 34 308.027634  -1.580942     3.378     3.497  7 53410.06181584 20.366
 35 308.025990  -1.586521     3.726     3.595  8 53445.06179755 18.661
 36 308.019693  -1.587326     3.704     3.706  9 53480.06187854 21.376
 37 308.025498  -1.586540     4.292     4.365  9 53515.06188527 24.168
 38 308.020326  -1.588210     3.585     3.575  9 53550.06190442 44.336
 39 308.027410  -1.585581     3.250     3.299  8 53585.06186503 37.727
 40 308.022965  -1.588616     3.220     3.207  9 53620.06182169 16.595
 41 308.024754  -1.586895     1.592     1.568 10 53655.06185003 30.169
 42 308.023282  -1.586863     2.388     2.396 10 53690.06184310 19.321
 43 308.027931  -1.585516     3.130     3.122  8 53725.06176752 18.755
 44 308.033032  -1.584668     2.678     2.602  6 53760.06171233 17.729
 45 308.030078  -1.589088     4.168     4.124  7 53795.06172919 23.788
 46 308.029084  -1.585066     3.942     3.986  8 53830.06170851 35.490
 47 308.023298  -1.587365     4.331     4.364  9 53865.06178577 27.060
 48 308.025122  -1.585900     4.522     4.561  9 53900.06181252 36.214
 49 308.016030  -1.588826     3.611     3.612  9 53935.06185491 48.042
 50 308.020983  -1.587489     3.462     3.463  8 53970.06182382 42.380
 52 308.028279  -1.581282     1.643     1.525  7 54040.06183182 20.065
 53 308.025803  -1.581901     2.808     2.784  7 54075.06182579 32.838
 54 308.024728  -1.586522     3.018     3.045  9 54110.06176897 17.353
 55 308.025380  -1.585156     3.124     3.111  9 54145.06176459 17.377
 56 308.025173  -1.587013     4.301     4.369 10 54180.06175434 28.433
 57 308.024930  -1.586901     3.450     3.459  9 54215.06177180 20.460
 58 308.024689  -1.585601     3.766     3.673  9 54250.06179994 24.523
 59 308.026788  -1.586119     4.025     4.033  8 54285.06180682 30.213
 60 308.027331  -1.586168     3.185     3.224  8 54320.06180367 19.641
 61 308.026764  -1.586275     3.412     3.442  8 54355.06176611 39.650
 62 308.026664  -1.585328     2.888     2.882  8 54390.06174426 16.802
 63 308.026498  -1.587276     1.816     1.852  8 54425.06171563 19.096
 64 308.027163  -1.586791     3.337     3.344  8 54460.06171991 36.043
 65 308.027033  -1.586243     2.879     2.958  8 54495.06172135 19.458
 66 308.028043  -1.585801     3.516     3.466  8 54530.06173281 21.598
 68 308.025761  -1.586981     3.863     4.023 10 54600.06172878 29.163
 69 308.024834  -1.587726     3.971     4.041  9 54635.06174067 25.753
 70 308.024890  -1.586806     4.019     3.942  9 54670.06174516 25.716
 71 308.026208  -1.581526     2.998     3.003  7 54705.06170893 40.294
 72 308.026131  -1.585591     2.994     2.973  8 54740.06170868 15.230
 73 308.027400  -1.586117     2.266     2.214  8 54775.06168859 22.237
 74 308.025543  -1.584346     2.233     2.257  9 54810.06170189 36.820
 75 308.026034  -1.586513     3.647     3.686  8 54845.06168793 24.222
 76 308.024652  -1.585707     3.384     3.285  9 54880.06170509 20.190
 77 308.024095  -1.586568     4.262     4.349 10 54915.06169109 31.291
 79 308.023720  -1.586486     4.647     4.637  9 54985.06172312 47.914
 80 308.027029  -1.585851     4.317     4.344  8 55020.06171741 26.089
 81 308.026896  -1.586732     4.262     4.270  8 55055.06171404 46.775
 82 308.024904  -1.585569     3.150     3.095  9 55090.06167389 19.569
 83 308.026419  -1.583864     3.113     3.021  9 55125.06165211 19.436
 84 308.025207  -1.586215     2.039     2.081 10 55160.06163425 24.567
 85 308.025628  -1.585348     2.648     2.681  8 55195.06164246 19.194
 86 308.024947  -1.586366     4.024     3.911  9 55230.06163704 22.111
 87 308.026788  -1.586451     3.118     3.065  8 55265.06163680 18.555
 88 308.026528  -1.586435     4.153     4.181  8 55300.06161946 47.305
 89 308.025013  -1.586639     4.279     4.198 10 55335.06161449 26.045
 90 308.026713  -1.586358     3.574     3.641  8 55370.06160475 19.392
 91 308.026548  -1.583837     3.819     3.859  9 55405.06162300 26.086
 92 308.027068  -1.586787     3.055     3.012  8 55440.06162353 17.262
 93 308.026952  -1.586457     2.138     2.192  8 55475.06156828 19.766
