-267059.338     8.376     0.00    1.74
-266683.125     8.264    -0.30    1.58
-266306.913     7.966    -0.79    1.43
-265930.702     7.859    -0.28    1.36
-265554.492     7.561    -0.79    1.41
-265178.283     6.994    -1.51    1.83
-264802.075     7.075     0.22    1.86
-264425.868     7.021    -0.14    1.74
-264049.662     7.064     0.12    1.36
-263673.457     6.822    -0.65    1.20
-263297.253     6.761    -0.16    1.30
-262921.050     6.859     0.26    1.38
-262544.847     7.058     0.53    1.65
-262168.646     7.197     0.37    2.24
-261792.446     7.094    -0.27    2.02
-261416.247     6.913    -0.48    1.48
-261040.049     7.120     0.55    1.53
-260663.852     7.210     0.24    1.57
-260287.656     7.243     0.09    1.53
-259911.461     7.506     0.70    1.74
-259535.267     7.453    -0.14    1.93
-259159.074     7.633     0.48    1.71
-258782.881     8.111     1.27    3.24
-258406.690     8.009    -0.27    3.35
-258030.500     8.094     0.23    3.09
-257654.311     7.759    -0.89    1.80
-257278.122     7.530    -0.61    1.48
-256901.935     7.427    -0.27    1.33
-256525.749     7.426    -0.00    1.09
-256149.563     7.664     0.63    1.07
-255773.379     7.710     0.12    1.14
-255397.196     7.530    -0.48    1.09
-255021.013     7.102    -1.14    1.25
-254644.832     6.581    -1.38    2.41
-254268.651     5.021    -4.15    3.52
-253892.471     3.291    -4.60    3.86
-253516.293     1.588    -4.53    3.39
-253140.115    -0.076    -4.42    1.91
-252763.938    -0.547    -1.25    0.00
-252387.763    -0.547     0.00    0.00
-252011.588    -0.547     0.00    0.00
-251635.414    -0.547     0.00    0.00
-251259.241    -0.547     0.00    0.00
-250883.069    -0.547     0.00    0.00
-250506.898    -0.547     0.00    0.00
-250130.728    -0.547     0.00    0.00
-249754.559    -0.547     0.00    0.00
-249378.391    -0.547     0.00    0.00
-249002.223    -0.547     0.00    0.00
-248626.057    -0.547     0.00    0.00
-248249.892     0.003     1.46    2.43
-247873.727     1.889     5.01    5.96
-247497.564     4.898     8.00    8.02
-247121.401     7.723     7.51    8.47
-246745.239     9.425     4.52    7.44
-246369.079    10.611     3.15    5.47
-245992.919     9.628    -2.61    4.06
-245616.760     7.842    -4.75    2.28
-245240.602     7.428    -1.10    1.46
-244864.445     7.669     0.64    1.46
-244488.289     9.048     3.66    2.69
-244112.133     9.506     1.22    2.52
-243735.979     9.633     0.34    2.39
-243359.826    10.295     1.76    2.59
-242983.673    10.564     0.72    2.84
-242607.521    11.453     2.36    3.06
-242231.371    11.314    -0.37    3.07
-241855.221    10.503    -2.16    3.30
-241479.072     9.966    -1.43    3.19
-241102.924     9.203    -2.03    2.30
-240726.777     8.507    -1.85    2.07
-240350.631     8.203    -0.81    1.54
-239974.486     7.874    -0.87    1.24
-239598.341     7.992     0.31    1.45
-239222.198     8.372     1.01    1.38
-238846.055     8.653     0.75    1.32
-238469.913     8.504    -0.40    1.30
-238093.772     8.190    -0.84    1.35
-237717.633     7.588    -1.60    1.08
-237341.493     7.325    -0.70    1.10
-236965.355     7.145    -0.48    1.10
-236589.218     7.148     0.01    1.04
-236213.082     7.120    -0.07    1.11
-235836.946     7.287     0.44    1.21
-235460.811     7.453     0.44    1.29
-235084.678     7.607     0.41    1.31
-234708.545     7.922     0.84    1.44
-234332.413     7.940     0.05    1.39
-233956.281     7.848    -0.24    1.39
-233580.151     8.021     0.46    1.41
-233204.022     7.889    -0.35    1.25
-232827.893     8.009     0.32    1.32
-232451.765     8.376     0.98    1.53
-232075.638     8.376     0.00    1.48
-231699.512     8.453     0.20    1.64
-231323.387     8.372    -0.22    1.74
-230947.263     8.453     0.22    2.34
-230571.140     9.295     2.24    3.35
-230195.017     9.870     1.53    3.80
-229818.895    10.696     2.20    3.68
-229442.774    10.372    -0.86    3.47
-229066.654    10.129    -0.65    3.03
-228690.535     9.992    -0.36    1.97
-228314.417    10.391     1.06    2.33
-227938.299    10.822     1.15    1.89
-227562.183    10.761    -0.16    1.87
-227186.067    10.092    -1.78    1.93
-226809.952     9.684    -1.09    1.56
-226433.838     9.399    -0.76    1.51
-226057.724     9.171    -0.61    1.52
-225681.612     9.274     0.27    1.57
-225305.500     9.058    -0.57    1.64
-224929.390     9.558     1.33    1.94
-224553.280    10.094     1.42    2.10
-224177.170    10.581     1.30    1.98
-223801.062    10.287    -0.78    2.17
-223424.955     9.967    -0.85    2.16
-223048.848     9.399    -1.51    1.81
-222672.742     9.075    -0.86    1.64
-222296.637     8.940    -0.36    1.45
-221920.533     8.894    -0.12    1.37
-221544.429     9.178     0.75    1.58
-221168.327     9.017    -0.43    1.50
-220792.225     9.231     0.57    1.61
-220416.124     9.145    -0.23    1.54
-220040.024     8.994    -0.40    1.54
-219663.924     9.032     0.10    1.50
-219287.826     9.374     0.91    1.68
-218911.728     9.658     0.76    1.64
-218535.631     9.778     0.32    1.38
-218159.535     9.927     0.40    1.35
-217783.439     9.803    -0.33    1.27
-217407.345     9.567    -0.63    1.23
-217031.251     9.750     0.49    1.43
-216655.158    10.264     1.37    1.98
-216279.066    11.318     2.80    2.42
-215902.974    12.669     3.59    1.99
-215526.884    13.370     1.86    1.87
-215150.794    12.658    -1.89    2.50
-214774.705    11.479    -3.14    2.71
-214398.616    10.102    -3.66    2.38
-214022.529     9.812    -0.77    2.23
-213646.442    10.058     0.65    2.59
-213270.356     9.940    -0.31    2.78
-212894.271    10.156     0.57    3.12
-212518.187     9.684    -1.25    3.14
-212142.103     8.675    -2.68    2.91
-211766.020     8.006    -1.78    2.73
-211389.938     7.556    -1.20    2.05
-211013.857     7.159    -1.05    1.22
-210637.776     7.299     0.37    1.50
-210261.696     6.859    -1.17    2.03
-209885.617     6.509    -0.93    2.00
-209509.539     6.534     0.07    2.05
-209133.462     6.898     0.97    2.16
-208757.385     7.637     1.97    1.47
-208381.309     7.746     0.29    1.27
-208005.234     7.507    -0.63    1.22
-207629.159     6.940    -1.51    1.19
-207253.085     6.735    -0.55    1.10
-206877.012     7.094     0.95    1.42
-206500.940     7.264     0.45    1.52
-206124.868     7.197    -0.18    1.48
-205748.798     7.264     0.18    1.63
-205372.728     6.994    -0.72    1.57
-204996.658     7.102     0.29    1.58
-204620.590     7.336     0.62    1.57
-204244.522     7.171    -0.44    1.54
-203868.410     7.274     0.27    1.48
-203492.203     7.259    -0.04    1.70
-203115.996     6.967    -0.78    2.04
-202739.790     6.981     0.04    2.09
-202363.585     6.874    -0.28    2.41
-201987.381     6.678    -0.52    2.24
-201611.178     6.750     0.19    2.18
-201234.975     6.690    -0.16    2.16
-200858.773     7.374     1.82    2.66
-200482.571     7.838     1.23    2.50
-200106.370     8.940     2.93    2.46
-199730.171     8.928    -0.03    1.87
-199353.971     8.848    -0.21    1.78
-198977.773     9.021     0.46    1.64
-198601.575     8.318    -1.87    1.13
-198225.378     7.648    -1.78    1.51
-197849.181     6.992    -1.74    1.55
-197472.986     6.402    -1.57    1.43
-197096.791     5.939    -1.23    1.09
-196720.596     5.637    -0.80    0.56
-196344.403     5.615    -0.06    0.55
-195968.210     5.509    -0.28    0.33
-195592.018     5.453    -0.15    0.00
-195215.826     5.453     0.00    0.00
-194839.636     5.453     0.00    0.00
-194463.445     5.585     0.35    0.81
-194087.256     6.178     1.58    1.81
-193711.067     7.237     2.81    2.55
-193334.879     8.103     2.30    2.56
-192958.692     8.402     0.79    2.27
-192582.505     8.564     0.43    1.82
-192206.319     8.480    -0.22    1.80
-191830.134     8.399    -0.22    1.84
-191453.949     8.805     1.08    1.72
-191077.765     8.812     0.02    1.68
-190701.582     8.669    -0.38    1.36
-190325.400     8.607    -0.17    1.35
-189949.218     9.164     1.48    2.72
-189573.036     9.859     1.85    3.37
-189196.856    10.094     0.63    3.26
-188820.676    10.992     2.39    4.45
-188444.497    10.585    -1.08    4.60
-188068.318     9.481    -2.93    4.34
-187692.140     8.581    -2.39    3.29
-187315.963     7.787    -2.11    2.27
-186939.786     7.992     0.55    3.08
-186563.610     8.556     1.50    3.92
-186187.435     8.253    -0.80    3.66
-185811.261     8.994     1.97    3.78
-185435.087     8.264    -1.94    2.15
-185058.913     7.778    -1.29    2.20
-184682.741     7.805     0.07    2.67
-184306.569     8.009     0.54    2.86
-183930.397     8.728     1.91    3.24
-183554.227     9.043     0.84    3.27
-183178.056     8.805    -0.63    3.08
-182801.887     7.743    -2.82    2.62
-182425.718     6.901    -2.24    1.70
-182049.550     6.863    -0.10    1.46
-181673.382     6.426    -1.16    1.30
-181297.216     6.325    -0.27    1.32
-180921.049     6.175    -0.40    1.21
-180544.884     5.889    -0.76    1.25
-180168.719     5.761    -0.34    1.15
-179792.554     5.516    -0.65    1.16
-179416.391     5.348    -0.45    0.86
-179040.227     5.129    -0.58    0.85
-178664.065     5.156     0.07    0.97
-178287.903     5.295     0.37    1.00
-177911.742     5.210    -0.23    1.12
-177535.581     4.992    -0.58    1.14
-177159.421     4.863    -0.34    0.99
-176783.262     4.994     0.35    1.12
-176407.103     5.171     0.47    1.17
-176030.945     5.325     0.41    1.00
-175654.787     5.479     0.41    0.99
-175278.630     5.507     0.08    1.05
-174902.474     5.581     0.20    1.13
-174526.318     5.507    -0.20    1.10
-174150.163     5.480    -0.07    1.09
-173774.008     5.588     0.29    0.95
-173397.854     5.672     0.22    0.71
-173021.701     5.761     0.24    0.73
-172645.548     5.658    -0.27    0.98
-172269.396     5.481    -0.47    1.06
-171893.244     5.479    -0.01    1.04
-171517.093     5.425    -0.14    1.06
-171140.943     5.402    -0.06    1.00
-170764.793     5.401    -0.00    1.06
-170388.644     5.399    -0.00    1.18
-170012.495     5.129    -0.72    1.51
-169636.347     4.940    -0.50    1.41
-169260.200     4.600    -0.91    1.49
-168884.053     4.314    -0.76    1.20
-168507.906     4.351     0.10    1.14
-168131.761     4.532     0.48    1.38
-167755.616     4.642     0.29    1.39
-167379.471     5.886     3.31    3.75
-167003.327     7.567     4.47    5.60
-166627.183     8.684     2.97    6.01
-166251.041    11.078     6.37    6.59
-165874.898    12.009     2.47    5.95
-165498.756    12.735     1.93    4.83
-165122.615    13.814     2.87    4.26
-164746.475    12.322    -3.97    5.32
-164370.334     9.530    -7.42    6.03
-163994.195     7.085    -6.50    5.81
-163618.056     6.588    -1.32    5.49
-163241.918     6.532    -0.15    4.88
-162865.780     8.078     4.11    3.91
-162489.642    10.009     5.13    3.75
-162113.506    11.248     3.29    3.16
-161737.369    11.664     1.11    2.91
-161361.234    12.750     2.89    3.18
-160985.099    13.805     2.80    3.68
-160608.964    14.425     1.65    4.36
-160232.830    12.863    -4.15    6.17
-159856.696    10.553    -6.14    7.01
-159480.563    11.426     2.32    7.47
-159104.431    12.253     2.20    7.80
-158728.299    11.953    -0.80    7.35
-158352.168    12.901     2.52    6.10
-157976.037    14.561     4.42    3.93
-157599.906    14.966     1.08    3.91
-157223.777    13.481    -3.95    5.51
-156847.647    10.564    -7.75    6.41
-156471.519     9.927    -1.69    6.94
-156095.390     9.231    -1.85    7.20
-155719.263    10.428     3.18    7.38
-155343.135    10.684     0.68    7.26
-154967.009     9.342    -3.57    6.62
-154590.883     6.399    -7.82    5.13
-154214.757     4.642    -4.67    3.51
-153838.632     3.716    -2.46    1.39
-153462.507     4.228     1.36    1.89
-153086.383     4.426     0.53    1.72
-152710.260     4.351    -0.20    1.73
-152334.136     4.216    -0.36    1.78
-151958.014     4.137    -0.21    1.56
-151581.892     3.967    -0.45    1.02
-151205.770     3.915    -0.14    1.19
-150829.649     4.085     0.45    1.22
-150453.528     4.231     0.39    1.24
-150077.408     4.156    -0.20    1.08
-149701.289     4.064    -0.24    1.10
-149325.170     3.915    -0.40    1.02
-148949.051     4.094     0.48    0.96
-148572.933     3.953    -0.37    0.93
-148196.815     4.021     0.18    1.01
-147820.698     4.210     0.50    1.01
-147444.581     4.210     0.00    0.95
-147068.465     4.428     0.58    1.14
-146692.349     4.507     0.21    1.03
-146316.234     4.453    -0.14    1.12
-145940.119     4.581     0.34    1.20
-145564.005     4.581     0.00    1.06
-145187.891     5.129     1.46    1.87
-144811.778     5.453     0.86    2.96
-144435.665     5.822     0.98    3.13
-144059.553     6.814     2.64    4.47
-143683.441     6.426    -1.03    3.50
-143307.329     7.703     3.40    5.00
-142931.218    10.642     7.81    6.62
-142555.107    13.479     7.54    6.78
-142178.997    14.877     3.72    6.19
-141802.888    16.325     3.85    5.87
-141426.779    16.401     0.20    5.77
-141050.670    15.787    -1.63    4.57
-140674.562    15.761    -0.07    4.42
-140298.454    13.967    -4.77    4.71
-139922.346    13.120    -2.25    5.13
-139546.239    13.295     0.47    5.31
-139170.133    14.197     2.40    6.51
-138794.027    15.750     4.13    6.65
-138417.921    15.611    -0.37    6.45
-138041.816    13.703    -5.07    6.18
-137665.711     9.787   -10.41    4.29
-137289.607     9.399    -1.03    3.86
-136913.503    10.021     1.65    4.30
-136537.400    10.588     1.51    4.29
-136161.297    10.237    -0.93    4.49
-135785.194     9.767    -1.25    4.60
-135409.092    10.753     2.62    5.83
-135032.990    12.295     4.10    6.59
-134656.889    14.832     6.74    7.26
-134280.788    17.248     6.43    7.64
-133904.688    21.058    10.13    6.79
-133528.588    23.453     6.37    6.72
-133152.488    23.859     1.08    7.36
-132776.389    24.530     1.79    6.56
-132400.290    23.287    -3.31    5.84
-132024.192    22.085    -3.20    4.19
-131648.094    21.853    -0.62    3.63
-131271.997    21.359    -1.31    3.09
-130895.900    21.927     1.51    2.96
-130519.803    22.129     0.54    2.99
-130143.707    23.264     3.02    3.16
-129767.611    24.805     4.10    2.93
-129391.515    25.481     1.80    2.85
-129015.420    25.085    -1.05    2.78
-128639.276    24.402    -1.82    3.37
-128263.107    23.480    -2.45    3.91
-127886.938    23.637     0.42    3.56
-127510.769    24.197     1.49    3.65
-127134.601    24.915     1.91    3.30
-126758.433    25.669     2.01    3.12
-126382.266    27.453     4.74    4.59
-126006.099    27.314    -0.37    4.99
-125629.932    26.994    -0.85    5.19
-125253.766    26.453    -1.44    4.58
-124877.600    27.672     3.24    5.73
-124501.435    31.120     9.17    4.90
-124125.270    31.822     1.87    4.14
-123749.105    29.314    -6.67    5.71
-123372.941    24.642   -12.42    6.23
-122996.777    21.370    -8.70    4.84
-122620.613    19.322    -5.45    4.29
-122244.450    18.351    -2.58    4.98
-121868.287    17.561    -2.10    5.54
-121492.125    17.322    -0.64    5.70
-121115.963    18.069     1.99    6.60
-120739.801    17.889    -0.48    6.67
-120363.640    20.264     6.31    6.52
-119987.479    23.028     7.35    6.45
-119611.318    27.075    10.76    7.65
-119235.158    32.102    13.36    5.73
-118858.998    33.886     4.74    4.39
-118482.838    33.365    -1.38    5.01
-118106.679    31.145    -5.90    5.46
-117730.520    27.710    -9.13    4.60
-117354.362    26.342    -3.64    3.41
-116978.204    26.761     1.11    3.44
-116602.046    26.814     0.14    3.51
-116225.888    26.534    -0.74    3.97
-115849.731    24.171    -6.28    5.26
-115473.574    21.453    -7.23    5.95
-115097.418    18.637    -7.49    5.71
-114721.262    16.743    -5.04    4.63
-114345.106    15.803    -2.50    5.14
-113968.951    13.237    -6.82    6.50
-113592.795    10.253    -7.93    6.57
-113216.641     6.479   -10.03    4.13
-112840.486     5.453    -2.73    2.83
-112464.332     9.994    12.07    8.20
-112088.178    14.832    12.86    8.72
-111712.025    19.769    13.13    6.67
-111335.872    22.658     7.68    3.41
-110959.719    22.425    -0.62    2.67
-110583.566    22.028    -1.06    2.81
-110207.414    21.164    -2.30    3.01
-109831.262    20.940    -0.60    2.49
-109455.111    20.322    -1.64    2.20
-109078.959    20.120    -0.54    1.66
-108702.808    19.822    -0.79    1.75
-108326.658    19.620    -0.54    1.80
-107950.507    19.120    -1.33    1.58
-107574.357    19.148     0.07    2.20
-107198.208    18.853    -0.78    2.31
-106822.058    18.504    -0.93    2.33
-106445.909    18.539     0.09    3.02
-106069.760    18.913     0.99    3.58
-105693.612    20.913     5.32    5.27
-105317.463    22.111     3.19    5.03
-104941.315    22.556     1.18    5.67
-104565.168    22.291    -0.70    5.78
-104189.020    21.128    -3.09    5.38
-103812.873    19.351    -4.73    3.82
-103436.727    18.006    -3.58    1.61
-103060.580    17.778    -0.61    1.67
-102684.434    17.325    -1.20    1.64
-102308.288    17.017    -0.82    1.71
-101932.142    17.342     0.86    2.56
-101555.997    17.863     1.39    3.75
-101179.852    18.259     1.05    4.31
-100803.707    17.611    -1.72    5.53
-100427.562    16.428    -3.15    5.65
-100051.418    15.141    -3.42    4.62
 -99675.274    14.372    -2.04    4.82
 -99299.130    13.642    -1.94    5.35
 -98922.987    12.426    -3.23    4.99
 -98546.844    11.017    -3.75    4.81
 -98170.701    10.021    -2.65    4.98
 -97794.558     8.761    -3.35    4.60
 -97418.416     8.094    -1.77    4.13
 -97042.273     8.171     0.20    4.59
 -96666.131     9.237     2.83    4.85
 -96289.990     9.325     0.23    4.40
 -95913.848     9.530     0.55    4.50
 -95537.707    10.342     2.16    4.29
 -95161.566    10.979     1.69    3.43
 -94785.426    11.778     2.12    2.82
 -94409.285    11.588    -0.50    2.93
 -94033.145    11.120    -1.25    3.62
 -93657.005    11.422     0.80    4.85
 -93280.865    12.197     2.06    5.66
 -92904.726    13.274     2.86    5.84
 -92528.587    11.953    -3.51    4.63
 -92152.448    11.838    -0.31    3.31
 -91776.309    11.453    -1.02    2.25
 -91400.171    11.402    -0.14    2.11
 -91024.032    10.769    -1.68    1.86
 -90647.894    10.269    -1.33    1.56
 -90271.756    10.048    -0.59    1.24
 -89895.619     9.710    -0.90    1.35
 -89519.481     8.863    -2.25    1.68
 -89143.344     8.009    -2.27    1.71
 -88767.207     7.156    -2.27    1.87
 -88391.071     6.696    -1.22    2.78
 -88014.934     6.264    -1.15    3.36
 -87638.798     5.507    -2.01    3.02
 -87262.662     5.630     0.33    3.42
 -86886.526     5.299    -0.88    3.30
 -86510.390     4.735    -1.50    2.61
 -86134.255     4.592    -0.38    2.63
 -85758.120     4.120    -1.26    2.26
 -85381.985     4.426     0.81    2.77
 -85005.850     3.901    -1.40    1.86
 -84629.715     3.769    -0.35    1.88
 -84253.581     3.889     0.32    1.85
 -83877.447     4.372     1.28    2.97
 -83501.313     4.769     1.06    3.81
 -83125.179     4.678    -0.24    3.25
 -82749.045     6.759     5.53    6.14
 -82372.912    11.427    12.41   10.17
 -81996.779    17.994    17.46   10.18
 -81620.646    22.129    10.99    8.00
 -81244.513    25.832     9.84    3.87
 -80868.380    24.537    -3.44    5.95
 -80492.248    22.248    -6.08    8.15
 -80116.115    19.928    -6.17    9.70
 -79739.983    18.481    -3.85    9.73
 -79363.851    16.145    -6.21    9.49
 -78987.720    14.032    -5.62    9.43
 -78611.588    11.633    -6.38    8.68
 -78235.457     9.401    -5.93    7.35
 -77859.325     7.607    -4.77    4.94
 -77483.194     7.148    -1.22    4.35
 -77107.063     6.534    -1.63    3.82
 -76730.933     7.428     2.37    4.30
 -76354.802     9.196     4.70    5.64
 -75978.672    11.915     7.23    6.06
 -75602.541    14.248     6.20    5.83
 -75226.411    15.814     4.16    5.00
 -74850.281    15.615    -0.53    5.21
 -74474.152    13.981    -4.35    6.56
 -74098.022     9.901   -10.85    6.98
 -73721.893     7.003    -7.70    6.14
 -73345.763     4.750    -5.99    3.96
 -72969.634     4.453    -0.79    1.72
 -72593.505     5.269     2.17    2.10
 -72217.376     5.479     0.56    1.87
 -71841.248     5.642     0.43    2.83
 -71465.119     5.453    -0.50    5.43
 -71088.991     8.164     7.21    7.54
 -70712.862     9.588     3.79    7.75
 -70336.734     9.805     0.57    7.25
 -69960.606     8.767    -2.76    5.91
 -69584.478     6.761    -5.33    4.75
 -69208.351     5.479    -3.41    3.57
 -68832.223     5.367    -0.30    3.11
 -68456.096     6.426     2.81    4.04
 -68079.968     7.778     3.59    5.16
 -67703.841    11.750    10.56    7.23
 -67327.714    15.503     9.98    7.97
 -66951.587    17.778     6.05    7.20
 -66575.460    19.427     4.39    5.34
 -66199.333    18.243    -3.15    5.39
 -65823.207    17.761    -1.28    5.08
 -65447.080    17.832     0.19    5.23
 -65070.954    18.078     0.66    4.63
 -64694.828    17.743    -0.89    5.63
 -64318.701    16.453    -3.43    6.21
 -63942.575    16.264    -0.50    6.65
 -63566.449    14.592    -4.45    6.92
 -63190.324    13.506    -2.89    6.32
 -62814.198    13.145    -0.96    5.76
 -62438.072    15.053     5.07    6.12
 -62061.947    16.607     4.13    5.30
 -61685.821    13.795    -7.48    8.56
 -61309.696     8.314   -14.57    9.74
 -60933.571     2.479   -15.51    6.68
 -60557.446    -0.468    -7.83    0.49
 -60181.321    -0.547    -0.21    0.00
 -59805.196    -0.547     0.00    0.00
 -59429.071    -0.547     0.00    0.00
 -59052.946    -0.547     0.00    0.00
 -58676.822    -0.547     0.00    0.00
 -58300.697    -0.547     0.00    0.00
 -57924.572    -0.547     0.00    0.00
 -57548.448    -0.547     0.00    0.00
 -57172.324    -0.547     0.00    0.00
 -56796.199    -0.547     0.00    0.00
 -56420.075    -0.547     0.00    0.00
 -56043.951    -0.547     0.00    0.00
 -55667.827    -0.547     0.00    0.00
 -55291.703    -0.547     0.00    0.00
 -54915.579    -0.547     0.00    0.00
 -54539.456    -0.547     0.00    0.00
 -54163.332    -0.547     0.00    0.00
 -53787.208    -0.547     0.00    0.00
 -53411.075    -0.547     0.00    0.00
 -53034.942    -0.547     0.00    0.00
 -52658.809    -0.547     0.00    0.00
 -52282.676    -0.547     0.00    0.00
 -51906.543    -0.547     0.00    0.00
 -51530.410    -0.547     0.00    0.00
 -51154.278    -0.547     0.00    0.00
 -50778.145    -0.547     0.00    0.00
 -50402.012    -0.547     0.00    0.00
 -50025.880    -0.547     0.00    0.00
 -49649.747    -0.547     0.00    0.00
 -49273.615    -0.547     0.00    0.00
 -48897.482    -0.547     0.00    0.00
 -48521.350    -0.547     0.00    0.00
 -48145.217    -0.547     0.00    0.00
 -47769.085    -0.547     0.00    0.00
 -47392.953    -0.547     0.00    0.00
 -47016.821    -0.547     0.00    0.00
 -46640.688    -0.547     0.00    0.00
 -46264.556    -0.547     0.00    0.00
 -45888.424    -0.547     0.00    0.00
 -45512.292    -0.547     0.00    0.00
 -45136.160    -0.547     0.00    0.00
 -44760.028    -0.547     0.00    0.00
 -44383.896    -0.547     0.00    0.00
 -44007.764     0.156     1.87    2.85
 -43631.632     4.197    10.74    8.35
 -43255.500     9.453    13.97   10.03
 -42879.368    13.248    10.09    9.23
 -42503.236    17.453    11.18    5.68
 -42127.104    18.399     2.51    3.66
 -41750.972    17.658    -1.97    4.25
 -41374.840    18.043     1.02    3.73
 -40998.708    19.145     2.93    2.92
 -40622.576    19.759     1.63    3.05
 -40246.444    20.164     1.08    3.06
 -39870.312    18.156    -5.34    5.41
 -39494.180    16.859    -3.45    6.15
 -39118.048    13.967    -7.69    5.69
 -38741.916    10.922    -8.09    4.87
 -38365.784    13.402     6.59    6.35
 -37989.652    14.530     3.00    6.62
 -37613.520    16.370     4.89    6.17
 -37237.388    19.453     8.20    2.98
 -36861.257    18.814    -1.70    3.79
 -36485.125    13.611   -13.83    8.48
 -36108.993     8.453   -13.71    9.67
 -35732.861     3.102   -14.23    7.14
 -35356.729     3.913     2.16    8.20
 -34980.597     8.479    12.14    9.15
 -34604.464    12.078     9.57    7.36
 -34228.332    13.480     3.73    5.04
 -33852.200    11.145    -6.21    5.21
 -33476.068     7.913    -8.59    4.60
 -33099.936     6.534    -3.66    3.42
 -32723.804     8.264     4.60    5.04
 -32347.672    11.025     7.34    5.18
 -31971.539    12.111     2.89    4.23
 -31595.407    11.753    -0.95    4.13
 -31219.275    10.287    -3.90    3.18
 -30843.142     9.402    -2.35    2.60
 -30467.010     9.723     0.85    2.46
 -30090.878    10.927     3.20    2.49
 -29714.745    10.735    -0.51    2.71
 -29338.613    10.822     0.23    2.73
 -28962.480     9.537    -3.42    3.16
 -28586.347     8.637    -2.39    2.67
 -28210.215     8.453    -0.49    2.34
 -27834.082     8.620     0.44    2.49
 -27457.949     8.197    -1.12    2.47
 -27081.816     8.427     0.61    2.83
 -26705.684     9.183     2.01    3.93
 -26329.551    12.372     8.48    6.81
 -25953.418    17.291    13.08    7.93
 -25577.285    21.171    10.32    6.38
 -25201.152    22.556     3.68    3.51
 -24825.018    21.480    -2.86    3.31
 -24448.885    19.248    -5.93    2.56
 -24072.752    17.164    -5.54    2.91
 -23696.618    15.769    -3.71    3.68
 -23320.485    14.399    -3.64    3.81
 -22944.351    13.735    -1.77    3.93
 -22568.218    13.374    -0.96    3.51
 -22192.084    13.870     1.32    3.63
 -21815.950    14.085     0.57    2.98
 -21439.817    14.287     0.54    2.43
 -21063.683    13.761    -1.40    2.45
 -20687.549    13.838     0.20    2.81
 -20311.415    13.659    -0.48    3.34
 -19935.280    14.021     0.96    3.53
 -19559.146    15.075     2.80    3.01
 -19183.012    15.886     2.16    2.60
 -18806.877    15.753    -0.35    2.67
 -18430.743    15.750    -0.01    2.62
 -18054.608    14.453    -3.45    2.48
 -17678.474    14.274    -0.48    2.55
 -17302.339    13.787    -1.30    2.37
 -16926.204    13.048    -1.96    2.39
 -16550.069    12.684    -0.97    2.69
 -16173.934    12.190    -1.31    2.26
 -15797.798    12.231     0.11    2.29
 -15421.663    13.183     2.53    2.08
 -15045.528    13.981     2.12    1.75
 -14669.392    14.848     2.30    1.78
 -14293.257    15.556     1.88    1.39
 -13917.121    15.797     0.64    1.60
 -13540.985    16.190     1.05    1.84
 -13164.849    16.048    -0.38    2.31
 -12788.713    16.092     0.12    2.63
 -12412.577    16.274     0.48    2.39
 -12036.440    16.588     0.84    3.61
 -11660.304    14.915    -4.45    5.62
 -11284.167    11.479    -9.13    8.63
 -10908.030     9.269    -5.88    9.45
 -10531.893    10.032     2.03   10.19
 -10155.757    14.094    10.80   10.05
  -9779.619    18.992    13.02    6.02
  -9403.482    20.509     4.03    2.71
  -9027.345    19.859    -1.73    2.31
  -8651.207    19.102    -2.01    2.62
  -8275.070    18.264    -2.23    2.63
  -7898.932    17.967    -0.79    2.42
  -7522.794    18.339     0.99    2.60
  -7146.656    18.653     0.84    3.01
  -6770.518    18.901     0.66    3.24
  -6394.379    19.398     1.32    3.52
  -6018.241    18.838    -1.49    4.00
  -5642.102    19.479     1.71    3.75
  -5265.963    20.479     2.66    3.94
  -4889.824    21.137     1.75    2.52
  -4513.685    21.197     0.16    2.51
  -4137.546    21.426     0.61    2.57
  -3761.406    17.953    -9.23    7.69
  -3385.267    12.203   -15.29   10.78
  -3009.127     5.139   -18.78    9.38
  -2632.987     0.886   -11.31    5.13
  -2256.847    -0.547    -3.81    0.00
  -1880.707    -0.547     0.00    0.00
  -1504.566    -0.547     0.00    0.00
  -1128.426    -0.547     0.00    0.00
   -752.285     0.222     2.05    3.54
   -376.144     0.848     1.66    5.08
     -0.003     0.615    -0.62    4.94
    376.139    -0.111    -1.93    2.72
    752.280    -0.547    -1.16    0.00
   1128.422    -0.547     0.00    0.00
   1504.564    -0.547     0.00    0.00
   1880.706    -0.547     0.00    0.00
   2256.848    -0.547     0.00    0.00
   2632.990    -0.547     0.00    0.00
   3009.133     0.558     2.94    4.33
   3385.276     2.734     5.79    7.19
   3761.419     6.376     9.68    9.55
   4137.562    12.210    15.51   11.02
   4513.705    16.009    10.10    9.94
   4889.849    18.588     6.86    7.47
   5265.992    19.814     3.26    5.49
   5642.136    19.979     0.44    3.61
   6018.280    18.353    -4.32    3.19
   6394.425    18.264    -0.24    2.87
   6770.569    17.838    -1.13    3.18
   7146.714    17.658    -0.48    2.49
   7522.859    17.607    -0.14    2.68
   7899.004    16.886    -1.92    3.28
   8275.150    16.889     0.01    3.35
   8651.295    17.264     1.00    3.31
   9027.441    16.669    -1.58    3.74
   9403.587    16.480    -0.50    3.79
   9779.733    16.394    -0.23    3.95
  10155.880    15.787    -1.62    3.94
  10532.027    14.992    -2.11    4.01
  10908.174    15.481     1.30    3.72
  11284.321    15.822     0.91    3.25
  11660.468    16.509     1.83    2.78
  12036.616    17.479     2.58    3.01
  12412.763    19.376     5.04    3.67
  12788.912    18.967    -1.09    6.37
  13165.060    16.664    -6.12    8.94
  13541.208    16.058    -1.61    9.35
  13917.357    16.658     1.59    8.00
  14293.506    18.237     4.20    7.28
  14669.655    19.274     2.76    5.86
  15045.805    19.658     1.02    4.84
  15421.955    19.750     0.25    4.42
  15798.105    20.561     2.16    3.65
  16174.255    21.805     3.31    3.70
  16550.405    22.017     0.57    3.12
  16926.556    22.171     0.41    3.39
  17302.707    22.825     1.74    3.18
  17678.858    22.325    -1.33    3.33
  18055.010    21.967    -0.95    3.45
  18431.162    21.037    -2.47    6.27
  18807.314    19.690    -3.58    8.05
  19183.466    18.690    -2.66    8.48
  19559.618    19.716     2.73    8.03
  19935.771    21.637     5.11    6.67
  20311.924    23.978     6.22    3.40
  20688.078    24.148     0.45    5.00
  21064.231    21.728    -6.43    8.90
  21440.366    19.838    -5.03   10.74
  21816.465    18.148    -4.49   11.92
  22192.564    13.615   -12.05   13.05
  22568.663     8.940   -12.43   12.12
  22944.763     8.913    -0.07   12.13
  23320.863    11.248     6.21   12.23
  23696.963    15.994    12.62   11.88
  24073.063    22.403    17.04    8.28
  24449.164    23.274     2.31    7.39
  24825.265    18.859   -11.74   11.34
  25201.366    14.401   -11.85   13.11
  25577.468     8.248   -16.36   12.14
  25953.570     3.058   -13.80    8.56
  26329.672    -0.075    -8.33    2.83
  26705.775    -0.547    -1.26    0.00
  27081.877    -0.547     0.00    0.00
  27457.980    -0.547     0.00    0.00
  27834.084    -0.547     0.00    0.00
  28210.188    -0.547     0.00    0.00
  28586.292    -0.547     0.00    0.00
  28962.396    -0.547     0.00    0.00
  29338.500    -0.547     0.00    0.00
  29714.605    -0.547     0.00    0.00
  30090.711    -0.547     0.00    0.00
  30466.816    -0.547     0.00    0.00
  30842.922    -0.547     0.00    0.00
  31219.028    -0.547     0.00    0.00
  31595.135    -0.547     0.00    0.00
  31971.241    -0.257     0.77    1.78
  32347.348     2.376     7.00    7.56
  32723.456     4.287     5.08    9.73
  33099.564     8.504    11.21   12.36
  33475.672    12.148     9.69   12.91
  33851.780    15.006     7.60   12.62
  34227.889    18.966    10.53   10.56
  34603.998    22.266     8.77    6.09
  34980.107    23.032     2.04    3.51
  35356.217    22.585    -1.19    3.65
  35732.327    22.021    -1.50    3.39
  36108.437    21.428    -1.58    3.54
  36484.548    21.183    -0.65    3.65
  36860.659    22.017     2.22    3.84
  37236.771    22.299     0.75    3.53
  37612.882    22.322     0.06    2.86
  37988.995    21.795    -1.40    2.52
  38365.107    21.145    -1.73    1.88
  38741.220    21.248     0.27    1.96
  39117.333    21.759     1.36    2.21
  39493.446    22.183     1.13    2.36
  39869.560    22.534     0.93    2.29
  40245.675    22.237    -0.79    2.38
  40621.789    22.615     1.01    2.01
  40997.904    22.297    -0.85    2.32
  41374.019    21.812    -1.29    1.99
  41750.135    21.607    -0.55    2.18
  42126.251    21.564    -0.11    2.44
  42502.367    20.787    -2.07    2.71
  42878.484    20.291    -1.32    2.87
  43254.601    20.532     0.64    2.78
  43630.719    20.479    -0.14    2.70
  44006.836    20.838     0.95    3.00
  44382.955    21.615     2.07    2.40
  44759.073    21.427    -0.50    2.72
  45135.192    21.628     0.54    2.85
  45511.311    20.925    -1.87    2.61
  45887.431    20.237    -1.83    2.64
  46263.551    20.075    -0.43    2.54
  46639.672    18.480    -4.24    2.03
  47015.793    17.507    -2.59    2.52
  47391.914    17.703     0.52    2.74
  47768.036    17.628    -0.20    2.73
  48144.158    18.556     2.47    3.47
  48520.280    20.021     3.90    3.63
  48896.403    20.940     2.44    3.36
  49272.526    20.561    -1.01    6.37
  49648.650    18.164    -6.37    8.40
  50024.774    16.966    -3.18    9.09
  50400.898    16.504    -1.23    8.98
  50777.023    17.231     1.93    9.06
  51153.148    18.822     4.23    8.06
  51529.274    21.992     8.43    3.62
  51905.400    22.259     0.71    3.00
  52281.526    21.812    -1.19    2.36
  52657.653    21.723    -0.24    2.67
  53033.780    21.561    -0.43    2.69
  53409.908    20.507    -2.80    2.96
  53786.036    19.675    -2.21    3.34
  54162.165    18.351    -3.52    3.04
  54538.293    17.678    -1.79    2.75
  54914.423    17.561    -0.31    2.84
  55290.553    17.530    -0.08    3.22
  55666.683    17.979     1.19    3.66
  56042.813    18.402     1.12    3.78
  56418.944    19.750     3.59    4.05
  56795.076    20.735     2.62    4.82
  57171.208    21.750     2.70    4.91
  57547.340    22.723     2.59    4.78
  57923.473    22.669    -0.14    4.03
  58299.606    20.739    -5.13    7.71
  58675.740    20.094    -1.71    8.30
  59051.874    18.197    -5.04    8.32
  59428.008    15.482    -7.22    9.53
  59804.143    10.264   -13.87   10.45
  60180.279     4.642   -14.95    8.89
  60556.414     0.979    -9.74    5.12
  60932.551     1.428     1.19    5.90
  61308.687     4.940     9.34    9.65
  61684.825     9.243    11.44   10.90
  62060.962    13.848    12.24   10.13
  62437.100    16.848     7.98    7.48
  62813.239    19.588     7.29    2.74
  63189.378    19.303    -0.76    2.74
  63565.517    18.848    -1.21    2.40
  63941.657    17.561    -3.42    3.00
  64317.798    16.561    -2.66    3.35
  64693.939    15.925    -1.69    3.40
  65070.080    16.222     0.79    3.55
  65446.222    16.325     0.27    3.72
  65822.364    17.367     2.77    3.05
  66198.507    17.743     1.00    2.51
  66574.650    17.886     0.38    1.97
  66950.793    17.703    -0.49    2.09
  67326.938    18.043     0.90    2.04
  67703.082    18.778     1.95    1.75
  68079.227    19.453     1.80    1.59
  68455.373    19.690     0.63    1.67
  68831.519    20.128     1.16    1.75
  69207.665    20.291     0.43    1.42
  69583.813    20.603     0.83    1.69
  69959.960    21.325     1.92    2.12
  70336.108    21.898     1.52    2.20
  70712.257    23.102     3.20    2.23
  71088.406    23.913     2.16    2.26
  71464.555    24.669     2.01    1.97
  71840.705    25.402     1.95    2.04
  72216.855    25.596     0.52    1.85
  72593.006    25.581    -0.04    2.08
  72969.158    25.585     0.01    2.17
  73345.310    25.453    -0.35    2.10
  73721.462    24.863    -1.57    2.16
  74097.615    24.295    -1.51    1.79
  74473.769    23.664    -1.68    1.61
  74849.923    22.690    -2.59    1.44
  75226.077    22.299    -1.04    1.25
  75602.232    21.913    -1.03    1.54
  75978.388    22.299     1.03    1.69
  76354.544    22.028    -0.72    1.81
  76730.701    21.825    -0.54    1.77
  77106.858    21.507    -0.84    1.84
  77483.015    20.480    -2.73    1.55
  77859.173    20.642     0.43    2.26
  78235.332    19.507    -3.02    5.52
  78611.491    16.175    -8.86    9.15
  78987.651    12.078   -10.89   11.17
  79363.811     8.915    -8.41   10.60
  79739.972     9.859     2.51   10.29
  80116.133    12.795     7.81   10.26
  80492.295    17.979    13.78    7.28
  80868.458    20.145     5.76    2.48
  81244.620    20.372     0.60    2.11
  81620.784    19.838    -1.42    2.39
  81996.948    18.509    -3.53    2.41
  82373.112    17.684    -2.19    2.08
  82749.277    16.915    -2.04    1.92
  83125.443    16.703    -0.56    1.81
  83501.609    16.111    -1.57    1.94
  83877.776    15.318    -2.11    2.19
  84253.943    14.291    -2.73    2.58
  84630.111    13.534    -2.01    3.00
  85006.280    13.314    -0.58    3.16
  85382.448    13.716     1.07    3.24
  85758.618    14.274     1.48    2.85
  86134.788    15.183     2.42    2.16
  86510.959    15.094    -0.24    1.80
  86887.130    14.940    -0.41    1.54
  87263.302    15.863     2.45    2.66
  87639.474    17.075     3.22    2.94
  88015.647    18.197     2.98    2.73
  88391.820    19.318     2.98    1.86
  88767.994    18.058    -3.35    3.34
  89144.169    16.669    -3.69    5.11
  89520.344    14.234    -6.47    5.22
  89896.520    12.940    -3.44    5.15
  90272.696    11.874    -2.83    4.10
  90648.873    11.287    -1.56    3.36
  91025.050    12.966     4.46    4.12
  91401.229    15.759     7.42    4.96
  91777.407    14.966    -2.11    7.13
  92153.586    16.190     3.25    8.53
  92529.766    18.048     4.94    8.75
  92905.947    19.743     4.51    8.53
  93282.128    22.530     7.41    4.73
  93658.309    25.153     6.97    5.91
  94034.491    28.696     9.42    6.86
  94410.674    31.043     6.24    6.21
  94786.858    33.795     7.32    3.86
  95163.042    33.102    -1.84    3.32
  95539.226    32.534    -1.51    3.25
  95915.411    31.625    -2.42    4.22
  96291.597    28.658    -7.89    4.91
  96667.696    26.178    -6.59    4.04
  97043.757    25.064    -2.96    3.38
  97419.819    25.222     0.42    3.40
  97795.881    24.731    -1.31    3.35
  98171.944    24.058    -1.79    3.35
  98548.008    23.120    -2.50    3.62
  98924.072    21.979    -3.03    3.01
  99300.137    22.111     0.35    3.13
  99676.202    22.274     0.43    3.76
 100052.268    23.603     3.54    3.61
 100428.335    24.453     2.26    4.18
 100804.402    24.853     1.06    3.91
 101180.470    26.164     3.48    4.71
 101556.539    28.426     6.02    5.05
 101932.608    29.913     3.95    4.57
 102308.678    31.537     4.32    3.73
 102684.749    30.735    -2.13    4.18
 103060.820    28.853    -5.00    4.47
 103436.891    28.805    -0.13    4.20
 103812.964    27.778    -2.73    3.72
 104189.037    27.032    -1.98    4.02
 104565.111    26.137    -2.38    4.12
 104941.185    26.453     0.84    4.84
 105317.260    27.581     3.00    5.79
 105693.336    29.203     4.31    5.91
 106069.412    31.620     6.43    5.49
 106445.489    33.761     5.69    4.09
 106821.566    35.196     3.82    3.24
 107197.645    35.402     0.55    3.15
 107573.723    33.863    -4.09    4.17
 107949.803    32.731    -3.01    4.07
 108325.883    33.048     0.84    4.04
 108701.964    33.507     1.22    3.88
 109078.046    33.953     1.19    3.19
 109454.128    33.428    -1.40    3.19
 109830.211    33.210    -0.58    3.36
 110206.294    33.787     1.53    2.79
 110582.378    33.743    -0.12    3.45
 110958.463    32.006    -4.62    4.97
 111334.549    29.345    -7.07    6.05
 111710.635    25.453   -10.35    6.03
 112086.722    21.927    -9.38    3.94
 112462.809    21.620    -0.82    2.92
 112838.898    21.295    -0.86    2.83
 113214.986    20.037    -3.35    4.16
 113591.076    18.966    -2.85    5.21
 113967.166    17.633    -3.55    5.41
 114343.257    18.726     2.91    5.85
 114719.349    21.913     8.47    5.57
 115095.441    24.561     7.04    4.11
 115471.534    26.291     4.60    1.86
 115847.628    27.043     2.00    2.00
 116223.722    27.399     0.95    2.07
 116599.818    26.812    -1.56    4.73
 116975.913    25.402    -3.75    6.80
 117352.010    24.581    -2.18    8.01
 117728.107    25.426     2.25    7.30
 118104.205    24.710    -1.91    7.64
 118480.304    25.611     2.40    6.72
 118856.403    26.037     1.13    7.06
 119232.503    27.183     3.05    5.84
 119608.604    28.898     4.56    2.37
 119984.705    28.994     0.26    1.77
 120360.807    29.428     1.15    1.78
 120736.910    29.828     1.07    2.01
 121113.014    29.401    -1.14    2.36
 121489.118    28.901    -1.33    2.90
 121865.223    29.175     0.73    2.30
 122241.329    29.710     1.42    2.15
 122617.435    30.183     1.26    2.41
 122993.542    29.222    -2.55    3.94
 123369.650    28.322    -2.40    4.62
 123745.759    28.222    -0.26    4.46
 124121.868    26.129    -5.57    6.11
 124497.978    24.401    -4.60    7.35
 124874.089    24.658     0.69    7.01
 125250.201    25.314     1.74    6.70
 125626.313    24.940    -1.00    7.93
 126002.426    22.696    -5.96   10.19
 126378.540    21.453    -3.31   10.12
 126754.654    21.859     1.08    9.86
 127130.770    22.253     1.05    8.90
 127506.886    25.878     9.64    4.57
 127883.002    27.032     3.07    2.67
 128259.120    25.021    -5.35    5.11
 128635.238    21.812    -8.53    6.91
 129011.357    18.611    -8.51    6.80
 129387.477    17.769    -2.24    6.91
 129763.597    17.611    -0.42    6.95
 130139.719    17.222    -1.03    6.78
 130515.841    18.870     4.38    6.75
 130891.964    18.848    -0.06    6.25
 131268.087    19.753     2.41    5.71
 131644.211    21.139     3.68    4.95
 132020.336    21.075    -0.17    4.69
 132396.462    19.913    -3.09    5.00
 132772.589    18.750    -3.09    4.34
 133148.716    18.021    -1.94    4.07
 133524.844    18.037     0.04    3.31
 133900.973    19.017     2.61    3.53
 134277.103    19.889     2.32    3.32
 134653.233    20.399     1.36    3.67
 135029.365    18.953    -3.84    4.64
 135405.497    16.915    -5.42    5.98
 135781.629    15.863    -2.79    6.18
 136157.763    15.615    -0.66    6.88
 136533.897    15.940     0.86    6.35
 136910.033    17.592     4.39    5.76
 137286.169    19.137     4.11    5.70
 137662.305    20.111     2.59    4.94
 138038.443    22.141     5.40    4.98
 138414.581    22.940     2.13    4.76
 138790.720    23.129     0.50    5.01
 139166.860    24.592     3.89    4.57
 139543.001    25.832     3.30    3.43
 139919.142    26.175     0.91    3.13
 140295.285    25.269    -2.41    3.92
 140671.428    22.479    -7.42    5.73
 141047.572    21.345    -3.01    5.82
 141423.716    20.863    -1.28    5.96
 141799.862    21.069     0.55    6.44
 142176.008    19.761    -3.48    6.76
 142552.155    18.886    -2.33    6.20
 142928.303    19.684     2.12    5.94
 143304.452    19.805     0.32    6.01
 143680.602    22.588     7.40    6.10
 144056.752    24.534     5.17    4.73
 144432.903    27.159     6.98    2.26
 144809.055    27.069    -0.24    1.93
 145185.208    26.915    -0.41    2.10
 145561.362    26.703    -0.56    2.45
 145937.517    26.295    -1.08    3.21
 146313.672    26.537     0.64    3.32
 146689.828    27.243     1.88    3.15
 147065.985    28.094     2.26    2.30
 147442.143    28.615     1.39    2.29
 147818.302    28.532    -0.22    2.46
 148194.461    28.216    -0.84    2.71
 148570.621    28.479     0.70    2.76
 148946.783    27.994    -1.29    3.66
 149322.945    27.556    -1.16    3.72
 149699.108    27.171    -1.02    3.71
 150075.271    26.913    -0.69    3.96
 150451.436    27.129     0.57    3.88
 150827.601    27.399     0.72    3.95
 151203.768    27.017    -1.02    4.06
 151579.935    25.351    -4.43    4.53
 151956.103    23.596    -4.66    5.31
 152332.272    22.299    -3.45    4.55
 152708.441    22.859     1.49    4.77
 153084.612    25.009     5.72    5.23
 153460.783    27.164     5.73    4.09
 153836.956    29.032     4.97    2.60
 154213.129    29.479     1.19    2.80
 154589.303    28.743    -1.96    2.96
 154965.478    28.453    -0.77    2.97
 155341.653    27.425    -2.73    3.36
 155717.830    26.378    -2.78    4.23
 156094.007    24.889    -3.96    4.67
 156470.186    23.092    -4.78    5.71
 156846.365    21.318    -4.72    5.48
 157222.545    19.345    -5.24    5.14
 157598.726    18.723    -1.65    5.11
 157974.908    18.530    -0.51    6.40
 158351.091    17.994    -1.43    7.40
 158727.274    15.828    -5.76    8.65
 159103.459    13.863    -5.22    8.79
 159479.644    10.318    -9.42    8.58
 159855.831     6.743    -9.50    7.47
 160232.018     3.607    -8.34    5.00
 160608.206     1.927    -4.47    2.61
 160984.395     1.453    -1.26    0.00
 161360.585     1.453     0.00    0.00
 161736.775     1.453     0.00    0.00
 162112.967     1.453     0.00    0.00
 162489.160     1.453     0.00    0.00
 162865.353     1.453     0.00    0.00
 163241.548     3.561     5.60    5.50
 163617.743     5.561     5.32    6.97
 163993.939     7.611     5.45    8.36
 164370.136     9.664     5.46    8.84
 164746.334    11.481     4.83    9.94
 165122.533    14.428     7.83   10.18
 165498.733    17.376     7.84    9.01
 165874.934    19.913     6.74    8.62
 166251.135    20.021     0.29    9.03
 166627.338    16.979    -8.08   10.47
 167003.541    15.633    -3.58   10.16
 167379.746    16.009     1.00   10.38
 167755.951    19.863    10.25   11.26
 168132.157    25.592    15.23    7.72
 168508.365    26.848     3.34    6.70
 168884.573    26.863     0.04    6.08
 169260.782    24.734    -5.66    6.37
 169636.992    24.506    -0.61    6.30
 170013.203    25.291     2.09    6.20
 170389.415    24.183    -2.95    8.00
 170765.628    25.402     3.24    7.57
 171141.841    26.183     2.08    8.52
 171518.046    28.171     5.29    5.54
 171894.071    29.043     2.32    2.78
 172270.098    29.669     1.67    2.06
 172646.125    29.348    -0.85    2.22
 173022.154    29.479     0.35    2.40
 173398.183    28.940    -1.43    2.63
 173774.214    29.075     0.36    3.06
 174150.245    29.637     1.50    3.07
 174526.277    30.669     2.74    2.86
 174902.311    30.237    -1.15    2.98
 175278.345    29.832    -1.08    3.37
 175654.380    28.141    -4.50    4.18
 176030.416    26.658    -3.94    5.49
 176406.453    26.222    -1.16    6.12
 176782.491    27.092     2.31    5.40
 177158.530    28.735     4.37    4.52
 177534.570    29.859     2.99    3.97
 177910.611    30.453     1.58    3.59
 178286.653    31.032     1.54    3.67
 178662.696    31.111     0.21    3.85
 179038.740    30.237    -2.32    4.23
 179414.785    28.453    -4.74    4.55
 179790.830    26.428    -5.39    4.18
 180166.877    25.092    -3.55    2.70
 180542.925    25.210     0.31    2.80
 180918.974    26.048     2.23    2.65
 181295.023    25.994    -0.14    2.67
 181671.074    24.237    -4.67    4.71
 182047.126    22.053    -5.81    6.03
 182423.179    21.178    -2.33    6.10
 182799.232    20.863    -0.84    6.07
 183175.287    20.994     0.35    5.27
 183551.343    22.530     4.09    5.36
 183927.399    23.345     2.17    5.65
 184303.457    24.690     3.58    5.61
 184679.516    27.299     6.94    4.11
 185055.575    26.274    -2.73    4.73
 185431.636    26.898     1.66    4.99
 185807.698    27.479     1.55    5.11
 186183.760    28.504     2.73    5.20
 186559.824    30.453     5.18    4.44
