# NaN NaN NaN ;Mean Elev.(m), Avg Gradient(m/km), RMS Gradient(m/km) - SRTM1     
#   30.658  -0.740  10.693 ;Mean Elev.(m), Avg Gradient(m/km), RMS Gradient(m/km) - ASTER GDEM
#   36.301  -0.325   6.314 ;Mean Elev.(m), Avg Gradient(m/km), RMS Gradient(m/km) - GMTED2010 
  7    41.860 52474.59846228 21.20 294.199791  -2.536039 22.406
  7    41.654 52474.59846292 20.66 294.199061  -2.539349 22.406
  7    41.538 52474.59846357 19.56 294.198341  -2.542649 22.406
  7    41.344 52474.59846421 19.84 294.197611  -2.545959 22.406
  7    41.002 52474.59846486 20.15 294.196881  -2.549259 22.406
  7    41.271 52474.59846550 21.64 294.196161  -2.552569 22.406
  7    41.483 52474.59846615 22.93 294.195431  -2.555869 22.406
  7    41.705 52474.59846679 24.69 294.194701  -2.559179 22.406
  8    40.465 52509.59842620 39.90 294.205422  -2.546597 23.240
  8    40.530 52509.59842685 37.73 294.204692  -2.549897 23.240
  8    40.299 52509.59842749 29.21 294.203962  -2.553207 23.240
  8    40.219 52509.59842814 28.20 294.203232  -2.556507 23.240
  8    39.957 52509.59842878 29.41 294.202512  -2.559817 23.240
  8    39.746 52509.59842943 29.68 294.201782  -2.563117 23.240
  8    39.735 52509.59843007 29.23 294.201052  -2.566427 23.240
  9    40.778 52544.59842894 23.09 294.205851  -2.550209 23.929
  9    40.323 52544.59842958 14.09 294.205121  -2.553519 23.929
  9    39.975 52544.59843023 13.03 294.204401  -2.556819 23.929
  9    39.141 52544.59843087 14.65 294.203671  -2.560129 23.929
  9    35.987 52544.59843152 15.92 294.202941  -2.563429 23.929
  9    35.995 52544.59843216 15.98 294.202211  -2.566739 23.929
  9    35.889 52544.59843280 16.00 294.201491  -2.570039 23.929
 10    36.535 52579.59846412 44.50 294.201083  -2.540424 20.760
 10    36.486 52579.59846477 41.81 294.200353  -2.543724 20.760
 10    36.423 52579.59846541 41.59 294.199633  -2.547034 20.760
 10    36.308 52579.59846606 41.63 294.198903  -2.550334 20.760
 10    36.439 52579.59846670 43.44 294.198173  -2.553644 20.760
 10    36.421 52579.59846735 41.86 294.197453  -2.556944 20.760
 10    36.381 52579.59846799 43.68 294.196723  -2.560254 20.760
 11    40.070 52614.59843130 49.71 294.200497  -2.539359 25.595
 11    39.970 52614.59843194 51.03 294.199767  -2.542659 25.595
 11    39.972 52614.59843259 43.51 294.199037  -2.545969 25.595
 11    39.975 52614.59843323 39.03 294.198317  -2.549269 25.595
 11    39.955 52614.59843388 41.38 294.197587  -2.552579 25.595
 11    39.923 52614.59843452 41.39 294.196857  -2.555879 25.595
 11    39.950 52614.59843516 34.11 294.196137  -2.559189 25.595
 12    41.183 52649.59841279 25.24 294.205048  -2.549635 20.093
 12    40.948 52649.59841343 18.60 294.204318  -2.552935 20.093
 12    40.750 52649.59841407 17.83 294.203588  -2.556245 20.093
 12    40.683 52649.59841472 17.95 294.202868  -2.559545 20.093
 12    40.619 52649.59841536 19.52 294.202138  -2.562855 20.093
 12    40.540 52649.59841601 20.78 294.201408  -2.566155 20.093
 12    40.592 52649.59841665 22.05 294.200678  -2.569465 20.093
 13    40.322 52684.59839545 19.47 294.206781  -2.551489 19.920
 13    40.137 52684.59839610 14.31 294.206051  -2.554799 19.920
 13    39.727 52684.59839674 13.83 294.205331  -2.558099 19.920
 13    39.652 52684.59839739 14.92 294.204601  -2.561409 19.920
 13    39.585 52684.59839803 16.38 294.203871  -2.564709 19.920
 13    39.532 52684.59839868 17.84 294.203141  -2.568019 19.920
 13    39.844 52684.59839932 20.51 294.202422  -2.571323 41.232
 14    41.659 52719.59844712 20.13 294.201348  -2.541824  9.417
 14    41.471 52719.59844776 20.14 294.200628  -2.545124  9.417
 14    41.361 52719.59844841 18.28 294.199898  -2.548434  9.417
 14    41.155 52719.59844905 18.63 294.199168  -2.551734  9.417
 14    40.975 52719.59844970 19.59 294.198448  -2.555044  9.417
 14    41.046 52719.59845034 20.78 294.197718  -2.558344  9.417
 14    41.352 52719.59845099 22.86 294.196988  -2.561654  9.417
 15    42.230 52754.59846821 18.94 294.195053  -2.525307 28.577
 15    42.292 52754.59846886 18.17 294.194323  -2.528607 28.577
 15    42.119 52754.59846950 18.84 294.193593  -2.531917 28.577
 15    42.255 52754.59847015 18.86 294.192865  -2.535222 32.183
 15    42.016 52754.59847079 19.71 294.192145  -2.538532 32.183
 15    42.047 52754.59847144 20.96 294.191415  -2.541832 32.183
 15    42.289 52754.59847208 21.94 294.190685  -2.545142 32.183
 15    42.498 52754.59847273 24.35 294.189965  -2.548442 32.183
 16    43.672 52789.59841884 49.77 294.202566  -2.542802 24.596
 16    43.583 52789.59841949 46.00 294.201846  -2.546102 24.596
 16    43.501 52789.59842013 48.12 294.201116  -2.549412 24.596
 16    43.495 52789.59842078 50.30 294.200386  -2.552712 24.596
 16    43.495 52789.59842142 50.04 294.199656  -2.556022 24.596
 16    43.511 52789.59842207 47.25 294.198936  -2.559322 24.596
 16    43.525 52789.59842271 44.13 294.198206  -2.562632 24.596
 17    43.521 52824.59848975 26.88 294.203994  -2.545927 25.856
 17    43.341 52824.59849040 24.78 294.203274  -2.549227 25.856
 17    43.182 52824.59849104 22.04 294.202544  -2.552537 25.856
 17    42.945 52824.59849169 21.62 294.201814  -2.555837 25.856
 17    42.705 52824.59849233 22.69 294.201084  -2.559147 25.856
 17    43.143 52824.59849297 23.57 294.200364  -2.562447 25.856
 17    43.309 52824.59849362 25.30 294.199634  -2.565757 25.856
 18    41.466 52859.59853618 43.17 294.205641  -2.547820 25.673
 18    41.537 52859.59853683 45.62 294.204921  -2.551120 25.673
 18    41.458 52859.59853747 41.30 294.204191  -2.554430 25.673
 18    41.408 52859.59853812 41.67 294.203461  -2.557730 25.673
 18    41.405 52859.59853876 41.92 294.202731  -2.561040 25.673
 18    41.462 52859.59853941 38.85 294.202011  -2.564340 25.673
 18    41.369 52859.59854005 43.87 294.201281  -2.567650 25.673
 19    40.524 52894.59856603 14.47 294.200865  -2.540941 11.558
 19    40.526 52894.59856667 14.55 294.200145  -2.544251 11.558
 19    39.640 52894.59856732 14.87 294.199415  -2.547551 11.558
 19    38.920 52894.59856796 15.72 294.198685  -2.550861 11.558
 19    36.505 52894.59856861 16.26 294.197965  -2.554161 11.558
 19    40.784 52894.59856925 15.36 294.197235  -2.557471 11.558
 19    36.768 52894.59856990 18.48 294.196505  -2.560771 11.558
 20    36.065 52929.59851536 20.78 294.201279  -2.539014  7.743
 20    35.859 52929.59851601 21.37 294.200549  -2.542324  7.743
 20    35.722 52929.59851665 22.65 294.199819  -2.545624  7.743
 20    35.656 52929.59851729 22.95 294.199099  -2.548934  7.743
 20    35.738 52929.59851794 23.62 294.198369  -2.552234  7.743
 20    35.492 52929.59851858 24.77 294.197639  -2.555544  7.743
 20    35.380 52929.59851923 25.26 294.196919  -2.558844  7.743
 20    35.152 52929.59851987 25.37 294.196189  -2.562154  7.743
 21    39.625 52964.59850484 15.80 294.205384  -2.549674  8.699
 21    39.289 52964.59850548 14.07 294.204664  -2.552974  8.699
 21    37.475 52964.59850613 14.33 294.203934  -2.556284  8.699
 21    37.516 52964.59850677 15.00 294.203205  -2.559586 25.405
 21    37.435 52964.59850742 14.66 294.202475  -2.562896 25.405
 21    36.887 52964.59850806 17.33 294.201755  -2.566196 25.405
 21    37.071 52964.59850871 18.34 294.201025  -2.569506 25.405
 22    38.857 52999.59853803 46.08 294.198486  -2.535102 24.134
 22    38.751 52999.59853868 45.29 294.197756  -2.538402 24.134
 22    38.633 52999.59853932 45.51 294.197036  -2.541712 24.134
 22    38.608 52999.59853997 48.35 294.196306  -2.545012 24.134
 22    38.606 52999.59854061 47.45 294.195576  -2.548322 24.134
 22    38.606 52999.59854126 49.16 294.194846  -2.551622 24.134
 22    38.598 52999.59854190 47.78 294.194126  -2.554932 24.134
 23    40.871 53034.59848925 25.75 294.201548  -2.539491 14.155
 23    40.710 53034.59848990 25.75 294.200818  -2.542791 14.155
 23    40.673 53034.59849054 26.22 294.200088  -2.546101 14.155
 23    40.482 53034.59849119 27.41 294.199368  -2.549401 14.155
 23    40.385 53034.59849183 27.74 294.198638  -2.552711 14.155
 23    40.427 53034.59849248 27.72 294.197908  -2.556011 14.155
 23    40.394 53034.59849312 27.64 294.197188  -2.559321 14.155
 23    40.654 53034.59849377 28.27 294.196458  -2.562621 14.155
 24    40.468 53069.59850751 27.10 294.203537  -2.544342 16.349
 24    40.228 53069.59850815 18.47 294.202817  -2.547642 16.349
 24    39.914 53069.59850880 16.56 294.202087  -2.550952 16.349
 24    39.513 53069.59850944 16.50 294.201357  -2.554252 16.349
 24    38.854 53069.59851009 15.80 294.200637  -2.557562 16.349
 24    37.950 53069.59851073 16.90 294.199907  -2.560862 16.349
 24    37.873 53069.59851137 17.62 294.199177  -2.564172 16.349
 25    41.330 53104.59849101 23.48 294.200702  -2.540607 10.827
 25    41.246 53104.59849166 23.18 294.199972  -2.543907 10.827
 25    41.131 53104.59849230 22.08 294.199242  -2.547217 10.827
 25    40.991 53104.59849294 21.79 294.198522  -2.550517 10.827
 25    40.792 53104.59849359 22.02 294.197792  -2.553827 10.827
 25    41.122 53104.59849423 22.43 294.197062  -2.557127 10.827
 25    41.245 53104.59849488 22.57 294.196342  -2.560437 10.827
 26    41.862 53139.59851296 30.51 294.204295  -2.546687 17.296
 26    41.864 53139.59851361 30.88 294.203565  -2.549997 17.296
 26    41.806 53139.59851425 31.74 294.202835  -2.553297 17.296
 26    41.741 53139.59851490 31.48 294.202115  -2.556607 17.296
 26    41.745 53139.59851554 31.98 294.201385  -2.559907 17.296
 26    41.754 53139.59851619 32.14 294.200655  -2.563217 17.296
 26    41.877 53139.59851683 40.79 294.199929  -2.566520 37.408
 27    41.534 53174.59854936 19.42 294.202337  -2.542997 15.037
 27    41.494 53174.59855001 19.81 294.201607  -2.546297 15.037
 27    41.257 53174.59855065 18.21 294.200877  -2.549607 15.037
 27    41.014 53174.59855129 18.89 294.200157  -2.552907 15.037
 27    40.809 53174.59855194 19.76 294.199427  -2.556217 15.037
 27    40.832 53174.59855258 21.45 294.198697  -2.559517 15.037
 27    41.309 53174.59855323 22.26 294.197977  -2.562827 15.037
 28    41.259 53209.59856608 50.37 294.201935  -2.539344 28.326
 28    41.311 53209.59856672 49.15 294.201205  -2.542654 28.326
 28    41.338 53209.59856737 49.32 294.200485  -2.545954 28.326
 28    41.223 53209.59856801 50.97 294.199755  -2.549264 28.326
 28    41.225 53209.59856866 47.11 294.199025  -2.552564 28.326
 28    41.277 53209.59856930 50.07 294.198305  -2.555874 28.326
 28    41.282 53209.59856995 48.87 294.197575  -2.559174 28.326
 28    41.268 53209.59857059 44.66 294.196845  -2.562484 28.326
 29    40.825 53244.59853502 17.37 294.204227  -2.546843 11.054
 29    40.363 53244.59853566 16.36 294.203497  -2.550153 11.054
 29    39.997 53244.59853631 15.27 294.202767  -2.553453 11.054
 29    39.605 53244.59853695 15.25 294.202047  -2.556763 11.054
 29    37.247 53244.59853760 15.88 294.201317  -2.560063 11.054
 29    37.118 53244.59853824 16.10 294.200587  -2.563373 11.054
 29    36.758 53244.59853889 17.24 294.199857  -2.566673 11.054
 30    39.426 53279.59851447 15.83 294.202139  -2.540784  8.568
 30    39.318 53279.59851511 17.25 294.201419  -2.544084  8.568
 30    36.815 53279.59851576 16.35 294.200689  -2.547394  8.568
 30    36.672 53279.59851640 15.04 294.199959  -2.550694  8.568
 30    36.563 53279.59851705 15.62 294.199229  -2.554004  8.568
 30    36.365 53279.59851769 16.02 294.198509  -2.557304  8.568
 30    36.254 53279.59851834 16.49 294.197779  -2.560614  8.568
 30    36.197 53279.59851898 16.72 294.197049  -2.563916 17.348
 31    37.418 53314.59853653 51.23 294.202253  -2.543701 29.512
 31    37.444 53314.59853718 48.23 294.201533  -2.547001 29.512
 31    37.498 53314.59853782 49.69 294.200803  -2.550311 29.512
 31    37.503 53314.59853847 50.64 294.200073  -2.553611 29.512
 31    37.439 53314.59853911 53.09 294.199353  -2.556921 29.512
 31    37.397 53314.59853976 51.80 294.198623  -2.560221 29.512
 31    37.400 53314.59854040 52.85 294.197893  -2.563531 29.512
 32    40.212 53349.59850302 20.39 294.205248  -2.548008 11.048
 32    39.891 53349.59850366 17.45 294.204518  -2.551318 11.048
 32    39.523 53349.59850431 16.89 294.203788  -2.554618 11.048
 32    39.327 53349.59850495 17.29 294.203068  -2.557928 11.048
 32    39.225 53349.59850559 17.24 294.202338  -2.561228 11.048
 32    39.120 53349.59850624 17.86 294.201608  -2.564538 11.048
 32    39.208 53349.59850688 18.52 294.200878  -2.567838 11.048
 33    39.755 53384.59847802 24.06 294.203082  -2.542704 13.784
 33    39.711 53384.59847866 22.18 294.202352  -2.546014 13.784
 33    39.373 53384.59847931 22.65 294.201632  -2.549314 13.784
 33    39.313 53384.59847995 21.29 294.200902  -2.552624 13.784
 33    39.280 53384.59848060 20.82 294.200172  -2.555924 13.784
 33    39.347 53384.59848124 19.82 294.199442  -2.559234 13.784
 33    39.402 53384.59848189 20.16 294.198722  -2.562534 13.784
 33    39.575 53384.59848253 20.28 294.197992  -2.565844 13.784
 34    41.227 53419.59848591 17.12 294.209095  -2.553574 15.847
 34    40.984 53419.59848655 16.06 294.208365  -2.556884 15.847
 34    40.483 53419.59848720 15.61 294.207635  -2.560184 15.847
 34    39.629 53419.59848784 16.72 294.206915  -2.563494 15.847
 34    39.207 53419.59848848 17.54 294.206185  -2.566794 15.847
 34    39.296 53419.59848913 19.80 294.205455  -2.570104 15.847
 34    39.711 53419.59848977 21.35 294.204733  -2.573408 27.914
 35    41.817 53454.59849033 25.69 294.204965  -2.546475 17.207
 35    41.672 53454.59849097 20.18 294.204235  -2.549785 17.207
 35    41.429 53454.59849162 17.76 294.203515  -2.553085 17.207
 35    41.124 53454.59849226 18.80 294.202785  -2.556395 17.207
 35    40.866 53454.59849290 19.96 294.202055  -2.559695 17.207
 35    41.141 53454.59849355 20.83 294.201325  -2.563005 17.207
 35    41.260 53454.59849419 22.88 294.200605  -2.566305 17.207
 36    42.695 53489.59857251 22.09 294.198046  -2.531344 18.108
 36    42.415 53489.59857316 19.24 294.197316  -2.534654 18.108
 36    42.277 53489.59857380 19.53 294.196596  -2.537954 18.108
 36    42.206 53489.59857445 19.35 294.195866  -2.541264 18.108
 36    41.902 53489.59857509 20.45 294.195136  -2.544564 18.108
 36    41.963 53489.59857574 21.92 294.194416  -2.547874 18.108
 36    42.336 53489.59857638 23.05 294.193686  -2.551174 18.108
 36    42.491 53489.59857702 24.85 294.192956  -2.554484 18.108
 37    43.132 53524.59856145 45.08 294.205571  -2.547611 24.768
 37    43.021 53524.59856210 47.12 294.204841  -2.550911 24.768
 37    42.918 53524.59856274 47.54 294.204121  -2.554221 24.768
 37    42.938 53524.59856339 45.78 294.203391  -2.557521 24.768
 37    42.945 53524.59856403 46.72 294.202661  -2.560831 24.768
 37    42.969 53524.59856468 42.16 294.201931  -2.564131 24.768
 37    42.985 53524.59856532 40.34 294.201211  -2.567441 24.768
 38    41.237 53559.59858634 15.81 294.198277  -2.533232 18.668
 38    40.983 53559.59858698 15.12 294.197547  -2.536542 18.668
 38    40.639 53559.59858763 14.84 294.196827  -2.539842 18.668
 38    40.523 53559.59858827 15.32 294.196097  -2.543152 18.668
 38    40.330 53559.59858892 16.69 294.195367  -2.546452 18.668
 38    40.209 53559.59858956 17.68 294.194647  -2.549762 18.668
 38    40.422 53559.59859021 19.06 294.193917  -2.553062 18.668
 38    40.556 53559.59859085 21.38 294.193187  -2.556372 18.668
 39    34.988 53594.59852738 52.41 294.207697  -2.552085 29.104
 39    34.961 53594.59852803 50.09 294.206967  -2.555385 29.104
 39    34.915 53594.59852867 48.05 294.206237  -2.558695 29.104
 39    34.889 53594.59852932 51.28 294.205507  -2.561995 29.104
 39    34.841 53594.59852996 47.11 294.204787  -2.565305 29.104
 39    34.801 53594.59853061 47.48 294.204057  -2.568605 29.104
 39    34.759 53594.59853125 46.15 294.203327  -2.571915 29.104
 40    31.700 53629.59851700 23.10 294.199006  -2.534312 13.067
 40    31.850 53629.59851764 23.40 294.198286  -2.537612 13.067
 40    31.902 53629.59851829 25.29 294.197556  -2.540922 13.067
 40    31.960 53629.59851893 27.60 294.196826  -2.544222 13.067
 40    31.924 53629.59851958 30.59 294.196096  -2.547532 13.067
 40    31.883 53629.59852022 33.28 294.195376  -2.550832 13.067
 40    31.935 53629.59852087 36.97 294.194646  -2.554142 13.067
 40    31.868 53629.59852151 44.63 294.193916  -2.557442 13.067
 41    32.269 53664.59854200 44.24 294.200281  -2.539397 24.599
 41    32.343 53664.59854264 42.55 294.199551  -2.542707 24.599
 41    32.243 53664.59854329 41.53 294.198821  -2.546007 24.599
 41    32.259 53664.59854393 47.63 294.198101  -2.549317 24.599
 41    32.173 53664.59854458 47.81 294.197371  -2.552617 24.599
 41    32.144 53664.59854522 38.76 294.196641  -2.555927 24.599
 41    32.126 53664.59854587 48.08 294.195911  -2.559227 24.599
 42    37.527 53699.59849989 19.65 294.204620  -2.545370  6.575
 42    37.545 53699.59850054 20.66 294.203900  -2.548670  6.575
 42    37.606 53699.59850118 20.72 294.203170  -2.551980  6.575
 42    37.556 53699.59850183 20.37 294.202440  -2.555280  6.575
 42    37.518 53699.59850247 20.95 294.201720  -2.558590  6.575
 42    37.505 53699.59850312 20.60 294.200990  -2.561890  6.575
 42    37.502 53699.59850376 21.07 294.200260  -2.565200  6.575
 43    39.782 53734.59842284 26.69 294.206905  -2.549638 13.363
 43    39.638 53734.59842348 20.58 294.206175  -2.552948 13.363
 43    39.041 53734.59842413 14.46 294.205445  -2.556248 13.363
 43    37.370 53734.59842477 15.04 294.204725  -2.559558 13.363
 43    37.225 53734.59842541 15.90 294.203995  -2.562858 13.363
 43    37.121 53734.59842606 17.01 294.203265  -2.566168 13.363
 43    36.169 53734.59842670 20.95 294.202545  -2.569468 13.363
 44    39.965 53769.59840873 25.23 294.207007  -2.552163 16.615
 44    39.756 53769.59840937 22.53 294.206287  -2.555463 16.615
 44    39.688 53769.59841002 21.89 294.205557  -2.558773 16.615
 44    39.603 53769.59841066 21.50 294.204827  -2.562073 16.615
 44    39.661 53769.59841131 20.58 294.204107  -2.565383 16.615
 44    39.706 53769.59841195 21.21 294.203377  -2.568683 16.615
 44    39.940 53769.59841260 22.06 294.202647  -2.571993 16.615
 45    41.666 53804.59840283 32.72 294.206449  -2.548119 12.833
 45    41.418 53804.59840347 23.70 294.205719  -2.551419 12.833
 45    41.372 53804.59840412 20.88 294.204999  -2.554729 12.833
 45    40.995 53804.59840476 19.92 294.204269  -2.558029 12.833
 45    40.837 53804.59840541 20.25 294.203539  -2.561339 12.833
 45    40.969 53804.59840605 20.84 294.202809  -2.564639 12.833
 45    41.157 53804.59840670 22.37 294.202089  -2.567949 12.833
 47    43.217 53874.59846874 29.23 294.203775  -2.546999 23.586
 47    43.096 53874.59846939 29.93 294.203045  -2.550309 23.586
 47    43.057 53874.59847003 29.85 294.202321  -2.553613 26.986
 47    42.980 53874.59847068 29.53 294.201591  -2.556923 26.986
 47    43.071 53874.59847132 29.95 294.200861  -2.560223 26.986
 47    43.064 53874.59847197 29.80 294.200141  -2.563533 26.986
 47    43.076 53874.59847261 30.47 294.199411  -2.566833 26.986
 48    41.361 53909.59851183 18.52 294.199604  -2.535430 15.918
 48    41.088 53909.59851248 17.19 294.198874  -2.538730 15.918
 48    41.006 53909.59851312 17.31 294.198154  -2.542040 15.918
 48    40.769 53909.59851377 17.40 294.197424  -2.545340 15.918
 48    40.695 53909.59851441 18.16 294.196694  -2.548650 15.918
 48    40.694 53909.59851506 19.56 294.195974  -2.551950 15.918
 48    41.024 53909.59851570 20.30 294.195244  -2.555260 15.918
 48    41.220 53909.59851635 23.23 294.194514  -2.558560 15.918
 49    37.617 53944.59853278 49.97 294.197144  -2.529162 36.573
 49    37.583 53944.59853343 50.39 294.196424  -2.532472 36.573
 49    37.499 53944.59853407 47.92 294.195694  -2.535772 36.573
 49    37.452 53944.59853472 50.60 294.194964  -2.539082 36.573
 49    37.443 53944.59853536 51.69 294.194234  -2.542382 36.573
 49    37.435 53944.59853600 47.62 294.193514  -2.545692 36.573
 49    37.446 53944.59853665 49.76 294.192784  -2.548992 36.573
 49    37.446 53944.59853729 49.02 294.192054  -2.552302 36.573
 50    34.214 53979.59848373 24.21 294.201884  -2.541577 12.171
 50    34.150 53979.59848438 23.02 294.201154  -2.544887 12.171
 50    34.120 53979.59848502 22.66 294.200424  -2.548187 12.171
 50    34.125 53979.59848566 22.49 294.199704  -2.551497 12.171
 50    34.132 53979.59848631 21.97 294.198974  -2.554797 12.171
 50    34.279 53979.59848695 20.60 294.198244  -2.558107 12.171
 50    34.267 53979.59848760 20.72 294.197524  -2.561407 12.171
 51    33.019 54014.59849982 33.87 294.204047  -2.546651 13.911
 51    32.983 54014.59850046 33.85 294.203317  -2.549961 13.911
 51    32.977 54014.59850111 34.48 294.202597  -2.553261 13.911
 51    33.002 54014.59850175 35.15 294.201867  -2.556571 13.911
 51    33.014 54014.59850240 40.51 294.201137  -2.559871 13.911
 51    33.019 54014.59850304 42.33 294.200407  -2.563181 13.911
 51    32.947 54014.59850369 49.85 294.199687  -2.566481 13.911
 52    34.872 54049.59850615 44.69 294.207765  -2.554879 14.195
 52    34.808 54049.59850680 42.30 294.207035  -2.558189 14.195
 52    34.811 54049.59850744 42.34 294.206315  -2.561489 14.195
 52    34.832 54049.59850808 42.40 294.205585  -2.564799 14.195
 52    34.678 54049.59850873 33.96 294.204855  -2.568099 14.195
 52    34.283 54049.59850937 35.28 294.204135  -2.571409 14.195
 54    41.424 54119.59842405 23.77 294.203897  -2.543794 17.099
 54    41.385 54119.59842470 22.06 294.203167  -2.547104 17.099
 54    41.261 54119.59842534 19.12 294.202437  -2.550404 17.099
 54    41.028 54119.59842599 19.39 294.201717  -2.553714 17.099
 54    40.846 54119.59842663 19.30 294.200987  -2.557014 17.099
 54    40.761 54119.59842728 20.48 294.200257  -2.560324 17.099
 54    40.493 54119.59842792 22.00 294.199537  -2.563624 17.099
 54    40.749 54119.59842857 23.69 294.198807  -2.566934 17.099
 55    41.423 54154.59845246 17.76 294.202539  -2.542314 16.024
 55    41.325 54154.59845311 17.57 294.201819  -2.545624 16.024
 55    41.206 54154.59845375 16.61 294.201089  -2.548924 16.024
 55    40.893 54154.59845440 17.37 294.200359  -2.552234 16.024
 55    40.450 54154.59845504 18.74 294.199639  -2.555534 16.024
 55    40.306 54154.59845569 19.85 294.198909  -2.558844 16.024
 55    40.556 54154.59845633 21.95 294.198179  -2.562144 16.024
 56    41.312 54189.59842010 48.68 294.203905  -2.543331 26.852
 56    41.362 54189.59842075 49.63 294.203170  -2.546637 29.376
 56    41.173 54189.59842139 47.27 294.202450  -2.549947 29.376
 56    41.136 54189.59842204 49.09 294.201720  -2.553247 29.376
 56    41.155 54189.59842268 47.66 294.200990  -2.556557 29.376
 56    41.173 54189.59842333 47.44 294.200270  -2.559857 29.376
 56    41.186 54189.59842397 47.34 294.199540  -2.563167 29.376
 56    41.202 54189.59842462 48.48 294.198810  -2.566467 29.376
 57    42.834 54224.59846234 42.35 294.202641  -2.541981 19.711
 57    42.666 54224.59846299 41.21 294.201916  -2.545287 25.012
 57    42.672 54224.59846363 37.65 294.201186  -2.548597 25.012
 57    42.729 54224.59846428 39.91 294.200456  -2.551897 25.012
 57    42.719 54224.59846492 36.70 294.199736  -2.555207 25.012
 57    42.541 54224.59846557 33.23 294.199006  -2.558507 25.012
 57    42.638 54224.59846621 31.01 294.198276  -2.561817 25.012
 57    42.680 54224.59846686 31.22 294.197556  -2.565117 25.012
 58    43.070 54259.59848361 26.71 294.203788  -2.543185 27.670
 58    42.938 54259.59848426 24.99 294.203065  -2.546488 26.882
 58    42.851 54259.59848490 24.23 294.202335  -2.549798 26.882
 58    42.755 54259.59848555 23.60 294.201605  -2.553098 26.882
 58    42.634 54259.59848619 22.71 294.200885  -2.556408 26.882
 58    42.652 54259.59848684 23.29 294.200155  -2.559708 26.882
 58    42.750 54259.59848748 24.71 294.199425  -2.563018 26.882
 58    42.841 54259.59848813 27.02 294.198695  -2.566318 26.882
 59    41.125 54294.59848787 20.24 294.203941  -2.544842 22.128
 59    41.076 54294.59848851 17.85 294.203211  -2.548142 22.128
 59    40.931 54294.59848916 16.74 294.202491  -2.551452 22.128
 59    40.696 54294.59848980 16.69 294.201761  -2.554752 22.128
 59    40.660 54294.59849045 17.39 294.201031  -2.558062 22.128
 59    40.661 54294.59849109 18.71 294.200301  -2.561362 22.128
 59    40.586 54294.59849174 20.14 294.199581  -2.564672 22.128
 60    36.206 54329.59848122 34.06 294.205131  -2.545596 12.375
 60    36.295 54329.59848187 34.08 294.204401  -2.548906 12.375
 60    36.169 54329.59848251 33.78 294.203671  -2.552206 12.375
 60    36.207 54329.59848316 37.29 294.202951  -2.555516 12.375
 60    36.228 54329.59848380 35.38 294.202221  -2.558816 12.375
 60    36.152 54329.59848445 34.87 294.201491  -2.562126 12.375
 60    36.130 54329.59848509 33.49 294.200761  -2.565426 12.375
 60    36.087 54329.59848574 31.01 294.200041  -2.568736 12.375
 61    33.897 54364.59842714 43.67 294.203418  -2.546052 14.118
 61    33.821 54364.59842779 41.30 294.202702  -2.549357 15.609
 61    33.827 54364.59842843 44.38 294.201972  -2.552667 15.609
 61    33.667 54364.59842908 45.41 294.201242  -2.555967 15.609
 61    33.702 54364.59842972 45.74 294.200512  -2.559277 15.609
 61    33.743 54364.59843036 45.06 294.199792  -2.562577 15.609
 61    33.754 54364.59843101 35.59 294.199062  -2.565887 15.609
 62    33.975 54399.59842283 24.02 294.204217  -2.547426 16.545
 62    34.225 54399.59842348 21.99 294.203493  -2.550730 13.555
 62    34.243 54399.59842412 20.94 294.202763  -2.554040 13.555
 62    34.202 54399.59842477 21.40 294.202033  -2.557340 13.555
 62    34.114 54399.59842541 21.04 294.201313  -2.560650 13.555
 62    34.120 54399.59842606 20.74 294.200583  -2.563950 13.555
 62    33.964 54399.59842670 21.01 294.199853  -2.567260 13.555
 63    39.129 54434.59838022 16.07 294.203847  -2.546477 10.228
 63    38.966 54434.59838086 16.11 294.203119  -2.549783 19.387
 63    38.684 54434.59838151 15.96 294.202389  -2.553093 19.387
 63    38.631 54434.59838215 15.57 294.201659  -2.556393 19.387
 63    38.606 54434.59838280 15.75 294.200929  -2.559703 19.387
 63    38.642 54434.59838344 15.95 294.200209  -2.563003 19.387
 63    38.294 54434.59838409 17.62 294.199479  -2.566313 19.387
 64    39.956 54469.59840570 27.93 294.205181  -2.545806 19.018
 64    39.789 54469.59840635 23.69 294.204455  -2.549110 24.928
 64    39.672 54469.59840699 22.55 294.203725  -2.552420 24.928
 64    39.398 54469.59840764 22.59 294.202995  -2.555720 24.928
 64    39.482 54469.59840828 22.44 294.202275  -2.559030 24.928
 64    39.544 54469.59840893 21.99 294.201545  -2.562330 24.928
 64    39.566 54469.59840957 22.21 294.200815  -2.565640 24.928
 65    41.596 54504.59839437 22.47 294.204090  -2.544177 13.938
 65    41.395 54504.59839502 22.12 294.203360  -2.547487 13.938
 65    41.228 54504.59839566 20.85 294.202640  -2.550787 13.938
 65    41.182 54504.59839631 19.97 294.201910  -2.554097 13.938
 65    41.029 54504.59839695 20.08 294.201180  -2.557397 13.938
 65    40.994 54504.59839760 20.96 294.200460  -2.560707 13.938
 65    40.860 54504.59839824 23.11 294.199730  -2.564007 13.938
 65    41.139 54504.59839889 23.76 294.199000  -2.567317 13.938
 66    42.041 54539.59842053 35.00 294.204798  -2.545115 21.653
 66    41.756 54539.59842118 33.01 294.204078  -2.548425 21.653
 66    41.891 54539.59842182 35.71 294.203348  -2.551725 21.653
 66    41.892 54539.59842247 39.40 294.202618  -2.555035 21.653
 66    41.895 54539.59842311 41.98 294.201888  -2.558335 21.653
 66    41.889 54539.59842376 38.95 294.201168  -2.561645 21.653
 66    41.860 54539.59842440 33.09 294.200438  -2.564945 21.653
 66    41.820 54539.59842505 35.68 294.199708  -2.568255 21.653
 67    42.306 54574.59839494 20.38 294.204323  -2.546140 15.841
 67    42.264 54574.59839558 19.43 294.203603  -2.549440 15.841
 67    42.136 54574.59839623 18.72 294.202873  -2.552750 15.841
 67    41.607 54574.59839687 19.76 294.202143  -2.556050 15.841
 67    41.489 54574.59839751 20.99 294.201423  -2.559360 15.841
 67    41.885 54574.59839816 21.88 294.200693  -2.562660 15.841
 67    42.064 54574.59839880 23.83 294.199963  -2.565970 15.841
 68    43.100 54609.59841323 49.06 294.203265  -2.545846 26.318
 68    43.093 54609.59841387 47.73 294.202535  -2.549146 26.318
 68    43.107 54609.59841452 48.19 294.201815  -2.552456 26.318
 68    43.128 54609.59841516 46.65 294.201085  -2.555756 26.318
 68    43.144 54609.59841581 47.23 294.200355  -2.559066 26.318
 68    43.150 54609.59841645 40.62 294.199625  -2.562366 26.318
 68    43.101 54609.59841710 41.58 294.198905  -2.565676 26.318
 69    41.791 54644.59842112 26.18 294.202751  -2.545106 11.160
 69    41.656 54644.59842177 24.78 294.202021  -2.548406 11.160
 69    41.576 54644.59842241 24.28 294.201301  -2.551716 11.160
 69    41.467 54644.59842306 23.43 294.200571  -2.555016 11.160
 69    41.407 54644.59842370 23.26 294.199841  -2.558326 11.160
 69    41.470 54644.59842435 23.77 294.199111  -2.561626 11.160
 69    41.815 54644.59842499 24.73 294.198391  -2.564936 11.160
 70    38.855 54679.59842163 46.64 294.203259  -2.541827 19.632
 70    38.802 54679.59842227 45.35 294.202539  -2.545127 19.632
 70    38.775 54679.59842292 45.77 294.201809  -2.548437 19.632
 70    38.770 54679.59842356 44.60 294.201079  -2.551737 19.632
 70    38.754 54679.59842421 42.68 294.200359  -2.555047 19.632
 70    38.721 54679.59842485 40.92 294.199629  -2.558347 19.632
 70    38.655 54679.59842550 40.96 294.198899  -2.561657 19.632
 70    38.662 54679.59842614 40.51 294.198169  -2.564957 19.632
 71    34.210 54714.59837425 33.70 294.204493  -2.548212 19.303
 71    34.124 54714.59837489 32.93 294.203773  -2.551512 19.303
 71    33.930 54714.59837554 33.07 294.203043  -2.554822 19.303
 71    33.949 54714.59837618 35.69 294.202313  -2.558122 19.303
 71    33.985 54714.59837683 41.79 294.201593  -2.561432 19.303
 71    34.038 54714.59837747 46.60 294.200863  -2.564732 19.303
 71    34.082 54714.59837812 47.78 294.200133  -2.568042 19.303
 72    35.272 54749.59839294 47.52 294.202421  -2.544469 23.255
 72    35.314 54749.59839359 45.71 294.201691  -2.547779 23.255
 72    35.296 54749.59839423 47.06 294.200971  -2.551079 23.255
 72    35.281 54749.59839488 46.27 294.200241  -2.554389 23.255
 72    35.284 54749.59839552 47.21 294.199511  -2.557689 23.255
 72    35.246 54749.59839617 42.01 294.198791  -2.560999 23.255
 72    35.293 54749.59839681 42.37 294.198061  -2.564299 23.255
 73    37.262 54784.59836253 18.79 294.203756  -2.546707 10.582
 73    37.022 54784.59836317 16.83 294.203026  -2.550007 10.582
 73    36.893 54784.59836382 16.41 294.202306  -2.553317 10.582
 73    36.808 54784.59836446 16.39 294.201576  -2.556617 10.582
 73    36.727 54784.59836511 16.16 294.200846  -2.559927 10.582
 73    36.851 54784.59836575 15.04 294.200116  -2.563227 10.582
 73    36.822 54784.59836640 14.95 294.199396  -2.566537 10.582
 74    39.423 54819.59838481 51.47 294.203984  -2.543766 24.320
 74    39.375 54819.59838545 47.99 294.203254  -2.547066 24.320
 74    39.262 54819.59838610 49.60 294.202524  -2.550376 24.320
 74    39.199 54819.59838674 48.77 294.201804  -2.553676 24.320
 74    39.224 54819.59838739 47.53 294.201074  -2.556986 24.320
 74    39.254 54819.59838803 39.98 294.200344  -2.560286 24.320
 74    39.062 54819.59838867 36.94 294.199624  -2.563596 24.320
 74    38.914 54819.59838932 36.48 294.198894  -2.566896 24.320
 75    40.684 54854.59835915 37.60 294.204060  -2.546351 17.313
 75    40.471 54854.59835979 39.80 294.203330  -2.549661 17.313
 75    40.509 54854.59836044 42.94 294.202600  -2.552961 17.313
 75    40.564 54854.59836108 41.62 294.201880  -2.556271 17.313
 75    40.520 54854.59836173 39.26 294.201150  -2.559571 17.313
 75    40.465 54854.59836237 36.22 294.200420  -2.562881 17.313
 75    40.465 54854.59836301 40.24 294.199690  -2.566181 17.313
 76    42.221 54889.59838979 19.23 294.202023  -2.542714 16.507
 76    42.030 54889.59839044 19.35 294.201293  -2.546014 16.507
 76    41.879 54889.59839108 19.55 294.200573  -2.549324 16.507
 76    41.678 54889.59839173 19.60 294.199843  -2.552624 16.507
 76    41.350 54889.59839237 20.89 294.199113  -2.555934 16.507
 76    41.436 54889.59839302 22.42 294.198383  -2.559234 16.507
 76    41.662 54889.59839366 23.60 294.197663  -2.562544 16.507
 77    43.522 54924.59835752 38.20 294.202383  -2.544057 20.767
 77    43.511 54924.59835816 41.00 294.201653  -2.547367 20.767
 77    43.530 54924.59835881 43.61 294.200933  -2.550667 20.767
 77    43.529 54924.59835945 43.95 294.200203  -2.553977 20.767
 77    43.472 54924.59836010 40.70 294.199473  -2.557277 20.767
 77    43.382 54924.59836074 37.29 294.198753  -2.560587 20.767
 77    43.382 54924.59836139 37.23 294.198023  -2.563887 20.767
 78    43.650 54959.59838674 24.47 294.202350  -2.543485 24.651
 78    43.492 54959.59838738 25.79 294.201620  -2.546785 24.651
 78    43.574 54959.59838803 26.60 294.200900  -2.550095 24.651
 78    43.687 54959.59838867 26.08 294.200170  -2.553395 24.651
 78    43.681 54959.59838932 27.42 294.199440  -2.556705 24.651
 78    43.736 54959.59838996 28.97 294.198710  -2.560005 24.651
 78    43.828 54959.59839061 36.29 294.197990  -2.563315 24.651
 79    44.316 54994.59840845 41.90 294.201938  -2.539126 26.435
 79    44.346 54994.59840910 45.32 294.201208  -2.542436 26.435
 79    44.322 54994.59840974 46.12 294.200478  -2.545736 26.435
 79    44.319 54994.59841039 47.77 294.199758  -2.549046 26.435
 79    44.304 54994.59841103 47.87 294.199028  -2.552346 26.435
 79    44.275 54994.59841167 49.57 294.198298  -2.555656 26.435
 79    44.281 54994.59841232 47.47 294.197568  -2.558956 26.435
 79    44.269 54994.59841296 45.26 294.196848  -2.562266 26.435
 80    43.451 55029.59839914 42.74 294.203307  -2.544169 18.335
 80    43.394 55029.59839978 42.79 294.202577  -2.547469 18.335
 80    43.412 55029.59840043 42.24 294.201857  -2.550779 18.335
 80    43.435 55029.59840107 41.15 294.201127  -2.554079 18.335
 80    43.385 55029.59840172 39.84 294.200397  -2.557389 18.335
 80    43.290 55029.59840236 36.63 294.199667  -2.560689 18.335
 80    43.246 55029.59840300 35.48 294.198947  -2.563999 18.335
 81    39.603 55064.59839061 31.38 294.203742  -2.547193 12.924
 81    39.563 55064.59839126 32.17 294.203012  -2.550503 12.924
 81    39.541 55064.59839190 32.69 294.202282  -2.553803 12.924
 81    39.555 55064.59839255 33.17 294.201562  -2.557113 12.924
 81    39.573 55064.59839319 34.02 294.200832  -2.560413 12.924
 81    39.821 55064.59839384 35.65 294.200102  -2.563723 12.924
 81    39.845 55064.59839448 37.87 294.199372  -2.567023 12.924
 82    40.035 55099.59833427 14.31 294.203057  -2.541845 18.157
 82    39.745 55099.59833492 14.48 294.202327  -2.545145 18.157
 82    39.466 55099.59833556 15.82 294.201597  -2.548455 18.157
 82    35.134 55099.59833621 17.85 294.200877  -2.551755 18.157
 82    34.569 55099.59833685 22.93 294.200147  -2.555065 18.157
 82    34.419 55099.59833749 36.19 294.199417  -2.558365 18.157
 82    34.771 55099.59833814 38.86 294.198697  -2.561675 18.157
 82    34.490 55099.59833878 34.17 294.197967  -2.564975 18.157
 83    35.796 55134.59833543 42.14 294.202992  -2.544522 16.028
 83    35.655 55134.59833607 39.81 294.202272  -2.547832 16.028
 83    35.505 55134.59833671 34.67 294.201542  -2.551132 16.028
 83    35.503 55134.59833736 34.10 294.200812  -2.554442 16.028
 83    35.653 55134.59833800 34.45 294.200082  -2.557742 16.028
 83    35.620 55134.59833865 34.66 294.199362  -2.561052 16.028
 83    35.802 55134.59833929 35.33 294.198632  -2.564352 16.028
 84    35.479 55169.59829911 30.62 294.204615  -2.545298 18.235
 84    35.525 55169.59829976 30.69 294.203885  -2.548608 18.235
 84    35.557 55169.59830040 30.23 294.203155  -2.551908 18.235
 84    35.598 55169.59830105 31.17 294.202435  -2.555218 18.235
 84    35.851 55169.59830169 43.25 294.201705  -2.558518 18.235
 84    35.946 55169.59830234 44.14 294.200975  -2.561828 18.235
 84    35.916 55169.59830298 44.84 294.200245  -2.565138 18.235
 85    40.389 55204.59832788 15.06 294.203336  -2.542379 10.236
 85    40.418 55204.59832852 14.79 294.202606  -2.545679 10.236
 85    40.272 55204.59832917 14.99 294.201886  -2.548989 10.236
 85    40.195 55204.59832981 15.54 294.201156  -2.552289 10.236
 85    40.278 55204.59833046 16.49 294.200426  -2.555599 10.236
 85    40.111 55204.59833110 17.79 294.199696  -2.558899 10.236
 85    40.205 55204.59833175 19.40 294.198976  -2.562209 10.236
 85    40.374 55204.59833239 20.55 294.198246  -2.565509 10.236
 86    39.707 55239.59830585 21.58 294.203287  -2.542355  8.325
 86    39.543 55239.59830650 23.14 294.202567  -2.545655  8.325
 86    39.575 55239.59830714 23.46 294.201837  -2.548965  8.325
 86    39.721 55239.59830779 23.27 294.201107  -2.552265  8.325
 86    39.970 55239.59830843 22.05 294.200387  -2.555575  8.325
 86    39.883 55239.59830908 22.34 294.199657  -2.558875  8.325
 86    39.850 55239.59830972 26.43 294.198927  -2.562185  8.325
 86    39.937 55239.59831037 28.01 294.198197  -2.565485  8.325
 87    40.535 55274.59832145 41.90 294.203494  -2.542499 21.649
 87    40.560 55274.59832210 45.56 294.202764  -2.545799 21.649
 87    40.606 55274.59832274 44.46 294.202044  -2.549109 21.649
 87    40.567 55274.59832339 43.11 294.201314  -2.552409 21.649
 87    40.539 55274.59832403 43.09 294.200584  -2.555719 21.649
 87    40.481 55274.59832468 43.37 294.199854  -2.559029 21.649
 87    40.450 55274.59832532 44.62 294.199134  -2.562329 21.649
 87    40.449 55274.59832597 44.36 294.198404  -2.565629 21.649
 88    42.006 55309.59828909 28.19 294.204171  -2.546021 19.412
 88    41.927 55309.59828974 28.51 294.203441  -2.549331 19.412
 88    41.888 55309.59829038 27.62 294.202721  -2.552631 19.412
 88    41.964 55309.59829102 27.55 294.201991  -2.555941 19.412
 88    41.943 55309.59829167 32.22 294.201261  -2.559241 19.412
 88    41.928 55309.59829231 33.06 294.200541  -2.562551 19.412
 88    41.849 55309.59829296 29.65 294.199811  -2.565851 19.412
 89    42.592 55344.59829045 26.36 294.204564  -2.544949 21.571
 89    42.486 55344.59829109 25.51 294.203834  -2.548249 21.571
 89    42.502 55344.59829174 25.80 294.203114  -2.551559 21.571
 89    42.494 55344.59829238 25.90 294.202384  -2.554859 21.571
 89    42.583 55344.59829302 30.06 294.201654  -2.558169 21.571
 89    42.566 55344.59829367 35.96 294.200924  -2.561469 21.571
 89    42.553 55344.59829431 33.46 294.200204  -2.564779 21.571
 90    41.031 55379.59828481 28.19 294.203645  -2.545178  8.953
 90    41.056 55379.59828546 27.70 294.202915  -2.548478  8.953
 90    41.084 55379.59828610 27.28 294.202195  -2.551788  8.953
 90    41.081 55379.59828675 27.41 294.201465  -2.555088  8.953
 90    41.103 55379.59828739 27.08 294.200735  -2.558398  8.953
 90    41.158 55379.59828804 26.81 294.200005  -2.561698  8.953
 90    41.190 55379.59828868 27.59 294.199285  -2.565008  8.953
 91    40.321 55414.59830984 13.34 294.203765  -2.544458 14.273
 91    40.212 55414.59831048 12.96 294.203035  -2.547758 14.273
 91    39.834 55414.59831113 14.48 294.202315  -2.551068 14.273
 91    36.952 55414.59831177 17.62 294.201585  -2.554368 14.273
 91    36.955 55414.59831242 23.11 294.200855  -2.557678 14.273
 91    37.278 55414.59831306 28.38 294.200125  -2.560978 14.273
 91    37.164 55414.59831371 36.13 294.199405  -2.564288 14.273
 92    31.119 55449.59829713 17.81 294.204673  -2.544655 12.070
 92    30.945 55449.59829778 17.15 294.203953  -2.547955 12.070
 92    31.129 55449.59829842 19.70 294.203223  -2.551265 12.070
 92    31.304 55449.59829907 20.03 294.202493  -2.554565 12.070
 92    31.262 55449.59829971 24.15 294.201773  -2.557875 12.070
 92    36.577 55449.59830036 20.27 294.201043  -2.561175 12.070
 92    31.523 55449.59830100 24.04 294.200313  -2.564485 12.070
 92    31.789 55449.59830165 21.96 294.199583  -2.567785 12.070
 93    29.858 55484.59822360 44.06 294.204609  -2.546625 25.665
 93    29.848 55484.59822425 43.10 294.203879  -2.549935 25.665
 93    29.815 55484.59822489 44.03 294.203159  -2.553235 25.665
 93    29.774 55484.59822554 45.50 294.202429  -2.556545 25.665
 93    29.752 55484.59822618 38.30 294.201699  -2.559845 25.665
 93    29.894 55484.59822682 28.44 294.200979  -2.563155 25.665
 93    29.999 55484.59822747 45.75 294.200249  -2.566455 25.665
