-215143.722   453.401     0.00   20.86
-214767.598   452.358    -2.77   22.09
-214391.475   448.285   -10.83   23.34
-214015.352   442.198   -16.18   25.85
-213639.228   439.362    -7.54   24.75
-213263.105   441.540     5.79   24.78
-212886.982   451.868    27.46   26.06
-212510.858   468.093    43.14   15.93
-212134.735   466.693    -3.72   19.44
-211758.612   461.798   -13.01   22.34
-211382.488   458.898    -7.71   23.01
-211006.365   463.323    11.76   24.01
-210630.242   471.917    22.85   23.51
-210254.118   479.133    19.19   23.55
-209877.995   487.672    22.70   20.19
-209501.871   494.204    17.37   14.01
-209125.748   497.388     8.46   10.62
-208749.625   496.777    -1.62    9.65
-208373.501   495.241    -4.08   10.38
-207997.378   486.388   -23.54   18.57
-207621.254   479.093   -19.39   23.12
-207245.131   474.119   -13.22   21.32
-206869.007   466.512   -20.23   23.38
-206492.884   466.106    -1.08   21.58
-206116.760   462.843    -8.67   21.63
-205740.636   452.285   -28.07   25.84
-205364.513   441.131   -29.65   25.12
-204988.389   433.858   -19.34   22.98
-204612.265   433.458    -1.06   20.37
-204236.142   440.863    19.69   22.55
-203860.018   451.782    29.03   22.84
-203483.894   463.674    31.62   22.33
-203107.770   471.898    21.87   21.36
-202731.646   480.593    23.12   20.77
-202355.522   488.644    21.41   10.05
-201979.398   490.458     4.82    5.43
-201603.274   486.856    -9.58    7.47
-201227.150   480.251   -17.56    9.40
-200851.026   467.311   -34.40   20.29
-200474.902   454.539   -33.96   21.05
-200098.777   452.439    -5.58   21.06
-199722.653   452.482     0.11   23.59
-199346.529   461.542    24.09   23.40
-198970.404   470.516    23.86   12.81
-198594.280   471.218     1.87   10.56
-198218.155   459.644   -30.77   19.02
-197842.030   445.728   -37.00   23.02
-197465.906   432.674   -34.71   23.17
-197089.781   421.330   -30.16   20.60
-196713.656   411.648   -25.74   18.11
-196337.531   405.567   -16.17   16.72
-195961.406   399.311   -16.63   13.57
-195585.281   403.404    10.88   24.17
-195209.156   413.490    26.82   32.06
-194833.030   423.362    26.25   32.63
-194456.905   428.695    14.18   29.98
-194080.780   428.701     0.01   28.08
-193704.654   433.695    13.28   25.54
-193328.529   442.133    22.43   22.82
-192952.403   444.106     5.25   21.20
-192576.277   439.620   -11.93   20.66
-192200.151   440.280     1.76   20.76
-191824.025   448.952    23.05   25.48
-191447.899   457.619    23.04   25.27
-191071.773   462.871    13.96   23.44
-190695.647   463.644     2.06   22.74
-190319.521   459.621   -10.70   23.52
-189943.394   459.977     0.95   23.35
-189567.268   462.119     5.69   23.75
-189191.141   467.512    14.34   23.10
-188815.014   470.067     6.79   19.35
-188438.887   459.875   -27.10   26.02
-188062.760   451.715   -21.70   27.25
-187686.633   442.944   -23.32   22.97
-187310.506   438.593   -11.57   27.15
-186934.379   442.382    10.07   30.72
-186558.251   442.647     0.70   32.23
-186182.124   441.052    -4.24   31.25
-185805.996   436.507   -12.08   27.57
-185429.868   434.593    -5.09   24.30
-185053.741   438.493    10.37   26.66
-184677.613   445.160    17.73   27.62
-184301.484   456.234    29.44   26.44
-183925.356   461.371    13.66   26.61
-183549.228   465.698    11.51   23.98
-183173.099   467.977     6.06   26.24
-182796.970   471.961    10.59   24.01
-182420.842   476.426    11.87   21.14
-182044.713   476.172    -0.68   21.71
-181668.584   473.693    -6.59   21.27
-181292.454   466.510   -19.10   24.49
-180916.325   461.413   -13.55   25.08
-180540.195   450.830   -28.14   27.13
-180164.066   445.296   -14.71   23.49
-179787.936   450.755    14.51   25.44
-179411.806   463.787    34.65   28.06
-179035.676   477.593    36.70   20.86
-178659.546   484.843    19.28   14.90
-178283.415   485.052     0.56   16.95
-177907.285   481.968    -8.20   15.70
-177531.154   476.961   -13.31   21.17
-177155.023   471.067   -15.67   26.83
-176778.892   458.187   -34.24   31.22
-176402.761   448.670   -25.30   30.55
-176026.629   439.485   -24.42   27.22
-175650.498   436.898    -6.88   25.24
-175274.366   436.014    -2.35   25.16
-174898.234   430.565   -14.49   28.42
-174522.102   424.157   -17.04   27.92
-174145.970   424.721     1.50   27.87
-173769.838   433.954    24.55   30.88
-173393.705   446.917    34.46   28.14
-173017.572   444.214    -7.19   28.61
-172641.439   430.485   -36.50   35.01
-172265.306   415.043   -41.05   31.11
-171889.173   407.296   -20.60   24.55
-171513.040   424.119    44.73   34.50
-171136.906   448.988    66.12   34.21
-170760.772   463.645    38.97   28.51
-170384.638   466.755     8.27   21.88
-170008.504   447.516   -51.15   35.84
-169632.370   428.751   -49.89   32.41
-169256.235   418.537   -27.15   25.37
-168880.100   426.944    22.35   30.67
-168503.965   444.982    47.95   32.10
-168127.830   453.830    23.52   27.89
-167751.695   452.388    -3.83   27.31
-167375.559   444.687   -20.47   29.63
-166999.423   437.755   -18.43   26.74
-166623.287   435.106    -7.04   26.21
-166247.151   446.485    30.25   26.07
-165871.015   457.490    29.26   23.29
-165494.878   464.350    18.24   23.62
-165118.741   471.952    20.21   22.70
-164742.604   478.901    18.47   20.38
-164366.467   477.336    -4.16   20.72
-163990.329   470.593   -17.93   25.84
-163614.192   461.260   -24.81   25.29
-163238.054   465.830    12.15   25.75
-162861.915   466.926     2.92   25.24
-162485.777   465.133    -4.77   29.53
-162109.638   453.241   -31.62   33.30
-161733.500   441.728   -30.61   27.78
-161357.361   428.439   -35.33   23.51
-160981.221   429.866     3.79   22.39
-160605.082   442.468    33.50   26.15
-160228.942   456.803    38.11   32.02
-159852.802   474.176    46.19   23.29
-159476.662   475.516     3.56   22.13
-159100.521   469.350   -16.39   25.46
-158724.381   461.093   -21.95   25.13
-158348.240   454.145   -18.47   22.57
-157972.099   446.977   -19.06   34.05
-157595.957   438.755   -21.86   39.85
-157219.815   422.514   -43.18   44.31
-156843.673   410.818   -31.09   43.50
-156467.531   406.907   -10.40   47.19
-156091.389   400.350   -17.43   51.50
-155715.246   385.377   -39.81   47.44
-155339.103   367.971   -46.27   31.48
-154962.960   358.160   -26.08   19.80
-154586.817   352.907   -13.97   16.58
-154210.673   347.993   -13.06   16.78
-153834.549   347.303    -1.83   18.69
-153458.456   352.917    14.93   23.60
-153082.363   356.208     8.75   22.67
-152706.270   357.040     2.21   21.65
-152330.176   351.330   -15.18   21.62
-151954.082   341.539   -26.03   13.62
-151577.988   332.183   -24.88    9.81
-151201.894   326.232   -15.82   11.09
-150825.799   322.251   -10.59   10.49
-150449.704   317.693   -12.12    7.90
-150073.609   316.968    -1.93    7.78
-149697.514   316.362    -1.61    9.67
-149321.418   317.079     1.91   13.11
-148945.322   319.982     7.72   15.68
-148569.225   319.106    -2.33   15.78
-148193.129   317.510    -4.25   16.79
-147817.032   311.540   -15.87   12.99
-147440.935   306.260   -14.04   10.15
-147064.837   307.728     3.90   10.85
-146688.739   310.849     8.30   10.26
-146312.641   312.798     5.18    8.37
-145936.543   311.362    -3.82    8.31
-145560.444   309.620    -4.63    7.86
-145184.345   306.644    -7.91    7.42
-144808.246   304.106    -6.75    9.03
-144432.146   302.485    -4.31    9.85
-144056.046   300.998    -3.95   10.05
-143679.946   300.593    -1.08    8.81
-143303.845   299.029    -4.16    8.83
-142927.745   300.040     2.69    8.72
-142551.643   300.648     1.62    9.21
-142175.542   300.539    -0.29    8.90
-141799.440   297.926    -6.95    9.48
-141423.338   293.014   -13.06   10.56
-141047.236   289.618    -9.03    8.95
-140671.133   289.755     0.36    9.28
-140295.030   290.277     1.39    9.73
-139918.926   292.336     5.48   11.11
-139542.823   290.619    -4.57   10.58
-139166.719   286.890    -9.91    9.80
-138790.614   285.593    -3.45    8.54
-138414.509   284.350    -3.31    7.51
-138038.404   281.512    -7.55    7.29
-137662.299   280.944    -1.51    7.67
-137286.193   280.593    -0.93    7.70
-136910.087   283.875     8.73   11.05
-136533.981   289.901    16.02   13.64
-136157.874   289.676    -0.60   12.86
-135781.767   294.542    12.94   11.83
-135405.660   299.398    12.91   12.50
-135029.552   303.512    10.94   13.54
-134653.444   306.593     8.19   10.19
-134277.335   304.052    -6.75   11.89
-133901.226   293.593   -27.81   14.96
-133525.117   284.645   -23.79   10.68
-133149.008   281.468    -8.45    7.93
-132772.898   279.214    -5.99    5.50
-132396.788   282.518     8.78    7.09
-132020.677   287.849    14.18    9.68
-131644.566   291.398     9.44   12.28
-131268.455   294.133     7.27   10.74
-130892.343   292.539    -4.24   11.65
-130516.231   292.093    -1.19   10.95
-130140.118   290.768    -3.52   10.29
-129764.006   292.315     4.11   11.77
-129387.892   288.343   -10.56   15.09
-129011.779   281.040   -19.42   15.88
-128635.665   276.461   -12.17   11.45
-128259.551   275.461    -2.66    9.64
-127883.436   280.952    14.60   12.21
-127507.321   291.856    28.99   19.33
-127131.206   298.343    17.25   18.90
-126755.090   298.952     1.62   18.06
-126378.974   296.232    -7.23   19.43
-126002.857   292.793    -9.14   17.45
-125626.740   287.183   -14.92   10.58
-125250.623   285.221    -5.21    9.73
-124874.505   281.350   -10.29   12.52
-124498.387   274.025   -19.47   10.98
-124122.268   272.488    -4.09   10.09
-123746.149   274.465     5.26   10.05
-123370.030   276.214     4.65    9.78
-122993.910   273.593    -6.97   11.88
-122617.790   268.567   -13.36   11.65
-122241.669   264.645   -10.43   10.09
-121865.548   261.863    -7.40    8.82
-121489.427   262.003     0.37    8.30
-121113.305   266.388    11.66    9.63
-120737.183   273.315    18.42   15.79
-120361.060   285.260    31.76   29.97
-119984.937   288.871     9.60   30.37
-119608.814   290.540     4.44   32.55
-119232.690   287.336    -8.52   30.96
-118856.566   279.249   -21.50   15.37
-118480.441   282.647     9.03   14.27
-118104.316   283.593     2.51   13.12
-117728.191   280.350    -8.62   13.14
-117352.065   275.336   -13.33   13.22
-116975.938   271.674    -9.74   13.91
-116599.811   270.157    -4.03   22.25
-116223.684   278.926    23.31   38.90
-115847.557   284.695    15.34   44.66
-115471.428   290.485    15.39   45.11
-115095.300   292.542     5.47   34.98
-114719.171   306.382    36.80   34.51
-114343.042   314.704    22.12   35.33
-113966.912   321.323    17.60   33.93
-113590.781   317.647    -9.77   33.99
-113214.651   312.674   -13.22   29.76
-112838.519   305.644   -18.69   28.38
-112462.388   300.187   -14.51   27.74
-112086.256   300.618     1.15   27.05
-111710.123   297.336    -8.73   25.00
-111333.990   292.843   -11.95   23.13
-110957.857   282.131   -28.48   25.00
-110581.723   271.025   -29.53   23.81
-110205.588   259.157   -31.55   20.02
-109829.454   248.067   -29.49    9.05
-109453.318   243.251   -12.80    8.75
-109077.183   239.377   -10.30   10.75
-108701.046   237.618    -4.67   12.19
-108324.910   238.311     1.84   13.08
-107948.773   242.336    10.70   17.13
-107572.635   258.133    42.00   34.91
-107196.497   280.269    58.85   36.68
-106820.358   285.917    15.02   32.86
-106444.219   279.971   -15.81   36.45
-106068.080   265.593   -38.23   33.28
-105691.940   251.018   -38.75   22.08
-105315.800   242.260   -23.28   19.29
-104939.659   240.593    -4.43   18.13
-104563.517   242.336     4.64   18.77
-104187.375   246.593    11.32   15.89
-103811.233   245.356    -3.29   15.89
-103435.090   244.882    -1.26   14.75
-103058.947   245.131     0.66   14.05
-102682.803   246.621     3.96   15.03
-102306.658   253.409    18.05   16.17
-101930.514   253.875     1.24   15.15
-101554.368   252.537    -3.56   12.48
-101178.222   249.409    -8.32   10.67
-100802.076   247.323    -5.55    8.58
-100425.929   251.485    11.07    9.59
-100049.782   259.350    20.91   11.76
 -99673.634   267.315    21.18   12.98
 -99297.486   275.695    22.28   14.40
 -98921.337   280.718    13.35   20.76
 -98545.188   285.025    11.45   30.50
 -98169.038   288.068     8.09   44.69
 -97792.887   294.303    16.58   60.17
 -97416.736   288.208   -16.20   73.87
 -97040.585   286.172    -5.41   84.41
 -96664.433   268.695   -46.46   86.64
 -96288.281   236.621   -85.27   75.05
 -95912.128   209.566   -71.92   45.61
 -95535.974   189.961   -52.12   19.36
 -95159.820   183.850   -16.25   17.07
 -94783.665   177.131   -17.86   16.04
 -94407.510   167.183   -26.45   14.61
 -94031.355   160.732   -17.15   12.78
 -93655.199   153.512   -19.19   10.16
 -93279.042   148.954   -12.12    7.29
 -92902.885   149.672     1.91    7.44
 -92526.727   149.043    -1.67    8.44
 -92150.569   150.566     4.05   11.19
 -91774.410   153.644     8.18   11.07
 -91398.251   155.198     4.13   12.33
 -91022.091   152.909    -6.09   11.43
 -90645.930   151.323    -4.22   10.68
 -90269.769   149.368    -5.20    9.41
 -89893.608   145.409   -10.53    8.67
 -89517.446   144.269    -3.03    7.81
 -89141.283   144.485     0.57    8.52
 -88765.120   144.764     0.74    8.81
 -88388.956   146.798     5.41    9.32
 -88012.792   148.183     3.68    8.89
 -87636.627   150.193     5.34    9.84
 -87260.461   156.160    15.86   11.69
 -86884.295   160.106    10.49   11.94
 -86508.129   167.971    20.91   20.55
 -86131.962   190.968    61.13   46.55
 -85755.794   220.890    79.54   71.39
 -85379.626   250.014    77.42   70.82
 -85003.457   263.172    34.98   64.74
 -84627.288   263.618     1.19   48.81
 -84251.118   276.025    32.98   49.46
 -83874.947   297.300    56.56   54.20
 -83498.776   332.260    92.93   36.34
 -83122.604   351.260    50.51   12.00
 -82746.432   344.512   -17.94   20.58
 -82370.259   327.160   -46.13   27.20
 -81994.086   308.241   -50.29   28.32
 -81617.912   291.875   -43.51   21.85
 -81241.737   279.193   -33.71   24.14
 -80865.562   261.054   -48.22   29.50
 -80489.386   245.830   -40.47   28.75
 -80113.210   234.065   -31.27   22.90
 -79737.033   217.542   -43.92   18.17
 -79360.855   208.672   -23.58   19.62
 -78984.677   197.029   -30.95   19.55
 -78608.594   182.809   -37.81   15.69
 -78232.542   170.311   -33.24   12.38
 -77856.489   160.323   -26.56   11.08
 -77480.436   152.183   -21.65    7.79
 -77104.382   146.901   -14.05    8.62
 -76728.327   141.621   -14.04    6.02
 -76352.272   139.106    -6.69    4.11
 -75976.216   137.647    -3.88    4.16
 -75600.160   135.350    -6.11    6.29
 -75224.103   134.014    -3.55    5.89
 -74848.045   133.010    -2.67    5.13
 -74471.987   134.468     3.88    5.71
 -74095.928   140.882    17.06   11.65
 -73719.868   148.836    21.15   13.64
 -73343.808   155.131    16.74   10.34
 -72967.748   159.119    10.60    6.03
 -72591.686   157.277    -4.90    5.59
 -72215.624   156.079    -3.18    5.53
 -71839.562   152.054   -10.70   10.26
 -71463.498   146.593   -14.52   17.33
 -71087.435   133.439   -34.98   23.76
 -70711.370   119.234   -37.77   22.80
 -70335.305   104.843   -38.27   13.53
 -69959.239   101.917    -7.78    8.82
 -69583.173   111.998    26.81   22.47
 -69207.106   139.409    72.89   46.82
 -68831.038   171.323    84.86   49.25
 -68454.970   180.944    25.58   41.38
 -68078.901   176.131   -12.80   37.65
 -67702.831   163.465   -33.68   30.81
 -67326.761   151.145   -32.76   23.75
 -66950.690   142.330   -23.44   21.74
 -66574.618   134.388   -21.12   20.44
 -66198.546   127.670   -17.86   18.90
 -65822.473   117.404   -27.30   15.84
 -65446.400   109.311   -21.52   13.78
 -65070.325   102.732   -17.49   10.55
 -64694.251   101.285    -3.85    8.82
 -64318.175   101.285     0.00    8.48
 -63942.099   103.187     5.06    7.70
 -63566.022   100.670    -6.69    7.54
 -63189.944    98.356    -6.15    9.04
 -62813.866    97.404    -2.53   10.49
 -62437.787    96.798    -1.61   11.97
 -62061.708    94.371    -6.45   12.96
 -61685.628    88.849   -14.68   11.47
 -61309.547    82.542   -16.77    8.35
 -60933.465    83.106     1.50    7.96
 -60557.383    84.029     2.45    8.54
 -60181.300    83.311    -1.91   10.39
 -59805.216    79.542   -10.02   10.80
 -59429.132    73.647   -15.67    9.17
 -59053.047    68.909   -12.60    6.64
 -58676.962    65.241    -9.75    3.38
 -58300.875    64.025    -3.23    3.40
 -57924.788    64.052     0.07    2.88
 -57548.700    64.030    -0.06    2.38
 -57172.612    64.901     2.31    2.67
 -56796.523    65.490     1.57    3.31
 -56420.433    65.093    -1.06    4.06
 -56044.343    64.234    -2.28    4.31
 -55668.251    63.010    -3.26    4.05
 -55292.159    63.382     0.99    4.19
 -54916.067    64.988     4.27    5.26
 -54539.973    66.512     4.05    5.34
 -54163.879    66.323    -0.50    4.24
 -53787.785    66.618     0.79    4.13
 -53411.689    67.743     2.99    4.94
 -53035.593    70.431     7.15    6.48
 -52659.496    72.567     5.68    6.33
 -52283.399    74.566     5.31    5.99
 -51907.300    75.836     3.38    5.55
 -51531.201    78.323     6.61    6.53
 -51155.101    80.021     4.52    7.10
 -50779.001    81.514     3.97    6.09
 -50402.900    82.668     3.07    5.28
 -50026.798    84.728     5.48    6.49
 -49650.695    87.772     8.09    8.38
 -49274.592    92.815    13.41    7.72
 -48898.488    94.856     5.43    5.67
 -48522.383    93.465    -3.70    6.52
 -48146.277    91.067    -6.38    6.26
 -47770.171    85.926   -13.67    6.82
 -47394.064    81.909   -10.68    6.44
 -47017.956    79.413    -6.63    5.53
 -46641.848    77.537    -4.99    5.21
 -46265.738    77.670     0.35    5.06
 -45889.628    78.514     2.24    4.48
 -45513.518    76.782    -4.60    4.70
 -45137.406    78.296     4.02    6.54
 -44761.294    80.323     5.39    7.89
 -44385.181    82.567     5.97    8.30
 -44009.067    84.718     5.72    7.70
 -43632.952    86.809     5.56    6.82
 -43256.837    88.693     5.01    8.05
 -42880.721    91.093     6.38    7.80
 -42504.604    95.145    10.77    6.93
 -42128.487    99.701    12.11    6.98
 -41752.368   106.343    17.66   11.74
 -41376.249   111.698    14.24   10.37
 -41000.129   113.954     6.00    8.64
 -40624.009   110.014   -10.48   10.92
 -40247.887   101.732   -22.02    9.19
 -39871.765    97.798   -10.46   10.05
 -39495.642    95.798    -5.32   11.75
 -39119.519    95.879     0.21   12.59
 -38743.394   101.106    13.90   16.15
 -38367.269   105.674    12.14   15.39
 -37991.143   111.052    14.30   13.71
 -37615.016   111.493     1.17   12.24
 -37238.888   113.404     5.08   10.45
 -36862.760   117.224    10.16   10.98
 -36486.631   120.461     8.61   12.67
 -36110.501   123.695     8.60   12.38
 -35734.370   130.133    17.12   12.47
 -35358.239   133.293     8.40   16.11
 -34982.106   136.567     8.70   16.65
 -34605.973   139.704     8.34   15.68
 -34229.839   137.863    -4.89   14.27
 -33853.704   133.982   -10.32   15.22
 -33477.569   130.330    -9.71   15.31
 -33101.432   126.234   -10.89   14.54
 -32725.295   125.896    -0.90   12.70
 -32349.157   130.836    13.13   14.53
 -31973.019   134.350     9.34   15.28
 -31596.879   141.954    20.22   21.42
 -31220.739   149.593    20.31   23.41
 -30844.598   159.277    25.75   32.64
 -30468.456   172.516    35.20   36.81
 -30092.313   166.824   -15.13   39.24
 -29716.169   153.029   -36.67   30.11
 -29340.025   144.674   -22.21   28.99
 -28963.879   136.618   -21.42   14.56
 -28587.733   142.285    15.07   14.63
 -28211.586   148.371    16.18   13.73
 -27835.439   150.971     6.91   15.10
 -27459.290   144.782   -16.45   21.14
 -27083.141   134.160   -28.24   21.57
 -26706.990   126.260   -21.00   16.39
 -26330.839   122.740    -9.36   17.00
 -25954.687   123.068     0.87   19.82
 -25578.535   121.172    -5.04   21.48
 -25202.381   113.954   -19.19   16.79
 -24826.227   112.798    -3.07   15.27
 -24450.072   111.863    -2.49   15.67
 -24073.915   114.040     5.79   13.70
 -23697.759   117.198     8.40   13.98
 -23321.601   119.824     6.98   13.32
 -22945.442   121.674     4.92   13.18
 -22569.283   117.909   -10.01   16.68
 -22193.122   111.343   -17.45   18.59
 -21816.961   110.250    -2.91   19.44
 -21440.799   111.160     2.42   22.32
 -21064.636   111.836     1.80   23.64
 -20688.473   113.404     4.17   21.94
 -20312.308   104.998   -22.34   20.98
 -19936.142    95.536   -25.16   17.69
 -19559.976    85.693   -26.17   18.23
 -19183.809    74.988   -28.46   16.06
 -18807.641    68.809   -16.42   12.74
 -18431.472    64.336   -11.89   11.98
 -18055.302    61.435    -7.71   12.47
 -17679.132    60.388    -2.78   12.38
 -17302.960    61.755     3.63   15.15
 -16926.788    66.029    11.36   15.95
 -16550.614    70.204    11.10   12.98
 -16174.440    69.935    -0.72   12.45
 -15798.265    68.798    -3.02   11.10
 -15422.089    69.343     1.45    8.81
 -15045.912    70.824     3.94    8.43
 -14669.735    66.566   -11.32   10.54
 -14293.556    64.093    -6.57   12.15
 -13917.377    53.701   -27.62   14.30
 -13541.196    45.982   -20.52   10.59
 -13165.015    45.303    -1.80   10.95
 -12788.833    47.336     5.40   11.84
 -12412.650    51.160    10.17   12.25
 -12036.466    58.901    20.58   12.84
 -11660.281    65.849    18.47   11.91
 -11284.096    71.465    14.93   10.73
 -10907.909    75.620    11.05    9.86
 -10531.721    76.106     1.29   12.55
 -10155.533    72.701    -9.05   12.91
  -9779.344    75.458     7.33   14.80
  -9403.153    79.917    11.85   12.40
  -9026.962    85.874    15.83   11.55
  -8650.770    86.644     2.05   13.56
  -8274.577    83.830    -7.48   14.20
  -7898.383    81.232    -6.91   16.08
  -7522.188    71.566   -25.69   16.82
  -7145.993    62.121   -25.11   16.03
  -6769.796    56.593   -14.69   13.12
  -6393.599    55.413    -3.14   14.67
  -6017.400    59.160     9.96   15.76
  -5641.201    61.988     7.52   11.40
  -5265.000    60.356    -4.34   11.87
  -4888.799    62.540     5.81   12.25
  -4512.597    62.647     0.28    9.85
  -4136.394    59.093    -9.45   12.80
  -3760.211    54.755   -11.53   15.32
  -3384.195    47.404   -19.55   16.23
  -3008.177    49.079     4.46   18.19
  -2632.159    47.287    -4.77   20.91
  -2256.140    37.336   -26.46   28.12
  -1880.120    21.824   -41.26   29.79
  -1504.099    10.093   -31.20   21.84
  -1128.077     0.198   -26.31    1.67
   -752.054    -0.407    -1.61    0.00
   -376.030    -0.407     0.00    0.00
     -0.005    -0.407     0.00    0.00
    376.021    -0.407     0.00    0.00
    752.048    -0.407     0.00    0.00
   1128.075    -0.407     0.00    0.00
   1504.104    -0.407     0.00    0.00
   1880.134     1.566     5.25    4.76
   2256.164     4.368     7.45    6.23
   2632.196     6.593     5.92    5.66
   3008.228     8.037     3.84    4.33
   3384.262     7.106    -2.48    2.78
   3760.296     6.620    -1.29    2.72
   4136.332     5.935    -1.82    2.26
   4512.368     5.260    -1.80    1.80
   4888.406     5.260     0.00    1.74
   5264.444     5.193    -0.18    1.95
   5640.483     4.935    -0.69    2.26
   6016.523     4.917    -0.05    2.45
   6392.565     5.093     0.47    2.09
   6768.607     5.413     0.85    1.79
   7144.650     5.330    -0.22    1.97
   7520.694     6.315     2.62    2.50
   7896.740     7.439     2.99    3.68
   8272.786     7.232    -0.55    3.86
   8648.833     6.918    -0.83    4.43
   9024.881     6.695    -0.59    4.75
   9400.930     5.010    -4.48    4.77
   9776.980     3.809    -3.19    4.35
  10153.031     2.890    -2.44    3.72
  10529.084     2.277    -1.63    2.76
  10905.137     2.208    -0.18    2.35
  11281.191     2.782     1.53    2.30
  11657.246     3.293     1.36    1.96
  12033.302     2.849    -1.18    1.82
  12409.359     2.672    -0.47    1.79
  12785.417     2.377    -0.78    1.73
  13161.476     2.542     0.44    1.41
  13537.537     2.824     0.75    1.31
  13913.598     2.954     0.35    1.62
  14289.660     2.901    -0.14    1.82
  14665.723     2.760    -0.38    1.63
  15041.787     2.672    -0.23    1.91
  15417.853     3.106     1.15    2.43
  15793.919     3.030    -0.20    2.58
  16169.986     3.052     0.06    2.35
  16546.054     2.935    -0.31    1.95
  16922.124     2.809    -0.33    1.72
  17298.194     2.542    -0.71    1.65
  17674.265     2.343    -0.53    1.48
  18050.338     2.157    -0.49    1.67
  18426.411     2.131    -0.07    1.37
  18802.486     2.029    -0.27    1.33
  19178.561     1.755    -0.73    1.09
  19554.638     1.830     0.20    1.10
  19930.715     2.145     0.84    1.50
  20306.794     2.148     0.01    1.54
  20682.874     1.728    -1.12    1.75
  21058.954     1.187    -1.44    1.82
  21435.036     0.461    -1.93    1.23
  21811.119     0.285    -0.47    1.30
  22187.203    -0.001    -0.76    1.10
  22563.288    -0.197    -0.52    0.81
  22939.374    -0.407    -0.56    0.00
  23315.461    -0.407     0.00    0.00
  23691.549    -0.407     0.00    0.00
  24067.638    -0.407     0.00    0.00
  24443.728    -0.407     0.00    0.00
  24819.819    -0.407     0.00    0.00
  25195.911    -0.407     0.00    0.00
  25572.005    -0.407     0.00    0.00
  25948.099    -0.407     0.00    0.00
  26324.195    -0.407     0.00    0.00
  26700.291    -0.407     0.00    0.00
  27076.389    -0.407     0.00    0.00
  27452.488    -0.407     0.00    0.00
  27828.587    -0.407     0.00    0.00
  28204.688    -0.407     0.00    0.00
  28580.790    -0.407     0.00    0.00
  28956.893    -0.407     0.00    0.00
  29332.997    -0.407     0.00    0.00
  29709.102    -0.240     0.44    1.00
  30085.209     0.490     1.94    1.76
  30461.316     1.620     3.00    2.40
  30837.424     2.356     1.96    2.88
  31213.534     2.777     1.12    3.02
  31589.645     2.003    -2.06    3.17
  31965.756     1.106    -2.38    2.86
  32341.869     0.409    -1.86    1.61
  32717.983     0.343    -0.17    1.51
  33094.098     0.507     0.44    1.72
  33470.214     1.458     2.53    2.84
  33846.331     3.350     5.03    4.55
  34222.449     5.269     5.10    4.53
  34598.569     6.025     2.01    4.48
  34974.689     5.898    -0.34    4.22
  35350.811     3.693    -5.86    2.76
  35726.934     2.234    -3.88    1.56
  36103.057     1.485    -1.99    1.56
  36479.182     0.695    -2.10    1.48
  36855.308     0.067    -1.67    1.11
  37231.436    -0.039    -0.28    0.85
  37607.564     0.079     0.31    0.90
  37983.693     0.234     0.41    1.06
  38359.824     0.676     1.18    1.48
  38735.956     1.145     1.25    1.70
  39112.088     1.721     1.53    1.85
  39488.222     2.446     1.93    1.67
  39864.357     2.849     1.07    1.65
  40240.493     2.809    -0.11    1.55
  40616.631     3.160     0.93    1.80
  40992.769     3.701     1.44    1.76
  41368.909     4.287     1.56    1.85
  41745.049     5.695     3.74    2.71
  42121.191     6.325     1.67    2.93
  42497.334     7.025     1.86    3.20
  42873.478     8.260     3.28    4.60
  43249.624     7.961    -0.79    4.61
  43625.770     9.311     3.59    5.76
  44001.917    11.539     5.92    6.38
  44378.066    13.413     4.98    6.91
  44754.216    15.160     4.64    6.46
  45130.367    16.674     4.02    6.08
  45506.519    17.214     1.44    6.41
  45882.673    17.328     0.30    6.68
  46258.827    17.618     0.77    5.16
  46634.983    19.029     3.75    4.54
  47011.139    19.964     2.49    3.59
  47387.297    22.025     5.48    3.65
  47763.456    24.315     6.09    3.60
  48139.617    25.409     2.91    3.74
  48515.778    26.018     1.62    3.10
  48891.941    26.269     0.67    3.35
  49268.105    26.698     1.14    3.70
  49644.269    26.988     0.77    4.12
  50020.436    28.409     3.78    4.24
  50396.603    30.079     4.44    4.21
  50772.771    32.843     7.35    4.91
  51148.941    35.040     5.84    5.07
  51525.112    36.728     4.49    5.01
  51901.284    38.377     4.38    5.07
  52277.457    37.871    -1.35    4.92
  52653.631    37.542    -0.87    4.92
  53029.807    39.234     4.50    6.05
  53405.984    41.954     7.23    6.41
  53782.162    44.119     5.76    7.95
  54158.341    43.404    -1.90    7.48
  54534.521    42.871    -1.42    5.72
  54910.703    44.818     5.18    7.00
  55286.886    49.296    11.90    9.96
  55663.069    54.777    14.57    9.41
  56039.255    58.909    10.98    9.12
  56415.441    64.849    15.79   14.64
  56791.628    74.647    26.04   21.50
  57167.817    90.343    41.72   27.96
  57544.007   100.670    27.45   27.32
  57920.198   107.232    17.44   22.55
  58296.391   115.674    22.44   16.76
  58672.584   120.890    13.87   16.60
  59048.779   127.539    17.67   15.25
  59424.975   134.875    19.50    6.43
  59801.172   135.260     1.02    6.34
  60177.371   135.618     0.95    7.26
  60553.570   132.777    -7.55    9.49
  60929.771   132.704    -0.19    8.19
  61305.973   131.618    -2.89    7.46
  61682.177   131.567    -0.14    7.37
  62058.381   133.514     5.17    8.59
  62434.587   136.674     8.40   10.03
  62810.794   142.311    14.98    5.77
  63187.002   145.566     8.65    2.11
  63563.212   145.567     0.00    1.87
  63939.423   144.543    -2.72    2.42
  64315.635   143.121    -3.78    2.67
  64691.848   141.377    -4.64    2.79
  65068.062   138.836    -6.75    4.21
  65444.278   135.647    -8.48    7.53
  65820.495   131.382   -11.34   10.34
  66196.713   126.260   -13.62   12.39
  66572.933   123.693    -6.82   14.57
  66949.153   125.303     4.28   14.61
  67325.375   129.079    10.04   12.53
  67701.598   134.080    13.29    9.32
  68077.823   135.382     3.46    6.41
  68454.049   135.119    -0.70    5.41
  68830.276   129.674   -14.47   10.44
  69206.504   121.157   -22.64   14.72
  69582.733   111.065   -26.82   15.39
  69958.964   101.362   -25.79   14.01
  70335.196    92.311   -24.06   12.53
  70711.429    86.124   -16.44   12.92
  71087.664    78.890   -19.23    8.92
  71463.774    76.647    -5.96    7.58
  71839.747    75.269    -3.67    7.35
  72215.721    71.214   -10.78    6.58
  72591.697    70.510    -1.88    8.06
  72967.674    71.514     2.67    8.08
  73343.652    73.157     4.37    9.66
  73719.632    74.172     2.70   10.43
  74095.613    75.198     2.73   11.07
  74471.595    74.798    -1.06   12.31
  74847.578    74.234    -1.50   10.25
  75223.563    73.052    -3.14    9.46
  75599.549    71.593    -3.88   10.49
  75975.536    69.065    -6.72   10.17
  76351.525    67.260    -4.80   12.11
  76727.515    64.336    -7.77   11.46
  77103.506    60.812    -9.37    8.81
  77479.498    62.054     3.31    8.96
  77855.492    68.435    16.97   12.19
  78231.487    73.404    13.21   11.28
  78607.483    80.208    18.10   10.90
  78983.481    87.093    18.31    9.49
  79359.480    87.798     1.88    9.85
  79735.480    84.901    -7.71   13.21
  80111.482    79.944   -13.18   13.90
  80487.485    76.798    -8.37   10.51
  80863.489    77.106     0.82    8.41
  81239.495    73.465    -9.68    9.19
  81615.501    68.674   -12.74   11.23
  81991.509    61.435   -19.25   13.31
  82367.519    53.512   -21.07   11.80
  82743.530    46.755   -17.97   12.57
  83119.542    38.539   -21.85   10.83
  83495.555    33.874   -12.41    6.83
  83871.570    32.285    -4.23    5.03
  84247.586    34.362     5.52    6.53
  84623.603    36.954     6.89    8.22
  84999.622    40.926    10.56    8.84
  85375.642    45.010    10.86    6.80
  85751.664    47.593     6.87    6.06
  86127.686    50.330     7.28    6.30
  86503.710    51.944     4.29    6.15
  86879.736    51.647    -0.79    5.55
  87255.762    52.542     2.38    5.84
  87631.790    54.398     4.94    6.54
  88007.820    56.315     5.10    6.83
  88383.851    59.285     7.90    5.58
  88759.883    63.485    11.17    8.19
  89135.916    67.593    10.92   10.19
  89511.951    71.647    10.78    8.64
  89887.987    72.993     3.58    7.78
  90264.025    69.234   -10.00    8.37
  90640.064    64.593   -12.34    7.72
  91016.104    61.998    -6.90    7.26
  91392.145    62.413     1.10    7.66
  91768.188    64.121     4.54    7.37
  92144.233    63.382    -1.96    8.48
  92520.278    62.952    -1.14    9.60
  92896.325    59.356    -9.56    9.49
  93272.374    58.863    -1.31    8.46
  93648.423    61.303     6.49    9.17
  94024.474    69.234    21.09   12.18
  94400.527    79.954    28.51   11.42
  94776.581    84.901    13.15    9.53
  95152.636    90.025    13.63    6.76
  95528.693    92.133     5.61    4.47
  95904.751    89.971    -5.75    5.55
  96280.810    86.398    -9.50    6.26
  96656.871    82.311   -10.87    6.05
  97032.933    78.518   -10.09    6.01
  97408.997    75.404    -8.28    7.09
  97785.061    68.318   -18.84   10.93
  98161.128    62.435   -15.64    9.66
  98537.195    63.336     2.40   10.63
  98913.265    68.458    13.62   14.40
  99289.335    78.234    26.00   13.25
  99665.407    87.121    23.63    6.93
 100041.480    88.269     3.05    6.32
 100417.555    80.698   -20.13   13.53
 100793.631    71.136   -25.43   16.04
 101169.708    63.490   -20.33   13.50
 101545.787    57.926   -14.80    7.05
 101921.868    58.010     0.22    5.27
 102297.949    61.701     9.82    7.51
 102674.032    69.133    19.76    9.86
 103050.117    77.067    21.09   11.43
 103426.203    86.918    26.19   10.58
 103802.290    94.214    19.40    9.30
 104178.379   100.695    17.23    7.00
 104554.469   103.198     6.65    5.00
 104930.561   100.698    -6.65    7.18
 105306.654    97.377    -8.83    8.96
 105682.748    94.643    -7.27    9.83
 106058.844    91.724    -7.76    9.76
 106434.941    93.871     5.71   10.88
 106811.040    94.404     1.42   10.24
 107187.140    97.037     7.00    8.63
 107563.242    99.439     6.39    7.54
 107939.345   102.106     7.09    6.49
 108315.449   106.079    10.56    7.27
 108691.555   113.971    20.99   11.25
 109067.662   123.241    24.65   12.74
 109443.771   129.160    15.74   10.42
 109819.881   128.818    -0.91    9.94
 110195.993   124.458   -11.59   11.96
 110572.106   115.619   -23.50    9.51
 110948.220   110.145   -14.55    6.96
 111324.336   109.285    -2.29    6.93
 111700.454   108.431    -2.27    7.35
 112076.573   111.918     9.27    7.37
 112452.693   112.777     2.28    5.39
 112828.815   111.398    -3.67    6.38
 113204.938   109.323    -5.52    6.23
 113581.063   105.315   -10.65    5.59
 113957.189   103.251    -5.49    6.06
 114333.316   102.798    -1.20    6.83
 114709.445   103.328     1.41    7.60
 115085.576   102.054    -3.39    9.61
 115461.708   100.935    -2.98    9.23
 115837.841   100.371    -1.50    7.00
 116213.976    99.413    -2.55    5.32
 116590.113    97.882    -4.07    5.56
 116966.251    95.183    -7.18    6.80
 117342.390    93.644    -4.09    7.65
 117718.531    94.849     3.20    6.24
 118094.673    95.944     2.91    5.73
 118470.817    97.901     5.20    3.56
 118846.962    99.106     3.20    2.71
 119223.109    99.093    -0.03    2.44
 119599.257    97.971    -2.98    3.98
 119975.407    93.728   -11.28    7.82
 120351.558    89.458   -11.35    9.48
 120727.711    83.330   -16.29   10.32
 121103.865    77.564   -15.33    8.92
 121480.021    74.243    -8.83    9.53
 121856.178    71.303    -7.81    8.83
 122232.337    68.871    -6.47    9.54
 122608.497    65.080   -10.08   10.94
 122984.659    57.145   -21.09   16.49
 123360.822    47.935   -24.49   19.30
 123736.987    40.172   -20.64   15.48
 124113.153    34.439   -15.24   12.94
 124489.320    28.863   -14.82   10.94
 124865.490    25.183    -9.78    9.78
 125241.660    23.818    -3.63    9.01
 125617.833    25.764     5.17   11.34
 125994.006    33.620    20.88   14.24
 126370.182    43.998    27.59   15.11
 126746.358    52.377    22.27   13.04
 127122.537    59.836    19.83    8.35
 127498.717    63.482     9.69    6.30
 127874.898    65.643     5.74    5.71
 128251.081    67.277     4.34    4.83
 128627.265    68.377     2.92    4.93
 129003.451    70.542     5.76    4.14
 129379.639    72.303     4.68    3.30
 129755.828    71.977    -0.87    6.63
 130132.018    73.269     3.43    7.26
 130508.210    70.721    -6.77    9.44
 130884.404    65.426   -14.08   12.27
 131260.599    60.909   -12.01   12.00
 131636.796    57.208    -9.84   10.55
 132012.994    55.749    -3.88   10.19
 132389.194    57.465     4.56    9.76
 132765.395    57.836     0.99   10.42
 133141.598    58.676     2.23   11.81
 133517.802    62.674    10.63   13.46
 133894.008    66.371     9.83   12.20
 134270.216    64.303    -5.50   10.71
 134646.425    63.618    -1.82    9.81
 135022.635    61.079    -6.75    8.02
 135398.847    59.875    -3.20    8.09
 135775.061    60.157     0.75    8.42
 136151.276    63.362     8.52   10.62
 136527.493    69.377    15.99   12.47
 136903.712    78.157    23.34   12.47
 137279.932    87.485    24.79    9.66
 137656.153    94.539    18.75    7.68
 138032.376    99.431    13.00    6.90
 138408.601   102.218     7.41    6.00
 138784.827   101.952    -0.71    6.47
 139161.055   101.014    -2.49    7.95
 139537.284   101.093     0.21    7.85
 139913.515    98.971    -5.64    7.51
 140289.748    97.760    -3.22    6.36
 140665.982    95.119    -7.02    7.67
 141042.218    91.054   -10.80    8.28
 141418.455    84.674   -16.96    8.78
 141794.694    79.618   -13.44    6.74
 142170.934    76.106    -9.34    5.57
 142547.176    74.567    -4.09    5.90
 142923.420    76.079     4.02    7.10
 143299.665    77.593     4.02    7.99
 143675.912    75.214    -6.32    8.69
 144052.161    75.350     0.36    7.86
 144428.411    76.593     3.30    7.41
 144804.662    77.079     1.29    7.92
 145180.915    77.234     0.41    6.87
 145557.170    73.490    -9.95    8.30
 145933.427    69.926    -9.47    8.33
 146309.685    66.698    -8.58    5.94
 146685.678    65.232    -3.90    4.95
 147061.624    63.567    -4.43    5.69
 147437.571    61.465    -5.59    9.59
 147813.520    57.971    -9.29   11.34
 148189.471    56.014    -5.21   11.10
 148565.423    54.277    -4.62    9.56
 148941.377    55.868     4.23    8.37
 149317.333    59.512     9.69    7.09
 149693.290    61.157     4.38    6.21
 150069.248    61.362     0.55    6.33
 150445.209    62.133     2.05    5.41
 150821.171    62.890     2.01    4.47
 151197.134    64.350     3.88    2.41
 151573.099    65.830     3.94    2.42
 151949.066    66.644     2.17    2.69
 152325.035    66.926     0.75    4.13
 152701.005    65.568    -3.61    6.49
 153076.976    65.645     0.21    6.72
 153452.950    66.426     2.08    6.65
 153828.925    68.198     4.71    6.62
 154204.901    69.303     2.94    6.87
 154580.880    70.514     3.22    6.33
 154956.859    71.224     1.89    5.67
 155332.841    71.943     1.91    5.65
 155708.824    74.010     5.50    5.75
 156084.809    75.843     4.88    5.34
 156460.795    78.593     7.31    4.80
 156836.784    80.704     5.61    4.69
 157212.773    82.404     4.52    4.71
 157588.765    85.269     7.62    4.24
 157964.758    87.593     6.18    3.36
 158340.753    89.768     5.78    3.95
 158716.749    92.674     7.73    3.87
 159092.747    94.143     3.91    4.44
 159468.747    93.106    -2.76    4.95
 159844.748    89.856    -8.64    5.98
 160220.751    85.645   -11.20    5.70
 160596.756    81.824   -10.16    4.15
 160972.763    78.961    -7.61    2.95
 161348.771    76.926    -5.41    2.56
 161724.780    76.439    -1.30    2.79
 162100.792    76.565     0.34    2.89
 162476.805    77.068     1.34    3.00
 162852.820    78.260     3.17    2.88
 163228.836    78.650     1.04    2.92
 163604.854    79.566     2.44    3.10
 163980.874    80.431     2.30    3.42
 164356.896    81.014     1.55    3.62
 164732.919    81.772     2.02    3.83
 165108.944    82.755     2.61    3.81
 165484.970    84.439     4.48    6.15
 165860.999    86.285     4.91    6.88
 166237.029    85.777    -1.35    8.99
 166613.060    85.025    -2.00   10.35
 166989.094    83.670    -3.60   11.86
 167365.129    75.695   -21.21   16.10
 167741.165    72.593    -8.25   17.70
 168117.204    68.106   -11.93   16.14
 168493.244    64.176   -10.45   11.35
 168869.286    69.303    13.63   11.54
 169245.329    75.849    17.41   11.37
 169621.375    80.468    12.28   11.24
 169997.422    87.214    17.94    8.29
 170373.470    90.198     7.93    7.59
 170749.521    92.701     6.66    9.14
 171125.573    94.875     5.78   10.88
 171501.627    99.787    13.06   10.43
 171877.682   100.465     1.80    9.95
 172253.740    99.875    -1.57   10.81
 172629.799   101.029     3.07   11.31
 173005.859   102.593     4.16   13.40
 173381.922   110.208    20.25   14.36
 173757.986   121.909    31.11   14.99
 174134.052   129.037    18.96   12.94
 174510.119   132.971    10.46   12.05
 174886.189   130.052    -7.76   15.17
 175262.260   123.909   -16.34   15.23
 175638.333   114.772   -24.29   13.67
 176014.407   105.343   -25.07   12.24
 176390.484   101.356   -10.60    9.80
 176766.562   101.029    -0.87   13.44
 177142.642   102.121     2.90   17.01
 177518.723   102.567     1.19   20.99
 177894.806    96.377   -16.46   19.98
 178270.891    94.567    -4.81   16.61
 178646.978    98.311     9.95   13.55
 179023.067   103.435    13.63   14.94
 179399.157   105.751     6.16   11.68
 179775.249   106.362     1.63   11.86
 180151.343   103.439    -7.77   10.60
 180527.439   101.787    -4.39   10.30
 180903.536    98.025   -10.00   13.62
 181279.635    92.323   -15.16   14.75
 181655.736    91.241    -2.87   14.72
 182031.838    95.269    10.71   13.80
 182407.943    97.956     7.15   13.04
 182784.049   104.643    17.78   11.60
 183160.157   109.644    13.30   12.61
 183536.267   115.510    15.60   12.25
 183912.378   114.824    -1.82   12.01
 184288.491   110.782   -10.75   14.98
 184664.606   101.619   -24.36   18.98
 185040.723    94.251   -19.59   13.66
 185416.842    90.439   -10.13   13.04
 185792.962    94.296    10.25   14.08
 186169.084    99.567    14.01   12.87
 186545.208   104.168    12.23   11.28
 186921.334   108.936    12.68    9.64
 187297.461   107.836    -2.92   13.72
 187673.591   100.025   -20.77   21.38
 188049.722    93.566   -17.17   20.12
 188425.855    88.133   -14.44   18.50
 188801.989    86.037    -5.57   17.30
 189178.126    87.768     4.60   16.89
 189554.264    86.772    -2.65   16.37
 189930.404    87.160     1.03   15.34
 190306.546    89.336     5.79   18.09
 190682.690    89.698     0.96   19.41
 191058.835    87.014    -7.14   19.87
 191434.982    86.303    -1.89   19.83
 191811.131    84.926    -3.66   17.53
 192187.282    84.148    -2.07   15.85
 192563.435    88.356    11.19   15.99
 192939.590    91.490     8.33   17.78
 193315.746    93.510     5.37   19.87
 193691.904    92.977    -1.41   19.90
 194068.064    92.890    -0.23   18.96
 194444.226    94.350     3.88   20.49
 194820.390   100.106    15.30   23.11
 195196.555    98.593    -4.02   23.62
 195572.722    98.439    -0.41   21.25
 195948.891    99.106     1.77   19.39
 196325.062   100.241     3.02   17.46
 196701.235   107.193    18.48   19.72
 197077.410   113.567    16.94   19.70
 197453.586   115.849     6.07   16.40
 197829.764   117.593     4.64   15.65
 198205.945   114.413    -8.45   15.83
 198582.127   112.760    -4.40   12.56
 198958.310   116.025     8.68   13.16
 199334.496   114.977    -2.79   13.08
 199710.684   109.279   -15.15   14.43
 200086.873   108.336    -2.50   13.19
 200463.064   109.772     3.82   15.19
 200839.257   109.954     0.48   16.43
 201215.452   116.539    17.50   14.78
 201591.649   116.398    -0.37   13.44
 201967.847   115.751    -1.72   13.06
 202344.048   118.593     7.55   11.42
 202720.250   123.052    11.85   12.48
 203096.454   128.926    15.61   14.50
 203472.660   133.672    12.61   15.20
 203848.868   135.198     4.06   13.73
 204225.078   131.025   -11.09   13.04
 204601.290   125.468   -14.77   13.51
 204977.503   117.269   -21.79   16.87
 205353.718   111.809   -14.51   15.89
 205729.936   109.809    -5.32   13.94
 206106.155   117.707    20.99   17.06
 206482.376   124.234    17.35   14.04
 206858.599   133.439    24.47   15.81
 207234.823   139.421    15.90   18.19
 207611.050   153.755    38.10   21.35
 207987.279   166.755    34.55   16.85
 208363.509   168.409     4.40   19.58
 208739.741   159.018   -24.96   30.85
 209115.975   141.701   -46.03   34.06
 209492.211   123.593   -48.13   28.46
 209868.449   113.303   -27.35   18.63
 210244.689   111.234    -5.50   13.03
 210620.931   117.539    16.76   15.57
 210997.175   122.143    12.24   13.85
 211373.420   126.488    11.55   13.82
 211749.668   129.732     8.62   12.84
 212125.917   135.079    14.21   12.45
 212502.168   141.454    16.94   13.68
 212878.421   146.824    14.27   12.54
 213254.676   146.849     0.07   11.95
 213630.933   144.736    -5.62   14.61
 214007.192   141.645    -8.21   13.55
 214383.453   139.160    -6.60   12.07
 214759.716   138.760    -1.07   11.61
 215135.980   140.772     5.35   11.42
 215512.247   140.303    -1.25   12.72
 215888.515   141.824     4.04   12.82
 216264.786   143.277     3.86   12.54
 216641.058   142.875    -1.07   12.26
 217017.332   144.566     4.49   11.56
 217393.608   145.861     3.44   11.93
 217769.886   147.260     3.72   12.34
 218146.166   149.732     6.57   12.74
 218522.448   150.593     2.29   13.30
 218898.732   153.674     8.19   13.57
 219275.018   156.593     7.76   13.48
 219651.306   159.285     7.16   13.11
 220027.595   161.364     5.53   12.11
 220403.887   162.977     4.29   11.74
 220780.181   165.435     6.53   11.73
 221156.476   169.204    10.02   12.38
 221532.688   172.593     9.01   11.85
 221908.594   176.593    10.64    9.92
 222284.502   180.542    10.50    8.97
 222660.411   181.067     1.40    9.67
 223036.323   180.260    -2.15   10.16
 223412.236   179.620    -1.70   10.68
 223788.151   179.106    -1.37   10.45
 224164.069   179.568     1.23   10.36
 224539.988   177.537    -5.40   10.84
 224915.909   176.187    -3.59   11.00
 225291.832   176.863     1.80   10.03
 225667.758   177.782     2.44   10.99
 226043.685   179.755     5.25   10.35
 226419.614   177.650    -5.60   12.35
 226795.545   172.918   -12.59   14.56
 227171.478   171.198    -4.57   17.78
 227547.413   174.674     9.25   16.91
 227923.350   180.465    15.40   16.58
 228299.289   185.540    13.50   14.04
 228675.229   182.488    -8.12   16.27
 229051.172   176.485   -15.97   17.76
 229427.117   167.670   -23.45   17.52
 229803.064   158.232   -25.11   15.84
 230179.013   150.465   -20.66   16.67
 230554.963   147.918    -6.77   16.99
 230930.916   144.210    -9.86   18.84
 231306.871   138.214   -15.95   18.54
 231682.828   133.647   -12.15   17.42
 232058.786   134.485     2.23   17.06
 232434.747   136.052     4.17   16.89
 232810.710   143.871    20.80   18.11
 233186.674   153.003    24.29   18.08
 233562.641   155.131     5.66   20.05
 233938.610   161.944    18.12   20.56
 234314.580   162.277     0.89   18.76
 234690.553   160.856    -3.78   18.90
 235066.528   158.285    -6.84   23.26
 235442.504   152.971   -14.13   22.76
 235818.483   149.516    -9.19   25.54
 236194.464   138.565   -29.13   27.97
 236570.447   132.029   -17.39   25.83
 236946.431   122.798   -24.55   22.77
 237322.418   119.280    -9.36   22.40
 237698.407   129.067    26.03   26.19
 238074.397   143.106    37.34   26.46
 238450.390   153.987    28.94   24.81
 238826.385   165.289    30.06   22.51
