# NaN NaN NaN ;Mean Elev.(m), Avg Gradient(m/km), RMS Gradient(m/km) - SRTM1     
# NaN NaN NaN ;Mean Elev.(m), Avg Gradient(m/km), RMS Gradient(m/km) - ASTER GDEM
#    4.445   0.140   3.962 ;Mean Elev.(m), Avg Gradient(m/km), RMS Gradient(m/km) - GMTED2010 
  8 309.125524  -0.037710     1.162     1.177  3 52497.05806415 28.690
  9 309.120144  -0.037744     2.501     2.431  3 52532.05805087 25.231
 10 309.127217  -0.038113     1.493     1.468  3 52567.05807369 15.729
 11 309.118244  -0.037970     0.584     0.584  2 52602.05808011 19.438
 12 309.119950  -0.036967     2.729     2.785  3 52637.05804779 21.945
 13 309.121486  -0.038381     1.069     1.090  3 52672.05805108 18.259
 14 309.123569  -0.037998     1.571     1.615  3 52707.05805270 22.249
 15 309.118667  -0.038056     2.599     2.599  2 52742.05808429 40.905
 16 309.125962  -0.037907     2.277     2.012  3 52777.05802618 21.370
 17 309.119673  -0.038740     2.451     2.501  3 52812.05810515 24.354
 18 309.121673  -0.037672     0.999     1.019  3 52847.05815998 28.692
 19 309.120067  -0.039052     1.313     1.381  3 52882.05819630 18.920
 20 309.124680  -0.037369     2.704     2.704  2 52917.05815345 26.092
 21 309.127607  -0.037368     1.500     1.475  3 52952.05811457 17.108
 22 309.130504  -0.038235     1.711     1.797  3 52987.05812976 10.427
 23 309.127289  -0.038458     2.820     2.863  3 53022.05811869 25.153
 24 309.129470  -0.038798     1.010     1.010  2 53057.05811020 52.037
 25 309.115302  -0.039389     1.995     1.971  3 53092.05814798 43.343
 26 309.126110  -0.039010     2.041     2.082  3 53127.05811876 25.454
 27 309.116754  -0.038258     1.509     1.449  3 53162.05818281 21.837
 28 309.124235  -0.038436     2.593     2.593  2 53197.05818167 35.832
 29 309.129606  -0.038451     0.961     1.031  3 53232.05816083 20.966
 30 309.121506  -0.037838     1.290     1.183  3 53267.05813020 18.362
 31 309.113670  -0.037179     2.123     2.139  3 53302.05818403 19.002
 32 309.122319  -0.038476     0.307     0.307  2 53337.05815363 19.740
 33 309.124877  -0.037604     1.637     1.637  2 53372.05808928 16.915
 35 309.123227  -0.038680     2.112     1.990  3 53442.05811183 20.170
 36 309.117214  -0.037253     2.365     2.411  3 53477.05818229 25.958
 37 309.122183  -0.038167     0.918     0.918  2 53512.05819484 53.765
 38 309.117897  -0.038670     1.400     1.473  3 53547.05821245 38.396
 39 309.122500  -0.036894     2.253     2.230  3 53582.05818283 23.966
 40 309.119543  -0.037200     0.567     0.434  3 53617.05813831 21.218
 41 309.123166  -0.037773     0.666     0.666  2 53652.05815516 21.412
 42 309.118808  -0.038642     1.595     1.490  3 53687.05815883 21.146
 43 309.125644  -0.038208     0.858     0.960  3 53722.05808429 18.414
 44 309.130225  -0.037647     2.101     2.189  3 53757.05801645 19.478
 45 309.127060  -0.038493     1.708     1.708  2 53792.05804140 23.307
 46 309.127653  -0.038794     1.751     1.758  3 53827.05800600 28.808
 47 309.119333  -0.037542     2.762     2.762  2 53862.05809424 40.401
 48 309.123724  -0.038522     0.734     0.734  2 53897.05811521 28.459
 49 309.113103  -0.039837     1.734     1.763  3 53932.05816469 51.531
 50 309.116530  -0.037925     1.511     1.536  3 53967.05813954 25.658
 51 309.125615  -0.038401     1.062     1.050  3 54002.05810330 18.870
 52 309.125480  -0.037748     1.445     1.445  2 54037.05814210 17.191
 53 309.124551  -0.038852     1.850     1.812  3 54072.05813583 22.796
 54 309.121690  -0.037256     0.947     0.967  3 54107.05808650 26.321
 55 309.122209  -0.036970     1.979     1.973  3 54142.05807112 27.983
 56 309.122271  -0.038847     0.782     0.760  3 54177.05806833 24.659
 57 309.121406  -0.037254     1.628     1.619  3 54212.05807782 34.881
 58 309.121990  -0.037023     2.251     2.243  3 54247.05810771 18.793
 60 309.124415  -0.037279     1.733     1.830  3 54317.05811539 36.258
 61 309.123424  -0.038228     1.148     1.148  2 54352.05808156 19.885
 62 309.123844  -0.037216     0.768     0.768  2 54387.05805481 18.893
 63 309.122714  -0.038873     1.897     1.890  3 54422.05803100 18.731
 64 309.123998  -0.038209     1.080     1.080  2 54457.05802802 17.812
 65 309.123684  -0.037018     2.143     1.916  3 54492.05803365 18.364
 66 309.124924  -0.037976     2.627     2.627  2 54527.05804069 43.951
 67 309.122432  -0.037570     0.393     0.393  2 54562.05804176 40.861
 68 309.122517  -0.037893     2.101     2.056  3 54597.05803715 34.045
 69 309.121448  -0.037197     1.359     1.287  3 54632.05805049 23.613
 70 309.121404  -0.038565     1.002     1.037  3 54667.05805592 21.769
 71 309.124387  -0.038374     1.970     1.900  3 54702.05802328 24.648
 72 309.122947  -0.038173     0.726     0.734  3 54737.05801669 19.263
 73 309.124204  -0.038017     0.759     0.725  3 54772.05800362 21.278
 74 309.121975  -0.038139     2.118     2.118  2 54807.05800979 16.489
 75 309.123225  -0.037563     1.061     0.967  3 54842.05800062 17.723
 76 309.121627  -0.037540     2.004     2.004  2 54877.05801200 18.350
 77 309.121466  -0.038535     2.339     2.362  3 54912.05800482 18.289
 78 309.121083  -0.038404     1.242     1.303  3 54947.05800467 38.887
 79 309.121409  -0.038763     2.468     2.451  3 54982.05803063 29.582
 80 309.122951  -0.037752     1.516     1.525  3 55017.05803011 17.264
 81 309.123828  -0.037870     1.350     1.371  3 55052.05802528 18.691
 82 309.122095  -0.037433     2.164     2.164  2 55087.05798943 17.135
 83 309.124105  -0.037044     0.569     0.566  3 55122.05796001 32.939
 84 309.121893  -0.037967     1.217     1.109  3 55157.05794909 16.906
 85 309.122417  -0.038478     2.529     2.559  3 55192.05794960 19.827
 86 309.121905  -0.037260     1.563     1.262  3 55227.05795050 20.059
 87 309.123852  -0.038437     2.093     2.093  2 55262.05794460 20.635
 89 309.120751  -0.036925     1.782     1.549  3 55332.05792570 18.706
 90 309.123287  -0.037425     2.489     2.452  3 55367.05791754 29.372
 91 309.123016  -0.038032     0.444     0.444  2 55402.05793143 43.478
 92 309.124537  -0.038238     1.178     1.225  3 55437.05793515 33.396
 93 309.123516  -0.037741     2.393     2.359  3 55472.05788530 21.946
