# NaN NaN NaN ;Mean Elev.(m), Avg Gradient(m/km), RMS Gradient(m/km) - SRTM1     
#   49.269   0.506  11.573 ;Mean Elev.(m), Avg Gradient(m/km), RMS Gradient(m/km) - ASTER GDEM
#   52.000  -0.461  10.473 ;Mean Elev.(m), Avg Gradient(m/km), RMS Gradient(m/km) - GMTED2010 
  7 291.190087  -3.450869    55.231    55.199  3 52466.10930779 30.999
  8 291.189668  -3.451378    56.926    56.933  4 52501.10930131 46.446
  9 291.188977  -3.450716    52.536    52.461  4 52536.10928802 22.611
 11 291.191207  -3.451131    57.288    57.314  4 52606.10928903 47.027
 12 291.188785  -3.450252    57.891    58.008  3 52641.10928102 46.787
 13 291.191271  -3.450542    57.027    57.089  4 52676.10927095 47.264
 14 291.189074  -3.451152    58.526    58.556  3 52711.10929659 46.607
 15 291.181711  -3.449849    58.903    59.050  4 52746.10932416 47.254
 16 291.188623  -3.450194    59.551    59.600  4 52781.10926214 48.957
 17 291.187789  -3.451635    59.775    59.778  4 52816.10934280 49.213
 18 291.190696  -3.450365    56.140    56.090  3 52851.10939438 46.729
 19 291.186567  -3.452013    53.215    53.201  4 52886.10942872 46.650
 20 291.190069  -3.450791    52.490    52.516  3 52921.10938442 38.558
 21 291.196193  -3.450995    54.513    54.326  3 52956.10934867 36.438
 22 291.196509  -3.450729    55.506    55.542  3 52991.10936498 47.818
 23 291.198723  -3.449169    58.036    58.063  3 53026.10933182 33.692
 24 291.198014  -3.450580    54.218    54.143  3 53061.10934157 18.123
 25 291.183584  -3.449822    56.774    56.641  4 53096.10937093 30.028
 26 291.197730  -3.449478    57.956    57.931  4 53131.10934357 38.211
 28 291.189575  -3.450655    57.281    57.632  3 53201.10941881 45.155
 29 291.197533  -3.449592    53.855    53.992  3 53236.10938794 48.194
 30 291.192305  -3.451155    53.676    53.730  4 53271.10934798 46.910
 31 291.183815  -3.449799    53.917    53.975  4 53306.10941189 51.546
 32 291.189466  -3.450303    56.580    56.433  4 53341.10937933 35.008
 33 291.193506  -3.451471    56.970    57.249  3 53376.10930880 44.406
 34 291.193855  -3.450710    54.711    54.635  4 53411.10935405 32.561
 35 291.190547  -3.450930    57.990    58.085  3 53446.10933599 18.052
 36 291.184217  -3.452068    59.045    59.055  4 53481.10942078 44.271
 37 291.190404  -3.450635    58.568    58.596  4 53516.10942546 25.834
 38 291.184209  -3.450767    56.044    56.123  4 53551.10944565 49.136
 39 291.192966  -3.450525    51.946    51.980  4 53586.10940225 39.947
 40 291.184334  -3.450724    48.000    48.137  3 53621.10936369 39.546
 41 291.189150  -3.451204    48.040    48.019  4 53656.10939188 33.948
 42 291.188313  -3.451111    55.384    55.206  3 53691.10938108 11.575
 43 291.192599  -3.450717    53.528    53.509  4 53726.10930494 43.338
 44 291.198267  -3.450914    55.720    55.755  3 53761.10925404 21.656
 45 291.193752  -3.449684    58.234    58.426  3 53796.10926933 44.408
 47 291.188047  -3.450516    59.755    59.707  4 53866.10932671 43.132
 49 291.180244  -3.451516    53.517    53.539  4 53936.10939555 41.866
 50 291.186142  -3.452130    50.803    50.803  4 53971.10936192 49.502
 52 291.194728  -3.451000    52.064    52.095  4 54041.10937047 32.734
 53 291.191184  -3.451180    55.401    55.343  3 54076.10936442 42.672
 54 291.189354  -3.451033    58.435    58.422  3 54111.10930649 39.335
 55 291.190545  -3.451636    58.945    58.886  4 54146.10930552 28.330
 56 291.189702  -3.450850    57.599    57.709  3 54181.10929312 36.395
 57 291.189692  -3.451267    58.841    58.726  3 54216.10931339 25.748
 58 291.189468  -3.450474    59.237    59.236  3 54251.10934075 44.887
 59 291.191873  -3.451237    55.795    55.738  4 54286.10934656 35.638
 60 291.192024  -3.450521    52.512    52.543  3 54321.10934331 38.293
 61 291.191411  -3.450723    49.582    49.710  3 54356.10930426 30.770
 62 291.191746  -3.451785    50.357    50.360  3 54391.10928374 46.251
 63 291.191488  -3.451492    55.846    55.832  3 54426.10925390 44.015
 64 291.191978  -3.451383    56.046    56.062  4 54461.10926058 49.211
 65 291.191784  -3.450772    57.946    57.962  4 54496.10926075 23.537
 66 291.192832  -3.450530    58.502    58.496  4 54531.10927359 19.790
 67 291.190634  -3.450973    59.575    59.549  3 54566.10926662 48.618
 68 291.190241  -3.450465    59.444    59.423  3 54601.10926974 48.343
 69 291.189267  -3.450609    56.777    56.820  4 54636.10928128 43.157
 70 291.189482  -3.450611    54.345    54.158  3 54671.10928510 29.196
 71 291.191934  -3.450321    50.441    50.405  3 54706.10924641 37.675
 72 291.191116  -3.451173    52.488    52.453  4 54741.10924916 37.137
 73 291.192432  -3.451498    53.240    53.263  4 54776.10922673 44.240
 74 291.191307  -3.451773    55.825    55.836  3 54811.10924203 37.037
 75 291.190732  -3.451323    55.578    55.660  4 54846.10922703 41.542
 76 291.189642  -3.450522    59.330    59.551  3 54881.10924571 40.996
 77 291.188526  -3.450919    60.276    60.382  3 54916.10922990 47.270
 78 291.189393  -3.451128    60.042    60.009  3 54951.10923923 26.546
 79 291.188268  -3.451027    59.802    59.755  3 54986.10926409 26.843
 80 291.192168  -3.450342    58.528    58.492  4 55021.10925653 45.543
 81 291.191487  -3.451484    54.579    54.524  4 55056.10925370 45.409
 82 291.189873  -3.451298    50.443    50.274  4 55091.10921186 21.151
 83 291.191379  -3.450474    52.841    52.824  4 55126.10919236 37.653
 85 291.190513  -3.450169    57.748    57.768  3 55196.10918339 29.045
 86 291.189615  -3.450750    55.702    55.709  4 55231.10917599 15.498
 87 291.191629  -3.451735    56.660    56.628  3 55266.10917749 28.331
 88 291.191421  -3.451240    58.303    58.307  4 55301.10915751 22.044
 89 291.190158  -3.451714    59.017    59.114  3 55336.10915410 50.238
 90 291.191633  -3.451014    56.624    56.526  4 55371.10914392 26.211
 91 291.192203  -3.450770    53.325    53.297  3 55406.10916292 35.650
 92 291.191310  -3.450273    47.938    47.940  3 55441.10916328 38.166
 93 291.191763  -3.451204    47.202    47.110  4 55476.10910587 30.294
