-159286.585   649.106     0.00   40.11
-158910.438   646.250    -7.59   46.12
-158534.291   648.045     4.77   46.03
-158158.143   625.162   -60.83   60.51
-157781.995   584.656  -107.69   66.77
-157405.846   536.162  -128.92   62.54
-157029.697   512.980   -61.63   50.27
-156653.548   526.542    36.05   67.21
-156277.397   554.096    73.25   69.18
-155901.247   567.992    36.94   51.02
-155525.095   568.519     1.40   55.12
-155148.944   540.523   -74.43   60.43
-154772.792   525.952   -38.74   51.04
-154396.639   515.088   -28.88   44.39
-154020.486   493.260   -58.03   48.36
-153644.332   479.334   -37.02   49.75
-153268.177   459.019   -54.01   47.51
-152892.023   429.413   -78.71   27.65
-152515.867   417.388   -31.97   23.22
-152139.711   412.029   -14.25   16.52
-151763.555   409.606    -6.44   11.49
-151387.398   415.575    15.87   16.50
-151011.241   435.872    53.96   37.94
-150635.083   460.007    64.16   65.67
-150258.924   501.521   110.36   89.02
-149882.765   539.497   100.96   97.28
-149506.605   581.190   110.84  111.85
-149130.445   626.571   120.64  115.22
-148754.285   650.717    64.19   97.87
-148378.123   673.952    61.77   91.88
-148001.962   688.887    39.70   87.74
-147625.799   697.624    23.23   87.40
-147249.636   701.203     9.51   90.64
-146873.473   716.927    41.80   83.36
-146497.309   723.034    16.24   76.79
-146121.145   730.808    20.67   60.83
-145744.979   734.590    10.05   45.83
-145368.814   713.325   -56.53   65.16
-144992.648   690.061   -61.84   72.21
-144616.481   642.980  -125.16   75.58
-144240.314   590.278  -140.10   76.19
-143864.146   538.494  -137.66   72.87
-143487.977   499.245  -104.34   51.07
-143111.808   484.106   -40.24   37.68
-142735.639   486.466     6.27   46.07
-142359.469   498.007    30.68   58.37
-141983.298   508.619    28.21   69.44
-141607.127   518.491    26.24   76.69
-141230.955   493.004   -67.75   67.17
-140854.782   470.007   -61.13   54.51
-140478.609   453.722   -43.29   41.59
-140102.436   445.523   -21.79   46.43
-139726.262   455.782    27.27   64.77
-139350.087   446.650   -24.27   70.64
-138973.960   443.877    -7.37   68.21
-138597.907   437.773   -16.23   80.67
-138221.853   429.656   -21.58   80.93
-137845.798   421.384   -22.00   82.94
-137469.742   392.818   -75.96   72.04
-137093.686   363.245   -78.64   56.07
-136717.630   356.492   -17.96   45.59
-136341.573   370.645    37.63   74.77
-135965.515   410.467   105.89   89.97
-135589.456   447.260    97.84   89.93
-135213.398   469.337    58.71   94.71
-134837.338   455.978   -35.52   95.21
-134461.278   425.926   -79.91   96.73
-134085.217   395.594   -80.66   95.64
-133709.156   356.088  -105.05   80.90
-133333.094   318.953   -98.75   78.82
-132957.031   303.953   -39.89   86.25
-132580.968   285.240   -49.76   97.38
-132204.904   270.850   -38.26   97.76
-131828.839   245.824   -66.55   84.23
-131452.774   216.634   -77.62   59.14
-131076.709   188.124   -75.81   42.66
-130700.642   167.801   -54.04   27.52
-130324.575   187.203    51.59   58.20
-129948.508   239.388   138.77  108.88
-129572.440   310.521   189.15  108.58
-129196.371   356.729   122.87   77.11
-128820.301   385.887    77.53   71.82
-128444.231   388.850     7.88   66.55
-128068.160   378.764   -26.82   61.68
-127692.089   365.414   -35.50   61.04
-127316.017   338.901   -70.50   61.89
-126939.945   310.629   -75.18   60.23
-126563.871   268.223  -112.76   53.95
-126187.797   245.467   -60.51   39.68
-125811.723   244.132    -3.55   41.04
-125435.648   242.876    -3.34   42.47
-125059.572   233.697   -24.41   39.52
-124683.495   231.440    -6.00   38.19
-124307.418   222.953   -22.57   34.50
-123931.340   205.134   -47.38   39.39
-123555.262   192.334   -34.03   40.46
-123179.183   188.966    -8.96   42.21
-122803.103   196.124    19.03   47.57
-122427.023   213.413    45.97   42.44
-122050.942   221.640    21.87   36.06
-121674.860   227.940    16.75   28.12
-121298.777   226.765    -3.12   26.99
-120922.694   224.799    -5.23   21.32
-120546.611   225.134     0.89   16.74
-120170.526   223.061    -5.51   17.02
-119794.441   218.899   -11.07   20.29
-119418.356   217.683    -3.23   24.06
-119042.269   215.340    -6.23   24.25
-118666.182   211.872    -9.22   23.51
-118290.094   203.515   -22.22   22.76
-117914.006   189.183   -38.11   23.15
-117537.917   177.250   -31.73   20.89
-117161.827   168.387   -23.57   16.30
-116785.736   164.465   -10.43   12.12
-116409.645   164.492     0.07    8.78
-116033.553   167.412     7.76    7.71
-115657.461   170.517     8.26    7.93
-115281.368   171.967     3.86    7.83
-114905.274   172.055     0.23   11.92
-114529.179   171.927    -0.34   15.25
-114153.084   169.263    -7.08   17.76
-113776.988   161.629   -20.30   20.18
-113400.891   147.061   -38.73   17.26
-113024.794   135.887   -29.71   12.73
-112648.696   128.571   -19.45   10.25
-112272.597   124.967    -9.58   10.39
-111896.497   123.260    -4.54   10.30
-111520.397   123.542     0.75   10.92
-111144.296   122.124    -3.77    7.89
-110768.195   122.278     0.41    8.40
-110392.092   122.045    -0.62    8.44
-110015.989   120.722    -3.52    6.88
-109639.885   119.773    -2.52    4.43
-109263.781   119.799     0.07    3.63
-108887.676   122.079     6.06    4.85
-108511.570   125.598     9.36    6.19
-108135.463   131.004    14.37    9.02
-107759.356   135.377    11.63    9.56
-107383.248   140.098    12.55   11.28
-107007.139   145.834    15.25   14.73
-106631.029   154.845    23.96   22.57
-106254.919   170.286    41.05   24.57
-105878.808   183.413    34.90   20.84
-105502.696   189.414    15.96   13.08
-105126.584   189.619     0.55    7.29
-104750.470   184.571   -13.42    7.61
-104374.356   180.088   -11.92    6.69
-103998.242   176.517    -9.50    5.51
-103622.126   175.414    -2.93    5.89
-103246.010   174.273    -3.03    6.34
-102869.893   174.142    -0.35    6.92
-102493.775   172.250    -5.03    7.65
-102117.657   169.305    -7.83    8.28
-101741.538   165.872    -9.13    6.30
-101365.418   163.315    -6.80    5.10
-100989.297   162.619    -1.85    6.94
-100613.176   162.747     0.34    7.41
-100237.054   162.856     0.29    7.37
 -99860.931   161.414    -3.83    6.98
 -99484.807   161.548     0.36    5.65
 -99108.682   161.824     0.74    4.94
 -98732.557   161.755    -0.18    5.16
 -98356.431   164.755     7.98    6.50
 -97980.304   172.980    21.87   14.29
 -97604.177   184.850    31.56   22.41
 -97228.048   204.090    51.15   35.23
 -96851.919   227.329    61.78   32.97
 -96475.789   232.521    13.80   34.84
 -96099.659   221.629   -28.96   42.78
 -95723.527   202.278   -51.45   44.08
 -95347.395   178.305   -63.74   29.94
 -94971.262   164.240   -37.39   13.66
 -94595.128   158.765   -14.56   11.32
 -94218.994   156.029    -7.27   11.40
 -93842.859   151.818   -11.20    7.16
 -93466.722   148.235    -9.53    5.46
 -93090.586   145.703    -6.73    3.38
 -92714.448   144.308    -3.71    3.00
 -92338.309   144.545     0.63    3.94
 -91962.170   144.876     0.88    5.00
 -91586.030   145.079     0.54    5.43
 -91209.889   143.887    -3.17    6.23
 -90833.747   140.850    -8.07    5.34
 -90457.605   139.925    -2.46    4.58
 -90081.462   139.645    -0.75    4.85
 -89705.318   139.872     0.60    4.73
 -89329.173   138.115    -4.67    5.15
 -88953.027   135.034    -8.19    5.42
 -88576.880   134.162    -2.32    4.31
 -88200.733   135.055     2.37    5.80
 -87824.585   138.290     8.60    7.03
 -87448.436   140.872     6.87    6.17
 -87072.286   142.115     3.30    5.01
 -86696.136   141.834    -0.75    4.51
 -86319.984   140.901    -2.48    3.83
 -85943.832   140.602    -0.80    4.25
 -85567.679   140.337    -0.70    3.56
 -85191.525   138.967    -3.64    4.05
 -84815.370   137.710    -3.34    4.89
 -84439.215   136.019    -4.50    4.96
 -84063.059   135.954    -0.17    4.41
 -83686.901   135.440    -1.37    3.32
 -83310.743   135.235    -0.55    3.21
 -82934.584   135.745     1.36    3.49
 -82558.425   136.440     1.85    3.24
 -82182.264   137.899     3.88    3.99
 -81806.103   139.492     4.24    5.25
 -81429.941   139.490    -0.01    5.92
 -81053.778   138.061    -3.80    6.37
 -80677.614   135.055    -7.99    5.79
 -80301.449   133.650    -3.73    4.33
 -79925.283   133.229    -1.12    4.71
 -79549.117   133.034    -0.52    4.84
 -79172.950   133.215     0.48    4.82
 -78796.781   132.624    -1.57    4.32
 -78420.612   133.088     1.23    3.85
 -78044.443   132.818    -0.72    4.77
 -77668.272   132.840     0.06    5.75
 -77292.100   134.491     4.39    5.79
 -76915.928   134.363    -0.34    5.57
 -76539.755   131.983    -6.33    6.75
 -76163.580   127.494   -11.93    7.15
 -75787.405   123.737    -9.99    5.90
 -75411.229   121.764    -5.24    4.04
 -75035.053   121.209    -1.48    3.39
 -74658.875   122.278     2.84    4.77
 -74282.696   124.260     5.27    6.65
 -73906.517   128.045    10.06    6.93
 -73530.337   132.311    11.34    7.51
 -73154.156   137.034    12.55    7.89
 -72777.974   138.537     4.00    6.71
 -72401.791   138.106    -1.15    7.30
 -72025.607   134.217   -10.34   10.29
 -71649.422   127.115   -18.88   12.41
 -71273.237   118.169   -23.78   11.55
 -70897.050   110.548   -20.26   12.16
 -70520.863   104.491   -16.10   12.81
 -70144.675    98.675   -15.46   11.16
 -69768.486    93.850   -12.83   10.25
 -69392.295    91.308    -6.76   10.01
 -69016.105    90.467    -2.23   13.49
 -68639.913    94.901    11.79   16.67
 -68263.720   102.791    20.97   19.50
 -67887.526   108.440    15.02   17.64
 -67511.332   111.624     8.46   14.17
 -67135.136   112.901     3.40   11.78
 -66758.940   108.926   -10.57   11.65
 -66382.743   107.568    -3.61   11.30
 -66006.545   104.040    -9.38   12.08
 -65630.346    96.856   -19.09   11.59
 -65254.146    92.034   -12.82    9.27
 -64877.945    85.953   -16.16    5.69
 -64501.743    82.278    -9.77    5.44
 -64125.540    82.061    -0.57    5.72
 -63749.478    82.554     1.31    6.55
 -63373.461    86.040     9.27    8.06
 -62997.443    90.203    11.07    7.46
 -62621.423    93.683     9.26    7.97
 -62245.403    99.747    16.13   11.34
 -61869.382   101.940     5.83   12.87
 -61493.360   102.887     2.52   12.67
 -61117.337    98.818   -10.82   17.36
 -60741.314    91.311   -19.96   18.41
 -60365.289    86.301   -13.33   18.18
 -59989.263    78.824   -19.88   19.96
 -59613.236    72.235   -17.52   23.28
 -59237.209    64.752   -19.90   23.71
 -58861.180    58.872   -15.64   23.55
 -58485.151    48.791   -26.81   17.29
 -58109.120    41.223   -20.12    7.43
 -57733.089    38.602    -6.97    4.55
 -57357.057    37.023    -4.20    4.57
 -56981.023    34.677    -6.24    4.92
 -56604.989    33.568    -2.95    5.41
 -56228.954    30.992    -6.85    4.57
 -55852.918    30.019    -2.59    2.76
 -55476.881    30.568     1.46    3.23
 -55100.843    32.029     3.89    4.39
 -54724.804    33.980     5.19    4.82
 -54348.764    35.106     2.99    4.98
 -53972.723    34.051    -2.81    5.70
 -53596.681    32.517    -4.08    5.62
 -53220.638    29.571    -7.83    4.50
 -52844.594    27.440    -5.67    3.93
 -52468.549    25.722    -4.57    4.60
 -52092.504    24.019    -4.53    3.65
 -51716.457    24.332     0.83    2.33
 -51340.409    25.850     4.04    4.18
 -50964.360    27.523     4.45    5.45
 -50588.311    29.183     4.41    6.30
 -50212.260    29.229     0.12    6.61
 -49836.208    26.629    -6.91    6.37
 -49460.156    23.183    -9.16    6.45
 -49084.102    19.029   -11.05    5.33
 -48708.047    15.722    -8.80    3.87
 -48331.992    13.856    -4.96    2.56
 -47955.935    13.229    -1.67    2.52
 -47579.878    14.088     2.28    3.01
 -47203.819    14.980     2.37    3.24
 -46827.760    16.494     4.02    3.52
 -46451.699    19.065     6.84    3.83
 -46075.637    22.440     8.97    5.93
 -45699.575    26.465    10.70    6.23
 -45323.511    31.801    14.19    7.46
 -44947.447    41.183    24.95   14.31
 -44571.381    64.356    61.62   49.13
 -44195.315   104.055   105.56   78.51
 -43819.247   150.158   122.59   85.13
 -43443.178   184.575    91.52   71.07
 -43067.109   200.940    43.52   50.99
 -42691.038   196.311   -12.31   45.31
 -42314.967   166.890   -78.23   44.46
 -41938.894   135.332   -83.91   27.29
 -41562.820   118.824   -43.89   19.98
 -41186.746   104.650   -37.69   15.28
 -40810.670    91.386   -35.27   17.89
 -40434.593    75.278   -42.83   22.06
 -40058.515    61.097   -37.71   19.78
 -39682.436    45.645   -41.09   15.51
 -39306.357    34.615   -29.33   14.10
 -38930.276    26.629   -21.23   13.21
 -38554.194    17.722   -23.68   12.25
 -38178.111    10.579   -18.99    8.81
 -37802.027     6.334   -11.29    6.31
 -37425.942     3.824    -6.67    3.10
 -37049.856     3.677    -0.39    2.57
 -36673.769     4.995     3.51    3.80
 -36297.681     8.992    10.63    6.66
 -35921.592    14.515    14.68    8.72
 -35545.501    19.662    13.69    7.38
 -35169.410    22.004     6.23    5.52
 -34793.318    22.677     1.79    3.44
 -34417.224    21.548    -3.00    2.91
 -34041.130    20.278    -3.38    2.69
 -33665.035    18.912    -3.63    2.59
 -33288.938    16.722    -5.82    3.95
 -32912.840    12.990    -9.92    5.65
 -32536.742     9.548    -9.15    5.85
 -32160.642     6.665    -7.67    4.31
 -31784.541     5.255    -3.75    3.59
 -31408.439     4.913    -0.91    3.64
 -31032.337     4.872    -0.11    3.67
 -30656.233     5.311     1.17    3.60
 -30280.128     5.142    -0.45    3.00
 -29904.021     5.773     1.68    2.82
 -29527.914     6.440     1.77    2.74
 -29151.806     6.023    -1.11    2.59
 -28775.697     5.311    -1.89    2.56
 -28399.586     4.824    -1.30    2.57
 -28023.475     3.940    -2.35    1.98
 -27647.362     3.683    -0.68    2.10
 -27271.249     3.250    -1.15    1.71
 -26895.134     3.386     0.36    1.45
 -26519.018     3.515     0.34    1.05
 -26142.901     3.602     0.23    1.09
 -25766.783     3.440    -0.43    1.16
 -25390.664     3.308    -0.35    1.34
 -25014.544     3.229    -0.21    1.58
 -24638.422     3.142    -0.23    1.79
 -24262.300     3.260     0.31    1.85
 -23886.177     3.624     0.97    1.64
 -23510.052     3.662     0.10    1.48
 -23133.926     3.386    -0.73    1.35
 -22757.799     3.162    -0.59    1.72
 -22381.672     2.773    -1.03    2.08
 -22005.543     2.363    -1.09    2.12
 -21629.412     2.346    -0.04    2.23
 -21253.281     1.791    -1.48    2.21
 -20877.149     1.332    -1.22    2.13
 -20501.015     0.467    -2.30    1.92
 -20124.881     0.004    -1.23    1.57
 -19748.745    -0.271    -0.73    1.29
 -19372.608    -0.458    -0.50    0.64
 -18996.471    -0.560    -0.27    0.00
 -18620.331    -0.560     0.00    0.00
 -18244.191    -0.560     0.00    0.00
 -17868.050    -0.560     0.00    0.00
 -17491.908    -0.560     0.00    0.00
 -17115.764    -0.560     0.00    0.00
 -16739.619    -0.560     0.00    0.00
 -16363.474    -0.560     0.00    0.00
 -15987.327    -0.560     0.00    0.00
 -15611.179     0.414     2.59    1.98
 -15235.029     1.712     3.45    2.45
 -14858.879     2.927     3.23    2.08
 -14482.727     4.098     3.11    1.15
 -14106.575     3.329    -2.04    2.14
 -13730.421     2.209    -2.98    2.57
 -13354.266     1.007    -3.19    2.50
 -12978.110    -0.073    -2.87    1.47
 -12601.953    -0.560    -1.30    0.00
 -12225.794    -0.560     0.00    0.00
 -11849.635    -0.560     0.00    0.00
 -11473.474    -0.560     0.00    0.00
 -11097.312    -0.560     0.00    0.00
 -10721.149    -0.560     0.00    0.00
 -10344.985    -0.560     0.00    0.00
  -9968.820    -0.560     0.00    0.00
  -9592.653    -0.560     0.00    0.00
  -9216.486    -0.560     0.00    0.00
  -8840.317    -0.360     0.53    0.83
  -8464.147     0.340     1.86    1.50
  -8087.976     1.150     2.15    1.86
  -7711.803     1.440     0.77    2.93
  -7335.630     1.645     0.55    2.87
  -6959.455     1.229    -1.10    2.91
  -6583.279     1.098    -0.35    2.83
  -6207.102     2.278     3.14    2.20
  -5830.924     2.773     1.32    2.16
  -5454.745     3.495     1.92    1.72
  -5078.564     4.308     2.16    2.13
  -4702.383     4.215    -0.25    1.85
  -4326.200     3.868    -0.92    1.93
  -3950.015     4.098     0.61    2.16
  -3573.830     4.683     1.56    2.51
  -3197.644     5.034     0.93    2.35
  -2821.456     4.575    -1.22    3.30
  -2445.267     3.190    -3.68    3.88
  -2069.077     1.594    -4.24    3.34
  -1692.886     0.132    -3.89    2.26
  -1316.693    -0.560    -1.84    0.00
   -940.499    -0.560     0.00    0.00
   -564.305    -0.560     0.00    0.00
   -188.108    -0.560     0.00    0.00
    188.089    -0.560     0.00    0.00
    564.287    -0.560     0.00    0.00
    940.487    -0.366     0.52    0.89
   1316.688    -0.074     0.78    1.22
   1692.890    -0.060     0.04    1.20
   2069.094     0.377     1.16    1.52
   2445.298     0.465     0.23    1.65
   2821.504     0.466     0.00    1.76
   3197.711     0.606     0.37    1.89
   3573.919     1.359     2.00    2.69
   3950.129     1.773     1.10    2.69
   4326.339     2.045     0.72    2.14
   4702.551     2.365     0.85    1.79
   5078.764     2.332    -0.09    1.68
   5454.979     2.209    -0.33    1.78
   5831.194     1.940    -0.72    1.69
   6207.411     2.492     1.47    2.46
   6583.629     4.034     4.10    4.90
   6959.849     8.515    11.91    9.93
   7336.069    17.196    23.08   17.42
   7712.291    27.386    27.08   19.99
   8088.514    36.359    23.85   19.38
   8464.738    36.868     1.35   19.52
   8840.964    32.824   -10.75   18.89
   9217.191    29.670    -8.38   15.44
   9593.419    31.051     3.67   16.17
   9969.648    40.440    24.96   17.29
  10345.879    48.134    20.45   17.52
  10722.110    55.650    19.98   18.06
  11098.313    62.790    18.98   13.26
  11474.291    64.872     5.54    8.68
  11850.270    58.255   -17.60   12.84
  12226.251    51.913   -16.87   13.46
  12602.232    48.568    -8.90   12.27
  12978.216    48.683     0.31   12.05
  13354.200    52.029     8.90   13.10
  13730.186    62.158    26.94   19.02
  14106.172    70.872    23.18   21.97
  14482.161    83.899    34.65   24.22
  14858.150    98.548    38.96   28.15
  15234.141   108.081    25.35   32.83
  15610.133   125.952    47.53   34.29
  15986.126   134.697    23.26   29.57
  16362.121   147.260    33.41   26.17
  16738.116   155.683    22.40   19.81
  17114.113   160.829    13.69   15.64
  17490.112   166.834    15.97    9.15
  17866.112   167.071     0.63    6.41
  18242.112   162.055   -13.34    9.32
  18618.115   158.334    -9.90    9.94
  18994.118   155.165    -8.43    8.54
  19370.123   153.995    -3.11    8.23
  19746.129   156.715     7.23    8.65
  20122.137   161.465    12.63    7.17
  20498.145   163.606     5.69    6.37
  20874.155   163.602    -0.01    6.13
  21250.167   160.845    -7.33    7.37
  21626.179   157.548    -8.77    8.19
  22002.193   155.286    -6.02    9.51
  22378.208   154.061    -3.26   10.25
  22754.225   154.615     1.47   11.24
  23130.243   156.808     5.83   12.01
  23506.262   160.899    10.88   10.93
  23882.282   163.019     5.64    9.32
  24258.304   164.158     3.03    8.10
  24634.327   164.519     0.96    8.10
  25010.352   164.690     0.45    8.44
  25386.377   165.773     2.88    7.54
  25762.404   167.440     4.43    5.94
  26138.433   167.965     1.40    6.78
  26514.462   168.670     1.88    7.48
  26890.493   171.125     6.53    7.55
  27266.526   172.359     3.28    7.44
  27642.559   171.521    -2.23    7.86
  28018.594   171.177    -0.92    7.82
  28394.631   169.952    -3.26    8.14
  28770.668   168.717    -3.28    8.37
  29146.707   166.365    -6.26    8.07
  29522.748   162.799    -9.48   10.30
  29898.789   160.571    -5.92   10.83
  30274.832   155.088   -14.58   11.65
  30650.877   147.045   -21.39   13.56
  31026.922   139.440   -20.22   12.11
  31402.969   132.301   -18.98   11.98
  31779.018   126.286   -16.00   11.87
  32155.068   117.579   -23.15   16.21
  32531.119   109.282   -22.06   18.36
  32907.171    97.158   -32.24   17.92
  33283.225    82.502   -38.97   15.13
  33659.280    73.980   -22.66   14.24
  34035.336    71.308    -7.11   11.81
  34411.394    72.953     4.37   17.42
  34787.454    79.824    18.27   22.38
  35163.514    87.305    19.89   22.75
  35539.576    98.645    30.16   24.43
  35915.639   109.235    28.16   24.61
  36291.704   116.106    18.27   21.88
  36667.770   118.656     6.78   21.93
  37043.838   107.696   -29.14   21.88
  37419.906    94.619   -34.77   19.88
  37795.977    82.440   -32.39   11.36
  38172.048    82.677     0.63   11.35
  38548.121    88.899    16.55   14.26
  38924.195    94.899    15.95   13.61
  39300.271    97.568     7.10   10.84
  39676.348    99.815     5.97    7.16
  40052.427   108.440    22.93   11.98
  40428.506   118.183    25.91   18.74
  40804.588   135.967    47.29   25.80
  41180.670   160.055    64.05   27.36
  41556.754   173.791    36.52   18.33
  41932.840   176.594     7.45   13.35
  42308.926   170.887   -15.17   16.44
  42685.015   161.440   -25.12   17.87
  43061.104   147.764   -36.36   23.18
  43437.195   134.209   -36.04   24.15
  43813.288   123.542   -28.36   21.24
  44189.381   112.829   -28.49   18.29
  44565.477   108.791   -10.74   17.05
  44941.573    99.088   -25.80   19.12
  45317.671    92.061   -18.68   21.48
  45693.771    83.710   -22.21   17.14
  46069.871    81.087    -6.97   16.43
  46445.974    84.081     7.96   19.87
  46822.077    91.004    18.41   21.38
  47198.182    94.606     9.58   21.25
  47574.289    91.158    -9.17   19.39
  47950.397    90.845    -0.83   17.88
  48326.506   100.913    26.77   24.21
  48702.617   106.282    14.27   23.91
  49078.729   108.876     6.90   21.50
  49454.843   103.386   -14.60   21.38
  49830.958    93.808   -25.46   20.56
  50207.074    89.890   -10.42   21.51
  50583.192    76.079   -36.72   23.95
  50959.312    60.466   -41.51   26.18
  51335.432    47.548   -34.35   25.16
  51711.555    36.953   -28.17   17.84
  52087.678    31.142   -15.45    7.75
  52463.803    32.967     4.85   10.27
  52839.930    34.440     3.91   11.65
  53216.058    34.824     1.02   12.06
  53592.187    32.332    -6.63    9.22
  53968.318    31.081    -3.33    7.15
  54344.450    33.899     7.49    9.60
  54720.584    39.158    13.98   12.52
  55096.719    44.334    13.76   16.43
  55472.856    52.158    20.80   20.51
  55848.994    63.662    30.59   23.49
  56225.134    72.887    24.53   22.11
  56601.275    82.978    26.83   17.57
  56977.417    90.040    18.77   16.08
  57353.561    98.132    21.51   16.76
  57729.707   105.764    20.29   15.16
  58105.854   113.602    20.84   12.01
  58482.002   124.223    28.24   13.56
  58858.152   134.634    27.68   14.98
  59234.303   143.440    23.41   15.13
  59610.456   143.586     0.39   18.30
  59986.610   141.115    -6.57   22.53
  60362.766   145.158    10.75   21.05
  60738.923   144.545    -1.63   20.13
  61115.082   149.132    12.19   15.83
  61491.242   151.223     5.56   12.10
  61867.404   148.337    -7.67   13.42
  62243.567   143.169   -13.74   15.88
  62619.731   135.061   -21.55   18.07
  62995.898   132.656    -6.39   15.11
  63372.065   132.190    -1.24   12.51
  63748.234   134.619     6.46   13.72
  64124.405   135.055     1.16   16.93
  64500.577   133.297    -4.67   18.19
  64876.750   138.088    12.74   18.63
  65252.926   145.413    19.47   18.92
  65629.102   152.703    19.38   14.52
  66005.280   154.865     5.75   12.76
  66381.460   151.196    -9.75   17.84
  66757.641   140.255   -29.08   22.28
  67133.823   128.598   -30.99   23.43
  67510.008   116.308   -32.67   19.88
  67886.193   109.791   -17.32   20.21
  68262.380   104.815   -13.23   18.49
  68638.569   102.124    -7.15   18.69
  69014.759   102.845     1.92   22.84
  69390.951   108.223    14.30   22.99
  69767.144   120.383    32.32   19.48
  70143.339   126.388    15.96   19.18
  70519.535   134.414    21.33   15.59
  70895.733   138.640    11.23    8.37
  71271.932   133.791   -12.89    9.93
  71648.133   123.521   -27.30   16.09
  72024.335   107.710   -42.03   22.01
  72400.539    99.414   -22.05   17.35
  72776.744    98.953    -1.22   16.92
  73152.951   110.465    30.60   20.27
  73529.160   123.229    33.93   17.16
  73905.370   134.363    29.59   12.11
  74281.581   141.818    19.82    7.78
  74657.794   142.903     2.88    8.06
  75034.009   140.952    -5.18    9.77
  75410.225   137.829    -8.30    9.32
  75786.443   134.386    -9.15    8.13
  76162.662   132.061    -6.18    9.26
  76538.883   131.791    -0.72   12.01
  76915.105   133.337     4.11   11.94
  77291.329   136.851     9.34    8.59
  77667.555   137.029     0.47   11.24
  78043.782   136.940    -0.24   12.39
  78420.010   135.551    -3.69   13.93
  78796.240   129.799   -15.29   18.05
  79172.472   119.953   -26.17   20.92
  79548.705   107.004   -34.42   18.16
  79924.940    95.913   -29.48   17.80
  80301.177    88.799   -18.91   16.24
  80677.415    86.413    -6.34   13.46
  81053.654    89.106     7.16   14.53
  81429.895    95.840    17.90   13.95
  81806.138   103.023    19.09    8.96
  82182.382   103.250     0.60    8.50
  82558.628    99.953    -8.76   10.07
  82934.875    97.872    -5.53   10.84
  83311.124    96.791    -2.87   11.64
  83687.375    96.897     0.28   14.29
  84063.627    86.015   -28.92   18.75
  84439.881    71.834   -37.69   20.97
  84816.136    63.710   -21.59   18.11
  85192.393    65.081     3.64   19.22
  85568.652    74.440    24.87   22.26
  85944.912    85.124    28.40   16.20
  86321.019    92.575    19.81   13.02
  86696.963    96.850    11.37   12.73
  87072.909    96.634    -0.57   12.31
  87448.856    97.901     3.37   11.71
  87824.805    99.115     3.23   13.38
  88200.756    97.668    -3.85   15.30
  88576.708    99.169     3.99   19.70
  88952.662   107.034    20.92   17.46
  89328.617   107.683     1.73   17.54
  89704.574   103.899   -10.06   17.85
  90080.533    98.606   -14.08   16.95
  90456.493    94.517   -10.88   14.56
  90832.455    92.824    -4.50   12.96
  91208.419    94.142     3.51   14.23
  91584.384    94.387     0.65   16.64
  91960.351    91.308    -8.19   17.27
  92336.319    88.029    -8.72   16.59
  92712.289    82.791   -13.93   13.89
  93088.260    83.568     2.07   14.94
  93464.234    86.217     7.05   16.55
  93840.208    82.542    -9.78   21.02
  94216.185    79.414    -8.32   21.93
  94592.163    81.752     6.22   21.31
  94968.143    85.081     8.85   23.73
  95344.124    91.575    17.27   18.47
  95720.107    93.629     5.46   11.67
  96096.092    89.386   -11.29   14.12
  96472.078    83.245   -16.33   13.42
  96848.066    77.624   -14.95   12.54
  97224.055    77.286    -0.90   12.13
  97600.046    84.088    18.09   14.91
  97976.039    92.619    22.69   14.90
  98352.034    98.337    15.21   12.99
  98728.030    97.747    -1.57   12.58
  99104.027    91.575   -16.42   15.37
  99480.027    81.824   -25.93   17.74
  99856.028    73.899   -21.08   18.80
 100232.031    67.703   -16.48   21.69
 100608.035    68.629     2.46   24.15
 100984.041    62.471   -16.38   23.79
 101360.049    57.952   -12.02   22.08
 101736.058    54.624    -8.85   19.96
 102112.069    49.773   -12.90   16.05
 102488.082    48.183    -4.23   13.60
 102864.096    44.579    -9.59    7.74
 103240.112    44.799     0.59    6.53
 103616.129    46.282     3.94    6.42
 103992.149    45.629    -1.74    6.09
 104368.170    47.045     3.77    7.16
 104744.192    49.440     6.37    9.74
 105120.217    48.824    -1.64    8.98
 105496.243    48.190    -1.69    7.98
 105872.271    46.440    -4.65    7.42
 106248.300    44.966    -3.92    6.60
 106624.331    45.250     0.76    6.28
 107000.364    45.359     0.29    6.30
 107376.398    47.204     4.91    6.40
 107752.434    47.517     0.83    5.90
 108128.472    46.876    -1.70    5.85
 108504.512    46.829    -0.13    5.52
 108880.553    47.978     3.06   10.47
 109256.596    46.273    -4.53   10.11
 109632.640    48.729     6.53   14.03
 110008.687    52.337     9.59   18.54
 110384.735    52.124    -0.57   16.80
 110760.784    51.703    -1.12   16.20
 111136.836    50.542    -3.09   12.64
 111512.889    55.815    14.02   18.36
 111888.944    66.223    27.68   24.13
 112265.000    70.388    11.08   22.84
 112641.058    76.061    15.09   18.63
 113017.118    77.440     3.67   13.41
 113393.180    82.386    13.15   14.58
 113769.243    93.640    29.93   18.98
 114145.308   103.571    26.41   14.21
 114521.375   102.765    -2.14   14.83
 114897.444   103.773     2.68   15.45
 115273.514   103.670    -0.27   13.42
 115649.586   111.650    21.22   19.14
 116025.659   117.598    15.81   16.70
 116401.735   122.388    12.74   13.90
 116777.812   121.571    -2.17   11.54
 117153.891   121.634     0.17   12.38
 117529.971   129.413    20.69   15.68
 117906.054   133.215    10.11   18.06
 118282.138   129.245   -10.55   21.29
 118658.224   127.388    -4.94   21.46
 119034.311   117.755   -25.61   19.98
 119410.400   109.223   -22.69   13.97
 119786.492   103.061   -16.39   15.22
 120162.584    94.995   -21.45   16.73
 120538.679    92.235    -7.34   16.23
 120914.775    91.640    -1.58   14.77
 121290.873    96.899    13.98   14.44
 121666.973   109.265    32.88   15.99
 122043.074   120.334    29.43   21.17
 122419.178   130.413    26.80   18.55
 122795.283   136.142    15.23   15.81
 123171.389   137.004     2.29   18.20
 123547.498   135.305    -4.52   18.83
 123923.608   134.356    -2.52   22.55
 124299.720   128.887   -14.54   19.04
 124675.834   122.690   -16.48   13.95
 125051.950   119.619    -8.16   10.21
 125428.067   112.337   -19.36   10.57
 125804.186   105.690   -17.67   14.65
 126180.307    94.656   -29.34   18.21
 126556.430    86.359   -22.06   15.05
 126932.554    83.737    -6.97   10.43
 127308.681    88.490    12.64   12.28
 127684.809    96.359    20.92   12.14
 128060.938   103.850    19.92    9.96
 128437.070   110.624    18.01    7.65
 128813.203   113.624     7.98   10.17
 129189.338   116.710     8.20   13.57
 129565.475   117.952     3.30   14.34
 129941.614   118.545     1.58   15.00
 130317.754   123.079    12.05   15.17
 130693.897   122.034    -2.78   17.20
 131070.041   119.884    -5.72   20.85
 131446.187   116.670    -8.54   21.94
 131822.334   111.773   -13.02   19.16
 132198.484   111.221    -1.47   15.87
 132574.635   111.034    -0.50   13.05
 132950.788   119.386    22.20   11.12
 133326.943   125.034    15.02   15.52
 133703.100   134.081    24.05   16.25
 134079.258   141.764    20.43   18.98
 134455.419   147.619    15.57   22.54
 134831.581   151.670    10.77   21.29
 135207.745   155.029     8.93   24.50
 135583.910   163.007    21.21   27.52
 135960.078   169.286    16.69   27.91
 136336.247   175.624    16.85   33.47
 136712.418   177.606     5.27   33.53
 137088.591   182.250    12.35   35.93
 137464.766   186.023    10.03   33.25
 137840.943   192.710    17.78   33.43
 138217.121   198.978    16.66   31.81
 138593.302   190.408   -22.78   30.73
 138969.484   192.782     6.31   29.51
 139345.668   185.571   -19.17   29.55
 139721.854   178.884   -17.78   29.23
 140098.041   182.722    10.20   31.16
 140474.231   183.332     1.62   33.98
 140850.422   177.850   -14.57   37.41
 141226.615   168.106   -25.90   36.61
 141602.810   160.440   -20.38   31.28
 141979.007   162.755     6.16   31.45
 142355.206   173.850    29.49   31.54
 142731.406   182.876    23.99   32.14
 143107.609   186.662    10.06   33.46
 143483.813   193.250    17.51   33.51
 143860.019   184.602   -22.99   34.20
 144236.227   173.196   -30.32   33.45
 144612.437   165.034   -21.70   33.50
 144988.648   160.611   -11.76   31.20
 145364.862   156.090   -12.02   28.92
 145741.077   143.545   -33.35   23.27
 146117.294   135.412   -21.62   18.51
 146493.513   140.363    13.16   23.41
 146869.734   152.629    32.60   31.48
 147245.957   165.177    33.35   30.84
 147622.182   167.361     5.81   32.44
 147998.408   157.670   -25.76   30.58
 148374.637   144.332   -35.45   22.82
 148750.867   138.255   -16.15   20.96
 149127.099   136.615    -4.36   20.26
 149503.333   130.783   -15.50   12.28
 149879.569   130.575    -0.55    7.20
 150255.807   130.899     0.86    6.00
 150632.047   129.007    -5.03    7.94
 151008.288   126.169    -7.54    8.33
 151384.532   124.523    -4.38    6.71
 151760.777   125.440     2.44    6.65
 152137.024   127.235     4.77    5.49
 152513.273   128.737     3.99    4.21
 152889.524   128.004    -1.95    4.29
 153265.777   126.255    -4.65    4.74
 153642.032   126.677     1.12    3.97
 154018.289   126.571    -0.28    4.22
 154394.548   128.619     5.44    5.34
 154770.808   131.690     8.16    4.18
 155147.070   134.177     6.61    4.92
 155523.335   135.158     2.61    5.24
 155899.601   133.583    -4.19    4.87
 156275.869   131.029    -6.79    7.92
 156652.139   126.386   -12.34   10.78
 157028.411   123.602    -7.40   11.61
 157404.685   121.467    -5.67   13.70
 157780.961   121.967     1.33   14.84
 158157.238   119.491    -6.58   15.41
 158533.518   116.440    -8.11   14.97
 158909.800   112.899    -9.41   11.29
 159286.083   110.890    -5.34    9.66
 159662.368   112.413     4.05    8.71
 160038.656   116.465    10.77    5.62
 160414.945   114.791    -4.45    5.89
 160791.236   111.158    -9.66    9.17
 161167.529   105.912   -13.94   11.48
 161543.491    98.305   -20.23   10.45
 161919.397    98.071    -0.62   10.56
 162295.306    98.697     1.66    9.92
 162671.216   104.645    15.82   10.64
 163047.128   106.876     5.93    9.06
 163423.043   105.856    -2.71    9.77
 163798.959   107.332     3.92    9.39
 164174.877   107.634     0.80   10.35
 164550.797   107.203    -1.15    9.94
 164926.719   110.440     8.61   10.37
 165302.643   113.791     8.92   11.73
 165678.569   116.106     6.16   11.75
 166054.497   120.571    11.88   10.49
 166430.426   125.466    13.02    8.67
 166806.358   127.602     5.68   12.81
 167182.292   128.190     1.56   19.86
 167558.227   126.683    -4.01   27.70
 167934.165   121.413   -14.02   32.24
 168310.105   108.250   -35.01   28.51
 168686.046    98.554   -25.79   24.09
 169061.990    93.491   -13.47   18.59
 169437.935    90.132    -8.93   14.83
 169813.882    88.717    -3.76    9.87
 170189.832    91.872     8.39   13.66
 170565.783    95.995    10.97   14.01
 170941.736    99.334     8.88   14.21
 171317.692   100.190     2.27   14.48
 171693.649    99.575    -1.64   11.85
 172069.608    98.492    -2.88   10.68
 172445.569    95.466    -8.05   10.96
 172821.533    89.594   -15.62    9.87
 173197.498    84.629   -13.21    5.74
 173573.465    84.490    -0.37    4.48
 173949.434    87.861     8.97    7.13
 174325.405    95.088    19.22   13.32
 174701.378   106.169    29.47   16.25
 175077.353   121.051    39.58   17.10
 175453.331   128.747    20.47   14.98
 175829.310   134.491    15.28   14.43
 176205.291   138.940    11.83   14.28
 176581.274   143.440    11.97   18.61
 176957.259   153.169    25.88   26.76
 177333.246   160.829    20.37   25.78
 177709.235   161.615     2.09   24.74
 178085.226   165.169     9.45   27.06
 178461.219   165.913     1.98   26.32
 178837.214   174.966    24.08   31.86
 179213.211   185.040    26.79   33.10
 179589.210   188.980    10.48   31.39
 179965.212   201.390    33.00   35.56
 180341.215   219.670    48.62   34.80
 180717.220   229.169    25.26   30.76
 181093.227   243.196    37.31   27.83
 181469.236   255.007    31.41   24.22
 181845.247   257.808     7.45   30.88
 182221.261   258.081     0.73   32.68
 182597.276   266.467    22.30   25.80
 182973.293   260.965   -14.63   30.67
 183349.312   239.019   -58.37   51.58
 183725.334   219.217   -52.66   54.40
 184101.357   203.887   -40.77   51.42
 184477.382   205.696     4.81   47.50
 184853.410   226.440    55.17   49.50
 185229.439   246.624    53.68   45.96
 185605.471   261.235    38.86   39.45
 185981.504   267.995    17.98   32.98
 186357.540   251.465   -43.96   45.07
 186733.578   233.722   -47.19   46.18
 187109.617   211.983   -57.81   34.95
 187485.659   201.629   -27.53   31.74
 187861.703   187.007   -38.88   25.09
 188237.749   178.737   -21.99   15.50
 188613.796   173.594   -13.68    9.51
 188989.846   172.467    -3.00    8.86
 189365.898   170.940    -4.06    9.17
 189741.952   167.055   -10.33   13.58
 190118.008   160.115   -18.45   14.90
 190494.066   154.229   -15.65   13.22
 190870.127   154.055    -0.46   12.83
 191246.189   163.782    25.87   17.36
 191622.253   168.106    11.50   16.97
 191998.320   174.158    16.09   16.64
 192374.388   178.273    10.94   16.29
 192750.459   173.414   -12.92   17.27
 193126.531   167.491   -15.75   17.82
 193502.606   159.440   -21.41   17.40
 193878.683   164.061    12.29   27.61
 194254.761   175.548    30.54   43.06
 194630.842   187.755    32.46   46.52
 195006.925   212.927    66.93   54.27
 195383.010   233.856    55.65   47.68
 195759.098   249.635    41.96   38.03
 196135.187   265.209    41.41   30.32
 196511.278   267.887     7.12   30.26
 196887.372   248.737   -50.92   45.52
 197263.467   228.387   -54.11   62.85
 197639.565   200.029   -75.40   63.51
 198015.664   169.301   -81.71   37.99
 198391.766   155.978   -35.42   12.70
 198767.870   152.662    -8.82   12.39
 199143.976   153.542     2.34   13.68
 199520.084   159.619    16.16   23.09
 199896.194   168.971    24.87   32.74
 200272.307   185.791    44.72   40.54
 200648.421   200.196    38.30   40.78
 201024.537   199.034    -3.09   40.63
 201400.656   192.311   -17.87   43.90
 201776.777   181.818   -27.90   42.91
 202152.900   163.799   -47.91   34.30
 202529.025   156.235   -20.11   31.13
 202905.152   147.542   -23.11   17.04
 203281.281   144.007    -9.40   10.23
 203657.412   144.542     1.42    9.94
 204033.546   144.799     0.68    8.77
 204409.681   145.579     2.07    8.49
 204785.819   150.747    13.74   11.41
 205161.959   155.088    11.54   12.80
 205538.100   160.808    15.21   17.35
 205914.245   163.594     7.41   18.54
 206290.391   165.408     4.83   19.16
 206666.539   172.850    19.78   24.59
 207042.690   178.901    16.09   23.72
 207418.842   187.142    21.91   19.53
 207794.997   184.440    -7.19   20.94
 208171.154   176.521   -21.05   18.40
 208547.313   170.235   -16.71   15.10
 208923.474   166.952    -8.73   15.34
 209299.637   168.519     4.16   18.22
 209675.803   172.834    11.47   21.80
 210051.970   182.978    26.97   30.42
 210428.140   193.363    27.61   29.27
 210804.312   200.602    19.24   25.97
 211180.486   207.703    18.88   21.34
 211556.662   206.926    -2.06   19.14
 211932.841   208.737     4.81   17.70
 212309.021   216.818    21.48   17.24
 212685.204   220.315     9.30   17.60
 213061.389   226.927    17.58   17.94
 213437.576   231.696    12.68   14.81
 213813.765   234.801     8.25   13.27
 214189.956   239.183    11.65   12.19
 214566.150   240.162     2.60   11.97
 214942.345   239.952    -0.56   11.99
 215318.543   238.571    -3.67   12.42
 215694.743   238.729     0.42   11.41
 216070.946   240.791     5.48   10.03
 216447.150   242.286     3.97    9.89
 216823.356   245.586     8.77   11.44
 217199.565   253.523    21.10   16.26
 217575.776   264.703    29.72   22.62
 217951.989   274.387    25.74   21.26
 218328.205   283.061    23.06   21.66
 218704.422   293.899    28.81   17.17
 219080.642   295.497     4.25   16.17
 219456.864   294.645    -2.26   11.45
 219833.088   294.645     0.00   11.01
 220209.314   294.912     0.71   11.19
 220585.543   295.183     0.72    9.77
 220961.773   298.467     8.73   11.88
 221338.006   302.282    10.14   12.45
 221714.241   304.337     5.46   11.52
 222090.478   304.334    -0.01   12.19
 222466.718   302.872    -3.89   11.72
 222842.960   301.978    -2.38   15.86
 223219.203   300.815    -3.09   15.99
 223595.450   302.926     5.61   15.35
 223971.698   304.286     3.61   13.20
 224347.948   303.278    -2.68   10.90
 224724.201   303.629     0.93    9.69
 225100.456   305.710     5.53    8.71
 225476.713   305.725     0.04    7.29
 225852.973   313.106    19.62   15.98
 226229.234   317.365    11.32   18.05
 226605.498   321.884    12.01   19.47
 226981.764   323.115     3.27   18.94
 227358.033   326.782     9.75   19.93
 227734.303   334.260    19.88   19.00
 228110.576   338.696    11.79   21.43
 228486.851   348.071    24.92   24.99
 228863.128   363.829    41.88   29.79
 229239.408   381.440    46.80   31.77
 229615.689   384.415     7.91   31.61
 229991.973   381.217    -8.50   33.17
 230368.260   373.722   -19.92   37.22
 230744.548   348.045   -68.24   35.91
 231120.839   319.629   -75.52   38.58
 231497.132   301.332   -48.63   37.26
 231873.427   280.829   -54.49   42.14
 232249.724   262.209   -49.48   42.08
 232626.024   258.190   -10.68   39.62
 233002.326   246.683   -30.58   28.23
 233378.630   262.390    41.74   43.22
 233754.937   279.203    44.68   56.63
 234131.245   302.703    62.45   62.16
 234507.556   331.992    77.84   55.37
 234883.870   354.465    59.72   34.02
 235260.185   360.913    17.14   16.77
 235636.503   361.023     0.29   14.81
 236012.823   359.901    -2.98   15.13
 236389.042   361.079     3.13   22.71
 236764.911   357.876    -8.52   30.56
 237140.783   340.286   -46.80   47.37
 237516.656   313.217   -72.02   47.35
 237892.532   296.791   -43.70   32.54
 238268.410   288.791   -21.28   28.07
 238644.290   281.571   -19.21   23.61
 239020.173   291.311    25.91   27.80
 239396.057   296.467    13.72   25.74
 239771.945   291.850   -12.28   26.96
 240147.834   286.388   -14.53   31.98
 240523.726   281.361   -13.38   29.71
 240899.620   288.899    20.06   33.96
 241275.516   308.337    51.71   44.60
 241651.414   312.255    10.42   40.99
 242027.315   302.134   -26.93   44.98
 242403.218   279.755   -59.54   45.35
 242779.124   259.551   -53.75   22.79
 243155.031   257.337    -5.89   25.81
 243530.941   252.029   -14.12   27.57
 243906.854   251.263    -2.04   30.65
 244282.768   245.683   -14.85   29.90
 244658.685   227.791   -47.60   23.88
 245034.604   218.845   -23.80   22.57
 245410.526   212.140   -17.84   13.62
 245786.450   209.386    -7.33    7.25
 246162.376   215.029    15.01    8.78
 246538.304   222.029    18.62   11.09
 246914.235   233.081    29.40   21.42
 247290.168   240.007    18.43   21.52
 247666.104   243.311     8.79   19.89
 248042.041   250.992    20.43   24.82
 248417.981   264.940    37.10   41.28
 248793.924   292.359    72.94   50.49
 249169.868   310.440    48.10   41.51
 249545.815   306.703    -9.94   42.60
 249921.765   292.568   -37.60   35.10
 250297.716   290.033    -6.74   28.75
 250673.670   293.088     8.13   26.81
 251049.626   302.926    26.17   23.55
 251425.585   305.926     7.98   27.08
 251801.546   288.722   -45.76   32.12
 252177.509   271.334   -46.25   40.03
 252553.475   250.696   -54.90   38.67
 252929.443   231.363   -51.42   16.09
 253305.413   231.183    -0.48   15.27
 253681.386   244.196    34.61   34.80
 254057.361   254.659    27.83   37.44
 254433.338   259.387    12.58   36.23
 254809.318   257.884    -4.00   37.74
 255185.300   246.953   -29.07   33.77
 255561.284   234.162   -34.02   10.14
 255937.271   235.818     4.41   10.13
 256313.260   239.594    10.04   10.89
 256689.252   244.712    13.61   18.62
 257065.246   250.311    14.89   27.01
 257441.242   257.308    18.61   30.69
 257817.240   267.829    27.98   29.35
 258193.241   275.286    19.83   27.80
 258569.245   275.764     1.27   31.97
 258945.250   273.773    -5.30   35.40
 259321.258   263.004   -28.64   38.47
 259697.269   243.414   -52.10   28.40
 260073.281   231.203   -32.48   21.96
 260449.297   224.865   -16.86   19.04
 260825.314   220.106   -12.66   15.57
 261201.334   218.551    -4.14   16.86
 261577.356   216.061    -6.62   17.49
 261953.381   207.440   -22.93   11.74
 262329.408   201.575   -15.60    4.81
 262705.437   199.876    -4.52    3.73
 263081.469   202.668     7.43    9.14
 263457.503   207.215    12.09   13.21
 263833.540   210.203     7.95   13.81
 264209.579   211.940     4.62   11.25
 264585.620   211.004    -2.49    9.37
 264961.664   210.229    -2.06    8.49
 265337.710   209.624    -1.61    8.26
 265713.759   207.834    -4.76    6.66
 266089.810   206.465    -3.64    4.84
 266465.863   204.953    -4.02    5.20
 266841.919   204.722    -0.62    6.45
 267217.977   204.365    -0.95    7.48
 267594.037   203.162    -3.20    8.28
 267970.100   201.359    -4.80    8.39
 268346.166   197.818    -9.42    6.66
 268722.234   194.764    -8.12    5.95
 269098.304   195.142     1.01    5.81
 269474.377   194.840    -0.80    5.81
 269850.452   198.515     9.77   12.29
 270226.529   207.440    23.73   23.86
 270602.609   217.737    27.38   31.49
 270978.691   221.850    10.94   33.01
 271354.776   224.571     7.24   36.34
 271730.863   218.703   -15.60   35.88
 272106.953   206.624   -32.12   26.23
 272483.045   198.081   -22.72   11.27
 272859.139   194.088   -10.62    7.46
 273235.236   191.568    -6.70    6.01
 273611.335   189.465    -5.59    5.12
 273987.437   188.211    -3.33    4.28
 274363.541   187.953    -0.69    4.32
 274739.648   187.386    -1.51    4.01
 275115.757   186.034    -3.59    3.27
 275491.869   185.305    -1.94    2.54
 275867.983   184.745    -1.49    2.84
 276244.099   184.515    -0.61    2.95
 276620.218   184.311    -0.54    2.73
 276996.339   183.521    -2.10    2.38
 277372.463   182.517    -2.67    2.12
 277748.589   182.045    -1.25    1.79
 278124.718   181.106    -2.50    2.76
 278500.849   183.169     5.49    7.61
 278876.983   189.081    15.72   11.70
 279253.119   194.995    15.73   11.45
 279629.257   200.209    13.86    9.40
 280005.398   202.363     5.73    6.34
 280381.542   203.346     2.61    4.34
 280757.687   207.952    12.25    6.59
 281133.836   212.467    12.00    8.44
 281509.987   215.169     7.19   11.51
 281886.140   214.250    -2.44   11.52
 282262.296   210.467   -10.06   13.07
 282638.454   201.260   -24.48    8.70
 283014.615   197.824    -9.13    6.87
 283390.778   199.019     3.18    8.81
 283766.944   204.255    13.92   13.18
 284143.112   210.081    15.49   16.70
 284519.283   212.594     6.68   15.39
 284895.456   209.872    -7.23   14.81
 285271.632   207.542    -6.19   10.34
 285647.810   207.250    -0.78    8.60
 286023.990   208.624     3.65    8.21
 286400.173   208.440    -0.49    8.28
 286776.359   208.908     1.25    6.31
 287152.547   209.978     2.84    5.78
 287528.738   210.755     2.07    5.76
 287904.931   211.791     2.75    5.89
 288281.127   217.602    15.45   12.62
 288657.325   226.079    22.53   18.13
 289033.525   227.440     3.62   23.85
 289409.729   225.055    -6.34   25.76
 289785.934   213.980   -29.44   20.16
 290162.142   205.132   -23.52   11.35
 290538.353   205.132     0.00   13.78
 290914.566   200.542   -12.20   11.22
 291290.782   197.602    -7.82    8.93
 291667.000   196.414    -3.16    6.65
 292043.221   195.088    -3.52    5.85
 292419.444   196.548     3.88    5.14
 292795.670   197.845     3.45    4.44
 293171.898   198.712     2.31    4.22
 293548.129   201.260     6.77    4.82
 293924.363   202.747     3.95    4.79
 294300.598   202.533    -0.57    4.87
 294676.837   202.167    -0.97    5.59
