-277004.000    67.624     0.00    3.96
-276627.923    66.241    -3.68    4.72
-276251.849    65.644    -1.59    5.23
-275875.778    65.551    -0.25    5.49
-275499.710    65.963     1.10    5.71
-275123.645    65.381    -1.55    6.45
-274747.583    61.170   -11.20    9.07
-274371.524    56.354   -12.81    8.91
-273995.468    54.809    -4.11    8.43
-273619.415    52.632    -5.79    8.18
-273243.366    52.854     0.59    8.48
-272867.319    51.516    -3.56    8.03
-272491.275    49.777    -4.63    7.05
-272115.234    51.118     3.57    7.37
-271739.196    53.983     7.62    7.79
-271363.162    58.280    11.43    7.81
-270987.130    61.902     9.63    5.13
-270611.101    62.924     2.72    5.27
-270235.075    64.891     5.23    5.00
-269859.053    65.433     1.44    4.94
-269483.033    65.091    -0.91    4.85
-269107.016    65.706     1.64    5.27
-268731.003    66.091     1.02    5.82
-268354.992    66.144     0.14    5.54
-267978.984    67.012     2.31    4.57
-267602.980    66.963    -0.13    4.39
-267226.978    68.037     2.86    5.46
-266850.979    69.354     3.50    5.16
-266474.984    70.791     3.82    4.75
-266098.991    73.177     6.35    5.18
-265723.001    74.907     4.60    5.20
-265347.014    75.605     1.86    5.36
-264971.031    75.388    -0.58    5.59
-264595.050    72.118    -8.70    6.27
-264219.072    69.730    -6.35    6.14
-263843.097    70.541     2.16    6.05
-263467.126    72.065     4.05    6.36
-263091.157    75.686     9.63    5.23
-262715.191    77.655     5.24    5.12
-262339.228    78.538     2.35    6.10
-261963.268    80.809     6.04    6.31
-261587.311    82.794     5.28    5.57
-261211.357    82.630    -0.44    4.82
-260835.406    81.702    -2.47    4.69
-260459.458    79.959    -4.64    4.78
-260083.513    78.541    -3.77    4.55
-259707.571    77.491    -2.79    4.22
-259331.632    75.117    -6.32    4.99
-258955.696    73.496    -4.31    5.81
-258579.762    73.010    -1.29    5.64
-258203.832    72.821    -0.50    5.62
-257827.905    73.897     2.86    5.96
-257451.980    77.373     9.25    4.75
-257076.059    78.296     2.46    4.75
-256700.140    81.196     7.72    5.29
-256324.225    84.091     7.70    5.61
-255948.312    85.296     3.21    4.96
-255572.403    85.783     1.30    5.30
-255196.496    85.496    -0.76    6.22
-254820.592    85.245    -0.67    6.77
-254444.691    88.619     8.98    8.41
-254068.793    93.644    13.37    9.64
-253692.898    98.249    12.25    7.69
-253317.006   100.685     6.48    5.00
-252941.117    98.630    -5.47    6.39
-252565.231    94.524   -10.92    6.83
-252189.348    91.442    -8.20    5.87
-251813.467    88.929    -6.69    5.00
-251437.590    87.980    -2.52    4.81
-251061.716    86.835    -3.05    5.75
-250685.844    86.578    -0.68    5.49
-250309.975    84.469    -5.61    4.70
-249934.110    82.630    -4.90    4.25
-249558.247    80.937    -4.50    5.28
-249182.387    78.168    -7.37    4.95
-248806.530    76.226    -5.17    4.57
-248430.676    73.989    -5.95    3.87
-248054.825    74.037     0.13    3.96
-247678.976    73.091    -2.52    4.08
-247303.131    71.354    -4.62    4.27
-246927.289    69.654    -4.53    4.66
-246551.449    66.732    -7.77    4.55
-246175.612    66.275    -1.22    4.88
-245799.779    65.578    -1.86    4.74
-245423.948    66.199     1.65    4.75
-245048.120    66.758     1.49    4.33
-244672.295    66.959     0.54    3.99
-244296.473    66.142    -2.17    4.60
-243920.653    64.469    -4.45    4.66
-243544.837    61.758    -7.22    4.33
-243168.762    58.706    -8.11    5.31
-242792.368    54.604   -10.90    7.25
-242415.977    49.415   -13.79    6.88
-242039.589    48.219    -3.18    5.77
-241663.203    49.226     2.68    6.59
-241286.820    53.512    11.39    8.31
-240910.441    58.354    12.87    5.76
-240534.064    61.779     9.10    6.06
-240157.690    64.578     7.44    6.79
-239781.319    69.249    12.41    6.82
-239404.951    71.605     6.26    6.24
-239028.586    73.986     6.33    5.13
-238652.223    74.619     1.68    4.82
-238275.864    72.828    -4.76    5.48
-237899.507    69.963    -7.61    6.10
-237523.153    68.010    -5.19    4.94
-237146.802    68.322     0.83    5.02
-236770.454    68.989     1.77    5.24
-236394.109    70.886     5.04    4.96
-236017.767    73.578     7.15    5.04
-235641.427    76.391     7.48    6.09
-235265.090    78.361     5.24    3.89
-234888.757    80.172     4.81    4.32
-234512.426    80.551     1.01    4.53
-234136.098    80.291    -0.69    4.86
-233759.772    79.296    -2.64    4.80
-233383.450    77.373    -5.11    4.31
-233007.131    77.147    -0.60    4.09
-232630.814    75.854    -3.43    5.11
-232254.500    75.397    -1.22    4.84
-231878.189    76.249     2.27    5.22
-231501.881    77.791     4.10    5.71
-231125.576    80.037     5.97    5.05
-230749.273    79.959    -0.21    4.62
-230372.973    78.302    -4.41    4.47
-229996.677    74.886    -9.08    5.08
-229620.383    73.686    -3.19    4.76
-229244.091    73.641    -0.12    4.62
-228867.803    75.091     3.85    5.72
-228491.518    78.307     8.55    5.25
-228115.235    80.118     4.81    4.93
-227738.955    81.619     3.99    4.56
-227362.678    82.245     1.66    4.39
-226986.404    80.937    -3.48    5.52
-226610.132    79.563    -3.65    5.52
-226233.864    78.591    -2.58    4.77
-225857.598    78.524    -0.18    4.30
-225481.335    80.307     4.74    5.18
-225105.075    81.741     3.81    5.32
-224728.818    83.199     3.88    5.45
-224352.563    85.117     5.10    5.37
-223976.311    85.407     0.77    5.64
-223600.062    85.399    -0.02    5.10
-223223.816    86.929     4.07    4.98
-222847.573    88.042     2.96    5.14
-222471.332    88.604     1.49    4.42
-222095.095    89.258     1.74    3.75
-221718.860    90.226     2.57    3.95
-221342.628    92.064     4.89    4.19
-220966.398    94.886     7.50    6.03
-220590.172    97.373     6.61    6.79
-220213.948    97.634     0.69    6.76
-219837.727    97.373    -0.69    7.19
-219461.509    95.065    -6.14    6.61
-219085.293    92.841    -5.91    5.81
-218709.081    93.886     2.78    6.79
-218332.871    95.065     3.13    7.75
-217956.664    98.194     8.32    8.33
-217580.459   100.302     5.60    6.71
-217204.258   101.191     2.36    6.22
-216828.059   102.145     2.54    5.96
-216451.863   101.716    -1.14    5.10
-216075.670   101.476    -0.64    5.16
-215699.479   100.591    -2.35    6.11
-215323.292    97.578    -8.01    7.03
-214947.107    94.388    -8.48    6.54
-214570.924    92.794    -4.24    6.15
-214194.745    90.758    -5.41    5.35
-213818.568    88.834    -5.11    3.67
-213442.394    88.399    -1.16    4.50
-213066.223    86.591    -4.81    4.54
-212690.055    85.452    -3.03    4.24
-212313.889    84.296    -3.07    4.14
-211937.726    83.459    -2.22    4.83
-211561.566    83.040    -1.12    4.42
-211185.409    81.591    -3.85    4.24
-210809.254    80.604    -2.62    4.38
-210433.102    80.361    -0.64    4.15
-210056.953    80.142    -0.58    4.81
-209680.806    78.291    -4.92    5.33
-209304.663    76.980    -3.49    5.26
-208928.522    75.226    -4.66    4.88
-208552.383    72.442    -7.40    4.43
-208176.248    72.983     1.44    4.50
-207800.115    72.933    -0.13    4.16
-207423.985    72.034    -2.39    4.37
-207047.858    72.116     0.22    5.12
-206671.733    71.302    -2.17    5.47
-206295.611    70.740    -1.49    5.97
-205919.492    70.989     0.66    6.31
-205543.376    69.854    -3.02    6.17
-205167.262    69.959     0.28    6.10
-204791.151    67.959    -5.32    7.07
-204415.043    67.578    -1.01    6.79
-204038.937    67.361    -0.58    7.91
-203662.834    67.065    -0.79    7.56
-203286.734    66.566    -1.33    7.01
-202910.637    65.202    -3.63    7.67
-202534.542    64.578    -1.66    6.91
-202158.450    62.686    -5.03    6.37
-201782.360    61.307    -3.67    5.82
-201406.274    61.551     0.65    6.66
-201030.190    63.291     4.63    7.79
-200654.108    66.366     8.18    8.16
-200278.030    67.354     2.63    7.81
-199901.954    67.496     0.38    7.15
-199525.881    65.271    -5.92    6.16
-199149.810    63.907    -3.63    5.19
-198773.743    63.553    -0.94    4.49
-198397.677    64.956     3.73    4.58
-198021.615    64.578    -1.00    5.56
-197645.555    63.536    -2.77    5.37
-197269.498    64.322     2.09    5.43
-196893.444    64.666     0.92    5.27
-196517.392    65.777     2.95    5.00
-196141.343    66.605     2.20    5.46
-195765.297    69.145     6.76    5.56
-195389.253    71.064     5.10    5.27
-195013.212    72.821     4.67    4.56
-194637.174    74.286     3.90    4.66
-194261.138    75.681     3.71    7.57
-193885.105    75.963     0.75    8.58
-193509.075    75.767    -0.52    8.43
-193133.047    73.168    -6.91    8.05
-192757.022    70.933    -5.94    5.85
-192380.999    71.091     0.42    6.84
-192004.980    72.848     4.67    6.95
-191628.963    77.322    11.90    8.90
-191252.948    79.147     4.85    8.28
-190876.936    79.783     1.69    6.72
-190500.927    80.014     0.61    6.45
-190124.921    78.654    -3.62    5.42
-189748.917    80.142     3.96    5.52
-189372.916    80.496     0.94    5.41
-188996.917    79.388    -2.95    4.10
-188620.921    76.848    -6.76    3.33
-188244.928    75.563    -3.42    2.98
-187868.937    74.065    -3.99    3.96
-187492.949    72.963    -2.93    4.16
-187116.964    72.354    -1.62    4.43
-186740.981    70.407    -5.18    4.73
-186365.001    69.886    -1.39    4.57
-185989.024    71.322     3.82    4.09
-185613.049    70.983    -0.90    4.09
-185237.077    70.732    -0.67    4.11
-184861.107    67.848    -7.67    4.94
-184485.140    65.809    -5.42    6.27
-184109.176    63.644    -5.76    6.32
-183733.214    61.060    -6.87    5.43
-183357.255    62.963     5.06    7.63
-182981.299    61.433    -4.07    8.77
-182605.345    60.064    -3.64    8.38
-182229.393    58.605    -3.88    6.44
-181853.445    59.258     1.74    8.03
-181477.499    59.012    -0.65    7.92
-181101.555    56.912    -5.59    8.69
-180725.614    53.956    -7.86    8.96
-180349.676    53.527    -1.14    8.50
-179973.740    54.630     2.93    9.11
-179597.807    53.553    -2.86   10.18
-179221.877    54.713     3.09   11.24
-178845.949    54.091    -1.65   11.39
-178470.024    52.037    -5.46   10.21
-178094.101    51.512    -1.40    9.09
-177718.181    50.512    -2.66    6.87
-177342.264    46.966    -9.43    5.49
-176966.349    46.835    -0.35    5.36
-176590.436    44.986    -4.92    6.95
-176214.527    39.924   -13.46    8.83
-175838.620    34.347   -14.84    9.54
-175462.715    28.952   -14.35    5.22
-175086.813    26.347    -6.93    3.51
-174710.914    25.775    -1.52    4.94
-174335.017    25.388    -1.03    5.36
-173959.122    25.014    -1.00    5.30
-173583.231    23.886    -3.00    5.38
-173207.342    24.527     1.71    5.24
-172831.455    25.980     3.87    4.61
-172455.571    26.783     2.14    3.58
-172079.690    28.361     4.20    2.87
-171703.811    29.659     3.45    3.41
-171327.934    32.929     8.70    5.97
-170952.061    37.404    11.91    6.92
-170576.189    41.014     9.61    6.65
-170200.321    43.732     7.23    7.29
-169824.455    45.424     4.50    7.44
-169448.591    47.732     6.14    8.21
-169072.730    47.980     0.66    7.69
-168696.872    48.553     1.52    7.52
-168321.016    49.407     2.27    8.43
-167944.752    50.388     2.61    8.01
-167568.389    53.740     8.90    7.45
-167192.030    58.296    12.11    8.86
-166815.673    63.872    14.81   11.14
-166439.318    68.397    12.02   11.05
-166062.966    67.732    -1.77   10.45
-165686.617    66.986    -1.98   10.10
-165310.270    68.415     3.80    8.78
-164933.925    68.740     0.86    9.15
-164557.584    69.748     2.68    9.85
-164181.244    70.604     2.27   10.17
-163804.907    69.341    -3.36   11.51
-163428.573    69.786     1.18   10.14
-163052.242    71.630     4.90    9.89
-162675.912    72.730     2.92   10.23
-162299.586    73.959     3.27    9.52
-161923.262    74.604     1.71   11.62
-161546.940    73.407    -3.18   11.50
-161170.621    72.670    -1.96   11.60
-160794.304    74.527     4.93   12.60
-160417.990    73.141    -3.68   10.22
-160041.679    75.659     6.69   10.02
-159665.370    76.741     2.88    9.40
-159289.063    77.604     2.29    9.63
-158912.759    78.174     1.52    9.89
-158536.458    76.659    -4.03   10.41
-158160.159    75.841    -2.17   10.11
-157783.862    79.407     9.48    9.59
-157407.568    84.691    14.04   10.61
-157031.277    89.480    12.73   11.59
-156654.988    95.016    14.71   12.05
-156278.701    95.307     0.77    9.46
-155902.417    92.929    -6.32    9.16
-155526.136    91.854    -2.86    8.06
-155149.857    91.144    -1.89    8.49
-154773.580    90.144    -2.66    7.93
-154397.306    88.723    -3.78    8.34
-154021.035    86.491    -5.93    8.63
-153644.766    84.897    -4.24    8.58
-153268.499    81.366    -9.38    8.56
-152892.235    78.117    -8.64    5.88
-152515.973    77.508    -1.62    5.16
-152139.714    77.253    -0.68    5.42
-151763.458    78.361     2.95    5.04
-151387.204    76.407    -5.19    5.32
-151010.952    74.291    -5.62    4.99
-150634.703    73.037    -3.33    4.84
-150258.456    71.916    -2.98    5.08
-149882.212    70.860    -2.81    4.77
-149505.970    71.091     0.61    4.42
-149129.731    69.775    -3.50    4.92
-148753.494    68.347    -3.80    4.95
-148377.259    67.696    -1.73    4.54
-148001.027    67.924     0.61    5.63
-147624.798    69.630     4.53    5.31
-147248.571    71.280     4.39    3.96
-146872.346    72.041     2.02    4.03
-146496.124    72.732     1.84    4.64
-146119.904    73.177     1.18    4.60
-145743.687    73.442     0.71    4.37
-145367.472    72.496    -2.51    5.04
-144991.260    70.828    -4.44    5.25
-144615.050    69.553    -3.39    5.40
-144238.843    67.813    -4.62    5.27
-143862.638    65.701    -5.62    5.27
-143486.435    63.860    -4.89    4.89
-143110.235    62.848    -2.69    4.62
-142734.037    63.223     1.00    4.77
-142357.842    64.117     2.38    4.34
-141981.649    64.553     1.16    4.38
-141605.459    62.869    -4.48    5.27
-141229.271    61.630    -3.29    5.36
-140853.085    60.813    -2.17    4.69
-140476.902    61.424     1.62    4.87
-140100.721    62.655     3.27    4.35
-139724.543    62.424    -0.61    4.05
-139348.367    61.334    -2.90    4.80
-138972.194    61.118    -0.57    4.97
-138596.023    60.249    -2.31    5.53
-138219.854    59.223    -2.73    6.02
-137843.688    58.313    -2.42    6.31
-137467.524    55.322    -7.95    7.00
-137091.363    53.117    -5.86    6.61
-136715.204    48.933   -11.12    8.37
-136339.048    44.875   -10.79    7.69
-135962.893    42.223    -7.05    5.57
-135586.742    41.450    -2.05    4.58
-135210.592    43.388     5.15    5.20
-134834.445    47.245    10.25    7.17
-134458.301    51.230    10.59    5.80
-134082.159    54.245     8.02    4.48
-133706.019    55.091     2.25    4.41
-133329.882    55.435     0.91    4.92
-132953.747    56.328     2.37    5.67
-132577.614    56.226    -0.27    5.30
-132201.484    56.226     0.00    4.53
-131825.356    56.117    -0.29    4.24
-131449.231    55.334    -2.08    3.71
-131073.108    53.065    -6.03    4.31
-130696.987    51.604    -3.89    4.45
-130320.869    49.196    -6.40    4.10
-129944.753    47.064    -5.67    3.37
-129568.639    46.271    -2.11    3.66
-129192.528    44.706    -4.16    4.57
-128816.419    43.199    -4.01    5.18
-128440.313    41.065    -5.67    5.03
-128064.209    38.253    -7.48    5.08
-127688.107    37.740    -1.37    5.18
-127312.008    38.271     1.41    5.42
-126935.911    38.216    -0.14    5.48
-126559.816    40.347     5.67    7.12
-126183.724    41.424     2.86    7.26
-125807.634    42.202     2.07    7.80
-125431.547    43.476     3.39    8.00
-125055.461    45.702     5.92    6.57
-124679.379    46.989     3.42    5.22
-124303.298    48.194     3.20    4.19
-123927.220    50.794     6.91    4.73
-123551.144    53.117     6.18    4.33
-123175.071    53.040    -0.21    4.66
-122799.000    53.065     0.07    4.29
-122422.931    51.740    -3.53    4.48
-122046.865    52.696     2.54    4.48
-121670.801    54.524     4.86    4.21
-121294.739    56.010     3.95    4.75
-120918.680    58.659     7.04    4.76
-120542.623    59.841     3.14    4.38
-120166.568    58.989    -2.27    4.67
-119790.516    57.835    -3.07    4.91
-119414.465    55.397    -6.48    4.08
-119038.418    54.091    -3.47    3.49
-118662.372    52.758    -3.55    3.02
-118286.329    53.706     2.52    3.37
-117910.289    54.670     2.56    3.53
-117534.250    56.334     4.43    3.47
-117158.214    57.605     3.38    3.40
-116782.180    58.040     1.16    3.49
-116406.149    58.676     1.69    3.68
-116030.120    59.147     1.25    3.46
-115654.093    59.604     1.22    3.56
-115278.068    60.538     2.49    4.00
-114902.046    61.875     3.55    4.79
-114526.026    63.469     4.24    4.54
-114150.008    65.062     4.24    4.13
-113773.993    65.424     0.96    4.14
-113397.980    65.194    -0.61    3.59
-113021.969    65.821     1.67    4.19
-112645.961    66.630     2.15    4.17
-112269.955    67.786     3.07    4.68
-111893.951    69.617     4.87    4.96
-111517.949    70.681     2.83    4.84
-111141.950    71.245     1.50    4.40
-110765.953    72.388     3.04    4.34
-110389.958    73.194     2.14    4.81
-110013.966    75.066     4.98    4.74
-109637.976    76.767     4.52    4.58
-109261.988    78.565     4.78    4.58
-108886.003    79.253     1.83    4.00
-108510.019    81.388     5.68    4.53
-108134.038    83.821     6.47    5.05
-107758.060    84.548     1.93    5.07
-107382.083    83.527    -2.72    4.25
-107006.109    82.416    -2.95    4.08
-106630.137    80.496    -5.11    4.02
-106254.167    78.476    -5.37    4.20
-105878.200    76.749    -4.59    4.47
-105502.235    74.706    -5.43    4.36
-105126.272    73.142    -4.16    4.59
-104750.312    71.706    -3.82    4.59
-104374.353    70.452    -3.34    3.93
-103998.397    69.486    -2.57    3.64
-103622.443    68.501    -2.62    4.02
-103246.492    67.230    -3.38    4.49
-102870.542    66.655    -1.53    4.50
-102494.595    65.145    -4.02    4.40
-102118.651    64.902    -0.65    4.25
-101742.708    64.821    -0.22    4.07
-101366.768    64.563    -0.68    3.81
-100990.830    65.860     3.45    3.74
-100614.894    65.391    -1.25    3.86
-100238.960    66.145     2.01    3.78
 -99863.029    67.291     3.05    4.30
 -99487.100    68.144     2.27    5.01
 -99111.173    67.681    -1.23    5.06
 -98735.248    67.713     0.08    4.06
 -98359.326    67.450    -0.70    3.95
 -97983.406    68.202     2.00    4.19
 -97607.488    70.199     5.31    4.16
 -97231.572    72.424     5.92    4.64
 -96855.659    74.205     4.74    3.70
 -96479.747    74.014    -0.51    3.79
 -96103.838    73.476    -1.43    4.27
 -95727.932    72.452    -2.72    4.65
 -95352.027    71.010    -3.84    5.11
 -94976.125    70.286    -1.93    5.33
 -94600.224    68.381    -5.07    4.33
 -94224.326    67.791    -1.57    3.68
 -93848.431    67.388    -1.07    3.64
 -93472.537    66.706    -1.81    4.39
 -93096.577    67.144     1.16    3.84
 -92720.248    66.775    -0.98    3.85
 -92343.922    65.632    -3.04    4.23
 -91967.597    65.366    -0.71    4.67
 -91591.275    64.686    -1.81    4.50
 -91214.955    65.010     0.86    4.76
 -90838.637    64.875    -0.36    4.03
 -90462.321    62.536    -6.22    3.87
 -90086.008    61.476    -2.82    4.27
 -89709.696    59.373    -5.59    4.71
 -89333.387    58.748    -1.66    4.71
 -88957.080    58.010    -1.96    4.51
 -88580.775    58.632     1.65    4.27
 -88204.473    59.091     1.22    4.30
 -87828.172    59.366     0.73    3.48
 -87451.874    59.361    -0.01    3.45
 -87075.578    58.117    -3.31    3.62
 -86699.284    56.249    -4.97    4.04
 -86322.993    55.142    -2.94    3.81
 -85946.703    54.253    -2.36    3.38
 -85570.416    54.291     0.10    3.76
 -85194.131    54.565     0.73    3.49
 -84817.848    53.702    -2.29    4.06
 -84441.567    52.280    -3.78    3.73
 -84065.289    50.008    -6.04    4.13
 -83689.012    47.091    -7.75    4.62
 -83312.738    44.322    -7.36    4.40
 -82936.466    43.562    -2.02    4.06
 -82560.196    42.929    -1.68    4.32
 -82183.928    42.929     0.00    4.47
 -81807.663    43.199     0.72    4.58
 -81431.399    43.835     1.69    5.24
 -81055.138    44.170     0.89    4.97
 -80678.879    44.091    -0.21    4.63
 -80302.622    44.322     0.61    4.24
 -79926.367    43.886    -1.16    4.40
 -79550.115    44.767     2.34    5.23
 -79173.864    45.191     1.13    6.58
 -78797.616    46.014     2.19    5.68
 -78421.370    45.730    -0.76    4.67
 -78045.126    45.253    -1.27    3.72
 -77668.884    45.767     1.36    3.64
 -77292.644    46.902     3.02    3.96
 -76916.406    47.194     0.78    4.00
 -76540.171    46.546    -1.72    3.91
 -76163.937    44.758    -4.75    3.42
 -75787.706    44.407    -0.93    3.59
 -75411.477    45.813     3.74    4.10
 -75035.250    47.912     5.58    4.39
 -74659.025    49.226     3.49    3.65
 -74282.803    49.860     1.69    3.44
 -73906.582    49.012    -2.25    3.77
 -73530.364    48.578    -1.15    4.10
 -73154.147    47.767    -2.16    4.45
 -72777.933    45.565    -5.85    4.47
 -72401.721    44.065    -3.99    4.39
 -72025.511    41.924    -5.69    4.42
 -71649.303    40.524    -3.72    4.52
 -71273.097    38.307    -5.89    4.63
 -70896.894    35.983    -6.18    4.82
 -70520.692    33.848    -5.68    4.92
 -70144.493    33.434    -1.10    4.78
 -69768.295    31.616    -4.83    5.16
 -69392.100    30.249    -3.63    4.59
 -69015.907    29.632    -1.64    4.69
 -68639.716    30.065     1.15    4.70
 -68263.527    31.486     3.78    4.69
 -67887.340    32.117     1.68    5.60
 -67511.156    32.986     2.31    6.43
 -67134.973    33.373     1.03    6.96
 -66758.793    34.334     2.56    6.70
 -66382.614    33.933    -1.07    7.19
 -66006.438    33.491    -1.18    8.11
 -65630.264    31.662    -4.86    8.60
 -65254.091    27.713   -10.50    9.34
 -64877.921    23.713   -10.63    8.37
 -64501.753    21.686    -5.39    6.40
 -64125.587    22.280     1.58    5.70
 -63749.424    24.813     6.73    6.55
 -63373.262    27.041     5.92    6.56
 -62997.102    29.933     7.69    5.46
 -62620.945    31.280     3.58    5.86
 -62244.789    32.424     3.04    5.73
 -61868.636    33.065     1.70    6.32
 -61492.484    32.168    -2.38    5.87
 -61116.335    32.037    -0.35    5.57
 -60740.188    32.937     2.39    4.84
 -60364.042    34.647     4.54    6.21
 -59987.899    37.170     6.71    6.18
 -59611.758    39.835     7.08    5.73
 -59235.619    42.856     8.03    5.13
 -58859.482    43.706     2.26    4.86
 -58483.347    44.929     3.25    4.30
 -58107.214    45.659     1.94    4.38
 -57731.084    44.875    -2.08    4.77
 -57354.955    44.897     0.06    4.60
 -56978.828    46.271     3.65    4.10
 -56602.703    46.991     1.92    4.15
 -56226.581    49.010     5.37    4.25
 -55850.460    49.578     1.51    4.19
 -55474.342    49.963     1.02    4.23
 -55098.225    50.194     0.61    4.06
 -54722.111    50.749     1.48    3.97
 -54345.998    52.322     4.18    4.36
 -53969.888    54.591     6.03    5.09
 -53593.780    57.334     7.29    4.65
 -53217.673    59.354     5.37    3.98
 -52841.569    59.546     0.51    3.82
 -52465.467    59.373    -0.46    4.13
 -52089.367    58.381    -2.64    4.67
 -51713.268    57.202    -3.13    4.54
 -51337.172    56.496    -1.88    4.41
 -50961.078    57.036     1.43    3.83
 -50584.986    58.249     3.23    4.05
 -50208.896    58.841     1.57    3.37
 -49832.808    58.605    -0.63    3.69
 -49456.721    57.168    -3.82    4.55
 -49080.637    55.065    -5.59    3.59
 -48704.555    53.381    -4.48    3.37
 -48328.475    51.199    -5.80    3.16
 -47952.397    48.716    -6.60    4.17
 -47576.321    48.334    -1.02    4.31
 -47200.247    47.956    -1.01    4.72
 -46824.175    48.388     1.15    4.68
 -46448.105    48.834     1.18    3.56
 -46072.037    48.732    -0.27    3.40
 -45695.971    46.912    -4.84    3.30
 -45319.907    46.091    -2.18    3.50
 -44943.845    45.442    -1.72    3.09
 -44567.785    46.119     1.80    3.49
 -44191.726    48.196     5.52    3.90
 -43815.670    50.466     6.04    3.77
 -43439.616    52.551     5.54    3.34
 -43063.564    54.117     4.17    3.37
 -42687.514    55.012     2.38    3.91
 -42311.466    55.809     2.12    3.81
 -41935.420    56.199     1.04    3.81
 -41559.375    55.966    -0.62    3.98
 -41183.333    56.644     1.80    3.69
 -40807.293    54.902    -4.63    4.06
 -40431.255    54.199    -1.87    3.60
 -40055.218    54.869     1.78    3.08
 -39679.184    54.168    -1.86    3.61
 -39303.152    54.783     1.64    3.69
 -38927.121    55.369     1.56    3.96
 -38551.093    55.486     0.31    3.94
 -38175.066    54.902    -1.55    4.23
 -37799.042    53.424    -3.93    4.72
 -37423.019    51.191    -5.94    4.41
 -37046.998    50.253    -2.49    3.18
 -36670.980    49.433    -2.18    3.91
 -36294.963    49.170    -0.70    3.89
 -35918.948    48.441    -1.94    4.00
 -35542.936    47.821    -1.65    3.94
 -35166.925    47.066    -2.01    3.97
 -34790.916    45.758    -3.48    4.39
 -34414.909    44.929    -2.20    4.51
 -34038.904    43.632    -3.45    4.99
 -33662.901    44.334     1.87    4.41
 -33286.900    43.775    -1.49    4.45
 -32910.900    42.168    -4.27    4.63
 -32534.903    40.702    -3.90    4.61
 -32158.908    38.416    -6.08    4.58
 -31782.915    36.065    -6.25    2.44
 -31406.923    36.147     0.22    2.39
 -31030.934    35.433    -1.90    2.89
 -30654.946    35.091    -0.91    2.70
 -30278.960    35.381     0.77    2.87
 -29902.977    34.933    -1.19    2.83
 -29526.995    35.424     1.31    2.44
 -29151.015    34.341    -2.88    3.37
 -28775.037    33.966    -1.00    3.41
 -28399.061    33.527    -1.17    2.97
 -28023.087    33.834     0.82    2.77
 -27647.114    32.632    -3.20    4.40
 -27271.144    29.496    -8.34    7.05
 -26895.176    26.875    -6.97    7.39
 -26519.209    22.989   -10.34    7.99
 -26143.245    21.334    -4.40    7.77
 -25767.282    20.891    -1.18    6.96
 -25391.321    19.706    -3.15    6.33
 -25015.362    20.012     0.81    5.14
 -24639.405    19.565    -1.19    4.96
 -24263.450    18.604    -2.56    4.62
 -23887.497    18.565    -0.10    4.96
 -23511.546    19.063     1.33    5.08
 -23135.596    20.501     3.83    6.22
 -22759.649    23.369     7.63    6.85
 -22383.703    26.116     7.31    5.79
 -22007.759    27.681     4.16    4.93
 -21631.818    29.777     5.58    2.51
 -21255.878    29.848     0.19    2.13
 -20879.940    29.496    -0.93    2.50
 -20504.003    29.538     0.11    2.39
 -20128.069    29.578     0.11    2.40
 -19752.137    29.334    -0.65    2.31
 -19376.206    28.266    -2.84    3.23
 -19000.277    26.912    -3.60    4.70
 -18624.351    26.065    -2.25    4.35
 -18248.426    25.524    -1.44    4.76
 -17872.312    25.989     1.24    5.11
 -17496.009    27.886     5.04    3.94
 -17119.709    28.313     1.14    3.78
 -16743.411    27.245    -2.84    5.26
 -16367.114    26.452    -2.11    5.66
 -15990.820    23.881    -6.83    7.45
 -15614.527    20.424    -9.18    7.83
 -15238.236    16.591   -10.19    8.08
 -14861.947    12.740   -10.24    6.41
 -14485.660    12.117    -1.65    5.36
 -14109.375    13.010     2.37    5.27
 -13733.091    14.655     4.37    5.21
 -13356.809    16.172     4.03    5.05
 -12980.530    18.424     5.99    4.66
 -12604.252    19.886     3.88    4.69
 -12227.976    21.117     3.27    3.34
 -11851.701    22.361     3.31    1.33
 -11475.429    22.450     0.24    1.31
 -11099.159    22.142    -0.82    1.39
 -10722.890    21.980    -0.43    1.33
 -10346.623    21.578    -1.07    1.27
  -9970.358    21.686     0.29    1.44
  -9594.095    21.713     0.07    1.44
  -9217.833    21.835     0.32    1.41
  -8841.574    20.997    -2.23    2.29
  -8465.316    19.117    -5.00    4.52
  -8089.060    17.630    -3.95    4.54
  -7712.806    15.897    -4.61    4.00
  -7336.554    16.194     0.79    3.27
  -6960.304    16.496     0.80    3.09
  -6584.055    15.347    -3.05    3.54
  -6207.809    15.670     0.86    3.69
  -5831.564    15.802     0.35    3.92
  -5455.321    15.644    -0.42    3.72
  -5079.079    15.809     0.44    3.89
  -4702.840    15.424    -1.02    3.99
  -4326.602    14.821    -1.60    3.82
  -3950.366    14.907     0.23    3.91
  -3574.132    14.986     0.21    3.73
  -3197.900    13.524    -3.89    4.52
  -2821.670    12.686    -2.23    4.90
  -2445.441    11.667    -2.71    5.06
  -2069.214    10.142    -4.05    5.19
  -1692.989     7.937    -5.86    5.58
  -1316.766     5.174    -7.34    4.82
   -940.545     2.681    -6.63    4.26
   -564.325     0.619    -5.48    1.78
   -188.107     0.117    -1.33    0.28
    188.109     0.459     0.91    2.02
    564.323     2.538     5.53    5.32
    940.536     4.821     6.07    7.18
   1316.746     7.963     8.35    8.07
   1692.955    11.066     8.25    7.55
   2069.162    14.388     8.83    6.34
   2445.368    16.758     6.30    5.48
   2821.571    20.551    10.08    7.54
   3197.773    22.686     5.68    8.16
   3573.973    23.253     1.51    7.87
   3950.171    23.834     1.54    7.45
   4326.368    20.347    -9.27    4.22
   4702.562    19.166    -3.14    2.85
   5078.755    18.740    -1.13    4.38
   5454.946    16.322    -6.43    6.31
   5831.136    13.341    -7.92    6.89
   6207.323    10.696    -7.03    6.71
   6583.509     8.501    -5.83    5.60
   6959.693     8.196    -0.81    5.58
   7335.875     8.174    -0.06    5.27
   7712.056     9.354     3.14    5.72
   8088.235    11.666     6.15    6.25
   8464.412    13.619     5.19    5.72
   8840.587    12.347    -3.38    6.40
   9216.761    11.459    -2.36    6.20
   9592.932    10.929    -1.41    5.86
   9969.102     9.253    -4.45    4.82
  10345.271     7.591    -4.42    4.33
  10721.437     6.989    -1.60    3.77
  11097.602     8.041     2.80    4.95
  11473.765    10.659     6.96    5.70
  11849.926    15.366    12.51    5.63
  12226.086    18.907     9.41    3.82
  12602.244    19.881     2.59    2.93
  12978.400    20.334     1.21    2.52
  13354.554    22.117     4.74    4.21
  13730.707    24.713     6.90    5.30
  14106.858    27.480     7.36    4.69
  14483.007    28.144     1.76    3.53
  14859.155    28.202     0.16    3.33
  15235.300    28.886     1.82    4.03
  15611.444    30.809     5.11    5.05
  15987.587    32.813     5.33    5.11
  16363.727    35.280     6.56    3.93
  16739.866    36.415     3.02    3.62
  17116.003    37.065     1.73    2.63
  17492.139    37.441     1.00    2.78
  17868.273    38.145     1.87    2.59
  18244.405    38.091    -0.14    2.85
  18620.535    38.933     2.24    2.40
  18996.664    39.354     1.12    2.47
  19372.790    39.307    -0.12    2.26
  19748.916    39.424     0.31    2.25
  20125.039    39.117    -0.82    2.30
  20501.161    38.813    -0.81    2.42
  20877.281    39.907     2.91    4.63
  21253.399    41.424     4.03    5.40
  21629.516    43.630     5.86    6.04
  22005.631    46.758     8.32    5.38
  22381.745    48.810     5.46    5.78
  22757.856    50.496     4.48    5.35
  23133.966    52.253     4.67    5.09
  23510.074    54.037     4.74    4.35
  23886.181    55.322     3.42    3.78
  24262.286    56.118     2.12    2.98
  24638.389    56.399     0.75    3.29
  25014.491    55.040    -3.61    4.66
  25390.591    54.091    -2.52    4.76
  25766.689    54.172     0.22    5.36
  26142.785    56.066     5.04    6.62
  26518.880    59.538     9.23    6.32
  26894.973    62.452     7.75    6.88
  27271.065    63.956     4.00    6.25
  27647.155    66.980     8.04    5.32
  28023.243    68.354     3.65    5.00
  28399.329    68.630     0.73    5.01
  28775.414    67.779    -2.26    5.02
  29151.497    64.065    -9.87    6.27
  29527.579    61.881    -5.81    5.71
  29903.659    61.036    -2.25    6.00
  30279.737    61.578     1.44    6.35
  30655.813    60.524    -2.80    8.06
  31031.888    58.424    -5.58    7.78
  31407.962    57.219    -3.20    9.04
  31784.033    57.038    -0.48    8.00
  32160.103    57.196     0.42    6.61
  32536.171    55.655    -4.10    7.72
  32912.238    53.681    -5.25    7.22
  33288.303    51.841    -4.89    7.02
  33664.366    49.929    -5.08    6.76
  34040.428    48.064    -4.96    6.85
  34416.488    45.524    -6.76    4.38
  34792.547    44.591    -2.48    4.61
  35168.604    42.662    -5.13    5.87
  35544.659    38.216   -11.82    7.95
  35920.712    34.196   -10.69    8.34
  36296.764    29.341   -12.91    8.17
  36672.815    24.117   -13.89   10.42
  37048.863    20.334   -10.06    9.57
  37424.910    17.486    -7.57    8.92
  37800.956    14.959    -6.72    7.51
  38177.000    14.989     0.08    6.64
  38553.042    16.415     3.79    6.90
  38929.083    19.565     8.38    7.49
  39305.122    22.691     8.31    6.63
  39681.159    23.920     3.27    6.36
  40057.195    24.821     2.40    5.28
  40433.229    24.686    -0.36    5.63
  40809.261    24.469    -0.57    6.14
  41185.292    24.226    -0.65    6.02
  41561.322    23.508    -1.91    6.02
  41937.349    21.716    -4.76    7.11
  42313.376    18.696    -8.03    7.02
  42689.400    15.794    -7.72    7.28
  43065.423    13.578    -5.89    7.21
  43441.444    13.012    -1.51    6.72
  43817.464    14.424     3.76    8.03
  44193.482    18.956    12.05    9.10
  44569.499    22.732    10.04    8.92
  44945.514    26.508    10.04    6.51
  45321.527    27.775     3.37    4.88
  45697.539    27.316    -1.22    4.90
  46073.549    26.637    -1.81    4.56
  46449.558    27.501     2.30    3.35
  46825.565    28.794     3.44    3.80
  47201.570    29.713     2.44    3.46
  47577.574    30.659     2.52    3.40
  47953.576    31.424     2.04    2.46
  48329.577    32.194     2.05    2.96
  48705.576    33.322     3.00    2.49
  49081.574    33.415     0.25    2.78
  49457.570    33.907     1.31    2.96
  49833.565    33.655    -0.67    3.20
  50209.557    34.091     1.16    3.16
  50585.549    34.659     1.51    2.73
  50961.539    35.347     1.83    2.29
  51337.527    35.786     1.17    2.10
  51713.513    32.929    -7.60    6.23
  52089.499    28.617   -11.47    9.29
  52465.482    26.935    -4.48   10.36
  52841.464    28.271     3.55   10.35
  53217.444    29.670     3.72   10.17
  53593.423    28.929    -1.97   10.92
  53969.401    23.659   -14.02   12.61
  54345.377    18.036   -14.96   10.58
  54721.351    18.749     1.90    9.46
  55097.323    24.775    16.03   10.26
  55473.295    31.524    17.95    7.81
  55849.264    35.706    11.13    3.43
  56225.232    36.578     2.32    2.40
  56601.199    36.527    -0.14    2.14
  56977.164    35.591    -2.49    2.58
  57353.391    34.194    -3.71    2.81
  57729.664    33.010    -3.15    2.60
  58105.936    32.551    -1.22    2.16
  58482.206    32.956     1.08    2.10
  58858.474    34.303     3.58    2.12
  59234.741    35.501     3.18    1.60
  59611.006    35.655     0.41    1.50
  59987.270    35.036    -1.65    2.81
  60363.533    33.706    -3.53    3.02
  60739.794    32.230    -3.92    2.64
  61116.053    32.117    -0.30    2.48
  61492.311    31.501    -1.64    2.99
  61868.567    30.659    -2.24    3.26
  62244.822    30.854     0.52    3.54
  62621.075    30.886     0.08    3.21
  62997.327    31.366     1.28    2.80
  63373.577    32.578     3.22    2.47
  63749.826    33.117     1.43    2.60
  64126.073    33.706     1.57    2.15
  64502.319    33.397    -0.82    2.21
  64878.563    33.740     0.91    2.25
  65254.806    33.091    -1.72    2.33
  65631.047    33.065    -0.07    2.36
  66007.287    33.168     0.27    2.31
  66383.525    33.320     0.40    2.10
  66759.762    33.912     1.57    2.14
  67135.997    34.563     1.73    1.52
  67512.231    36.286     4.58    2.84
  67888.463    41.065    12.70    8.31
  68264.694    44.775     9.86    8.65
  68640.923    49.065    11.40    8.07
  69017.151    51.591     6.71    6.52
  69393.377    52.916     3.52    6.53
  69769.602    55.591     7.11    5.26
  70145.826    56.816     3.26    5.23
  70522.048    57.322     1.34    5.26
  70898.268    56.424    -2.39    5.83
  71274.487    53.632    -7.42    6.66
  71650.705    50.848    -7.40    6.38
  72026.921    51.170     0.86    6.91
  72403.135    51.783     1.63    7.31
  72779.348    52.524     1.97    6.66
  73155.560    54.216     4.50    6.80
  73531.770    55.512     3.44    6.56
  73907.979    57.442     5.13    6.70
  74284.186    60.275     7.53    5.56
  74660.392    61.219     2.51    5.71
  75036.596    62.249     2.74    5.03
  75412.799    61.286    -2.56    5.34
  75789.000    61.373     0.23    4.89
  76165.200    61.786     1.10    4.63
  76541.399    63.091     3.47    5.50
  76917.596    65.245     5.73    5.71
  77293.792    67.720     6.58    6.08
  77669.986    70.767     8.10    6.77
  78046.179    73.361     6.90    6.54
  78422.370    74.986     4.32    5.69
  78798.560    75.512     1.40    5.93
  79174.748    75.397    -0.31    6.19
  79550.935    72.042    -8.92    7.44
  79927.121    70.271    -4.71    7.49
  80303.305    70.929     1.75    6.92
  80679.488    69.091    -4.89    7.81
  81055.669    65.065   -10.70    8.63
  81431.849    61.527    -9.40    9.24
  81808.027    55.924   -14.89    6.02
  82184.204    52.553    -8.96    5.50
  82560.380    50.313    -5.95    3.58
  82936.554    49.219    -2.91    3.38
  83312.727    50.373     3.07    3.91
  83688.898    51.966     4.23    5.09
  84065.068    52.956     2.63    5.31
  84441.236    53.875     2.44    5.90
  84817.404    53.902     0.07    5.98
  85193.569    53.989     0.23    5.96
  85569.734    53.578    -1.09    5.38
  85945.896    53.065    -1.36    5.42
  86322.058    53.553     1.30    5.56
  86698.218    52.381    -3.12    4.37
  87074.377    52.442     0.16    4.15
  87450.534    52.732     0.77    4.56
  87826.690    54.040     3.48    4.86
  88202.844    55.199     3.08    4.64
  88578.997    55.937     1.96    4.46
  88955.149    54.956    -2.61    4.54
  89331.299    54.551    -1.08    4.47
  89707.448    54.881     0.88    3.98
  90083.595    54.654    -0.60    3.14
  90459.742    55.783     3.00    3.67
  90835.886    56.706     2.45    3.66
  91212.030    57.980     3.39    4.20
  91588.172    59.219     3.29    4.45
  91964.312    60.415     3.18    4.05
  92340.451    62.604     5.82    4.11
  92716.589    63.302     1.85    4.01
  93092.726    63.875     1.52    3.77
  93468.861    63.280    -1.58    4.07
  93844.995    62.296    -2.62    3.83
  94221.127    62.424     0.34    4.34
  94597.258    62.869     1.18    4.99
  94973.387    64.933     5.49    5.53
  95349.516    66.302     3.64    6.34
  95725.643    67.929     4.33    6.88
  96101.768    68.551     1.65    5.93
  96477.892    69.805     3.34    5.69
  96854.015    72.296     6.62    8.33
  97230.137    74.373     5.52    7.86
  97606.257    75.202     2.20    7.12
  97982.375    76.937     4.61    6.56
  98358.493    79.647     7.20    6.26
  98734.609    82.486     7.55    7.53
  99110.724    86.758    11.36    8.64
  99486.837    90.407     9.70    8.64
  99862.949    91.956     4.12    7.44
 100239.060    93.644     4.49    5.78
 100615.169    93.841     0.52    5.48
 100991.277    91.524    -6.16    6.23
 101367.384    90.196    -3.53    6.58
 101743.489    89.713    -1.29    7.65
 102119.593    91.091     3.66    8.19
 102495.695    92.713     4.31    8.22
 102871.797    94.291     4.20    7.32
 103247.897    95.347     2.81    6.92
 103623.995    95.866     1.38    6.58
 104000.093    96.202     0.89    6.12
 104376.189    96.553     0.93    5.21
 104752.284    96.881     0.87    4.50
 105128.377    97.424     1.45    4.71
 105504.469    97.245    -0.48    4.63
 105880.560    96.091    -3.07    5.31
 106256.649    94.730    -3.62    6.10
 106632.737    95.065     0.89    5.64
 107008.824    95.809     1.98    5.65
 107384.910    97.786     5.26    4.93
 107760.994    96.937    -2.26    5.54
 108137.077    96.091    -2.25    5.85
 108513.158    94.145    -5.17    6.41
 108889.238    92.524    -4.31    6.13
 109265.317    89.740    -7.40    6.85
 109641.395    85.835   -10.38    7.46
 110017.471    82.591    -8.62    9.31
 110393.546    78.821   -10.03    9.21
 110769.620    74.373   -11.83    6.81
 111145.693    71.591    -7.40    5.94
 111521.764    72.433     2.24    7.59
 111897.834    75.659     8.58    9.44
 112273.902    80.441    12.72    9.76
 112649.970    84.644    11.18    6.37
 113026.036    83.983    -1.76    6.36
 113402.101    83.828    -0.41    7.46
 113778.164    80.480    -8.90    8.71
 114154.226    79.245    -3.28    8.49
 114530.287    78.604    -1.70   10.52
 114906.347    79.263     1.75   11.01
 115282.405    81.010     4.65   10.79
 115658.462    80.983    -0.07    9.79
 116034.518    82.802     4.84   11.63
 116410.573    80.941    -4.95   12.59
 116786.626    78.578    -6.28   12.24
 117162.678    76.170    -6.40   10.90
 117538.729    74.828    -3.57    7.79
 117914.778    76.578     4.65    8.50
 118290.827    81.280    12.50   11.19
 118666.874    85.091    10.13   12.17
 119042.919    89.538    11.83   10.92
 119418.964    91.980     6.49    9.43
 119795.007    93.794     4.82    8.49
 120171.049    95.452     4.41    7.31
 120547.090    96.783     3.54    6.03
 120923.129    98.476     4.50    5.22
 121299.167    99.150     1.79    4.39
 121675.204    99.983     2.22    4.78
 122051.240    99.848    -0.36    5.03
 122427.274    99.341    -1.35    4.56
 122803.308    98.347    -2.64    5.16
 123179.340    98.253    -0.25    5.09
 123555.370   100.604     6.25    4.83
 123931.400   101.407     2.14    4.29
 124307.428   100.835    -1.52    5.07
 124683.455    98.659    -5.79    6.01
 125059.481    97.872    -2.09    5.87
 125435.506    97.450    -1.12    5.23
 125811.529    99.063     4.29    4.07
 126187.551    99.091     0.07    3.68
 126563.572    99.578     1.29    3.11
 126939.592    98.334    -3.31    3.98
 127315.610    95.706    -6.99    5.17
 127691.628    94.891    -2.17    5.27
 128067.644    93.347    -4.11    6.03
 128443.659    92.749    -1.59    7.17
 128819.672    94.202     3.86    6.99
 129195.685    95.835     4.34    6.73
 129571.696    95.644    -0.51    6.91
 129947.706    96.433     2.10    6.53
 130323.715    95.538    -2.38    7.21
 130699.722    96.040     1.33    6.92
 131075.729    95.578    -1.23    6.80
 131451.734    93.758    -4.84    7.08
 131827.738    91.191    -6.83    7.52
 132203.787    87.258   -10.46    9.50
 132580.033    83.929    -8.85    9.60
 132956.278    75.929   -21.26   11.37
 133332.521    70.226   -15.16   11.12
 133708.764    65.767   -11.85   10.19
 134085.005    63.008    -7.33    7.56
 134461.245    59.666    -8.88    7.12
 134837.484    56.381    -8.73    6.19
 135213.722    53.983    -6.37    5.09
 135589.958    51.937    -5.44    3.85
 135966.193    53.091     3.07    6.48
 136342.428    59.538    17.14   12.77
 136718.660    66.848    19.43   14.27
 137094.892    74.399    20.07   12.35
 137471.123    81.424    18.67    7.90
 137847.352    82.681     3.34    7.92
 138223.581    81.219    -3.88    8.34
 138599.808    81.216    -0.01    8.59
 138976.034    80.659    -1.48    8.46
 139352.258    78.875    -4.74    9.88
 139728.482    79.875     2.66    8.88
 140104.704    85.361    14.58   10.71
 140480.926    89.063     9.84   10.69
 140857.146    94.959    15.67    8.34
 141233.365    98.194     8.60    6.29
 141609.582    97.828    -0.97    6.54
 141985.799    96.249    -4.20    8.83
 142362.014    90.835   -14.39   10.99
 142738.229    84.219   -17.58   11.87
 143114.442    80.010   -11.19   10.22
 143490.654    78.527    -3.94    8.41
 143866.865    83.480    13.17    9.34
 144243.075    88.144    12.40    8.07
 144619.283    90.091     5.18    7.19
 144995.491    92.904     7.48    5.92
 145371.697    93.065     0.43    7.74
 145747.902    93.433     0.98    8.29
 146124.106    95.037     4.26    9.27
 146500.309    96.956     5.10    9.78
 146876.511    99.036     5.53    9.25
 147252.711   101.565     6.72    7.91
 147628.911   102.433     2.31    5.98
 148005.109   101.253    -3.14    6.50
 148381.306    99.322    -5.13    8.14
 148757.503    96.604    -7.22    8.86
 149133.698    93.296    -8.79    9.74
 149509.891    86.253   -18.72    8.98
 149886.084    81.541   -12.53    9.88
 150262.276    77.605   -10.46    6.96
 150638.466    77.929     0.86    7.83
 151014.656    78.632     1.87    8.71
 151390.844    80.091     3.88    8.91
 151767.031    79.040    -2.79    8.83
 152143.217    75.373    -9.75    8.04
 152519.402    71.869    -9.32    7.14
 152895.586    69.065    -7.45    5.08
 153271.769    68.869    -0.52    4.38
 153647.950    71.170     6.12    5.28
 154024.131    74.271     8.24    5.20
 154400.310    77.118     7.57    5.28
 154776.489    79.065     5.17    4.52
 155152.666    80.854     4.76    4.58
 155528.842    81.641     2.09    4.41
 155905.017    81.253    -1.03    5.11
 156281.191    81.347     0.25    5.82
 156657.364    81.860     1.36    5.86
 157033.536    80.647    -3.23    5.92
 157409.706    80.334    -0.83    4.51
 157785.876    80.147    -0.50    4.41
 158162.044    78.881    -3.37    5.04
 158538.212    75.783    -8.23    6.07
 158914.378    73.702    -5.53    5.41
 159290.543    73.116    -1.56    5.50
 159666.708    74.145     2.74    5.52
 160042.871    76.591     6.50    5.30
 160419.033    77.328     1.96    5.28
 160795.194    76.881    -1.19    5.55
 161171.354    76.144    -1.96    5.71
 161547.513    74.226    -5.10    6.12
 161923.670    73.216    -2.69    5.64
 162299.827    72.702    -1.37    5.26
 162675.983    73.666     2.56    5.35
 163052.137    75.328     4.42    4.66
 163428.291    77.091     4.69    3.70
 163804.443    78.659     4.17    4.00
 164180.595    79.442     2.08    4.12
 164556.745    80.821     3.66    4.26
 164932.894    81.937     2.97    4.30
 165309.043    83.064     3.00    4.08
 165685.190    83.941     2.33    3.47
 166061.336    84.553     1.63    3.14
 166437.481    84.538    -0.04    3.75
 166813.625    84.037    -1.33    4.01
 167189.768    84.553     1.37    3.96
 167565.910    85.407     2.27    3.99
 167942.051    86.813     3.74    3.69
 168318.191    87.219     1.08    3.43
 168694.330    87.647     1.14    3.95
 169070.468    87.194    -1.20    4.07
 169446.605    85.937    -3.34    3.83
 169822.741    84.940    -2.65    3.59
 170198.875    81.983    -7.86    4.06
 170575.009    80.605    -3.66    3.54
 170951.142    80.469    -0.36    3.23
 171327.273    80.538     0.18    3.16
 171703.404    80.397    -0.38    3.08
 172079.534    80.245    -0.40    2.81
 172455.662    79.065    -3.14    2.96
 172831.790    78.091    -2.59    3.06
 173207.916    77.578    -1.37    2.76
 173584.042    76.170    -3.74    3.70
 173960.167    74.655    -4.03    4.00
 174336.290    73.952    -1.87    4.14
 174712.413    72.399    -4.13    4.55
 175088.534    71.730    -1.78    4.36
 175464.655    71.802     0.19    4.91
 175840.774    71.450    -0.93    4.99
 176216.893    70.529    -2.45    4.69
 176593.010    69.470    -2.81    5.07
