-169628.733    27.367     0.00   14.46
-169252.608    29.136     4.70   16.03
-168876.484    29.190     0.14   16.25
-168500.360    28.886    -0.81   17.03
-168124.235    26.557    -6.19   17.07
-167748.111    20.163   -17.00   17.22
-167371.987    17.325    -7.54   14.16
-166995.862    21.025     9.84   16.18
-166619.738    28.162    18.97   16.76
-166243.613    33.470    14.11   13.59
-165867.489    33.451    -0.05   14.52
-165491.365    28.352   -13.55   14.60
-165115.240    26.731    -4.31   12.76
-164739.116    32.785    16.10   11.50
-164362.992    34.361     4.19    8.27
-163986.867    36.488     5.65    8.03
-163610.743    38.242     4.66    8.55
-163234.618    39.031     2.10    8.77
-162858.494    42.572     9.41    5.83
-162482.369    40.974    -4.25    6.87
-162106.245    38.161    -7.48    7.63
-161730.120    34.873    -8.74    7.45
-161353.995    32.192    -7.13    8.73
-160977.871    30.380    -4.82   10.03
-160601.746    30.220    -0.43    8.91
-160225.622    29.978    -0.64   10.04
-159849.497    28.085    -5.03   11.03
-159473.372    29.851     4.69    9.13
-159097.247    29.623    -0.60    8.44
-158721.122    28.244    -3.67    8.90
-158344.998    24.275   -10.55   10.92
-157968.873    17.521   -17.96   11.61
-157592.748    12.505   -13.34   11.56
-157216.623     7.162   -14.20    8.93
-156840.498     4.213    -7.84    6.43
-156464.372     7.777     9.48   11.15
-156088.247    12.747    13.21   13.63
-155712.122    17.905    13.71   14.77
-155335.997    21.905    10.63   12.93
-154959.871    23.497     4.23   11.25
-154583.746    23.839     0.91   10.70
-154207.621    25.163     3.52    8.99
-153831.495    26.515     3.59    7.69
-153455.370    28.110     4.24    6.66
-153079.244    28.581     1.25    6.57
-152703.118    29.186     1.61    6.87
-152326.992    30.347     3.09    7.85
-151950.867    32.325     5.26    7.09
-151574.741    33.547     3.25    5.17
-151198.615    32.005    -4.10    6.37
-150822.489    29.426    -6.86    6.50
-150446.363    25.893    -9.39    6.95
-150070.236    22.982    -7.74    7.14
-149694.110    19.914    -8.16    8.76
-149317.984    16.085   -10.18    9.41
-148941.857    14.211    -4.98    8.98
-148565.731    12.372    -4.89    8.59
-148189.604    10.731    -4.36    7.94
-147813.477    10.920     0.50    7.35
-147437.351    11.325     1.08    6.73
-147061.224    12.596     3.38    6.81
-146685.097    15.497     7.71    6.29
-146308.970    14.188    -3.48    6.08
-145932.842    12.726    -3.89    6.06
-145556.715    10.271    -6.53    5.31
-145180.588     8.057    -5.89    3.06
-144804.460     6.031    -5.39    3.11
-144428.333     4.675    -3.61    3.49
-144052.205     3.109    -4.16    2.85
-143676.077     2.034    -2.86    1.33
-143299.949     1.525    -1.35    1.13
-142923.821     2.521     2.65    3.55
-142547.693     3.444     2.45    5.59
-142171.565     4.480     2.75    6.47
-141795.437     5.726     3.31    6.98
-141419.308     6.812     2.89    7.81
-141043.180     8.947     5.68    8.24
-140667.051    10.190     3.31    8.93
-140290.922    10.470     0.74    8.69
-139914.793    10.478     0.02    9.32
-139538.664    11.444     2.57    9.47
-139162.535    10.380    -2.83    9.45
-138786.405     7.957    -6.44    7.79
-138410.276     7.341    -1.64    6.17
-138034.146     6.495    -2.25    6.35
-137658.017     8.803     6.14    7.25
-137281.887     7.777    -2.73    6.91
-136905.757     7.217    -1.49    6.65
-136529.627     6.399    -2.17    5.89
-136153.496     4.866    -4.08    5.49
-135777.366     3.074    -4.76    3.66
-135401.235     2.290    -2.08    1.97
-135025.105     1.794    -1.32    1.73
-134648.974     1.470    -0.86    1.35
-134272.843     1.470     0.00    1.26
-133896.712     1.525     0.15    1.29
-133520.580     2.470     2.51    3.90
-133144.449     4.521     5.45    6.42
-132768.317     7.650     8.32    8.41
-132392.185    12.005    11.58    8.62
-132016.053    14.316     6.14    8.21
-131639.921    17.636     8.83    7.01
-131263.789    18.542     2.41    7.05
-130887.657    19.547     2.67    6.03
-130511.524    20.531     2.62    5.29
-130135.391    22.380     4.91    5.67
-129759.258    21.217    -3.09    7.44
-129383.125    19.525    -4.50    8.28
-129006.992    19.726     0.53    7.17
-128630.859    19.386    -0.90    6.19
-128254.725    20.275     2.36    6.79
-127878.591    21.700     3.79    6.85
-127502.457    23.331     4.33    6.87
-127126.323    24.636     3.47    6.93
-126750.189    26.290     4.40    7.55
-126374.054    27.847     4.14    7.89
-125997.919    29.893     5.44    8.02
-125621.785    32.515     6.97    6.44
-125245.649    32.886     0.99    6.87
-124869.514    32.692    -0.52    7.80
-124493.379    30.186    -6.66    9.76
-124117.243    27.505    -7.13   10.33
-123741.107    23.831    -9.77   11.24
-123364.971    19.325   -11.98   11.10
-122988.835    17.247    -5.52    9.99
-122612.698    16.444    -2.14    9.91
-122236.562    17.461     2.70    9.76
-121860.425    14.947    -6.68    9.84
-121484.288    12.411    -6.74    9.18
-121108.151    14.873     6.55   10.23
-120732.013    17.742     7.63   11.02
-120355.875    21.515    10.03   10.25
-119979.738    22.521     2.68    9.69
-119603.599    18.190   -11.51   10.72
-119227.461    13.775   -11.74   10.13
-118851.323    13.700    -0.20    9.69
-118475.184    15.942     5.96   10.17
-118099.045    18.598     7.06   10.29
-117722.906    20.623     5.39   10.23
-117346.766    21.283     1.75   10.94
-116970.626    19.163    -5.64   11.40
-116594.487    16.650    -6.68   10.60
-116218.346    13.407    -8.62    9.46
-115842.206    14.511     2.94    9.66
-115466.065    14.001    -1.36    9.63
-115089.925    11.393    -6.93    8.89
-114713.784     9.854    -4.09    7.51
-114337.642     7.005    -7.58    5.96
-113961.501     6.839    -0.44    5.83
-113585.359     5.726    -2.96    3.90
-113209.217     4.584    -3.04    2.16
-112833.075     4.414    -0.45    1.68
-112456.932     4.461     0.12    2.08
-112080.812     5.081     1.65    3.37
-111704.723     4.899    -0.48    3.14
-111328.633     4.829    -0.19    1.82
-110952.543     4.605    -0.59    1.29
-110576.453     4.820     0.57    1.45
-110200.363     5.704     2.35    3.10
-109824.272     7.886     5.80    5.10
-109448.181    10.470     6.87    6.66
-109072.090    10.082    -1.03    6.96
-108695.999    10.598     1.37    7.09
-108319.907    10.982     1.02    6.41
-107943.816    11.242     0.69    6.04
-107567.723    11.461     0.58    6.02
-107191.631    11.059    -1.07    6.18
-106815.538     9.636    -3.78    6.05
-106439.445     8.081    -4.14    5.90
-106063.352     7.325    -2.01    5.20
-105687.259     7.352     0.07    5.27
-105311.165     7.352     0.00    5.62
-104935.071     8.242     2.36    6.38
-104558.976     9.261     2.71    6.89
-104182.882     9.036    -0.60    6.36
-103806.787     8.926    -0.29    5.61
-103430.692     8.553    -0.99    4.70
-103054.596     9.393     2.23    4.76
-102678.500    11.298     5.07    6.42
-102302.404    10.215    -2.88    6.70
-101926.308     9.557    -1.75    6.98
-101550.211     8.521    -2.76    6.39
-101174.114     7.434    -2.89    5.24
-100798.017     9.373     5.16    6.34
-100421.919     9.411     0.10    6.56
-100045.822    10.365     2.54    7.86
 -99669.723     8.515    -4.92    6.15
 -99293.625     8.380    -0.36    5.30
 -98917.526     8.920     1.44    5.31
 -98541.427    10.136     3.23    4.88
 -98165.328     9.831    -0.81    4.21
 -97789.228     9.786    -0.12    3.81
 -97413.128     9.084    -1.87    3.02
 -97037.028     8.812    -0.72    3.29
 -96660.927     9.367     1.48    4.07
 -96284.826     9.215    -0.40    5.05
 -95908.725     9.084    -0.35    6.35
 -95532.623    10.920     4.88    7.74
 -95156.521    11.829     2.42    8.03
 -94780.419    12.053     0.60    7.52
 -94404.316    10.426    -4.33    5.66
 -94028.214     8.264    -5.75    5.17
 -93652.110     7.379    -2.36    5.18
 -93276.007     6.367    -2.69    4.93
 -92899.903     4.190    -5.79    2.08
 -92523.799     3.775    -1.10    1.33
 -92147.694     3.380    -1.05    1.28
 -91771.589     3.275    -0.28    1.22
 -91395.484     3.347     0.19    1.21
 -91019.378     3.521     0.46    1.14
 -90643.272     4.001     1.28    1.21
 -90267.166     4.470     1.25    1.28
 -89891.059     4.572     0.27    1.45
 -89514.952     4.418    -0.41    1.52
 -89138.845     4.434     0.04    1.49
 -88762.737     4.495     0.16    1.63
 -88386.629     4.217    -0.74    1.52
 -88010.521     4.271     0.14    1.44
 -87634.412     4.217    -0.14    1.14
 -87258.303     4.045    -0.46    1.33
 -86882.194     4.316     0.72    1.37
 -86506.084     4.470     0.41    1.47
 -86129.974     4.470     0.00    1.33
 -85753.863     4.488     0.05    1.40
 -85377.752     4.497     0.03    1.51
 -85001.641     4.557     0.16    1.45
 -84625.529     4.547    -0.03    1.62
 -84249.417     4.893     0.92    1.85
 -83873.305     4.715    -0.47    1.91
 -83497.192     4.636    -0.21    1.80
 -83121.079     4.418    -0.58    1.62
 -82744.965     4.515     0.26    1.44
 -82368.851     4.611     0.26    1.36
 -81992.737     4.584    -0.07    1.29
 -81616.622     4.731     0.39    1.28
 -81240.507     4.677    -0.14    1.35
 -80864.392     4.608    -0.18    1.38
 -80488.276     4.803     0.52    1.32
 -80112.160     4.752    -0.14    2.16
 -79736.043     4.470    -0.75    1.35
 -79359.926     4.505     0.09    1.28
 -78983.809     4.581     0.20    1.52
 -78607.691     4.914     0.89    1.77
 -78231.573     5.188     0.73    1.81
 -77855.454     5.136    -0.14    1.83
 -77479.335     4.820    -0.84    1.66
 -77103.216     4.847     0.07    1.63
 -76727.096     5.411     1.50    1.99
 -76350.976     5.488     0.20    2.00
 -75974.855     5.936     1.19    2.21
 -75598.734     5.675    -0.70    2.27
 -75222.612     4.886    -2.10    2.12
 -74846.491     4.028    -2.28    1.49
 -74470.368     3.974    -0.14    1.26
 -74094.246     4.084     0.29    1.77
 -73718.122     4.264     0.48    2.00
 -73341.999     4.831     1.51    2.33
 -72965.875     6.561     4.60    3.60
 -72589.751     8.663     5.59    6.11
 -72213.626    10.839     5.79    6.42
 -71837.500    12.689     4.92    6.47
 -71461.375    13.572     2.35    6.15
 -71085.249    11.478    -5.57    5.87
 -70709.122     9.331    -5.71    5.85
 -70332.995     6.547    -7.40    4.55
 -69956.868     3.747    -7.44    1.18
 -69580.740     3.511    -0.63    1.21
 -69204.612     4.034     1.39    1.70
 -68828.483     4.908     2.32    2.46
 -68452.354     5.812     2.40    2.29
 -68076.224     5.434    -1.01    2.13
 -67700.094     4.742    -1.84    2.14
 -67323.964     4.367    -1.00    1.97
 -66947.833     4.220    -0.39    1.92
 -66571.701     4.673     1.21    2.20
 -66195.569     4.649    -0.06    2.14
 -65819.437     4.515    -0.36    1.88
 -65443.304     4.217    -0.79    1.66
 -65067.171     4.268     0.13    1.66
 -64691.037     4.957     1.83    1.94
 -64314.903     5.275     0.85    1.96
 -63938.769     5.700     1.13    1.82
 -63562.634     5.470    -0.61    1.85
 -63186.498     5.373    -0.26    2.14
 -62810.362     5.521     0.39    2.18
 -62434.226     5.636     0.31    1.98
 -62058.089     5.947     0.83    1.54
 -61681.951     5.920    -0.07    1.32
 -61305.813     5.407    -1.37    1.28
 -60929.675     5.188    -0.58    1.28
 -60553.536     4.974    -0.57    1.07
 -60177.397     5.111     0.36    1.27
 -59801.257     5.213     0.27    1.26
 -59425.117     5.213     0.00    1.31
 -59048.976     5.190    -0.06    1.39
 -58672.835     5.393     0.54    1.23
 -58296.693     5.547     0.41    1.04
 -57920.551     5.581     0.09    1.03
 -57544.408     5.715     0.36    1.27
 -57168.265     5.785     0.19    1.30
 -56792.121     5.839     0.14    1.35
 -56415.977     5.952     0.30    1.35
 -56039.832     5.480    -1.25    1.10
 -55663.687     4.880    -1.60    1.21
 -55287.541     4.598    -0.75    1.14
 -54911.395     4.331    -0.71    1.24
 -54535.248     4.393     0.16    1.23
 -54159.101     4.461     0.18    1.13
 -53782.953     4.470     0.02    1.11
 -53406.805     4.110    -0.96    1.20
 -53030.656     3.794    -0.84    1.17
 -52654.507     3.893     0.26    1.42
 -52278.357     4.521     1.67    1.94
 -51902.207     6.486     5.22    3.86
 -51526.056     9.164     7.12    4.58
 -51149.905    10.893     4.60    5.38
 -50773.753    11.380     1.29    5.98
 -50397.600     9.434    -5.17    6.10
 -50021.447     6.542    -7.69    4.02
 -49645.294     4.793    -4.65    1.78
 -49269.140     4.470    -0.86    1.24
 -48892.986     4.547     0.20    1.19
 -48516.831     4.461    -0.23    1.25
 -48140.675     4.470     0.02    1.15
 -47764.519     4.997     1.40    1.25
 -47388.362     5.320     0.86    1.29
 -47012.205     5.572     0.67    1.21
 -46636.047     5.752     0.48    1.14
 -46259.889     6.055     0.81    1.28
 -45883.730     6.110     0.15    1.24
 -45507.571     6.316     0.55    1.35
 -45131.411     6.542     0.60    1.21
 -44755.251     6.957     1.10    1.30
 -44379.090     7.325     0.98    1.56
 -44002.928     7.569     0.65    1.44
 -43626.766     7.920     0.93    1.25
 -43250.603     8.025     0.28    0.98
 -42874.440     7.982    -0.11    1.09
 -42498.276     7.911    -0.19    1.17
 -42122.112     8.001     0.24    1.16
 -41745.947     8.061     0.16    1.38
 -41369.782     8.084     0.06    1.49
 -40993.616     7.470    -1.63    1.98
 -40617.449     6.704    -2.04    1.79
 -40241.282     6.598    -0.28    1.83
 -39865.114     8.442     4.90    3.48
 -39488.946     8.488     0.12    5.45
 -39112.777     6.531    -5.20    6.99
 -38736.608     3.136    -9.02    6.49
 -38360.438     0.136    -7.98    3.53
 -37984.267    -0.864    -2.66    0.00
 -37608.096     0.081     2.51    4.13
 -37231.924     4.244    11.07    8.95
 -36855.849     9.704    14.52   11.07
 -36479.800    14.926    13.89   11.06
 -36103.750    20.036    13.59    8.16
 -35727.700    23.434     9.03    2.86
 -35351.649    23.059    -1.00    2.85
 -34975.598    22.399    -1.75    2.93
 -34599.546    23.084     1.82    2.59
 -34223.493    21.893    -3.17    6.12
 -33847.440    22.086     0.51    5.50
 -33471.386    20.057    -5.40    6.82
 -33095.332    17.190    -7.62    8.14
 -32719.277    12.893   -11.43    9.07
 -32343.221     8.679   -11.21    7.75
 -31967.165     7.162    -4.03    7.12
 -31591.108     4.649    -6.68    5.08
 -31215.051     3.108    -4.10    2.41
 -30838.993     4.271     3.09    3.58
 -30462.935     7.352     8.19    7.30
 -30086.875    10.352     7.98    8.57
 -29710.815    13.236     7.67    8.98
 -29334.755    13.325     0.24    9.57
 -28958.694    11.136    -5.82   10.04
 -28582.632    10.320    -2.17    9.91
 -28206.570    11.188     2.31   10.09
 -27830.507    13.082     5.04   10.85
 -27454.444    15.502     6.43   10.73
 -27078.379    17.320     4.84   10.58
 -26702.315    18.442     2.98   10.38
 -26326.249    20.217     4.72    8.48
 -25950.183    21.325     2.95    6.33
 -25574.116    21.650     0.86    4.46
 -25198.049    20.700    -2.52    4.77
 -24821.981    20.622    -0.21    4.47
 -24445.912    19.623    -2.66    4.48
 -24069.843    20.136     1.36    3.90
 -23693.773    21.608     3.91    4.16
 -23317.703    23.008     3.72    4.11
 -22941.631    23.242     0.62    4.30
 -22565.560    21.880    -3.62    5.88
 -22189.487    19.947    -5.14    7.59
 -21813.414    16.880    -8.16    8.98
 -21437.340    12.974   -10.39    8.65
 -21061.266    11.905    -2.84    7.88
 -20685.191    11.264    -1.70    7.21
 -20309.115    11.303     0.10    7.32
 -19933.039    11.677     0.99    7.64
 -19556.961    11.704     0.07    8.61
 -19180.884    11.217    -1.29    9.34
 -18804.805    12.294     2.86   10.17
 -18428.726    12.553     0.69    9.94
 -18052.646    12.186    -0.97    9.53
 -17676.566    11.347    -2.23    9.04
 -17300.485    11.704     0.95    8.41
 -16924.403    11.700    -0.01    8.07
 -16548.321    11.847     0.39    7.53
 -16172.238    13.268     3.78    7.78
 -15796.154    13.380     0.30    7.36
 -15420.070    13.316    -0.17    7.11
 -15043.984    14.303     2.62    6.85
 -14667.899    16.521     5.90    6.51
 -14291.812    17.803     3.41    6.19
 -13915.725    18.418     1.63    5.46
 -13539.637    17.596    -2.19    4.67
 -13163.548    15.488    -5.61    4.39
 -12787.459    13.785    -4.53    3.67
 -12411.369    12.677    -2.95    2.16
 -12035.279    12.947     0.72    2.13
 -11659.187    13.636     1.83    2.25
 -11283.095    14.418     2.08    2.32
 -10907.003    14.584     0.44    2.68
 -10530.909    14.610     0.07    2.53
 -10154.815    14.598    -0.03    2.35
  -9778.720    14.521    -0.20    2.15
  -9402.625    14.569     0.13    2.23
  -9026.528    14.341    -0.60    2.12
  -8650.431    13.442    -2.39    2.35
  -8274.334    12.803    -1.70    2.33
  -7898.235    12.752    -0.14    2.52
  -7522.136    13.136     1.02    2.90
  -7146.036    13.341     0.55    2.98
  -6769.936    13.704     0.96    2.62
  -6393.835    14.190     1.29    2.16
  -6017.733    14.829     1.70    1.76
  -5641.630    14.636    -0.51    1.52
  -5265.526    14.521    -0.31    1.99
  -4889.422    14.367    -0.41    2.17
  -4513.317    15.001     1.69    2.07
  -4137.212    15.495     1.31    1.81
  -3761.105    15.521     0.07    2.42
  -3384.998    16.444     2.45    2.88
  -3008.891    17.942     3.98    3.80
  -2632.782    19.794     4.93    4.02
  -2256.673    21.947     5.72    2.69
  -1880.563    21.163    -2.08    6.00
  -1504.452    16.974   -11.14   10.13
  -1128.341    11.293   -15.11   11.72
   -752.228     5.393   -15.69   10.11
   -376.115     0.931   -11.86    5.76
     -0.002    -0.864    -4.77    0.00
    376.113    -0.864     0.00    0.00
    752.228    -0.642     0.59    1.33
   1128.344     1.316     5.20    4.65
   1504.461     6.752    14.45    9.68
   1880.578    10.055     8.78    9.59
   2256.697    10.461     1.08    8.58
   2632.816     8.649    -4.82    7.85
   3008.936     5.036    -9.61    4.41
   3385.056     4.082    -2.54    1.93
   3761.177     5.034     2.53    3.69
   4137.300     6.839     4.80    5.71
   4513.422     7.839     2.66    5.92
   4889.546     9.542     4.53    6.62
   5265.670    10.193     1.73    8.36
   5641.796     8.978    -3.23    9.39
   6017.921     7.136    -4.90    9.76
   6394.048     3.720    -9.08    8.82
   6770.176     0.547    -8.44    4.98
   7146.304     0.358    -0.50    5.13
   7522.433     3.926     9.48    8.76
   7898.563     5.239     3.49    9.00
   8274.694     7.031     4.76    9.22
   8650.825     6.220    -2.16    8.77
   9026.957     4.978    -3.30    8.52
   9403.090     1.736    -8.62    6.50
   9779.224    -0.864    -6.91    0.00
  10155.358     1.213     5.52    5.58
  10531.494     4.742     9.38    8.16
  10907.630     8.947    11.18    9.03
  11283.767    13.758    12.79    7.52
  11659.905    17.553    10.09    4.64
  12036.043    19.239     4.48    4.83
  12412.183    20.736     3.98    5.05
  12788.323    21.974     3.29    6.44
  13164.464    22.386     1.10    6.45
  13540.606    20.794    -4.23    7.96
  13916.748    16.294   -11.96   10.15
  14292.892     9.785   -17.31    8.37
  14669.036     5.854   -10.45    5.36
  15045.181     3.298    -6.79    2.37
  15421.327     2.720    -1.54    2.18
  15797.474     2.426    -0.78    1.35
  16173.621     3.525     2.92    3.23
  16549.769     5.700     5.78    4.92
  16925.919     8.290     6.88    5.41
  17302.069     8.765     1.26    5.11
  17678.219     9.866     2.93    4.72
  18054.371     9.515    -0.93    5.44
  18430.523     9.407    -0.29    6.04
  18806.677    12.161     7.32    7.96
  19182.831    15.244     8.20   10.22
  19558.986    16.294     2.79    8.50
  19935.142    18.188     5.03    7.31
  20311.298    17.873    -0.84    5.74
  20687.456    18.623     1.99    8.41
  21063.614    23.829    13.84   10.56
  21439.773    29.478    15.02   10.82
  21815.933    33.581    10.91    9.89
  22192.094    37.028     9.16    7.27
  22568.256    39.331     6.12    5.00
  22944.418    40.031     1.86    4.32
  23320.582    39.726    -0.81    3.98
  23696.746    39.886     0.43    4.40
  24072.911    39.399    -1.29    4.69
  24449.077    39.623     0.59    3.96
  24825.244    37.997    -4.32    5.97
  25201.412    36.931    -2.83    6.11
  25577.580    35.974    -2.54    6.08
  25953.750    35.803    -0.46    5.60
  26329.920    37.034     3.27    4.07
  26706.091    38.794     4.68    4.24
  27082.263    40.704     5.08    4.40
  27458.436    42.752     5.44    4.59
  27834.610    44.316     4.16    4.58
  28210.785    45.608     3.44    3.17
  28586.960    46.190     1.55    3.07
  28963.136    47.407     3.23    3.02
  29339.314    47.866     1.22    2.65
  29715.492    48.347     1.28    2.33
  30091.671    48.894     1.45    2.29
  30467.851    47.786    -2.94    4.44
  30844.032    46.689    -2.92    5.25
  31220.213    45.692    -2.65    6.34
  31596.396    43.880    -4.82    6.52
  31972.580    43.650    -0.61    6.07
  32348.764    42.952    -1.85    6.05
  32724.949    40.978    -5.25    6.55
  33101.135    39.880    -2.92    7.13
  33477.322    38.623    -3.34    6.70
  33853.510    40.768     5.70    7.53
  34229.699    42.711     5.17    8.19
  34605.889    44.193     3.94    7.56
  34982.080    44.488     0.78    6.26
  35358.271    42.704    -4.74    5.30
  35734.464    39.974    -7.26    4.22
  36110.657    39.109    -2.30    3.24
  36486.851    40.136     2.73    4.18
  36863.047    40.986     2.26    3.91
  37239.243    42.136     3.06    3.65
  37615.440    43.001     2.30    4.37
  37991.610    41.521    -3.94    6.05
  38367.622    40.347    -3.12    7.68
  38743.635    40.057    -0.77    8.29
  39119.649    39.244    -2.16    9.17
  39495.664    38.777    -1.24   10.26
  39871.679    38.553    -0.60    9.40
  40247.696    40.215     4.42    9.74
  40623.713    39.752    -1.23    9.53
  40999.732    40.348     1.59    8.65
  41375.751    40.290    -0.15    9.24
  41751.771    39.812    -1.27    9.82
  42127.792    41.893     5.53    9.16
  42503.814    43.163     3.38    7.44
  42879.837    44.220     2.81    5.43
  43255.861    43.926    -0.78    5.63
  43631.886    41.521    -6.40    7.20
  44007.912    41.055    -1.24    7.29
  44383.939    38.572    -6.60    7.67
  44759.967    37.649    -2.45    8.13
  45135.996    37.418    -0.61    7.96
  45512.025    38.136     1.91    9.12
  45888.056    41.880     9.96    7.50
  46264.088    40.569    -3.49    9.01
  46640.120    37.569    -7.98    9.75
  47016.154    36.650    -2.44    9.88
  47392.188    34.355    -6.10    9.40
  47768.224    36.162     4.81    9.09
  48144.260    38.373     5.88    8.54
  48520.297    40.775     6.39    8.84
  48896.336    45.569    12.75    5.13
  49272.375    47.747     5.79    3.59
  49648.415    46.952    -2.11    4.32
  50024.456    44.034    -7.76    6.72
  50400.499    43.623    -1.09    6.69
  50776.542    43.663     0.11    5.60
  51152.586    45.495     4.87    5.51
  51528.631    47.452     5.20    2.87
  51904.677    46.812    -1.70    3.91
  52280.724    43.611    -8.51    9.41
  52656.772    35.731   -20.96   16.68
  53032.821    26.596   -24.29   18.97
  53408.871    20.380   -16.53   16.91
  53784.923    19.842    -1.43   15.67
  54160.975    27.982    21.65   16.93
  54537.028    37.264    24.68   12.24
  54913.082    39.025     4.68   10.89
  55289.137    35.452    -9.50   13.96
  55665.193    33.636    -4.83   13.54
  56041.250    31.380    -6.00   12.01
  56417.308    32.264     2.35   12.41
  56793.367    30.677    -4.22   11.77
  57169.427    33.294     6.96   11.91
  57545.488    36.820     9.38   11.02
  57921.550    41.136    11.48    8.29
  58297.613    43.893     7.33    6.08
  58673.677    44.880     2.62    5.21
  59049.742    46.777     5.05    6.29
  59425.808    48.414     4.35    4.74
  59801.875    48.974     1.49    5.52
  60177.943    49.386     1.10    6.71
  60554.012    50.031     1.71    5.00
  60930.082    50.803     2.05    3.21
  61306.153    50.442    -0.96    3.58
  61682.226    49.611    -2.21    4.04
  62058.299    47.974    -4.35    4.19
  62434.373    48.136     0.43    4.10
  62810.448    48.978     2.24    3.64
  63186.524    49.829     2.26    3.29
  63562.602    48.557    -3.38    4.43
  63938.680    46.488    -5.50    4.68
  64314.760    45.880    -1.62    4.84
  64690.840    47.414     4.08    5.56
  65066.921    49.411     5.31    5.06
  65443.004    51.557     5.71    4.04
  65819.087    52.081     1.39    4.19
  66195.172    52.190     0.29    4.67
  66571.258    53.244     2.80    4.95
  66947.344    52.689    -1.48    4.55
  67323.432    51.162    -4.06    5.77
  67699.521    49.920    -3.30    6.09
  68075.611    50.561     1.70    6.11
  68451.702    52.341     4.73    5.98
  68827.794    54.084     4.63    4.46
  69203.887    55.352     3.37    3.07
  69579.981    53.905    -3.85    5.87
  69956.076    50.495    -9.07    7.36
  70332.172    48.553    -5.16    7.16
  70708.269    48.495    -0.15    6.65
  71084.367    50.303     4.81    5.74
  71460.467    51.926     4.31    5.29
  71836.567    51.418    -1.35    5.13
  72212.669    51.015    -1.07    5.28
  72588.771    50.920    -0.25    4.58
  72964.875    50.110    -2.15    3.80
  73340.980    49.515    -1.58    3.34
  73717.086    48.905    -1.62    3.19
  74093.193    47.664    -3.30    3.56
  74469.301    45.547    -5.63    5.09
  74845.410    43.059    -6.61    7.04
  75221.520    40.572    -6.61    6.12
  75597.631    38.515    -5.47    5.46
  75973.743    38.294    -0.59    3.75
  76349.857    37.820    -1.26    3.36
  76725.971    37.997     0.47    2.96
  77102.087    38.268     0.72    2.24
  77478.203    37.731    -1.43    2.48
  77854.321    34.031    -9.84    8.81
  78230.440    30.264   -10.01   12.14
  78606.560    24.511   -15.30   14.08
  78982.681    21.794    -7.22   13.56
  79358.803    21.820     0.07   14.02
  79734.927    24.812     7.95   13.94
  80111.051    29.829    13.34   12.08
  80487.177    35.758    15.76    4.61
  80863.303    36.649     2.37    2.26
  81239.431    36.470    -0.48    2.18
  81615.560    35.768    -1.87    2.55
  81991.690    36.110     0.91    2.45
  82367.821    36.008    -0.27    2.60
  82743.953    36.531     1.39    2.69
  83120.086    37.358     2.20    2.89
  83496.221    37.812     1.21    2.92
  83872.356    38.082     0.72    3.06
  84248.493    36.839    -3.31    6.24
  84624.631    36.001    -2.23    7.79
  85000.770    33.980    -5.37    8.33
  85376.910    29.111   -12.95   11.19
  85753.051    23.059   -16.09   13.58
  86129.193    17.108   -15.82   12.01
  86505.337    17.393     0.76   11.38
  86881.481    18.839     3.85   11.50
  87257.627    19.926     2.89   12.44
  87633.774    16.873    -8.12   14.40
  88009.922    11.290   -14.84   14.11
  88386.071     3.298   -21.25    8.44
  88762.221     0.136    -8.41    0.00
  89138.373     0.136     0.00    0.00
  89514.525     0.136     0.00    0.00
  89890.679     0.136     0.00    0.00
  90266.834     0.136     0.00    0.00
  90642.990     0.136     0.00    0.00
  91019.147     0.136     0.00    0.00
  91395.306     0.136     0.00    0.00
  91771.465     0.136     0.00    0.00
  92147.626     0.136     0.00    0.00
  92523.788     0.136     0.00    0.00
  92899.951     0.136     0.00    0.00
  93276.115     0.136     0.00    0.00
  93652.280     0.136     0.00    0.00
  94028.447     0.136     0.00    0.00
  94404.615     0.136     0.00    0.00
  94780.783     0.136     0.00    0.00
  95156.953     0.136     0.00    0.00
  95533.125     0.136     0.00    0.00
  95909.297     0.136     0.00    0.00
  96285.471     0.136     0.00    0.00
  96661.645     0.136     0.00    0.00
  97037.821     0.136     0.00    0.00
  97413.998     0.136     0.00    0.00
  97790.177     0.136     0.00    0.00
  98166.356     0.136     0.00    0.00
  98542.537     0.136     0.00    0.00
  98918.719     0.136     0.00    0.00
  99294.902     0.136     0.00    0.00
  99671.086     0.136     0.00    0.00
 100047.272     0.136     0.00    0.00
 100423.458     0.136     0.00    0.00
 100799.646     0.136     0.00    0.00
 101175.835     0.136     0.00    0.00
 101552.025     0.136     0.00    0.00
 101928.217     0.217     0.22    0.28
 102304.409     1.022     2.14    3.53
 102680.603     3.880     7.60   10.58
 103056.798    11.829    21.13   20.45
 103432.995    21.608    26.00   25.97
 103809.192    31.758    26.98   26.99
 104185.391    37.136    14.30   25.11
 104561.591    42.268    13.64   20.29
 104937.792    44.036     4.70   16.58
 105313.994    47.677     9.68   12.92
 105690.198    51.584    10.38   12.72
 106066.403    54.163     6.86    9.12
 106442.609    56.584     6.44    5.46
 106818.816    57.650     2.83    5.06
 107195.024    59.686     5.41    4.98
 107571.234    60.557     2.32    5.10
 107947.445    61.217     1.75    6.63
 108323.657    62.839     4.31    7.77
 108699.871    61.993    -2.25    8.88
 109076.085    58.444    -9.43   15.67
 109452.301    55.341    -8.25   19.01
 109828.518    53.222    -5.63   21.09
 110204.737    44.434   -23.36   23.27
 110580.956    34.785   -25.65   25.20
 110957.177    25.839   -23.78   21.79
 111333.399    20.752   -13.52   20.46
 111709.623    26.623    15.61   25.35
 112085.847    35.854    24.54   25.62
 112462.073    41.426    14.81   24.72
 112838.300    41.418    -0.02   20.35
 113214.398    36.704   -12.54   16.74
 113590.374    33.648    -8.13   16.61
 113966.352    35.829     5.80   20.46
 114342.330    44.692    23.57   23.45
 114718.310    52.380    20.45   26.11
 115094.291    58.542    16.39   26.35
 115470.274    68.623    26.81   19.42
 115846.257    75.931    19.44    9.06
 116222.242    77.079     3.05    8.45
 116598.229    79.213     5.68    7.27
 116974.216    80.242     2.74    6.87
 117350.205    81.081     2.23    6.62
 117726.195    82.854     4.72    4.51
 118102.186    81.320    -4.08    6.29
 118478.179    81.316    -0.01    6.88
 118854.173    82.055     1.97    6.88
 119230.168    79.059    -7.97   10.37
 119606.164    72.785   -16.69   13.03
 119982.162    66.111   -17.75   13.70
 120358.161    55.752   -27.55   14.30
 120734.162    49.720   -16.04   16.08
 121110.163    50.704     2.62   17.99
 121486.166    54.623    10.42   20.16
 121862.170    65.920    30.05   17.58
 122238.176    74.057    21.64   16.06
 122614.182    79.720    15.06   14.95
 122990.191    84.561    12.88    7.77
 123366.200    87.057     6.64    6.17
 123742.211    87.839     2.08    4.67
 124118.223    88.905     2.84    5.10
 124494.236    90.242     3.55    4.77
 124870.250    91.873     4.34    5.33
 125246.266    92.974     2.93    5.13
 125622.283    92.803    -0.46    5.03
 125998.302    92.970     0.44    4.70
 126374.322    92.905    -0.17    4.75
 126750.343    92.829    -0.20    4.51
 127126.365    93.430     1.60    4.28
 127502.389    93.893     1.23    3.85
 127878.414    94.731     2.23    3.35
 128254.441    95.952     3.25    3.70
 128630.468    93.812    -5.69    8.98
 129006.497    89.220   -12.21   13.49
 129382.528    81.521   -20.47   16.82
 129758.560    76.931   -12.21   14.76
 130134.593    78.163     3.28   13.26
 130510.627    83.136    13.22   13.56
 130886.663    86.136     7.98   12.99
 131262.700    90.239    10.91    8.83
 131638.738    90.515     0.73    9.89
 132014.778    93.136     6.97    9.57
 132390.819    95.831     7.17    6.55
 132766.861    97.008     3.13    6.25
 133142.905    97.188     0.48    5.64
 133518.950    97.230     0.11    6.21
 133894.996    99.213     5.27    7.33
 134271.044   101.677     6.55    7.03
 134647.093   105.109     9.13    4.08
 135023.144   103.418    -4.50    6.42
 135399.196    97.001   -17.06   10.84
 135775.249    89.470   -20.03   12.39
 136151.303    84.931   -12.07   10.14
 136527.359    85.488     1.48   13.43
 136903.417    92.531    18.73   15.50
 137279.475   100.829    22.06   13.21
 137655.535   106.418    14.86    7.49
 138031.597   107.515     2.92    6.78
 138407.659   107.557     0.11    7.91
 138783.723   110.109     6.79    8.34
 139159.789   113.163     8.12    9.64
 139535.856   115.596     6.47   12.00
 139911.924   116.386     2.10   15.60
 140287.993   107.316   -24.12   26.27
 140664.064    97.777   -25.36   26.67
 141040.137    89.581   -21.80   23.12
 141416.210    86.393    -8.48   18.32
 141792.285    87.386     2.64   14.66
 142168.362    95.572    21.77   17.47
 142544.440    98.242     7.10   18.33
 142920.519    99.082     2.24   21.43
 143296.600    97.947    -3.02   22.03
 143672.682    98.777     2.21   21.33
 144048.765    98.161    -1.64   21.46
 144424.850    97.108    -2.80   21.47
 144800.936    96.268    -2.24   18.86
 145177.024    98.531     6.02   19.71
 145553.113   101.380     7.57   21.49
 145929.203   111.298    26.37   19.80
 146305.295   120.736    25.09   15.89
 146681.388   123.213     6.59   19.20
 147057.483   126.829     9.61   18.46
 147433.579   126.220    -1.62   17.36
 147809.676   127.085     2.30   14.75
 148185.775   125.192    -5.03   15.67
 148561.875   124.505    -1.83   14.44
 148937.977   127.931     9.11   13.05
 149314.080   125.700    -5.93   13.79
 149690.185   123.812    -5.02   13.78
 150066.291   124.215     1.07   14.80
 150442.398   116.982   -19.23   22.40
 150818.507   106.785   -27.11   25.53
 151194.617   100.847   -15.79   24.65
 151570.728   102.352     4.00   23.73
 151946.842   109.271    18.40   22.47
 152322.956   104.109   -13.73   24.90
 152699.072   101.279    -7.52   26.32
 153075.189    94.700   -17.49   20.42
 153451.308    88.111   -17.52   17.12
 153827.428    80.692   -19.73   19.61
 154203.550    67.811   -34.25   17.07
 154579.673    56.820   -29.22   16.57
 154955.798    51.008   -15.45   16.26
 155331.924    52.794     4.75   17.88
 155708.051    60.290    19.93   20.12
 156084.180    75.275    39.84   17.47
 156460.310    84.839    25.43   11.67
 156836.442    84.290    -1.46   14.29
 157212.575    76.622   -20.39   19.43
 157588.710    62.726   -36.94   21.72
 157964.846    50.649   -32.11   14.93
 158340.983    47.190    -9.20   12.19
 158717.122    49.704     6.68   14.99
 159093.263    61.136    30.39   16.10
 159469.405    69.675    22.70   14.94
 159845.548    79.661    26.55   10.60
 160221.693    82.650     7.95    9.99
 160597.840    84.367     4.57    9.13
 160973.987    81.294    -8.17   12.14
 161350.137    74.294   -18.61   15.35
 161726.287    69.190   -13.57   12.95
 162102.440    69.411     0.59   12.54
 162478.593    71.663     5.99   11.68
 162854.749    73.358     4.51   11.18
 163230.905    73.847     1.30   11.24
 163607.063    77.970    10.96   11.97
 163983.223    82.803    12.85   14.01
 164359.384    89.623    18.13   12.33
 164735.547    92.679     8.12   11.80
 165111.711    92.109    -1.52   11.51
 165487.876    91.109    -2.66   11.30
 165864.044    86.488   -12.29   12.05
 166240.212    77.436   -24.06   16.72
 166616.382    69.731   -20.48   18.55
 166992.554    60.531   -24.46   15.91
 167368.727    55.031   -14.62    9.13
 167744.901    55.982     2.53    8.53
 168121.077    62.515    17.37   11.21
 168497.255    66.661    11.02   13.93
 168873.434    70.320     9.73   15.50
 169249.615    69.720    -1.60   16.20
 169625.797    67.028    -7.15   14.88
 170001.980    61.747   -14.04   10.43
 170378.165    58.952    -7.43    6.63
 170754.352    62.111     8.40    7.88
 171130.540    63.318     3.21    6.93
 171506.730    66.794     9.24    7.58
 171882.921    68.271     3.93    7.53
 172259.113    68.942     1.78    8.53
 172635.308    73.829    12.99   11.53
 173011.503    76.689     7.60   11.90
 173387.701    80.059     8.96   10.71
 173763.899    82.957     7.70   10.20
 174140.100    86.418     9.20   10.31
 174516.301    92.758    16.85   12.09
 174892.505    98.444    15.11   14.07
 175268.710    99.623     3.14   12.81
 175644.916    99.303    -0.85   13.55
 176021.124    98.839    -1.23   13.24
 176397.334   100.163     3.52   11.52
 176773.545   104.515    11.57   12.83
 177149.757   111.649    18.96   13.47
 177525.971   115.254     9.58   11.26
 177902.187   120.136    12.98    9.78
 178278.404   122.899     7.34    5.92
 178654.623   123.414     1.37    4.56
 179030.843   121.803    -4.28    4.92
 179407.065   120.136    -4.43    4.45
 179783.289   119.899    -0.63    4.66
 180159.514   122.978     8.18    9.00
 180535.740   128.675    15.14   12.30
 180911.968   132.298     9.63   10.76
 181288.198   130.320    -5.26   11.87
 181664.429   125.536   -12.72   13.31
 182040.662   118.565   -18.53    8.72
 182416.896   117.271    -3.44    6.12
 182793.132   122.839    14.80   12.27
 183169.369   135.812    34.48   20.69
 183545.609   150.001    37.71   21.32
 183921.849   156.222    16.53   17.65
 184298.091   151.061   -13.72   19.20
 184674.335   141.163   -26.31   13.03
 185050.580   136.866   -11.42    5.22
 185426.827   140.111     8.62    7.23
 185803.076   142.768     7.06    7.45
 186179.326   144.189     3.78    7.91
 186555.578   143.298    -2.37    9.08
 186931.831   140.752    -6.77    7.75
 187308.086   140.081    -1.78    6.93
 187684.342   138.820    -3.35    7.13
 188060.600   135.336    -9.26   10.35
 188436.577   131.430   -10.39    9.29
 188812.520   133.598     5.77   11.00
 189188.464   139.893    16.75   14.29
 189564.410   147.298    19.70   12.91
 189940.357   148.650     3.59   11.55
 190316.306   146.803    -4.91   13.68
 190692.257   142.829   -10.57   14.43
 191068.209   141.264    -4.16   16.02
 191444.163   140.677    -1.56   15.62
 191820.119   140.505    -0.46   15.86
 192196.076   135.854   -12.37   15.76
 192572.034   134.547    -3.48   16.04
 192947.995   132.785    -4.69   16.26
 193323.957   137.034    11.30   19.15
 193699.920   142.720    15.12   18.08
 194075.885   145.217     6.64   17.58
 194451.852   142.505    -7.22   18.52
 194827.821   137.980   -12.03   16.35
 195203.791   138.700     1.92   17.30
 195579.762   136.557    -5.70   15.32
 195955.735   138.055     3.98   14.62
 196331.710   143.839    15.38   19.32
 196707.687   149.497    15.05   23.45
 197083.665   159.031    25.36   26.94
 197459.645   168.418    24.97   24.73
 197835.626   171.866     9.17   20.42
 198211.609   165.777   -16.19   21.63
 198587.594   154.188   -30.83   23.77
 198963.580   140.547   -36.28   23.90
 199339.568   125.488   -40.05   18.23
 199715.558   117.162   -22.14   15.84
 200091.549   117.407     0.65   17.49
 200467.542   128.082    28.39   26.91
 200843.536   141.569    35.87   27.61
 201219.532   155.636    37.42   26.50
 201595.530   150.649   -13.26   28.86
 201971.530   142.752   -21.00   27.11
 202347.531   138.303   -11.83   20.00
 202723.534   131.820   -17.24   11.32
 203099.538   131.525    -0.79    7.81
 203475.544   134.952     9.11   11.51
 203851.552   139.034    10.86   16.68
 204227.561   141.866     7.53   17.41
 204603.572   145.873    10.66   20.05
 204979.585   150.188    11.47   24.36
 205355.600   161.008    28.78   37.76
 205731.616   177.893    44.91   41.99
 206107.633   196.547    49.61   41.64
 206483.653   211.952    40.97   42.99
 206859.674   217.886    15.78   41.22
 207235.697   224.244    16.91   40.48
 207611.721   226.970     7.25   40.53
 207987.747   235.777    23.42   37.61
 208363.775   245.700    26.39   33.28
 208739.804   257.331    30.93   24.66
 209115.836   265.367    21.37   21.48
 209491.868   266.664     3.45   19.11
 209867.903   247.820   -50.11   37.69
 210243.939   217.008   -81.94   56.44
 210619.977   179.031  -101.00   55.48
 210996.017   145.084   -90.28   31.63
 211372.058   138.031   -18.76   25.30
 211748.101   137.261    -2.05   28.89
 212124.146   141.704    11.81   29.29
 212500.192   143.136     3.81   28.88
 212876.240   145.803     7.09   30.25
 213252.290   163.081    45.95   34.35
 213628.342   176.515    35.72   33.22
 214004.395   185.275    23.30   25.68
 214380.450   181.663    -9.61   22.08
 214756.506   169.911   -31.25   25.29
 215132.565   160.136   -25.99   22.80
 215508.625   164.036    10.37   26.81
 215884.686   171.057    18.67   27.38
 216260.750   172.557     3.99   25.34
 216636.815   171.110    -3.85   20.88
 217012.882   166.598   -12.00   19.15
 217388.951   176.005    25.01   30.14
 217765.021   184.053    21.40   32.78
 218141.093   184.521     1.24   31.16
 218517.167   178.081   -17.13   37.28
 218893.242   166.686   -30.30   35.22
 219269.320   148.341   -48.78   30.35
 219645.399   133.275   -40.06   30.09
 220021.479   119.109   -37.67   18.35
 220397.562   115.803    -8.79   10.83
 220773.646   118.059     6.00   10.24
 221149.732   125.213    19.02   13.03
 221525.820   131.704    17.26   17.87
 221901.909   135.011     8.79   20.26
 222278.000   133.495    -4.03   17.40
 222654.093   127.873   -14.95   15.34
 223030.188   124.542    -8.86   10.29
 223406.284   125.393     2.26   14.16
 223782.382   124.290    -2.93   13.73
 224158.482   125.720     3.80   11.12
 224534.584   126.316     1.59    8.46
 224910.687   128.220     5.06   14.46
 225286.792   126.649    -4.18   15.36
 225662.899   124.111    -6.75   16.02
 226039.008   119.167   -13.15   11.35
 226415.118   118.352    -2.16   11.05
 226791.231   115.407    -7.83   11.40
 227167.345   111.217   -11.14   11.42
 227543.460   106.561   -12.38    6.19
 227919.578   106.028    -1.42    7.59
 228295.697   104.777    -3.33    7.40
 228671.818   105.957     3.14    7.48
 229047.941   106.803     2.25    7.62
 229424.065   105.947    -2.28    6.32
 229800.192   107.470     4.05    6.45
 230176.320   106.742    -1.94    6.45
 230552.450   106.747     0.02    7.31
 230928.582   106.294    -1.20    7.18
 231304.715   105.858    -1.16    7.22
 231680.850   105.557    -0.80    7.74
 232056.988   105.547    -0.03    7.46
 232433.126   107.168     4.31    7.83
 232809.267   111.110    10.48    7.72
 233185.409   113.505     6.37    6.96
 233561.554   110.893    -6.94    9.10
 233937.700   105.700   -13.81    9.44
 234313.848   101.704   -10.63    6.80
 234689.997   102.290     1.56    6.65
 235066.149   105.341     8.11    7.76
 235442.302   109.239    10.36    7.34
 235818.457   113.947    12.52    3.27
 236194.614   113.393    -1.47    3.64
 236570.772   114.136     1.98    3.46
 236946.933   113.858    -0.74    4.12
 237323.095   114.812     2.53    4.36
 237699.259   115.947     3.02    4.27
 238075.425   117.109     3.09    3.91
 238451.593   118.547     3.82    3.20
 238827.762   119.636     2.90    2.93
 239203.934   119.418    -0.58    2.61
 239580.107   118.803    -1.64    2.44
 239956.282   118.220    -1.55    2.47
 240332.459   117.495    -1.93    2.19
 240708.637   117.325    -0.45    2.04
 241084.818   117.675     0.93    2.47
 241461.000   118.084     1.09    2.37
 241837.184   117.700    -1.02    2.30
 242213.370   117.217    -1.28    2.97
 242589.558   116.290    -2.46    3.57
 242965.748   114.436    -4.93    5.65
 243341.939   112.581    -4.93    6.94
 243718.133   108.785   -10.09    7.95
 244094.328   104.731   -10.78    6.85
 244470.525   103.758    -2.59    6.22
 244846.724   103.461    -0.79    6.02
 245222.924   104.430     2.58    6.25
 245599.127   106.061     4.34    7.11
 245975.331   106.085     0.06    7.28
 246351.538   105.515    -1.52    7.44
 246727.746   107.213     4.52   10.45
 247103.956   109.893     7.12   13.07
 247480.167   120.768    28.91   25.96
 247856.381   126.978    16.51   24.71
 248232.597   133.598    17.60   23.79
 248608.814   134.461     2.29   22.27
 248985.033   133.952    -1.35   18.51
 249361.255   149.211    40.56   39.88
 249737.478   163.886    39.01   45.04
 250113.702   175.873    31.86   48.81
 250489.929   200.839    66.36   52.75
 250866.158   216.677    42.10   46.29
 251242.388   208.082   -22.84   48.03
 251618.621   188.275   -52.65   38.30
 251994.855   179.418   -23.54   29.10
 252371.091   183.854    11.79   35.46
 252747.329   187.461     9.59   35.43
 253123.569   176.495   -29.15   34.81
 253499.811   170.057   -17.11   24.14
 253876.054   164.829   -13.90   17.60
 254252.300   164.110    -1.91   14.33
 254628.547   164.264     0.41   13.70
 255004.797   157.386   -18.28   11.06
 255381.048   155.268    -5.63   10.58
 255757.301   155.085    -0.49   12.53
 256133.556   153.664    -3.78   10.57
 256509.813   156.752     8.21   11.11
 256886.072   158.084     3.54   10.77
 257262.332   159.163     2.87   11.10
 257638.595   158.325    -2.23   11.47
 258014.860   159.386     2.82   11.63
 258391.126   155.367   -10.68   10.37
 258767.394   151.307   -10.79    8.35
 259143.665   152.785     3.93   11.04
 259519.937   156.572    10.07   13.54
 259896.211   158.636     5.49   14.89
 260272.487   155.084    -9.44   14.34
 260648.765   154.650    -1.15   15.32
 261025.045   156.936     6.08   16.32
 261401.326   153.839    -8.23   16.08
 261777.610   154.028     0.50   16.05
 262153.896   150.531    -9.29   13.86
 262530.183   146.442   -10.87    7.32
 262906.473   148.854     6.41    8.13
 263282.661   151.393     6.75    7.55
 263658.567   152.525     3.01    8.33
 264034.475   154.380     4.93   13.00
 264410.385   154.920     1.44   12.58
 264786.296   154.873    -0.12   10.50
 265162.210   158.011     8.35   12.07
 265538.125   159.542     4.07   11.61
 265914.043   162.495     7.86   10.85
 266289.962   167.452    13.19   13.29
 266665.883   181.399    37.10   34.35
 267041.807   195.055    36.33   42.71
 267417.732   211.536    43.84   46.42
 267793.659   233.768    59.14   43.05
 268169.588   232.731    -2.76   44.55
 268545.519   227.325   -14.38   47.39
 268921.452   203.793   -62.60   35.38
 269297.387   190.188   -36.19   19.62
 269673.324   187.264    -7.78   19.65
 270049.263   191.451    11.14   22.10
 270425.204   194.325     7.65   21.75
 270801.147   198.055     9.92   20.56
 271177.091   204.812    17.97   20.63
 271553.038   208.986    11.10   18.38
 271928.987   216.352    19.59   21.82
 272304.937   222.084    15.25   26.32
 272680.890   229.320    19.25   29.17
 273056.844   227.188    -5.67   27.08
 273432.801   223.001   -11.14   23.37
 273808.760   217.861   -13.67   13.46
 274184.720   218.242     1.01   11.70
 274560.682   221.497     8.66   11.41
 274936.647   226.082    12.20   14.94
 275312.613   243.914    47.43   33.96
 275688.582   254.854    29.10   43.66
 276064.552   262.880    21.35   43.36
 276440.525   269.679    18.09   41.90
 276816.499   264.341   -14.20   39.37
 277192.475   256.109   -21.90   32.39
 277568.454   247.553   -22.76   38.15
 277944.434   231.726   -42.10   37.51
 278320.416   213.136   -49.45   19.26
 278696.401   204.393   -23.26    7.00
 279072.387   202.268    -5.65    5.78
 279448.375   198.711    -9.46    6.99
 279824.366   195.380    -8.86    6.95
 280200.358   192.886    -6.63    7.02
 280576.352   190.213    -7.11    6.14
 280952.348   191.581     3.64    6.77
 281328.347   192.947     3.63    6.56
 281704.347   191.515    -3.81    6.48
 282080.350   189.298    -5.89    6.47
 282456.354   188.239    -2.82    5.21
 282832.360   187.974    -0.70    4.60
 283208.369   186.470    -4.00    6.37
 283584.379   185.057    -3.76    7.43
 283960.392   182.855    -5.86    7.85
 284336.406   180.386    -6.57    7.21
