# NaN NaN NaN ;Mean Elev.(m), Avg Gradient(m/km), RMS Gradient(m/km) - SRTM1     
#   80.346  -0.293   4.388 ;Mean Elev.(m), Avg Gradient(m/km), RMS Gradient(m/km) - ASTER GDEM
#   71.802   0.028   4.197 ;Mean Elev.(m), Avg Gradient(m/km), RMS Gradient(m/km) - GMTED2010 
  7 288.851075  -4.000987    69.933    69.928  3 52467.61270940 39.236
  8 288.850901  -4.001347    71.009    71.069  3 52502.61270001 48.631
  9 288.851227  -4.002204    67.645    67.614  3 52537.61268543 44.523
 10 288.849297  -4.001221    68.087    68.087  2 52572.61272405 40.464
 11 288.854240  -4.003560    72.352    72.284  3 52607.61268196 41.367
 12 288.850119  -4.002837    73.068    73.022  3 52642.61267947 50.061
 13 288.854443  -4.003601    71.646    71.495  3 52677.61266437 20.884
 14 288.849573  -4.002558    73.288    73.288  3 52712.61269838 38.056
 15 288.843317  -3.999675    73.847    73.843  3 52747.61272438 46.698
 16 288.849442  -4.002750    74.776    74.709  3 52782.61266426 35.667
 17 288.849144  -4.000881    73.978    73.970  3 52817.61274268 32.418
 18 288.852647  -4.002568    69.494    69.303  3 52852.61279312 33.937
 20 288.851946  -4.001229    68.432    68.375  3 52922.61278184 40.899
 21 288.857188  -4.002878    69.911    69.955  3 52957.61274775 33.054
 22 288.855160  -4.003311    71.210    71.210  2 52992.61277115 46.033
 23 288.857329  -4.004781    73.006    73.053  3 53027.61273660 48.934
 24 288.857870  -4.003634    71.440    71.440  2 53062.61274514 20.329
 25 288.846838  -4.000635    72.452    72.378  3 53097.61276531 18.268
 26 288.859935  -4.003535    72.279    72.253  3 53132.61274188 20.060
 28 288.850942  -4.001029    71.799    71.780  3 53202.61281865 48.703
 29 288.858368  -4.004514    67.958    68.000  3 53237.61278788 45.253
 30 288.854233  -4.002502    68.542    68.519  3 53272.61274535 48.810
 31 288.846793  -3.999487    69.498    69.553  3 53307.61280772 38.311
 32 288.851924  -4.001099    72.256    72.171  3 53342.61277484 49.517
 34 288.855633  -4.003899    70.399    70.382  3 53412.61275104 46.291
 35 288.851274  -4.003144    73.190    73.223  3 53447.61273686 43.699
 36 288.845304  -3.999639    73.959    73.966  3 53482.61282141 39.058
 37 288.853093  -4.001867    72.564    72.488  3 53517.61282247 26.942
 38 288.845709  -4.001615    70.853    70.880  3 53552.61284421 26.037
 39 288.856112  -4.003119    67.881    67.881  2 53587.61279626 44.354
 40 288.845772  -3.999049    64.277    64.248  3 53622.61276407 36.511
 41 288.850192  -4.000739    64.923    64.901  3 53657.61279218 27.710
 42 288.850486  -4.002690    70.034    70.028  3 53692.61277625 32.964
 44 288.858612  -4.003986    72.022    72.022  2 53762.61265532 48.830
 45 288.855893  -4.003509    72.989    73.050  3 53797.61266643 38.264
 47 288.849772  -4.002375    74.889    74.803  3 53867.61272526 29.119
 48 288.850766  -4.002249    70.495    70.368  3 53902.61275580 43.236
 49 288.842772  -3.997601    68.415    68.456  3 53937.61279258 27.043
 50 288.848818  -4.001305    66.654    66.654  2 53972.61275713 34.511
 51 288.853611  -4.002590    66.496    66.425  3 54007.61274340 31.425
 52 288.856309  -4.003500    67.834    67.834  2 54042.61276835 28.828
 53 288.852342  -4.002753    71.417    71.426  3 54077.61276219 24.684
 54 288.852092  -4.002641    73.843    73.864  3 54112.61270092 35.681
 55 288.851573  -4.001575    73.648    73.648  2 54147.61270516 30.120
 56 288.852451  -4.001527    73.082    73.079  3 54182.61268930 28.028
 57 288.851194  -4.000756    74.525    74.363  3 54217.61271303 33.486
 58 288.851258  -4.002797    73.656    73.656  3 54252.61273906 24.742
 59 288.853818  -4.002714    71.773    71.508  3 54287.61274415 19.569
 60 288.853598  -4.003063    70.145    69.978  3 54322.61274123 17.034
 61 288.853853  -4.002836    66.927    66.927  2 54357.61269925 26.921
 62 288.852988  -4.002197    66.636    66.546  3 54392.61268175 29.842
 63 288.853412  -4.003525    71.128    71.168  3 54427.61264986 29.832
 64 288.853084  -4.002384    71.597    71.629  3 54462.61265964 26.913
 65 288.853728  -4.002425    73.202    73.202  2 54497.61265817 26.710
 66 288.854076  -4.002311    73.770    73.770  2 54532.61267292 23.635
 67 288.853280  -4.003201    74.263    74.240  3 54567.61266253 33.646
 68 288.851780  -4.003155    74.027    74.106  3 54602.61266814 28.011
 69 288.851068  -4.002920    73.379    72.789  3 54637.61267964 19.279
 70 288.851450  -4.001993    70.017    70.017  2 54672.61268234 23.261
 71 288.854600  -4.002401    66.881    66.881  2 54707.61264160 26.928
 72 288.852490  -4.001065    68.400    68.271  3 54742.61264791 35.241
 73 288.853962  -4.002828    69.901    69.760  3 54777.61262392 25.739
 74 288.852379  -4.002076    70.909    70.937  3 54812.61264108 33.229
 75 288.852696  -4.002712    72.235    72.202  3 54847.61262381 44.256
 76 288.851150  -4.001619    74.359    74.389  3 54882.61264496 31.293
 77 288.851067  -4.000669    74.950    74.863  3 54917.61262590 30.645
 78 288.851202  -4.002568    75.640    75.720  3 54952.61263817 36.076
 79 288.850012  -4.000589    75.204    75.109  3 54987.61266269 30.115
 80 288.853706  -4.003467    72.929    72.972  3 55022.61265542 30.031
 81 288.853075  -4.002603    69.158    69.130  3 55057.61265081 28.049
 82 288.852578  -4.001320    66.578    66.605  3 55092.61260683 26.080
 83 288.852333  -4.002488    67.689    67.640  3 55127.61259164 26.947
 84 288.852461  -4.002760    70.126    70.257  3 55162.61256843 14.795
 85 288.851732  -4.002148    73.414    73.414  2 55197.61258241 27.547
 86 288.851918  -4.002013    71.845    71.845  2 55232.61257280 22.751
 87 288.852581  -4.002525    72.552    72.552  2 55267.61257713 27.931
 88 288.854249  -4.002973    73.750    73.711  3 55302.61255213 28.350
 89 288.852563  -4.001202    73.706    73.815  3 55337.61255094 24.468
 90 288.853632  -4.001745    72.071    72.365  3 55372.61254133 19.599
 91 288.853925  -4.002676    68.267    68.267  2 55407.61256135 29.602
 92 288.853165  -4.002738    64.807    65.319  3 55442.61256002 22.307
 93 288.854296  -4.002171    65.736    65.627  3 55477.61250052 19.751
