# NaN NaN NaN ;Mean Elev.(m), Avg Gradient(m/km), RMS Gradient(m/km) - SRTM1     
#    5.302  -0.419   9.590 ;Mean Elev.(m), Avg Gradient(m/km), RMS Gradient(m/km) - ASTER GDEM
#    5.248  -1.503   9.302 ;Mean Elev.(m), Avg Gradient(m/km), RMS Gradient(m/km) - GMTED2010 
  7 302.813855  -2.591508    14.890    14.924  3 52456.57450855 28.165
 10 302.815602  -2.592483    10.115     9.061  3 52561.57451013 38.546
 12 302.815812  -2.591434    11.150    11.150  2 52631.57446265 18.971
 15 302.818319  -2.592190    12.830    12.788  3 52736.57449535 36.729
 16 302.817403  -2.591212    14.004    14.004  2 52771.57446846 27.586
 17 302.813235  -2.591824    14.503    14.503  2 52806.57451876 28.413
 18 302.815599  -2.592620    14.062    14.062  2 52841.57457833 27.317
 19 302.814422  -2.591749    13.092    13.069  3 52876.57461694 31.586
 20 302.822993  -2.592378    14.422    14.422  2 52911.57457858 23.930
 21 302.820545  -2.592154     7.953     7.953  2 52946.57453172 38.697
 23 302.814756  -2.591197    10.194    10.194  2 53016.57456778 31.131
 24 302.817670  -2.591844    12.513    11.820  3 53051.57454594 32.525
 25 302.807520  -2.592256    12.332    12.332  2 53086.57458282 31.891
 26 302.813966  -2.591756    13.718    13.722  3 53121.57455222 49.753
 27 302.808883  -2.592530    14.151    14.144  3 53156.57460768 41.763
 28 302.820800  -2.590747    13.514    13.514  2 53191.57459914 27.981
 29 302.819117  -2.590845    12.511    12.511  2 53226.57460276 24.269
 30 302.812213  -2.592781    10.960    10.960  2 53261.57457701 52.505
 31 302.806662  -2.591124    12.784    12.784  2 53296.57461078 27.932
 32 302.815798  -2.592581    10.163    10.757  3 53331.57458312 21.731
 34 302.815152  -2.591253    12.320    12.320  2 53401.57455656 18.131
 35 302.817594  -2.591148    12.428    12.463  3 53436.57454589 49.294
 36 302.811971  -2.592670    14.084    14.084  2 53471.57459673 31.060
 37 302.812431  -2.592741    14.728    14.728  2 53506.57462938 32.337
 38 302.812637  -2.591436    14.346    14.346  2 53541.57463446 27.956
 39 302.813475  -2.591401    13.160    13.160  2 53576.57462393 49.725
 40 302.813399  -2.592263    11.895    12.194  3 53611.57457565 28.440
 41 302.816071  -2.592605    11.516    11.516  2 53646.57458010 20.712
 42 302.810158  -2.591176     5.748     5.747  3 53681.57459629 52.995
 43 302.818967  -2.592337     8.312     8.312  2 53716.57452380 43.807
 44 302.821360  -2.591466    10.831    10.831  3 53751.57444204 50.366
 45 302.819470  -2.592616    12.370    12.370  2 53786.57447252 29.441
 46 302.819179  -2.591672    14.053    14.059  3 53821.57442801 33.363
 47 302.811401  -2.591709    14.762    14.762  2 53856.57451733 31.060
 48 302.820921  -2.591251    15.742    15.742  2 53891.57452899 51.271
 49 302.805306  -2.591419    14.752    14.752  2 53926.57459122 32.887
 50 302.808832  -2.592198    13.000    13.000  2 53961.57457720 34.727
 51 302.817804  -2.592153    11.223    11.223  2 53996.57451810 25.652
 52 302.817784  -2.592041    10.152    11.597  3 54031.57457151 22.774
 53 302.817990  -2.591798     7.597     7.597  2 54066.57456547 27.967
 54 302.815669  -2.591536     9.970     9.970  2 54101.57452682 46.178
 55 302.815309  -2.591669    11.211    11.211  2 54136.57449239 22.049
 56 302.814672  -2.592439    11.997    11.997  2 54171.57450388 19.138
 57 302.814424  -2.591188    13.279    13.347  3 54206.57449730 26.778
 58 302.816230  -2.592091    14.439    14.439  2 54241.57453009 27.717
 59 302.816023  -2.591540    14.802    14.802  2 54276.57454520 51.077
 61 302.816722  -2.592378    11.769    11.769  2 54346.57451961 47.475
 62 302.815939  -2.592097    10.816    11.913  3 54381.57448316 22.774
 63 302.815602  -2.591821     9.560     9.560  2 54416.57446885 21.688
 64 302.815470  -2.591331    10.079    10.079  2 54451.57445183 26.778
 65 302.817285  -2.591952    10.939    10.939  2 54486.57446544 23.489
 66 302.816866  -2.591654    13.024    12.675  3 54521.57446519 32.628
 67 302.815979  -2.591062    14.314    14.314  2 54556.57447542 45.018
 68 302.815159  -2.592194    14.883    14.984  3 54591.57446096 37.465
 69 302.815360  -2.592306    15.320    15.318  3 54626.57447730 50.016
 70 302.813425  -2.592442    14.741    14.741  2 54661.57448497 29.798
 71 302.817013  -2.592389    12.817    12.817  2 54696.57446120 24.634
 72 302.815452  -2.592307    10.049    10.049  2 54731.57444113 45.817
 73 302.815847  -2.592135    12.449    12.062  3 54766.57444078 25.288
 74 302.814530  -2.591233    11.729    11.710  3 54801.57443464 23.625
 75 302.815570  -2.592501    10.773    10.773  2 54836.57443258 38.760
 76 302.815457  -2.591250    12.648    12.725  3 54871.57443337 34.911
 77 302.813832  -2.592494    14.239    14.239  2 54906.57444071 27.775
 78 302.814772  -2.591873    15.269    15.269  2 54941.57442510 33.970
 79 302.814499  -2.592542    15.931    16.002  3 54976.57445401 30.438
 80 302.814973  -2.592044    15.959    15.959  2 55011.57446333 25.488
 81 302.816123  -2.592186    15.169    15.169  2 55046.57445451 24.667
 82 302.816166  -2.592602    13.136    13.136  2 55081.57442769 21.771
 83 302.816220  -2.591340    10.844    10.844  2 55116.57438704 26.203
 84 302.814635  -2.592290     9.382     9.382  2 55151.57438535 24.244
 85 302.814901  -2.591172    11.564    11.564  2 55186.57437271 17.806
 86 302.815021  -2.591480    11.961    11.617  3 55221.57438390 30.094
 87 302.816520  -2.591266    11.701    11.707  3 55256.57436896 39.154
 88 302.815607  -2.591050    12.640    12.640  2 55291.57437146 26.834
 89 302.813522  -2.592508    14.531    14.518  3 55326.57435362 46.973
 90 302.815111  -2.592647    14.643    14.662  3 55361.57435056 38.922
 91 302.815123  -2.592147    13.688    13.713  3 55396.57435680 34.786
 92 302.817418  -2.591934    12.181    12.181  2 55431.57436505 26.525
 93 302.817289  -2.592690    12.221    12.221  2 55466.57432584 22.079
