# NaN NaN NaN ;Mean Elev.(m), Avg Gradient(m/km), RMS Gradient(m/km) - SRTM1     
#   13.348  -3.227   7.778 ;Mean Elev.(m), Avg Gradient(m/km), RMS Gradient(m/km) - ASTER GDEM
#    7.209  -3.438   7.770 ;Mean Elev.(m), Avg Gradient(m/km), RMS Gradient(m/km) - GMTED2010 
  8 299.775581  -3.355733    21.942    21.963  4 52497.58262759 35.313
 10 299.776219  -3.355933    15.169    14.455  3 52567.58263938 22.643
 11 299.768964  -3.356269    13.943    14.002  4 52602.58264064 22.013
 12 299.770499  -3.353878    16.865    16.865  2 52637.58261057 19.728
 13 299.772064  -3.354825    17.498    17.308  4 52672.58261257 16.861
 14 299.773194  -3.355907    17.083    17.132  3 52707.58261710 16.870
 15 299.767933  -3.357674    20.673    20.673  2 52742.58264869 21.285
 17 299.769456  -3.356083    22.481    22.420  4 52812.58266858 34.813
 18 299.771856  -3.355891    22.222    22.135  4 52847.58272276 35.626
 19 299.770129  -3.355265    20.239    20.254  4 52882.58275909 32.968
 20 299.775014  -3.355310    16.901    16.521  4 52917.58271591 20.429
 21 299.777382  -3.356670    17.128    17.135  4 52952.58267800 15.701
 22 299.781073  -3.355652    15.714    15.543  3 52987.58269093 15.460
 23 299.778036  -3.356543    16.590    16.470  3 53022.58267922 16.925
 24 299.779499  -3.357041    16.262    16.275  3 53057.58267234 24.902
 25 299.766294  -3.352475    17.915    17.858  4 53092.58270948 21.015
 26 299.776288  -3.356770    20.012    20.043  3 53127.58268059 26.626
 28 299.774247  -3.355176    20.938    20.934  4 53197.58274478 31.140
 29 299.780153  -3.356801    19.784    19.790  3 53232.58272201 30.647
 30 299.772614  -3.355042    16.808    16.557  4 53267.58269041 25.635
 31 299.764927  -3.352004    14.649    14.509  5 53302.58274548 15.913
 32 299.772283  -3.356462    14.876    14.824  4 53337.58271605 18.432
 33 299.775505  -3.356108    16.189    16.101  4 53372.58265064 24.663
 34 299.775203  -3.355268    17.006    16.788  4 53407.58268872 19.057
 35 299.773609  -3.355765    19.440    19.309  3 53442.58267389 25.116
 36 299.767799  -3.353529    21.154    21.164  4 53477.58274527 44.181
 37 299.772694  -3.355509    22.219    22.275  4 53512.58275663 30.537
 38 299.768337  -3.355032    21.865    21.924  4 53547.58277484 31.955
 39 299.773413  -3.355684    19.830    19.883  4 53582.58274378 27.787
 40 299.770631  -3.354989    14.403    14.325  4 53617.58269922 28.704
 41 299.773163  -3.354948    10.571    10.653  4 53652.58271835 34.756
 42 299.769237  -3.355263    11.525    11.592  3 53687.58272065 38.313
 43 299.776390  -3.354356    15.925    14.984  3 53722.58264551 18.215
 44 299.780189  -3.355832    16.929    16.769  4 53757.58257997 19.987
 45 299.776973  -3.356772    19.873    19.781  4 53792.58260401 29.431
 46 299.777436  -3.354741    20.793    20.793  2 53827.58257030 24.426
 47 299.769638  -3.355889    22.124    22.126  4 53862.58265680 39.601
 48 299.773559  -3.355996    23.140    23.159  3 53897.58267867 33.618
 49 299.764378  -3.350432    21.838    21.793  5 53932.58272591 29.484
 50 299.767745  -3.352915    18.377    18.631  4 53967.58270043 30.191
 51 299.775409  -3.356015    14.000    14.067  3 54002.58266664 29.250
 52 299.775575  -3.356189    11.501    11.496  3 54037.58270453 46.836
 53 299.774435  -3.355530    16.840    16.896  4 54072.58269887 14.997
 55 299.772751  -3.355120    17.873    17.888  4 54142.58263367 21.267
 56 299.772642  -3.354829    18.197    18.170  4 54177.58263047 29.727
 57 299.771853  -3.355497    20.353    20.379  4 54212.58264069 37.019
 58 299.772448  -3.356530    22.073    22.054  4 54247.58266968 41.649
 60 299.774839  -3.356043    21.057    21.040  4 54317.58267739 33.362
 61 299.774079  -3.355676    16.858    16.809  4 54352.58264283 31.446
 62 299.774110  -3.355909    14.073    12.472  3 54387.58261719 29.144
 63 299.772573  -3.357346    13.361    13.375  4 54422.58259332 36.651
 64 299.773800  -3.356200    16.529    16.259  4 54457.58259111 16.165
 65 299.774026  -3.356601    18.948    19.027  3 54492.58259600 22.862
 66 299.774908  -3.356218    19.323    19.387  4 54527.58260381 26.418
 67 299.773126  -3.355939    21.164    21.166  3 54562.58260327 35.937
 68 299.772947  -3.356420    21.836    21.778  4 54597.58259930 34.810
 69 299.771726  -3.356295    22.698    22.643  3 54632.58261297 29.154
 70 299.771855  -3.355370    21.936    21.918  4 54667.58261807 30.177
 71 299.774933  -3.355933    18.741    19.119  3 54702.58258440 33.533
 72 299.772969  -3.356199    14.055    14.110  4 54737.58257949 30.972
 73 299.774190  -3.356564    12.966    12.945  3 54772.58256609 47.693
 74 299.771776  -3.356899    15.583    15.129  4 54807.58257291 30.087
 75 299.773299  -3.357168    17.405    17.362  4 54842.58256278 23.022
 76 299.771705  -3.355615    19.358    19.519  3 54877.58257544 26.293
 77 299.771847  -3.355131    21.430    21.435  4 54912.58256698 31.640
 78 299.771654  -3.354788    22.760    22.741  4 54947.58256683 37.949
 79 299.771632  -3.355647    23.137    23.216  3 54982.58259310 32.048
 80 299.773340  -3.356140    24.184    24.187  4 55017.58259219 35.519
 81 299.774266  -3.356519    22.680    22.654  3 55052.58258711 33.546
 82 299.772668  -3.356576    19.577    19.534  4 55087.58255062 33.596
 83 299.774157  -3.356064    12.971    12.974  3 55122.58252313 44.099
 84 299.772011  -3.356735    13.884    13.845  4 55157.58251125 18.356
 85 299.772510  -3.355543    14.109    13.980  4 55192.58251240 26.083
 86 299.772371  -3.355361    17.703    17.043  4 55227.58251266 21.268
 87 299.773723  -3.356143    18.151    18.145  3 55262.58250805 36.596
 88 299.773983  -3.355037    19.353    19.362  4 55297.58249578 37.979
 89 299.771617  -3.356072    21.862    21.840  4 55332.58248721 39.751
 90 299.773558  -3.356857    22.013    22.086  4 55367.58247970 31.776
 91 299.773221  -3.356333    21.064    21.032  4 55402.58249391 33.943
 92 299.774829  -3.356549    16.739    16.583  3 55437.58249699 22.203
 93 299.773963  -3.356586    11.767    10.534  4 55472.58244682 23.359
