-206487.335    65.030     0.00    5.13
-206111.273    65.492     1.23    5.08
-205735.211    65.877     1.02    5.61
-205359.147    66.108     0.61    5.62
-204983.082    66.600     1.31    6.27
-204607.016    66.132    -1.24    4.95
-204230.949    65.565    -1.51    4.98
-203854.881    62.889    -7.11    5.81
-203478.812    59.186    -9.85    5.73
-203102.742    56.889    -6.11    4.29
-202726.671    56.005    -2.35    3.34
-202350.599    57.851     4.91    4.24
-201974.526    60.429     6.85    4.14
-201598.452    62.606     5.79    4.88
-201222.377    64.422     4.83    4.64
-200846.301    65.185     2.03    4.50
-200470.224    65.159    -0.07    4.71
-200094.146    65.108    -0.14    3.81
-199718.067    65.020    -0.23    3.62
-199341.987    65.082     0.16    3.74
-198965.906    64.082    -2.66    4.68
-198589.824    61.878    -5.86    5.38
-198213.741    58.903    -7.91    6.07
-197837.656    55.483    -9.09    5.88
-197461.571    54.186    -3.45    5.09
-197085.485    52.028    -5.74    4.73
-196709.398    50.465    -4.16    4.69
-196333.309    49.518    -2.52    4.53
-195957.220    47.236    -6.07    3.86
-195581.129    45.862    -3.65    4.27
-195205.038    45.775    -0.23    3.27
-194828.945    44.954    -2.18    2.81
-194452.852    44.980     0.07    3.31
-194076.757    44.700    -0.74    3.54
-193700.661    43.723    -2.60    3.88
-193324.565    41.808    -5.09    4.33
-192948.467    39.078    -7.26    6.08
-192572.368    35.646    -9.13    7.90
-192196.268    31.847   -10.10    8.65
-191820.167    29.877    -5.24    7.46
-191444.065    27.764    -5.62    5.99
-191067.962    27.020    -1.98    5.40
-190691.858    27.800     2.07    4.97
-190315.753    26.909    -2.37    5.25
-189939.646    26.390    -1.38    5.54
-189563.539    27.422     2.74    7.89
-189187.430    30.835     9.07    7.77
-188811.321    34.185     8.91    6.46
-188435.210    36.621     6.47    3.31
-188059.099    37.330     1.89    2.77
-187682.986    38.267     2.49    3.33
-187306.872    40.339     5.51    4.07
-186930.757    43.949     9.60    6.17
-186554.641    46.700     7.31    6.59
-186178.524    49.565     7.62    5.48
-185802.406    51.331     4.70    4.62
-185426.287    49.364    -5.23    5.59
-185050.166    46.684    -7.13    6.13
-184674.045    45.078    -4.27    5.31
-184297.922    43.800    -3.40    4.30
-183921.799    43.854     0.14    4.27
-183545.674    44.922     2.84    4.74
-183169.548    46.903     5.27    4.72
-182793.421    48.975     5.51    4.00
-182417.293    50.970     5.30    4.30
-182041.164    51.633     1.76    4.12
-181665.034    51.959     0.87    3.99
-181288.903    52.835     2.33    4.13
-180912.770    53.646     2.16    4.26
-180536.637    54.685     2.76    3.70
-180160.502    55.916     3.27    3.20
-179784.366    56.943     2.73    3.82
-179408.229    58.298     3.60    4.21
-179032.091    59.441     3.04    3.61
-178655.952    59.234    -0.55    3.89
-178279.812    58.619    -1.64    4.32
-177903.670    57.284    -3.55    4.05
-177527.528    56.949    -0.89    3.70
-177151.384    56.817    -0.35    3.60
-176775.240    57.510     1.84    3.46
-176399.094    58.800     3.43    2.99
-176022.947    60.483     4.48    3.61
-175646.798    61.854     3.64    3.68
-175270.649    63.159     3.47    3.83
-174894.499    64.048     2.36    4.00
-174518.347    63.903    -0.39    4.27
-174142.195    62.364    -4.09    5.19
-173766.041    60.076    -6.08    5.37
-173389.886    57.132    -7.83    4.18
-173013.730    56.240    -2.37    3.51
-172637.572    56.510     0.72    3.32
-172261.414    58.416     5.06    2.89
-171885.254    59.700     3.41    3.25
-171509.094    60.133     1.15    3.59
-171132.932    59.370    -2.03    4.71
-170756.769    57.975    -3.71    5.96
-170380.605    56.402    -4.18    5.20
-170004.439    56.980     1.53    5.03
-169628.273    59.291     6.14    3.43
-169252.105    59.715     1.13    3.87
-168875.936    58.791    -2.46    4.12
-168499.766    57.409    -3.67    4.38
-168123.595    55.723    -4.48    4.06
-167747.423    55.236    -1.30    3.74
-167371.249    55.597     0.96    3.91
-166995.075    56.781     3.15    3.95
-166618.899    56.159    -1.65    4.67
-166242.722    53.592    -6.83    5.17
-165866.544    51.416    -5.78    4.02
-165490.364    51.429     0.04    3.81
-165114.184    52.954     4.05    4.05
-164738.002    54.210     3.34    3.85
-164361.819    54.928     1.91    3.94
-163985.635    55.619     1.83    3.95
-163609.450    56.544     2.46    3.83
-163233.263    57.791     3.31    4.29
-162857.076    61.020     8.58    5.45
-162480.887    63.646     6.98    5.16
-162104.697    65.492     4.91    3.84
-161728.506    65.889     1.05    3.80
-161352.313    65.569    -0.85    3.51
-160976.120    65.378    -0.51    3.28
-160599.925    65.212    -0.44    4.29
-160223.729    64.212    -2.66    5.02
-159847.531    63.937    -0.73    5.81
-159471.333    63.287    -1.73    5.91
-159095.133    62.240    -2.78    5.46
-158718.932    62.672     1.15    4.59
-158342.730    62.370    -0.80    4.63
-157966.527    61.501    -2.31    5.61
-157590.323    58.646    -7.59    6.22
-157214.117    56.082    -6.81    5.64
-156837.910    53.723    -6.27    4.56
-156461.702    53.187    -1.43    4.48
-156085.493    51.565    -4.31    4.38
-155709.282    50.159    -3.74    4.22
-155333.070    48.240    -5.10    4.33
-154956.857    47.159    -2.87    4.69
-154580.643    46.302    -2.28    4.68
-154204.427    46.284    -0.05    4.77
-153828.211    46.108    -0.47    4.53
-153451.993    45.781    -0.87    4.29
-153075.773    44.851    -2.47    4.46
-152699.553    43.054    -4.78    4.57
-152323.331    41.659    -3.71    4.43
-151947.109    41.238    -1.12    5.06
-151570.884    40.954    -0.76    5.34
-151194.659    41.970     2.70    5.42
-150818.432    42.633     1.76    4.79
-150442.204    43.734     2.93    4.89
-150066.083    46.702     7.89    4.61
-149690.107    47.738     2.76    4.35
-149314.131    47.862     0.33    4.46
-148938.153    49.565     4.53    6.27
-148562.173    50.132     1.51    5.96
-148186.193    48.937    -3.18    6.57
-147810.211    49.928     2.64    6.21
-147434.228    49.877    -0.14    5.68
-147058.244    50.132     0.68    5.44
-146682.258    49.236    -2.38    5.34
-146306.271    48.698    -1.43    5.00
-145930.283    48.723     0.07    4.78
-145554.294    47.538    -3.15    5.52
-145178.303    47.005    -1.42    5.26
-144802.311    46.187    -2.18    4.87
-144426.318    44.817    -3.64    5.01
-144050.324    43.364    -3.86    5.45
-143674.328    41.705    -4.41    5.85
-143298.331    38.082    -9.63    6.41
-142922.333    34.294   -10.07    5.98
-142546.333    31.576    -7.23    4.59
-142170.333    29.997    -4.20    4.52
-141794.330    29.631    -0.97    4.16
-141418.327    31.554     5.11    4.85
-141042.322    33.305     4.66    4.98
-140666.316    36.646     8.88    5.57
-140290.309    39.287     7.03    5.00
-139914.301    39.595     0.82    4.97
-139538.291    38.928    -1.77    4.60
-139162.280    35.970    -7.87    3.22
-138786.267    35.082    -2.36    2.52
-138410.254    34.186    -2.38    2.57
-138034.239    33.943    -0.65    2.58
-137658.222    33.916    -0.07    2.66
-137282.205    32.541    -3.66    2.53
-136906.186    30.518    -5.38    3.80
-136530.165    29.133    -3.68    3.78
-136154.144    28.548    -1.56    3.27
-135778.121    27.619    -2.47    3.99
-135402.097    25.298    -6.17    6.50
-135026.071    19.449   -15.56    8.50
-134650.045    13.826   -14.95    6.90
-134274.016    10.078    -9.97    4.13
-133897.987     8.501    -4.19    3.01
-133521.956     8.738     0.63    3.52
-133145.924     9.646     2.42    3.25
-132769.891    10.835     3.16    2.39
-132393.856    10.109    -1.93    3.75
-132017.820     8.396    -4.56    5.04
-131641.783     6.916    -3.94    5.96
-131265.744     6.159    -2.01    5.34
-130889.704     6.465     0.81    4.39
-130513.663     8.108     4.37    3.83
-130137.620     7.775    -0.89    4.20
-129761.576     7.270    -1.34    4.50
-129385.530     6.370    -2.39    4.12
-129009.484     5.409    -2.55    3.35
-128633.436     6.565     3.07    2.93
-128257.386     6.903     0.90    3.13
-127881.335     4.159    -7.30    6.14
-127505.283     1.317    -7.56    6.81
-127129.230    -1.525    -7.56    5.00
-126753.175    -1.616    -0.24    3.71
-126377.119    -0.327     3.43    3.01
-126001.061    -1.216    -2.36    3.40
-125625.003    -1.072     0.38    4.78
-125248.942    -0.591     1.28    5.93
-124872.881     1.889     6.59    6.86
-124496.818     4.646     7.33    5.86
-124120.753     5.212     1.51    5.03
-123744.688     2.903    -6.14    6.35
-123368.621     1.659    -3.31    6.02
-122992.552     2.484     2.19    6.06
-122616.483     4.580     5.57    6.25
-122240.411     7.187     6.93    4.32
-121864.339     7.975     2.10    3.17
-121488.265     8.031     0.15    2.86
-121112.190     7.291    -1.97    4.20
-120736.113     6.715    -1.53    5.19
-120360.035     6.980     0.70    5.74
-119983.956     6.321    -1.75    6.02
-119607.875     6.609     0.77    5.48
-119231.793     8.339     4.60    3.43
-118855.709     7.216    -2.98    4.66
-118479.624     7.997     2.08    6.06
-118103.538    10.267     6.04    7.36
-117727.450    14.396    10.98    9.30
-117351.361    20.569    16.41    6.75
-116975.271    24.916    11.56    7.47
-116599.179    29.109    11.15    6.09
-116223.085    31.185     5.52    5.14
-115846.991    32.159     2.59    5.43
-115470.894    33.186     2.73    6.40
-115094.797    34.159     2.59    6.86
-114718.698    34.800     1.70    5.91
-114342.598    36.687     5.02    4.96
-113966.496    36.262    -1.13    4.46
-113590.393    36.104    -0.42    3.30
-113214.288    35.922    -0.48    3.36
-112838.182    34.441    -3.94    5.06
-112462.075    31.753    -7.15    6.76
-112085.966    26.727   -13.36    8.38
-111709.856    21.754   -13.22    6.73
-111333.744    19.916    -4.89    4.94
-110957.631    22.291     6.31    6.59
-110581.517    26.465    11.10    6.77
-110205.401    30.980    12.00    5.95
-109829.283    33.467     6.61    4.03
-109453.165    33.492     0.07    4.24
-109077.044    32.970    -1.39    4.74
-108700.923    32.580    -1.04    4.85
-108324.800    32.108    -1.26    4.34
-107948.675    32.465     0.95    4.37
-107572.549    33.313     2.26    4.09
-107196.422    34.240     2.47    4.99
-106820.293    35.843     4.26    5.13
-106444.163    38.082     5.95    4.75
-106068.031    39.565     3.94    4.60
-105691.898    39.949     1.02    4.54
-105315.763    39.606    -0.91    4.32
-104939.627    40.862     3.34    4.20
-104563.490    41.928     2.84    4.15
-104187.351    43.159     3.27    4.35
-103811.211    43.954     2.11    4.38
-103435.069    44.621     1.77    4.44
-103058.925    45.528     2.41    4.23
-102682.781    46.633     2.94    4.07
-102306.634    48.749     5.63    4.28
-101930.487    50.031     3.41    4.26
-101554.338    51.242     3.22    3.59
-101178.187    52.078     2.22    3.83
-100802.035    51.565    -1.37    3.90
-100425.881    50.646    -2.44    4.57
-100049.726    48.105    -6.75    4.49
 -99673.570    44.909    -8.50    5.04
 -99297.412    42.210    -7.17    4.55
 -98921.252    40.185    -5.39    4.36
 -98545.091    38.604    -4.20    3.89
 -98168.929    38.595    -0.02    4.08
 -97792.765    37.997    -1.59    3.95
 -97416.600    36.749    -3.32    4.15
 -97040.433    34.133    -6.95    5.53
 -96664.264    30.877    -8.65    6.19
 -96288.095    27.024   -10.24    4.69
 -95911.923    24.595    -6.46    2.93
 -95535.750    23.759    -2.22    2.52
 -95159.576    23.520    -0.64    2.19
 -94783.400    24.186     1.77    2.67
 -94407.223    26.727     6.75    3.87
 -94031.044    28.456     4.60    4.43
 -93654.864    32.402    10.49    4.77
 -93278.682    34.873     6.57    4.22
 -92902.499    36.659     4.75    3.86
 -92526.314    39.108     6.51    3.68
 -92150.128    40.483     3.66    3.95
 -91773.940    43.031     6.77    4.75
 -91397.751    44.673     4.36    3.93
 -91021.560    44.554    -0.32    3.74
 -90645.367    45.185     1.68    4.37
 -90269.173    44.877    -0.82    4.70
 -89892.978    45.937     2.82    4.03
 -89516.781    46.843     2.41    4.26
 -89140.583    47.518     1.79    3.86
 -88764.383    50.048     6.72    4.55
 -88388.181    51.159     2.95    4.38
 -88011.978    52.132     2.59    3.58
 -87635.774    51.592    -1.44    3.80
 -87259.568    49.592    -5.32    3.43
 -86883.360    47.687    -5.06    3.52
 -86507.151    47.262    -1.13    3.51
 -86130.940    48.184     2.45    4.35
 -85754.728    49.159     2.59    4.89
 -85378.514    51.784     6.98    4.59
 -85002.299    52.422     1.70    4.14
 -84626.082    51.877    -1.45    4.44
 -84249.864    50.051    -4.85    4.81
 -83873.644    47.364    -7.14    4.94
 -83497.423    46.104    -3.35    4.65
 -83121.200    43.943    -5.74    4.82
 -82744.975    41.791    -5.72    6.27
 -82368.749    39.759    -5.40    5.67
 -81992.521    37.851    -5.07    4.87
 -81616.292    36.082    -4.70    4.39
 -81240.061    34.742    -3.56    4.87
 -80863.829    33.105    -4.35    4.84
 -80487.595    31.943    -3.09    4.35
 -80111.360    32.554     1.62    4.29
 -79735.123    34.209     4.40    4.61
 -79358.884    35.565     3.60    3.85
 -78982.644    35.159    -1.08    4.10
 -78606.402    34.659    -1.33    3.92
 -78230.159    34.922     0.70    3.31
 -77853.914    35.889     2.57    4.27
 -77477.668    37.334     3.84    4.23
 -77101.420    39.159     4.85    3.15
 -76725.170    39.520     0.96    3.74
 -76348.919    39.105    -1.10    3.78
 -75972.666    37.548    -4.14    4.14
 -75596.412    35.723    -4.85    4.63
 -75220.156    32.646    -8.18    5.14
 -74844.154    30.131    -6.69    5.34
 -74468.219    26.619    -9.34    5.49
 -74092.283    22.375   -11.29    6.10
 -73716.345    18.267   -10.93    7.31
 -73340.406    14.646    -9.63    6.75
 -72964.465    12.483    -5.75    5.29
 -72588.523    11.595    -2.36    3.42
 -72212.579    11.896     0.80    3.98
 -71836.633    12.851     2.54    3.55
 -71460.686    13.700     2.26    3.12
 -71084.737    13.984     0.76    3.61
 -70708.786    14.501     1.38    5.15
 -70332.834    14.604     0.27    6.28
 -69956.880    15.943     3.56    7.24
 -69580.925    18.715     7.37    8.61
 -69204.968    22.001     8.74    7.66
 -68829.010    25.980    10.58    6.25
 -68453.050    29.336     8.93    4.85
 -68077.088    31.528     5.83    4.08
 -67701.125    33.375     4.91    4.30
 -67325.160    34.742     3.64    4.07
 -66949.193    34.775     0.09    4.60
 -66573.225    35.896     2.98    5.73
 -66197.255    37.390     3.97    6.08
 -65821.284    38.441     2.80    5.84
 -65445.310    40.234     4.77    5.72
 -65069.336    41.321     2.89    4.99
 -64693.359    42.287     2.57    4.86
 -64317.381    43.492     3.21    4.42
 -63941.402    44.604     2.96    4.30
 -63565.421    45.646     2.77    5.20
 -63189.438    43.781    -4.96    6.90
 -62813.453    41.538    -5.97    7.97
 -62437.467    41.518    -0.05    7.39
 -62061.479    42.659     3.03    5.69
 -61685.490    42.133    -1.40    5.82
 -61309.499    40.685    -3.85    7.44
 -60933.506    39.131    -4.13    8.30
 -60557.512    36.133    -7.97   10.22
 -60181.516    35.396    -1.96   11.06
 -59805.518    31.580   -10.15   11.72
 -59429.519    28.133    -9.17   10.39
 -59053.518    25.108    -8.05    7.07
 -58677.515    22.970    -5.69    3.04
 -58301.511    22.390    -1.54    3.81
 -57925.505    22.259    -0.35    4.15
 -57549.498    23.409     3.06    4.98
 -57173.488    24.105     1.85    5.37
 -56797.477    26.348     5.97    5.40
 -56421.465    27.889     4.10    5.96
 -56045.451    29.970     5.53    5.23
 -55669.435    30.854     2.35    4.15
 -55293.417    31.884     2.74    5.28
 -54917.398    32.595     1.89    5.05
 -54541.377    31.267    -3.53    6.33
 -54165.354    32.108     2.24    6.80
 -53789.330    32.528     1.12    6.14
 -53413.304    34.031     4.00    6.98
 -53037.277    36.483     6.52    6.19
 -52661.247    37.467     2.62    6.05
 -52285.216    39.770     6.13    6.23
 -51909.183    40.672     2.40    6.63
 -51533.149    41.595     2.45    5.83
 -51157.113    43.159     4.16    4.84
 -50781.075    43.483     0.86    5.41
 -50405.036    45.240     4.67    5.18
 -50028.995    45.712     1.25    5.10
 -49652.952    48.024     6.15    4.83
 -49276.907    47.826    -0.53    5.51
 -48900.861    48.791     2.57    5.89
 -48524.813    49.826     2.75    5.95
 -48148.763    49.843     0.05    6.48
 -47772.712    48.738    -2.94    7.24
 -47396.659    45.749    -7.95    8.33
 -47020.604    44.236    -4.02    7.70
 -46644.548    43.754    -1.28    6.88
 -46268.490    45.544     4.76    6.47
 -45892.430    46.770     3.26    5.63
 -45516.368    48.390     4.31    4.89
 -45140.305    49.287     2.39    5.25
 -44764.240    50.347     2.82    5.68
 -44388.173    51.928     4.21    4.62
 -44012.104    51.106    -2.19    4.93
 -43636.034    49.321    -4.75    6.18
 -43259.962    46.492    -7.52    6.48
 -42883.889    42.937    -9.45    6.16
 -42507.813    43.287     0.93    6.20
 -42131.736    43.057    -0.61    5.51
 -41755.657    44.105     2.79    6.00
 -41379.577    45.467     3.62    5.20
 -41003.494    46.185     1.91    4.77
 -40627.410    46.313     0.34    4.18
 -40251.325    47.078     2.03    4.44
 -39875.237    48.646     4.17    5.13
 -39499.148    51.835     8.48    5.61
 -39123.057    53.997     5.75    5.18
 -38746.964    56.294     6.11    4.25
 -38370.869    58.222     5.12    3.36
 -37994.773    57.877    -0.92    3.44
 -37618.675    58.264     1.03    3.17
 -37242.575    58.576     0.83    3.27
 -36866.474    59.441     2.30    3.75
 -36490.370    61.187     4.64    4.27
 -36114.265    63.980     7.43    5.80
 -35738.159    67.291     8.80    6.92
 -35362.050    70.078     7.41    6.96
 -34985.940    75.080    13.30    8.56
 -34609.828    77.339     6.00    8.48
 -34233.714    79.208     4.97    8.56
 -33857.598    81.402     5.83    6.49
 -33481.481    81.672     0.72    5.41
 -33105.362    82.659     2.62    5.02
 -32729.241    83.754     2.91    4.40
 -32353.118    85.105     3.59    3.76
 -31976.994    85.559     1.21    3.87
 -31600.867    85.775     0.57    4.00
 -31224.739    85.609    -0.44    4.30
 -30848.609    84.770    -2.23    4.62
 -30472.478    83.826    -2.51    4.69
 -30096.344    82.159    -4.43    5.23
 -29720.209    82.133    -0.07    5.45
 -29344.072    83.390     3.34    5.49
 -28967.933    84.949     4.14    4.85
 -28591.793    85.001     0.14    4.37
 -28215.651    83.851    -3.06    6.11
 -27839.506    80.309    -9.42    7.95
 -27463.360    76.835    -9.24    8.62
 -27087.213    73.309    -9.37    8.78
 -26711.063    67.738   -14.81    8.65
 -26334.912    64.294    -9.16    8.89
 -25958.759    58.294   -15.95    9.68
 -25582.604    52.604   -15.13    7.00
 -25206.447    49.595    -8.00    6.15
 -24830.288    47.059    -6.74    5.38
 -24454.128    45.465    -4.24    4.74
 -24077.966    45.634     0.45    5.70
 -23701.802    45.685     0.14    5.38
 -23325.636    45.343    -0.91    4.99
 -22949.468    45.396     0.14    5.32
 -22573.299    45.080    -0.84    4.87
 -22197.128    44.646    -1.16    4.31
 -21820.955    44.742     0.26    4.31
 -21444.780    45.082     0.90    4.57
 -21068.603    45.298     0.57    5.04
 -20692.424    43.749    -4.12    5.04
 -20316.244    42.082    -4.43    5.08
 -19940.062    40.937    -3.04    4.75
 -19563.878    39.970    -2.57    4.22
 -19187.692    40.076     0.28    4.27
 -18811.504    41.339     3.36    4.90
 -18435.315    42.082     1.98    4.94
 -18059.123    42.213     0.35    4.78
 -17682.930    41.259    -2.54    5.07
 -17306.735    40.108    -3.06    5.33
 -16930.538    38.764    -3.57    5.22
 -16554.339    35.538    -8.58    5.34
 -16178.138    33.698    -4.89    4.96
 -15801.936    31.659    -5.42    5.59
 -15425.732    27.826   -10.19    7.25
 -15049.525    23.441   -11.65    8.92
 -14673.317    18.576   -12.93    6.20
 -14297.107    18.185    -1.04    5.75
 -13920.896    21.005     7.50    6.76
 -13544.682    25.977    13.22    6.89
 -13168.467    29.429     9.18    6.44
 -12792.249    32.105     7.11    5.17
 -12416.030    33.862     4.67    4.56
 -12039.809    35.009     3.05    5.27
 -11663.586    35.240     0.61    5.67
 -11287.361    36.313     2.85    5.33
 -10911.135    36.851     1.43    4.64
 -10534.906    37.210     0.95    4.01
 -10158.676    37.402     0.51    4.84
  -9782.443    35.212    -5.82    5.48
  -9406.209    33.723    -3.96    4.52
  -9029.973    34.604     2.34    5.07
  -8653.735    37.057     6.52    5.57
  -8277.495    38.659     4.26    5.20
  -7901.253    39.370     1.89    4.79
  -7525.010    37.005    -6.28    5.71
  -7148.764    34.409    -6.90    5.42
  -6772.517    30.712    -9.83    6.06
  -6396.268    27.343    -8.95    5.96
  -6020.016    22.538   -12.77    7.63
  -5643.763    13.364   -24.38   13.13
  -5267.508     5.240   -21.59   13.42
  -4891.251    -1.867   -18.89   10.20
  -4514.993    -5.867   -10.63    5.68
  -4138.732    -3.328     6.75    6.06
  -3762.469    -0.462     7.62    6.23
  -3386.205     0.082     1.45    6.87
  -3009.939    -2.149    -5.93    7.74
  -2633.670    -5.452    -8.78    6.72
  -2257.400    -7.025    -4.18    3.85
  -1881.128    -5.571     3.87    5.42
  -1504.854    -3.544     5.39    5.62
  -1128.578    -0.841     7.18    6.46
   -752.300     1.972     7.47    5.15
   -376.020     1.826    -0.39    6.08
      0.204    -0.610    -6.47    7.08
    376.106    -3.035    -6.45    7.48
    752.010    -6.379    -8.90    5.85
   1127.916    -8.517    -5.69    2.67
   1503.824    -7.995     1.39    2.93
   1879.734    -7.130     2.30    3.70
   2255.646    -7.867    -1.96    2.85
   2631.560    -8.327    -1.22    2.85
   3007.475    -7.405     2.45    5.42
   3383.393    -5.508     5.05    7.31
   3759.313    -3.369     5.69    8.31
   4135.234    -0.544     7.52    8.47
   4511.158     2.646     8.48    7.70
   4887.083     3.997     3.59    6.17
   5263.010     6.159     5.75    3.27
   5638.940     6.100    -0.16    3.43
   6014.871     7.084     2.62    4.08
   6390.804     7.800     1.90    4.40
   6766.739     8.715     2.43    4.76
   7142.676    10.287     4.18    4.80
   7518.615    10.510     0.59    5.13
   7894.556    10.949     1.17    5.44
   8270.499    10.791    -0.42    5.29
   8646.444    10.185    -1.61    5.81
   9022.391    11.078     2.38    6.54
   9398.340    10.159    -2.44    7.07
   9774.290     9.034    -2.99    7.07
  10150.243     7.445    -4.23    7.40
  10526.198     3.754    -9.82    7.99
  10902.154     4.402     1.73    8.88
  11278.113     3.186    -3.23    8.68
  11654.074     2.294    -2.37    8.14
  12030.036     5.798     9.32    7.20
  12406.001     5.109    -1.83    7.25
  12781.967     4.749    -0.96    7.87
  13157.936     4.159    -1.57    8.07
  13533.906     3.441    -1.91    8.40
  13909.879     4.528     2.89    7.81
  14285.853     7.082     6.79    6.24
  14661.830     9.889     7.46    3.36
  15037.808    10.749     2.29    3.26
  15413.788    11.020     0.72    4.60
  15789.771     9.949    -2.85    5.33
  16165.755    10.159     0.56    6.91
  16541.741    11.189     2.74    7.71
  16917.730    14.544     8.92    8.06
  17293.720    17.321     7.39    6.72
  17669.713    19.159     4.89    4.73
  18045.707    20.159     2.66    2.45
  18421.703    19.437    -1.92    2.05
  18797.702    19.672     0.63    1.88
  19173.702    19.509    -0.43    1.92
  19549.704    18.970    -1.43    2.18
  19925.709    17.954    -2.70    2.67
  20301.715    17.339    -1.64    2.38
  20677.724    17.775     1.16    2.58
  21053.734    18.528     2.00    2.60
  21429.746    19.031     1.34    2.07
  21805.761    20.492     3.89    1.90
  22181.777    21.700     3.21    2.68
  22557.796    23.528     4.86    3.14
  22933.816    26.280     7.32    3.09
  23309.839    30.595    11.47    6.37
  23685.863    34.791    11.16    8.69
  24061.890    37.881     8.22    9.77
  24437.919    40.565     7.14   10.05
  24813.949    39.742    -2.19   10.06
  25189.982    38.949    -2.11    7.91
  25566.017    37.484    -3.89    7.36
  25942.053    35.943    -4.10    6.16
  26318.092    34.954    -2.63    5.30
  26694.133    35.317     0.97    5.88
  27070.176    35.928     1.63    5.65
  27446.221    36.565     1.69    5.19
  27822.268    37.084     1.38    4.77
  28198.317    37.673     1.56    4.49
  28574.368    37.159    -1.37    4.21
  28950.421    35.565    -4.24    4.87
  29326.476    35.988     1.13    4.87
  29702.533    35.800    -0.50    4.61
  30078.593    35.621    -0.48    4.54
  30454.654    34.631    -2.63    3.68
  30830.717    33.862    -2.05    4.15
  31206.783    32.909    -2.53    4.07
  31582.850    32.291    -1.64    3.72
  31958.920    31.698    -1.58    4.30
  32334.991    30.105    -4.23    4.03
  32711.065    28.712    -3.70    4.08
  33087.141    27.028    -4.48    4.46
  33463.219    26.057    -2.58    5.69
  33839.298    23.132    -7.78    7.27
  34215.380    19.859    -8.70    8.32
  34591.464    17.633    -5.92    8.15
  34967.551    16.267    -3.63    6.97
  35343.639    12.916    -8.91    5.53
  35719.729    10.437    -6.59    5.77
  36095.821     7.236    -8.51    6.31
  36471.916     5.159    -5.52    5.18
  36848.012     5.604     1.18    5.41
  37224.111     5.475    -0.34    5.11
  37600.212     6.854     3.67    5.31
  37976.315     7.808     2.54    5.43
  38352.419     8.390     1.55    5.02
  38728.526     7.808    -1.55    4.96
  39104.636     8.264     1.21    3.59
  39480.747     5.975    -6.09    5.38
  39856.860     3.859    -5.63    6.50
  40232.975     3.321    -1.43    7.20
  40609.093     4.034     1.90    7.01
  40985.212     4.108     0.20    6.81
  41361.334     3.781    -0.87    6.75
  41737.458     5.754     5.25    5.92
  42113.584     6.429     1.80    4.85
  42489.712     7.554     2.99    4.29
  42865.842     9.082     4.06    1.87
  43241.974     8.659    -1.12    2.04
  43618.109     8.851     0.51    2.05
  43994.245     8.896     0.12    1.87
  44370.384     8.854    -0.11    1.69
  44746.524     9.159     0.81    1.99
  45122.667     9.518     0.95    2.24
  45498.812     9.775     0.68    2.54
  45874.959    10.475     1.86    3.61
  46251.109    13.262     7.41    7.54
  46627.260    17.215    10.51    9.23
  47003.414    21.609    11.68    9.83
  47379.569    26.364    12.64    8.09
  47755.727    30.331    10.54    5.25
  48131.887    31.646     3.50    5.52
  48508.049    32.132     1.29    6.43
  48884.213    32.321     0.50    6.86
  49260.379    31.264    -2.81    8.13
  49636.548    29.835    -3.80    7.74
  50012.718    27.934    -5.05    6.19
  50388.891    26.054    -5.00    5.34
  50765.066    25.673    -1.01    3.90
  51141.243    26.236     1.50    4.84
  51517.422    26.775     1.43    5.08
  51893.604    26.422    -0.94    3.33
  52269.787    26.742     0.85    3.74
  52645.973    27.621     2.33    4.13
  53022.161    28.456     2.22    4.18
  53398.351    28.775     0.85    4.59
  53774.543    30.467     4.50    4.11
  54150.737    31.016     1.46    3.47
  54526.934    31.835     2.18    3.76
  54903.132    32.808     2.59    3.59
  55279.333    33.754     2.51    3.43
  55655.536    35.240     3.95    3.85
  56031.741    35.187    -0.14    4.29
  56407.949    35.354     0.44    4.48
  56784.158    35.313    -0.11    4.44
  57160.370    36.159     2.25    4.70
  57536.584    37.185     2.73    4.92
  57912.800    38.764     4.20    4.83
  58289.018    38.800     0.10    4.73
  58665.239    38.673    -0.34    4.00
  59041.461    38.954     0.75    4.14
  59417.686    38.937    -0.05    4.75
  59793.913    39.928     2.64    4.98
  60170.142    41.082     3.07    5.61
  60546.374    41.347     0.70    5.60
  60922.607    41.781     1.15    5.55
  61298.843    43.051     3.38    5.60
  61675.081    43.348     0.79    5.49
  62051.321    45.949     6.91    5.15
  62427.564    47.381     3.81    4.99
  62803.808    48.672     3.43    4.86
  63180.055    50.339     4.43    4.46
  63556.304    50.501     0.43    3.97
  63932.555    52.080     4.20    4.87
  64308.809    54.057     5.25    4.70
  64685.064    54.108     0.14    5.06
  65061.322    52.754    -3.60    5.65
  65437.582    50.262    -6.62    5.78
  65813.845    46.943    -8.82    4.42
  66190.109    44.595    -6.24    5.55
  66566.376    42.422    -5.77    4.25
  66942.645    40.253    -5.77    4.89
  67318.916    38.569    -4.47    4.84
  67695.189    37.475    -2.91    4.73
  68071.465    37.429    -0.12    4.74
  68447.743    36.633    -2.12    4.96
  68824.023    35.409    -3.25    4.94
  69200.305    34.749    -1.75    4.46
  69576.590    36.980     5.93    6.09
  69952.877    37.997     2.70    6.32
  70329.166    39.031     2.75    4.90
  70705.457    38.621    -1.09    4.25
  71081.751    37.236    -3.68    3.21
  71458.046    37.970     1.95    3.87
  71834.344    39.980     5.34    4.48
  72210.645    40.970     2.63    4.79
  72586.947    40.370    -1.60    5.87
  72963.252    39.186    -3.15    5.74
  73339.559    38.628    -1.48    4.89
  73715.868    37.851    -2.06    4.96
  74092.180    37.712    -0.37    4.74
  74468.493    37.104    -1.62    4.90
  74844.809    36.749    -0.94    4.72
  75220.888    34.937    -4.82    4.84
  75596.750    31.949    -7.95    5.90
  75972.614    27.877   -10.83    7.92
  76348.480    23.916   -10.54    8.23
  76724.349    18.738   -13.78    7.51
  77100.220    14.980   -10.00    7.47
  77476.093    12.826    -5.73    6.73
  77851.969    12.456    -0.98    7.45
  78227.847    12.749     0.78    6.42
  78603.727    13.685     2.49    4.37
  78979.609    12.965    -1.92    5.02
  79355.493    13.943     2.60    3.94
  79731.380    13.277    -1.77    4.09
  80107.269    13.569     0.78    4.41
  80483.161    14.339     2.05    3.66
  80859.055    14.770     1.15    3.77
  81234.951    16.749     5.26    4.72
  81610.849    18.965     5.89    5.83
  81986.749    21.054     5.56    6.02
  82362.652    22.698     4.37    5.24
  82738.557    23.528     2.21    4.23
  83114.465    23.685     0.42    3.41
  83490.374    24.800     2.97    3.53
  83866.286    26.259     3.88    4.27
  84242.201    29.186     7.79    4.02
  84618.117    31.416     5.93    4.56
  84994.036    33.975     6.81    4.74
  85369.958    35.402     3.80    4.30
  85745.881    36.186     2.08    3.97
  86121.807    35.687    -1.33    4.46
  86497.735    35.492    -0.52    4.20
  86873.665    35.784     0.78    4.44
  87249.598    35.078    -1.88    6.14
  87625.533    33.108    -5.24    7.50
  88001.471    31.520    -4.22    8.09
  88377.410    30.764    -2.01    8.20
  88753.352    30.928     0.44    7.51
  89129.297    30.317    -1.63    6.37
  89505.243    29.889    -1.14    5.03
  89881.192    29.554    -0.89    4.10
  90257.144    30.059     1.34    3.79
  90633.097    30.754     1.85    4.27
  91009.053    30.877     0.33    4.04
  91385.011    32.133     3.34    3.87
  91760.972    32.538     1.08    3.65
  92136.935    33.375     2.23    4.49
  92512.900    34.437     2.82    4.24
  92888.868    35.672     3.29    3.77
  93264.838    37.159     3.96    3.49
  93640.810    39.456     6.11    3.29
  94016.785    40.709     3.33    3.90
  94392.762    41.922     3.23    3.64
  94768.741    43.851     5.13    3.90
  95144.723    45.791     5.16    3.67
  95520.707    47.238     3.85    4.02
  95896.693    48.159     2.45    3.14
  96272.682    48.554     1.05    3.47
  96648.673    50.492     5.16    4.33
  97024.666    52.992     6.65    5.42
  97400.662    54.928     5.15    4.65
  97776.660    56.057     3.00    3.97
  98152.661    56.456     1.06    4.13
  98528.664    57.051     1.58    4.51
  98904.669    56.970    -0.22    4.90
  99280.676    57.723     2.00    5.25
  99656.686    58.359     1.69    5.68
 100032.699    58.429     0.19    6.19
 100408.713    59.009     1.54    5.86
 100784.730    60.185     3.13    6.38
 101160.750    62.580     6.37    7.28
 101536.772    64.889     6.14    6.44
 101912.796    66.364     3.92    6.98
 102288.822    67.001     1.69    6.79
 102664.851    65.715    -3.42    8.37
 103040.883    60.554   -13.72    8.31
 103416.917    56.187   -11.61    5.39
 103792.953    54.877    -3.48    5.22
 104168.991    54.544    -0.89    6.06
 104545.032    54.909     0.97    5.19
 104921.075    53.673    -3.29    5.16
 105297.121    52.565    -2.95    4.54
 105673.169    52.159    -1.08    3.89
 106049.220    52.984     2.19    4.34
 106425.272    55.024     5.42    5.03
 106801.328    58.031     8.00    5.62
 107177.385    59.975     5.17    5.82
 107553.446    61.212     3.29    5.71
 107929.508    60.889    -0.86    6.02
 108305.573    60.784    -0.28    5.62
 108681.640    60.580    -0.54    4.60
 109057.710    62.354     4.72    4.71
 109433.782    63.754     3.72    4.13
 109809.857    65.354     4.25    3.79
 110185.934    65.928     1.53    3.72
 110562.013    65.390    -1.43    3.97
 110938.095    65.102    -0.77    4.46
 111314.179    63.375    -4.59    3.86
 111690.266    62.321    -2.80    2.92
 112066.355    64.132     4.81    4.09
 112442.446    66.859     7.25    4.60
 112818.540    68.673     4.82    4.23
 113194.636    71.236     6.82    4.04
 113570.735    73.949     7.21    5.73
 113946.836    78.698    12.63    9.01
 114322.940    82.808    10.93    8.99
 114699.046    82.518    -0.77    9.03
 115075.155    78.396   -10.96   11.08
 115451.266    72.465   -15.77    8.68
 115827.379    68.754    -9.87    5.14
 116203.495    67.548    -3.21    5.04
 116579.613    68.896     3.58    6.43
 116955.734    67.877    -2.71    5.82
 117331.857    66.065    -4.82    5.48
 117707.983    63.001    -8.15    5.21
 118084.111    60.646    -6.26    4.54
 118460.241    59.375    -3.38    3.70
 118836.374    58.851    -1.39    3.74
 119212.510    59.370     1.38    3.60
 119588.648    60.980     4.28    3.40
 119964.788    62.800     4.84    4.47
 120340.931    65.236     6.48    4.61
 120717.076    66.646     3.75    4.09
 121093.224    65.980    -1.77    4.31
 121469.374    64.262    -4.57    4.35
 121845.527    62.076    -5.81    3.33
 122221.682    60.835    -3.30    3.35
 122597.840    61.592     2.01    3.86
 122974.000    62.321     1.94    3.92
 123350.163    64.441     5.64    4.51
 123726.328    67.614     8.43    3.91
 124102.495    69.287     4.45    4.53
 124478.665    71.054     4.70    4.58
 124854.838    72.937     5.01    3.73
 125231.013    73.467     1.41    4.51
 125607.190    72.808    -1.75    4.74
 125983.370    72.826     0.05    4.40
 126359.553    72.441    -1.02    4.57
 126735.738    71.133    -3.48    4.42
 127111.925    71.633     1.33    3.91
 127488.115    72.390     2.01    4.76
 127864.308    71.416    -2.59    8.27
 128240.503    70.242    -3.12    9.60
 128616.700    66.592    -9.70    9.75
 128992.900    63.213    -8.98    7.55
 129369.103    63.078    -0.36    5.51
 129745.308    63.700     1.65    5.53
 130121.515    64.473     2.06    5.02
 130497.725    63.609    -2.30    5.46
 130873.938    63.159    -1.20    6.11
 131250.153    63.409     0.66    5.63
 131626.370    62.775    -1.69    5.02
 132002.590    61.949    -2.20    5.20
 132378.813    57.843   -10.91    6.91
 132755.038    55.449    -6.37    6.20
 133131.266    53.903    -4.11    5.17
 133507.496    54.619     1.90    4.98
 133883.728    57.370     7.31    5.40
 134259.964    58.684     3.49    5.91
 134636.201    59.702     2.71    5.52
 135012.442    59.429    -0.72    5.72
 135388.684    58.997    -1.15    5.58
 135764.930    57.159    -4.88    5.12
 136141.177    56.105    -2.80    5.84
 136517.428    53.826    -6.06    6.28
 136893.681    53.509    -0.84    6.46
 137269.936    53.928     1.11    6.73
 137646.194    54.781     2.27    6.77
 138022.455    55.236     1.21    6.80
 138398.718    54.791    -1.18    6.23
 138774.984    55.554     2.03    4.89
 139151.252    55.001    -1.47    5.55
 139527.523    54.544    -1.22    6.25
 139903.796    51.429    -8.28    7.20
 140280.072    47.291   -11.00    5.81
 140656.350    44.559    -7.26    5.74
 141032.631    42.798    -4.68    4.90
 141408.915    41.749    -2.79    4.48
 141785.201    41.267    -1.28    3.96
 142161.489    38.754    -6.68    6.04
 142537.781    35.429    -8.83    7.01
 142914.074    33.326    -5.59    6.06
 143290.371    33.877     1.47    5.64
 143666.670    35.416     4.09    4.87
 144042.971    36.370     2.54    4.60
 144419.275    37.005     1.69    4.52
 144795.582    37.501     1.32    5.12
 145171.891    38.851     3.59    4.26
 145548.203    37.262    -4.22    5.14
 145924.517    36.159    -2.93    4.44
 146300.834    36.631     1.25    4.63
 146677.154    38.080     3.85    5.62
 147053.476    35.775    -6.13    9.16
 147429.801    30.992   -12.71   10.52
 147806.128    26.210   -12.71    9.76
 148182.458    21.554   -12.37    3.94
 148558.791    20.673    -2.34    5.63
 148935.126    20.538    -0.36    6.36
 149311.463    21.465     2.46    6.25
 149687.804    20.236    -3.26    6.58
 150064.147    20.784     1.46    5.76
 150440.025    20.754    -0.08    6.18
 150815.852    20.834     0.21    6.35
 151191.681    21.870     2.76    5.84
 151567.513    22.928     2.82    5.36
 151943.348    23.051     0.33    5.48
 152319.186    23.313     0.70    4.78
 152695.026    24.078     2.04    4.10
 153070.868    25.105     2.73    3.46
 153446.713    26.528     3.78    2.52
 153822.561    27.473     2.52    2.90
 154198.411    28.698     3.26    4.38
 154574.264    30.057     3.62    4.88
 154950.120    31.215     3.08    4.86
 155325.978    34.240     8.05    5.61
 155701.839    35.354     2.96    5.47
 156077.703    37.712     6.27    4.88
 156453.569    39.684     5.25    4.61
 156829.438    40.808     2.99    5.12
 157205.309    42.108     3.46    5.02
 157581.183    43.449     3.57    4.64
 157957.060    43.764     0.84    4.45
 158332.939    45.213     3.85    4.25
 158708.821    46.584     3.65    4.47
 159084.705    47.213     1.67    4.45
 159460.592    47.402     0.50    4.75
 159836.482    47.402     0.00    4.45
 160212.374    46.188    -3.23    4.93
 160588.270    46.851     1.77    4.94
 160964.167    47.313     1.23    5.12
 161340.068    46.131    -3.15    5.59
 161715.971    42.051   -10.85    7.52
 162091.876    39.159    -7.69    7.02
 162467.785    36.764    -6.37    6.00
 162843.696    36.934     0.45    5.29
 163219.609    38.213     3.40    5.99
 163595.525    41.954     9.95    5.48
 163971.444    44.817     7.62    3.96
 164347.366    47.001     5.81    4.35
 164723.290    49.186     5.81    4.63
 165099.217    50.209     2.72    5.11
 165475.147    50.370     0.43    5.50
 165851.079    49.835    -1.42    5.90
 166227.014    49.159    -1.80    5.88
 166602.951    49.873     1.90    6.20
 166978.891    51.569     4.51    6.41
 167354.834    52.390     2.18    7.53
 167730.780    54.048     4.41    7.99
 168106.728    56.896     7.58    7.95
 168482.679    60.131     8.61    8.10
 168858.633    60.764     1.68    7.72
 169234.589    62.059     3.44    8.03
 169610.548    63.321     3.36    7.83
 169986.510    64.528     3.21    8.06
 170362.474    65.764     3.29    7.22
 170738.441    65.569    -0.52    6.32
 171114.411    65.943     0.99    7.47
 171490.383    65.259    -1.82    7.26
 171866.358    65.212    -0.13    7.08
 172242.336    65.673     1.23    6.80
 172618.317    68.565     7.69    8.23
 172994.300    70.187     4.32    8.14
 173370.286    72.390     5.86    9.12
 173746.274    74.980     6.89    8.56
 174122.266    76.854     4.98    7.48
 174498.260    78.633     4.73    7.45
 174874.256    79.673     2.77    5.72
 175250.256    80.619     2.52    5.24
 175626.258    82.559     5.16    5.22
 176002.263    81.024    -4.08    5.97
 176378.270    79.238    -4.75    6.54
 176754.281    76.238    -7.98    6.45
 177130.294    71.284   -13.18    8.24
 177506.309    67.483   -10.11    9.07
 177882.328    64.534    -7.84    8.58
 178258.349    63.980    -1.47    8.52
 178634.373    63.916    -0.17    7.49
 179010.399    67.510     9.56    5.54
 179386.429    67.619     0.29    4.79
 179762.461    67.954     0.89    5.17
 180138.496    68.544     1.57    5.46
 180514.533    69.048     1.34    5.94
 180890.574    66.339    -7.21    6.52
 181266.617    64.528    -4.82    6.69
 181642.662    65.854     3.53    8.00
 182018.711    70.108    11.31   10.45
 182394.762    76.896    18.05   11.81
 182770.816    83.416    17.34   12.16
 183146.873    85.501     5.55   11.40
 183522.932    85.509     0.02   11.06
 183898.994    82.402    -8.26    8.94
 184275.059    80.609    -4.77    7.88
 184651.127    81.723     2.96    8.54
 185027.198    84.604     7.66    7.86
 185403.271    87.835     8.59    8.54
 185779.347    89.889     5.46    8.87
 186155.426    85.975   -10.41    8.90
 186531.507    83.031    -7.83    8.18
 186907.591    82.024    -2.68    6.65
 187283.678    83.684     4.41    8.01
 187659.768    87.238     9.45    7.34
 188035.861    89.673     6.47    6.37
 188411.956    92.595     7.77    7.12
 188788.054    92.877     0.75    7.42
 189164.155    94.339     3.89    7.31
 189540.259    94.370     0.08    8.27
 189916.365    94.621     0.67   10.04
 190292.475    93.375    -3.31    9.85
 190668.587    89.834    -9.42   10.58
 191044.701    85.334   -11.96   10.34
 191420.819    81.245   -10.87    8.19
 191796.939    78.943    -6.12    6.05
 192173.062    76.862    -5.53    6.47
 192549.188    73.592    -8.69    5.53
 192925.317    71.817    -4.72    5.12
 193301.449    71.970     0.41    6.01
 193677.583    72.884     2.43    8.07
 194053.720    73.031     0.39    7.84
 194429.860    71.321    -4.55    7.25
 194806.003    71.287    -0.09    6.33
 195182.148    72.159     2.32    5.31
 195558.296    73.712     4.13    5.13
 195934.448    73.826     0.30    4.80
 196310.602    73.569    -0.68    6.50
 196686.758    72.808    -2.02    6.63
 197062.918    72.005    -2.13    5.67
 197439.080    73.234     3.27    5.72
 197815.245    76.531     8.76    6.74
 198191.413    81.510    13.24    9.89
 198567.584    90.483    23.85   11.48
 198943.758    94.024     9.41   10.19
 199319.934    94.317     0.78    9.62
 199696.114    89.187   -13.64   12.03
 200072.296    84.915   -11.36    8.26
 200448.481    82.698    -5.90    6.20
 200824.668    84.727     5.39    6.71
 201200.859    86.877     5.72    6.92
 201577.052    87.712     2.22    6.70
 201953.249    85.159    -6.79    7.62
 202329.448    82.889    -6.04    7.15
 202705.649    82.877    -0.03    6.57
 203081.854    82.520    -0.95    6.90
 203458.062    82.569     0.13    7.55
 203834.272    80.185    -6.34    6.74
 204210.486    75.394   -12.73    5.60
 204586.702    73.213    -5.80    6.51
 204962.921    73.321     0.29    7.19
 205339.142    75.185     4.96    7.39
 205715.367    79.916    12.57    8.03
 206091.595    82.024     5.60    7.81
 206467.825    83.334     3.48    7.55
 206844.058    83.877     1.44    7.89
 207220.294    85.673     4.77    8.05
 207596.533    87.057     3.68    7.63
 207972.775    88.528     3.91    7.67
 208349.020    91.775     8.63   10.09
 208725.267    94.024     5.98   10.08
 209101.518    97.364     8.88    9.15
 209477.771   101.715    11.56   10.28
 209854.027   103.236     4.04    9.44
 210230.286   104.877     4.36    9.55
 210606.548   105.784     2.41    8.52
 210982.813   109.467     9.79    9.32
 211359.081   110.538     2.85    9.91
 211735.351   113.870     8.86    8.99
 212111.624   113.051    -2.18   10.08
 212487.901   110.020    -8.06   12.00
 212864.180   106.698    -8.83   12.91
 213240.462   103.313    -9.00   11.34
 213616.747   100.238    -8.17   10.19
 213993.035    99.080    -3.08   10.24
 214369.325    99.108     0.07    9.88
 214745.619    97.723    -3.68    9.43
 215121.916    95.727    -5.31    9.91
 215498.215    93.313    -6.41    9.54
 215874.517    86.862   -17.14   10.38
 216250.823    82.544   -11.48   10.24
 216627.131    81.159    -3.68    9.09
 217003.442    79.565    -4.24    8.84
 217379.756    77.826    -4.62    9.69
 217756.072    73.922   -10.37    9.32
 218132.392    71.051    -7.63    8.32
 218508.715    66.375   -12.43    7.89
 218885.040    64.687    -4.49    8.02
 219261.369    65.475     2.09    8.48
 219637.700    65.159    -0.84    8.06
 220014.034    68.267     8.26    6.99
 220390.372    70.210     5.16    6.50
 220766.712    69.800    -1.09    6.26
 221143.055    69.672    -0.34    5.88
 221519.401    72.080     6.40    6.52
 221895.750    74.646     6.82    7.57
 222272.102    75.916     3.37    7.30
 222648.456    75.619    -0.79    7.48
 223024.814    71.132   -11.92    9.15
 223401.175    69.253    -4.99    7.09
 223777.538    71.108     4.93    8.11
 224153.905    72.646     4.09    8.41
 224530.274    73.402     2.01    7.43
 224906.647    68.619   -12.71   10.76
 225282.860    61.298   -19.46   11.13
 225658.647    54.791   -17.32    9.15
 226034.437    49.359   -14.45    7.86
 226410.230    45.754    -9.59    5.81
 226786.026    43.544    -5.88    3.96
 227161.824    44.159     1.64    3.81
 227537.626    46.159     5.32    4.54
 227913.431    48.916     7.34    5.31
 228289.238    51.884     7.90    5.73
 228665.049    55.186     8.79    5.23
 229040.862    58.240     8.13    5.09
 229416.679    61.105     7.62    4.93
 229792.498    61.659     1.47    5.79
 230168.321    62.544     2.35    5.97
 230544.146    63.390     2.25    5.97
 230919.974    65.576     5.82    7.37
 231295.805    67.975     6.38    8.43
 231671.640    69.770     4.78    7.65
 232047.477    71.317     4.12    8.89
 232423.317    71.390     0.19   10.20
 232799.160    70.727    -1.76   12.42
 233175.006    67.339    -9.01   13.12
 233550.855    65.390    -5.19   12.67
 233926.707    64.409    -2.61   12.11
 234302.562    63.510    -2.39   10.34
 234678.420    63.734     0.60   10.03
 235054.281    64.646     2.43    9.57
 235430.145    66.565     5.11    9.88
 235806.012    66.943     1.01    9.63
 236181.882    68.630     4.49    9.09
 236557.754    71.800     8.44    8.12
 236933.630    73.210     3.75    7.42
 237309.509    74.548     3.56    8.37
 237685.391    76.826     6.06    8.50
 238061.276    78.270     3.84    8.43
 238437.164    80.528     6.01    9.57
 238813.054    82.826     6.11   11.52
 239188.948    86.051     8.58   12.24
 239564.845    91.501    14.50   11.10
 239940.745    93.980     6.59   10.01
 240316.648    95.209     3.27    9.11
 240692.553    94.565    -1.71    9.43
 241068.462    92.980    -4.22    9.97
 241444.374    91.791    -3.16   10.31
 241820.289    86.943   -12.90   13.66
 242196.207    82.943   -10.64   14.98
 242572.128    78.445   -11.97   14.10
 242948.051    74.672   -10.04   12.22
 243323.978    72.364    -6.14    8.85
 243699.908    70.826    -4.09    7.52
 244075.841    73.569     7.30    9.60
 244451.777    76.326     7.33   10.51
 244827.716    76.518     0.51    9.69
 245203.658    79.390     7.64   10.11
 245579.603    79.429     0.11   10.83
 245955.551    79.922     1.31   10.42
 246331.502    81.287     3.63   10.19
 246707.456    84.809     9.37    9.69
 247083.414    85.392     1.55    9.02
