# NaN NaN NaN ;Mean Elev.(m), Avg Gradient(m/km), RMS Gradient(m/km) - SRTM1     
#   29.376   1.110   9.511 ;Mean Elev.(m), Avg Gradient(m/km), RMS Gradient(m/km) - ASTER GDEM
#   45.994   0.376   4.350 ;Mean Elev.(m), Avg Gradient(m/km), RMS Gradient(m/km) - GMTED2010 
  8    50.755 52498.10543943 52.92 292.477375  -2.760577 22.207
  8    50.768 52498.10544008 52.96 292.476645  -2.757277 22.207
  8    50.787 52498.10544072 47.99 292.475915  -2.753967 22.207
  8    50.867 52498.10544137 50.72 292.475195  -2.750667 22.207
  8    50.900 52498.10544201 51.43 292.474465  -2.747357 22.207
 10    45.067 52568.10545219 21.83 292.478635  -2.761415 15.972
 10    46.379 52568.10545284 11.82 292.477905  -2.758115 15.972
 10    44.208 52568.10545348 11.66 292.477185  -2.754815 15.972
 10    44.007 52568.10545412 12.23 292.476455  -2.751505 15.972
 10    44.173 52568.10545477 10.52 292.475725  -2.748205 15.972
 11    50.055 52603.10544764 46.14 292.472778  -2.763785 16.156
 11    50.005 52603.10544828 48.36 292.472058  -2.760475 16.156
 11    49.950 52603.10544893 45.63 292.471328  -2.757175 16.156
 11    50.062 52603.10544957 46.36 292.470598  -2.753865 16.156
 11    49.908 52603.10545022 49.51 292.469878  -2.750565 16.156
 12    50.944 52638.10542122 52.76 292.474009  -2.763008 25.332
 12    50.851 52638.10542186 50.38 292.473279  -2.759698 25.332
 12    50.841 52638.10542250 53.60 292.472549  -2.756398 25.332
 12    50.889 52638.10542315 52.60 292.471819  -2.753088 25.332
 12    50.943 52638.10542379 51.74 292.471099  -2.749788 25.332
 13    50.071 52673.10542134 41.44 292.475267  -2.763483 17.970
 13    50.033 52673.10542198 23.15 292.474537  -2.760173 17.970
 13    49.734 52673.10542263 18.03 292.473807  -2.756873 17.970
 13    49.745 52673.10542327 15.38 292.473087  -2.753563 17.970
 13    49.859 52673.10542392 13.19 292.472357  -2.750263 17.970
 14    51.453 52708.10542949 50.80 292.476140  -2.762213 25.798
 14    51.436 52708.10543014 54.89 292.475410  -2.758903 25.798
 14    51.263 52708.10543078 52.36 292.474690  -2.755603 25.798
 14    51.239 52708.10543143 52.80 292.473960  -2.752293 25.798
 14    51.265 52708.10543207 51.16 292.473230  -2.748993 25.798
 15    52.123 52743.10545963 31.49 292.470668  -2.762295 19.391
 15    51.558 52743.10546027 23.30 292.469938  -2.758985 19.391
 15    51.153 52743.10546092 22.62 292.469218  -2.755685 19.391
 15    51.710 52743.10546156 20.72 292.468488  -2.752375 19.391
 17    53.110 52813.10547980 48.31 292.473264  -2.763480 23.769
 17    53.204 52813.10548044 43.03 292.472534  -2.760180 23.769
 17    53.241 52813.10548109 49.77 292.471804  -2.756870 23.769
 17    53.127 52813.10548173 50.07 292.471084  -2.753570 23.769
 17    53.053 52813.10548238 51.70 292.470354  -2.750260 23.769
 18    51.842 52848.10553412 47.50 292.475048  -2.760650 16.563
 18    51.929 52848.10553476 47.82 292.474318  -2.757350 16.563
 18    51.988 52848.10553541 47.33 292.473588  -2.754040 16.563
 18    51.890 52848.10553605 49.75 292.472868  -2.750740 16.563
 19    47.652 52883.10556965 47.76 292.473102  -2.763512 20.459
 19    47.436 52883.10557030 42.25 292.472372  -2.760202 20.459
 19    47.391 52883.10557094 52.53 292.471642  -2.756902 20.459
 19    47.511 52883.10557159 51.38 292.470912  -2.753592 20.459
 19    47.459 52883.10557223 52.32 292.470192  -2.750292 20.459
 20    45.238 52918.10552655 30.64 292.477053  -2.761729 12.598
 20    44.920 52918.10552720 31.66 292.476333  -2.758419 12.598
 20    45.044 52918.10552784 33.79 292.475603  -2.755119 12.598
 20    45.051 52918.10552849 33.88 292.474873  -2.751809 12.598
 20    45.261 52918.10552913 37.26 292.474153  -2.748509 12.598
 21    47.741 52953.10548893 31.97 292.480866  -2.759769 18.578
 21    47.259 52953.10548957 30.70 292.480136  -2.756459 18.578
 21    47.453 52953.10549022 37.40 292.479406  -2.753159 18.578
 21    47.461 52953.10549086 47.37 292.478676  -2.749849 18.578
 21    47.575 52953.10549151 48.18 292.477956  -2.746549 18.578
 22    47.941 52988.10549959 53.30 292.484299  -2.759588 27.245
 22    47.975 52988.10550023 51.94 292.483569  -2.756278 27.245
 22    47.989 52988.10550088 53.27 292.482849  -2.752978 27.245
 22    48.002 52988.10550152 51.96 292.482119  -2.749668 27.245
 22    47.981 52988.10550217 53.17 292.481389  -2.746368 27.245
 22    47.974 52988.10550281 50.60 292.480669  -2.743058 27.245
 23    51.526 53023.10548731 29.55 292.481213  -2.760507 16.567
 23    51.147 53023.10548795 26.31 292.480483  -2.757207 16.567
 23    51.124 53023.10548860 24.62 292.479753  -2.753897 16.567
 23    51.343 53023.10548924 25.60 292.479033  -2.750597 16.567
 23    51.556 53023.10548989 30.59 292.478303  -2.747287 16.567
 24    46.340 53058.10548155 45.27 292.483158  -2.760123 13.452
 24    46.353 53058.10548220 43.77 292.482428  -2.756813 13.452
 24    46.351 53058.10548284 45.15 292.481708  -2.753513 13.452
 24    46.357 53058.10548349 47.66 292.480978  -2.750203 13.452
 24    46.342 53058.10548413 45.17 292.480248  -2.746903 13.452
 25    50.584 53093.10551931 29.34 292.468132  -2.761187 22.821
 25    50.467 53093.10551996 27.80 292.467402  -2.757877 22.821
 25    50.722 53093.10552060 40.78 292.466672  -2.754577 22.821
 25    50.826 53093.10552125 47.75 292.465952  -2.751267 22.821
 26    51.607 53128.10549032 32.55 292.480228  -2.761690 21.993
 26    51.128 53128.10549097 24.61 292.479498  -2.758390 21.993
 26    50.784 53128.10549161 24.52 292.478768  -2.755076 18.829
 26    51.184 53128.10549226 18.95 292.478038  -2.751776 18.829
 26    51.680 53128.10549290 17.48 292.477318  -2.748476 18.829
 28    51.345 53198.10555662 52.07 292.476321  -2.760209 26.243
 28    51.305 53198.10555727 54.48 292.475591  -2.756899 26.243
 28    51.160 53198.10555791 51.34 292.474861  -2.753599 26.243
 28    51.192 53198.10555855 52.58 292.474131  -2.750289 26.243
 29    48.662 53233.10553123 36.27 292.482913  -2.758795  9.091
 29    48.546 53233.10553188 37.33 292.482183  -2.755485  9.091
 29    48.534 53233.10553252 38.08 292.481463  -2.752185  9.091
 29    48.616 53233.10553317 37.92 292.480733  -2.748875  9.091
 29    48.469 53233.10553381 38.18 292.480003  -2.745575  9.091
 30    46.810 53268.10549920 26.78 292.474341  -2.760297  9.508
 30    46.648 53268.10549985 24.64 292.473611  -2.756987  9.508
 30    46.946 53268.10550049 21.32 292.472891  -2.753687  9.508
 30    47.034 53268.10550114 19.61 292.472161  -2.750377  9.508
 31    49.496 53303.10555577 21.15 292.468253  -2.764317 18.535
 31    46.375 53303.10555641 20.76 292.467533  -2.761017 18.535
 31    46.633 53303.10555706 20.59 292.466803  -2.757707 18.535
 31    47.073 53303.10555770 29.25 292.466073  -2.754407 18.535
 31    47.003 53303.10555835 39.53 292.465343  -2.751097 18.535
 32    49.779 53338.10552564 44.94 292.475068  -2.761211 21.629
 32    49.860 53338.10552629 45.38 292.474348  -2.757911 21.629
 32    49.921 53338.10552693 46.32 292.473618  -2.754601 21.629
 32    49.904 53338.10552758 49.69 292.472888  -2.751301 21.629
 33    50.656 53373.10545901 50.58 292.478214  -2.762725 23.003
 33    50.656 53373.10545966 41.25 292.477484  -2.759425 23.003
 33    50.546 53373.10546030 36.71 292.476754  -2.756115 23.003
 33    50.462 53373.10546095 46.84 292.476034  -2.752815 23.003
 33    50.448 53373.10546159 47.20 292.475304  -2.749505 23.003
 35    51.417 53443.10548333 33.44 292.475787  -2.761242 15.948
 35    51.072 53443.10548397 28.29 292.475057  -2.757932 15.948
 35    51.371 53443.10548462 28.71 292.474337  -2.754632 15.948
 35    51.329 53443.10548526 40.99 292.473607  -2.751322 15.948
 35    51.345 53443.10548591 44.28 292.472877  -2.748022 15.948
 36    52.037 53478.10555731 50.01 292.470214  -2.761061 21.939
 36    52.122 53478.10555796 53.02 292.469484  -2.757751 21.939
 36    52.143 53478.10555860 49.68 292.468754  -2.754451 21.939
 36    52.102 53478.10555925 52.77 292.468024  -2.751141 21.939
 37    52.613 53513.10556749 53.35 292.475691  -2.763317 24.680
 37    52.732 53513.10556813 52.09 292.474961  -2.760007 24.680
 37    52.589 53513.10556878 53.12 292.474241  -2.756707 24.680
 37    52.547 53513.10556942 51.29 292.473511  -2.753397 24.680
 37    52.569 53513.10557007 51.34 292.472781  -2.750097 24.680
 38    50.568 53548.10558574 44.84 292.471002  -2.763542 24.442
 38    50.342 53548.10558638 49.46 292.470282  -2.760242 24.442
 38    50.361 53548.10558703 51.18 292.469552  -2.756932 24.442
 38    50.381 53548.10558767 49.19 292.468822  -2.753632 24.442
 38    50.399 53548.10558831 50.97 292.468102  -2.750322 24.442
 39    45.745 53583.10555239 34.24 292.476699  -2.763194 15.606
 39    45.404 53583.10555303 23.24 292.475969  -2.759894 15.606
 39    45.529 53583.10555368 29.35 292.475239  -2.756584 15.606
 39    45.543 53583.10555432 41.10 292.474519  -2.753284 15.606
 39    45.484 53583.10555497 43.54 292.473789  -2.749974 15.606
 40    42.804 53618.10550894 46.53 292.472441  -2.761061 20.467
 40    41.795 53618.10550959 46.41 292.471711  -2.757751 20.467
 40    41.926 53618.10551023 48.26 292.470991  -2.754451 20.467
 40    41.815 53618.10551088 47.67 292.470261  -2.751141 20.467
 41    41.615 53653.10552940 34.80 292.476089  -2.762775  9.960
 41    41.381 53653.10553004 35.21 292.475369  -2.759475  9.960
 41    41.343 53653.10553069 36.23 292.474639  -2.756165  9.960
 41    41.261 53653.10553133 35.17 292.473909  -2.752865  9.960
 41    41.347 53653.10553198 33.74 292.473179  -2.749555  9.960
 43    45.976 53723.10545451 43.79 292.478485  -2.762520  9.194
 43    45.551 53723.10545516 23.48 292.477755  -2.759210  9.194
 43    45.301 53723.10545580 20.33 292.477035  -2.755910  9.194
 43    45.439 53723.10545645 21.68 292.476305  -2.752600  9.194
 43    45.477 53723.10545709 20.80 292.475575  -2.749300  9.194
 44    48.140 53758.10539173 20.04 292.482884  -2.758206 13.464
 44    48.175 53758.10539238 19.68 292.482164  -2.754906 13.464
 44    48.414 53758.10539302 18.72 292.481434  -2.751596 13.464
 44    48.542 53758.10539367 19.43 292.480704  -2.748296 13.464
 44    48.446 53758.10539431 19.81 292.479974  -2.744986 13.464
 45    51.890 53793.10541399 47.18 292.479476  -2.759908 29.250
 45    51.929 53793.10541463 48.95 292.478756  -2.756608 29.250
 45    51.836 53793.10541528 52.29 292.478026  -2.753298 29.250
 45    51.822 53793.10541592 50.78 292.477296  -2.749998 29.250
 45    51.820 53793.10541657 51.49 292.476576  -2.746688 29.250
 46    52.124 53828.10538356 27.61 292.479974  -2.759263 18.618
 46    51.678 53828.10538421 23.06 292.479244  -2.755963 18.618
 46    51.784 53828.10538485 23.16 292.478514  -2.752653 18.618
 46    52.171 53828.10538550 22.53 292.477784  -2.749353 18.618
 46    52.197 53828.10538614 30.58 292.477064  -2.746043 18.618
 47    52.920 53863.10546753 29.38 292.472939  -2.761724 21.902
 47    52.675 53863.10546817 26.18 292.472209  -2.758414 21.902
 47    51.955 53863.10546882 25.15 292.471479  -2.755114 21.902
 47    51.578 53863.10546946 22.52 292.470749  -2.751804 21.902
 48    51.078 53898.10549078 40.62 292.476004  -2.760459 16.709
 48    51.032 53898.10549143 42.97 292.475274  -2.757149 16.709
 48    51.015 53898.10549207 45.30 292.474544  -2.753849 16.709
 48    50.977 53898.10549272 46.53 292.473814  -2.750539 16.709
 49    48.263 53933.10553759 45.41 292.466133  -2.763101 17.528
 49    47.889 53933.10553824 51.32 292.465403  -2.759791 17.528
 49    47.889 53933.10553888 51.16 292.464673  -2.756491 17.528
 49    47.864 53933.10553953 51.31 292.463943  -2.753181 17.528
 50    44.199 53968.10551021 43.53 292.470132  -2.762447 17.390
 50    43.932 53968.10551086 32.47 292.469402  -2.759147 17.390
 50    44.195 53968.10551150 33.33 292.468682  -2.755837 17.390
 50    44.211 53968.10551215 42.62 292.467952  -2.752537 17.390
 51    43.420 54003.10547875 48.97 292.478660  -2.760090 18.130
 51    43.309 54003.10547939 45.53 292.477930  -2.756790 18.130
 51    43.319 54003.10548004 47.09 292.477200  -2.753480 18.130
 51    43.389 54003.10548068 51.66 292.476480  -2.750180 18.130
 51    43.431 54003.10548133 48.51 292.475750  -2.746870 18.130
 52    45.195 54038.10551478 33.74 292.478493  -2.759525 11.711
 52    45.085 54038.10551543 35.81 292.477773  -2.756215 11.711
 52    45.247 54038.10551607 37.39 292.477043  -2.752915 11.711
 52    45.116 54038.10551672 43.43 292.476313  -2.749605 11.711
 53    48.482 54073.10550824 47.20 292.477547  -2.762517 11.983
 53    48.334 54073.10550888 24.69 292.476817  -2.759217 11.983
 53    48.045 54073.10550953 18.66 292.476097  -2.755907 11.983
 53    48.258 54073.10551017 17.61 292.475367  -2.752607 11.983
 53    48.370 54073.10551082 17.87 292.474637  -2.749297 11.983
 54    51.422 54108.10545619 43.83 292.474985  -2.763376 12.188
 54    51.128 54108.10545684 37.15 292.474255  -2.760066 12.188
 54    51.061 54108.10545748 39.43 292.473525  -2.756766 12.188
 54    51.250 54108.10545813 40.82 292.472805  -2.753456 12.188
 54    51.339 54108.10545877 42.41 292.472075  -2.750156 12.188
 55    52.435 54143.10544457 39.86 292.476117  -2.763001 18.631
 55    52.122 54143.10544521 28.46 292.475387  -2.759691 18.631
 55    52.005 54143.10544586 22.82 292.474657  -2.756391 18.631
 55    51.648 54143.10544650 19.20 292.473927  -2.753081 18.631
 55    51.741 54143.10544715 17.34 292.473207  -2.749781 18.631
 56    50.447 54178.10543984 31.50 292.474997  -2.761661 14.659
 56    50.156 54178.10544049 19.72 292.474267  -2.758351 14.659
 56    49.878 54178.10544113 17.25 292.473547  -2.755051 14.659
 56    49.995 54178.10544178 16.57 292.472817  -2.751741 14.659
 56    51.836 54178.10544242 14.96 292.472087  -2.748441 14.659
 57    52.447 54213.10545175 31.17 292.475061  -2.762233 17.589
 57    52.012 54213.10545239 23.85 292.474341  -2.758933 17.589
 57    51.698 54213.10545304 23.15 292.473611  -2.755623 17.589
 57    51.378 54213.10545368 19.92 292.472881  -2.752323 17.589
 57    51.939 54213.10545433 18.37 292.472151  -2.749013 17.589
 58    53.053 54248.10548097 43.45 292.475329  -2.762019 28.895
 58    52.884 54248.10548161 39.07 292.474609  -2.758719 28.895
 58    52.891 54248.10548226 48.50 292.473879  -2.755409 28.895
 58    52.818 54248.10548290 54.27 292.473149  -2.752109 28.895
 58    52.829 54248.10548355 53.71 292.472419  -2.748799 28.895
 60    46.893 54318.10548719 43.34 292.477801  -2.762541 14.176
 60    46.874 54318.10548784 41.91 292.477071  -2.759231 14.176
 60    46.820 54318.10548848 42.72 292.476351  -2.755931 14.176
 60    46.703 54318.10548913 42.88 292.475621  -2.752621 14.176
 60    46.758 54318.10548977 45.53 292.474891  -2.749321 14.176
 61    42.657 54353.10545251 32.32 292.476396  -2.761177  9.424
 61    42.681 54353.10545315 32.72 292.475666  -2.757867  9.424
 61    42.735 54353.10545380 33.24 292.474946  -2.754567  9.424
 61    42.689 54353.10545444 34.41 292.474216  -2.751257  9.424
 61    42.530 54353.10545508 32.97 292.473486  -2.747957  9.424
 62    44.116 54388.10542754 21.70 292.476799  -2.759881 14.783
 62    43.619 54388.10542818 19.94 292.476079  -2.756571 14.783
 62    43.468 54388.10542883 14.58 292.475349  -2.753271 14.783
 62    43.582 54388.10542947 14.41 292.474619  -2.749961 14.783
 63    48.551 54423.10540224 51.34 292.475490  -2.760521 19.680
 63    48.554 54423.10540288 51.84 292.474760  -2.757221 19.680
 63    48.524 54423.10540353 48.68 292.474040  -2.753911 19.680
 63    48.503 54423.10540417 51.78 292.473310  -2.750611 19.680
 64    48.879 54458.10540165 26.25 292.477222  -2.760921 17.050
 64    48.585 54458.10540229 23.21 292.476492  -2.757611 17.050
 64    48.655 54458.10540293 28.14 292.475762  -2.754311 17.050
 64    48.754 54458.10540358 31.94 292.475032  -2.751001 17.050
 64    48.821 54458.10540422 42.06 292.474312  -2.747701 17.050
 65    51.834 54493.10540522 47.87 292.477194  -2.762704 18.485
 65    51.824 54493.10540587 40.60 292.476464  -2.759394 18.485
 65    51.829 54493.10540651 44.23 292.475744  -2.756094 18.485
 65    51.805 54493.10540716 45.41 292.475014  -2.752784 18.485
 65    51.793 54493.10540780 48.87 292.474284  -2.749484 18.485
 66    51.720 54528.10541427 30.82 292.478112  -2.760778 19.120
 66    51.427 54528.10541491 30.82 292.477392  -2.757478 19.120
 66    51.669 54528.10541556 33.83 292.476662  -2.754168 19.120
 66    51.687 54528.10541620 43.83 292.475932  -2.750868 19.120
 66    51.708 54528.10541685 47.11 292.475212  -2.747558 19.120
 67    52.604 54563.10541315 48.93 292.475506  -2.761535 19.969
 67    52.614 54563.10541379 48.72 292.474776  -2.758225 19.969
 67    52.590 54563.10541444 49.77 292.474056  -2.754925 19.969
 67    52.460 54563.10541508 51.55 292.473326  -2.751615 19.969
 67    52.506 54563.10541573 49.49 292.472596  -2.748315 19.969
 68    52.793 54598.10541039 50.88 292.475848  -2.762011 29.276
 68    52.876 54598.10541103 49.59 292.475128  -2.758711 29.276
 68    52.928 54598.10541168 51.06 292.474398  -2.755401 29.276
 68    52.726 54598.10541232 54.63 292.473668  -2.752101 29.276
 68    52.714 54598.10541297 52.92 292.472938  -2.748791 29.276
 69    51.574 54633.10542327 47.20 292.474702  -2.761711 18.562
 69    51.567 54633.10542391 52.43 292.473982  -2.758411 18.562
 69    51.577 54633.10542456 49.67 292.473252  -2.755101 18.562
 69    51.539 54633.10542520 49.92 292.472522  -2.751801 18.562
 69    51.557 54633.10542585 51.44 292.471792  -2.748491 18.562
 70    48.629 54668.10542873 26.65 292.474359  -2.760438 14.242
 70    48.519 54668.10542937 20.86 292.473639  -2.757138 14.242
 70    48.613 54668.10543002 20.20 292.472909  -2.753828 14.242
 70    48.670 54668.10543066 18.82 292.472179  -2.750528 14.242
 71    45.736 54703.10539427 43.92 292.477085  -2.761049 15.464
 71    45.578 54703.10539492 42.97 292.476355  -2.757739 15.464
 71    45.408 54703.10539556 45.11 292.475635  -2.754439 15.464
 71    45.473 54703.10539621 46.20 292.474905  -2.751129 15.464
 71    45.417 54703.10539685 45.76 292.474175  -2.747829 15.464
 72    46.501 54738.10538993 47.07 292.476578  -2.762523 19.656
 72    46.448 54738.10539057 48.32 292.475848  -2.759213 19.656
 72    46.454 54738.10539122 50.69 292.475128  -2.755913 19.656
 72    46.433 54738.10539186 50.27 292.474398  -2.752603 19.656
 72    46.362 54738.10539251 49.52 292.473668  -2.749303 19.656
 73    46.230 54773.10537471 46.55 292.477181  -2.761026 20.055
 73    46.263 54773.10537536 48.32 292.476451  -2.757716 20.055
 73    46.278 54773.10537600 50.87 292.475731  -2.754416 20.055
 73    46.345 54773.10537665 49.20 292.475001  -2.751106 20.055
 73    46.263 54773.10537729 46.69 292.474271  -2.747806 20.055
 74    48.777 54808.10538327 39.45 292.475401  -2.760740 19.388
 74    48.892 54808.10538392 44.26 292.474681  -2.757440 19.388
 74    48.996 54808.10538456 49.34 292.473951  -2.754130 19.388
 74    48.866 54808.10538521 50.25 292.473221  -2.750830 19.388
 75    47.386 54843.10537213 31.62 292.476590  -2.763057  9.540
 75    47.294 54843.10537278 21.09 292.475860  -2.759747  9.540
 75    46.990 54843.10537342 10.61 292.475140  -2.756447  9.540
 75    47.188 54843.10537407  9.25 292.474410  -2.753137  9.540
 75    53.363 54843.10537471  9.80 292.473680  -2.749837  9.540
 76    52.380 54878.10538560 45.89 292.475248  -2.763309 17.997
 76    52.186 54878.10538624 34.50 292.474528  -2.760009 17.997
 76    52.280 54878.10538688 37.28 292.473798  -2.756699 17.997
 76    52.292 54878.10538753 42.36 292.473068  -2.753399 17.997
 76    52.383 54878.10538817 45.75 292.472338  -2.750089 17.997
 77    53.293 54913.10537636 30.37 292.474193  -2.761397 23.860
 77    52.910 54913.10537701 29.01 292.473463  -2.758087 23.860
 77    53.357 54913.10537765 36.28 292.472743  -2.754787 23.860
 77    53.431 54913.10537830 47.28 292.472013  -2.751477 23.860
 78    53.437 54948.10537869 33.30 292.474246  -2.761374 14.880
 78    53.338 54948.10537934 28.67 292.473516  -2.758064 14.880
 78    53.478 54948.10537998 28.22 292.472796  -2.754764 14.880
 78    53.428 54948.10538063 38.99 292.472066  -2.751454 14.880
 79    53.802 54983.10540404 49.76 292.474528  -2.763030 19.560
 79    53.696 54983.10540468 45.35 292.473808  -2.759730 19.560
 79    53.736 54983.10540533 44.93 292.473078  -2.756420 19.560
 79    53.763 54983.10540597 42.61 292.472348  -2.753120 19.560
 79    53.737 54983.10540662 47.11 292.471618  -2.749810 19.560
 80    52.991 55018.10540165 48.38 292.476691  -2.762550 21.380
 80    52.963 55018.10540230 49.42 292.475961  -2.759240 21.380
 80    53.030 55018.10540294 49.68 292.475241  -2.755940 21.380
 80    53.012 55018.10540359 48.89 292.474511  -2.752630 21.380
 80    53.048 55018.10540423 50.41 292.473781  -2.749330 21.380
 81    49.890 55053.10539739 25.18 292.477217  -2.762590 13.383
 81    49.488 55053.10539804 20.93 292.476487  -2.759280 13.383
 81    49.617 55053.10539868 20.88 292.475767  -2.755980 13.383
 81    49.825 55053.10539933 19.11 292.475037  -2.752670 13.383
 81    49.791 55053.10539997 18.26 292.474307  -2.749370 13.383
 82    46.598 55088.10535995 38.63 292.475166  -2.762254 15.164
 82    46.205 55088.10536059 46.99 292.474436  -2.758944 15.164
 82    46.193 55088.10536124 45.60 292.473716  -2.755644 15.164
 82    46.151 55088.10536188 46.86 292.472986  -2.752334 15.164
 82    46.190 55088.10536253 45.12 292.472256  -2.749034 15.164
 83    46.037 55123.10533321 52.64 292.477505  -2.761646 15.898
 83    46.116 55123.10533385 44.76 292.476785  -2.758346 15.898
 83    46.085 55123.10533450 29.93 292.476055  -2.755036 15.898
 83    46.136 55123.10533514 33.84 292.475325  -2.751736 15.898
 83    45.963 55123.10533579 26.60 292.474595  -2.748426 15.898
 84    44.633 55158.10532026 36.47 292.474843  -2.761011 16.357
 84    44.611 55158.10532090 36.69 292.474113  -2.757701 16.357
 84    44.547 55158.10532155 49.00 292.473393  -2.754401 16.357
 84    44.539 55158.10532219 50.26 292.472663  -2.751091 16.357
 85    50.844 55193.10532317 49.92 292.475999  -2.762266 26.060
 85    50.845 55193.10532382 46.44 292.475279  -2.758966 26.060
 85    50.845 55193.10532446 52.37 292.474549  -2.755656 26.060
 85    50.901 55193.10532511 51.27 292.473819  -2.752356 26.060
 85    50.935 55193.10532575 52.64 292.473089  -2.749046 26.060
 86    49.517 55228.10532169 35.15 292.475285  -2.763056 17.428
 86    49.441 55228.10532234 33.71 292.474555  -2.759746 17.428
 86    49.436 55228.10532298 36.97 292.473835  -2.756446 17.428
 86    49.477 55228.10532363 45.07 292.473105  -2.753136 17.428
 86    49.506 55228.10532427 47.08 292.472375  -2.749836 17.428
 87    50.253 55263.10531831 21.17 292.476779  -2.760786 13.673
 87    49.733 55263.10531895 18.71 292.476059  -2.757486 13.673
 87    49.870 55263.10531960 15.19 292.475329  -2.754176 13.673
 87    50.071 55263.10532024 15.58 292.474599  -2.750876 13.673
 87    50.188 55263.10532089 13.02 292.473869  -2.747566 13.673
 88    51.767 55298.10530594 47.25 292.476014  -2.760930 21.019
 88    51.799 55298.10530658 49.57 292.475284  -2.757620 21.019
 88    51.682 55298.10530723 50.74 292.474564  -2.754320 21.019
 88    51.623 55298.10530787 52.31 292.473834  -2.751010 21.019
 88    51.652 55298.10530852 51.20 292.473104  -2.747710 21.019
 89    52.626 55333.10529793 48.68 292.474404  -2.761644 26.250
 89    52.665 55333.10529857 50.60 292.473684  -2.758344 26.250
 89    52.590 55333.10529922 52.09 292.472954  -2.755034 26.250
 89    52.551 55333.10529986 51.25 292.472224  -2.751734 26.250
 89    52.616 55333.10530051 51.93 292.471494  -2.748424 26.250
 90    51.392 55368.10528923 31.78 292.476548  -2.761513 18.134
 90    51.373 55368.10528987 31.52 292.475818  -2.758203 18.134
 90    51.416 55368.10529052 37.60 292.475098  -2.754903 18.134
 90    51.372 55368.10529116 39.90 292.474368  -2.751593 18.134
 90    51.393 55368.10529181 48.24 292.473638  -2.748293 18.134
 91    47.058 55403.10530473 21.95 292.476453  -2.760742  8.511
 91    47.082 55403.10530538 22.98 292.475733  -2.757442  8.511
 91    47.115 55403.10530602 23.68 292.475003  -2.754132  8.511
 91    47.134 55403.10530667 22.94 292.474273  -2.750832  8.511
 91    47.039 55403.10530731 21.95 292.473543  -2.747522  8.511
 92    41.582 55438.10530776 50.14 292.476979  -2.759683 14.149
 92    41.698 55438.10530841 32.02 292.476259  -2.756383 14.149
 92    41.463 55438.10530905 25.24 292.475529  -2.753073 14.149
 92    41.380 55438.10530970 22.53 292.474799  -2.749773 14.149
 93    40.908 55473.10525579 28.57 292.476305  -2.760477  8.994
 93    40.792 55473.10525643 26.46 292.475575  -2.757167  8.994
 93    40.325 55473.10525708 27.32 292.474855  -2.753867  8.994
 93    40.682 55473.10525772 24.24 292.474125  -2.750557  8.994
