# NaN NaN NaN ;Mean Elev.(m), Avg Gradient(m/km), RMS Gradient(m/km) - SRTM1     
#   68.041  -1.865   7.046 ;Mean Elev.(m), Avg Gradient(m/km), RMS Gradient(m/km) - ASTER GDEM
#   77.592  -1.723   6.222 ;Mean Elev.(m), Avg Gradient(m/km), RMS Gradient(m/km) - GMTED2010 
  7 287.619795  -3.560961    79.740    79.796  7 52456.11927002 51.705
 10 287.622292  -3.561730    74.534    74.555  6 52561.11927127 49.259
 11 287.615785  -3.563081    80.757    80.729  6 52596.11928203 49.666
 12 287.623962  -3.561654    80.810    80.831  6 52631.11921961 50.991
 15 287.625736  -3.560913    82.179    82.149  6 52736.11925263 50.643
 17 287.620883  -3.561622    83.141    83.116  7 52806.11927669 52.012
 18 287.622972  -3.560249    80.811    80.809  7 52841.11933690 52.415
 19 287.622065  -3.562764    77.719    77.599  5 52876.11937518 45.883
 20 287.629052  -3.561176    76.583    75.764  6 52911.11934005 42.151
 23 287.621250  -3.562716    82.466    82.508  5 53016.11932828 48.651
 24 287.623390  -3.555025    77.463    77.509  6 53051.11930677 40.915
 25 287.614978  -3.564032    80.694    80.629  5 53086.11934138 41.106
 26 287.619600  -3.555780    80.706    80.627  6 53121.11931304 32.395
 28 287.627536  -3.561097    81.519    81.498  6 53191.11935802 49.744
 29 287.623980  -3.554854    79.055    79.037  6 53226.11936455 51.689
 30 287.618502  -3.561090    76.828    76.911  7 53261.11933751 48.292
 31 287.614488  -3.563936    77.721    77.719  6 53296.11936924 48.426
 32 287.621578  -3.554625    81.167    81.166  6 53331.11934321 48.373
 35 287.622932  -3.555643    81.108    81.076  6 53436.11930645 50.377
 36 287.619780  -3.561564    81.477    81.505  7 53471.11935435 52.440
 37 287.618775  -3.560481    82.184    82.138  7 53506.11939008 47.953
 38 287.618340  -3.556005    80.215    80.214  6 53541.11939476 48.954
 39 287.618298  -3.554923    76.167    76.171  6 53576.11938552 48.273
 40 287.619814  -3.560985    73.435    73.400  7 53611.11933568 49.779
 41 287.623296  -3.561170    72.735    72.793  6 53646.11933961 49.476
 42 287.617398  -3.563669    78.090    78.138  6 53681.11935556 52.247
 43 287.625540  -3.561017    76.348    76.317  6 53716.11928357 48.175
 44 287.628860  -3.562097    78.510    78.503  5 53751.11920110 38.789
 45 287.626359  -3.561062    81.751    81.774  6 53786.11923163 45.198
 46 287.625247  -3.561364    82.708    82.562  6 53821.11918847 44.131
 47 287.618362  -3.560830    83.347    83.386  7 53856.11927631 45.769
 48 287.628101  -3.561109    78.853    78.444  6 53891.11928743 41.706
 49 287.613330  -3.567157    78.332    78.348  3 53926.11934978 49.615
 50 287.615688  -3.562686    75.972    75.102  6 53961.11933705 48.466
 51 287.625633  -3.561063    74.452    74.474  6 53996.11927651 48.625
 52 287.625136  -3.561644    76.404    76.430  6 54031.11933066 49.938
 53 287.625269  -3.561734    79.793    79.714  6 54066.11932398 50.768
 54 287.621995  -3.560657    81.661    81.645  7 54101.11928683 50.506
 55 287.622440  -3.560636    82.772    82.790  7 54136.11925142 51.369
 57 287.621491  -3.560062    82.818    82.849  7 54206.11925605 50.743
 59 287.622652  -3.560728    80.110    80.132  7 54276.11930505 49.131
 61 287.623101  -3.560625    73.782    73.939  7 54346.11927989 45.565
 62 287.623122  -3.560894    75.347    75.396  7 54381.11924228 48.548
 63 287.620986  -3.554788    78.494    78.508  6 54416.11922969 48.390
 64 287.622901  -3.561713    78.631    78.542  6 54451.11921051 48.304
 65 287.624203  -3.560423    81.415    81.404  7 54486.11922472 50.725
 66 287.624103  -3.561320    81.989    81.998  6 54521.11922382 49.558
 67 287.620948  -3.555141    82.660    82.648  6 54556.11923655 51.811
 68 287.622073  -3.561282    82.990    82.988  7 54591.11922048 44.543
 69 287.622551  -3.562659    80.654    80.651  5 54626.11923618 49.005
 70 287.620595  -3.561700    78.798    78.810  7 54661.11924418 51.199
 71 287.623233  -3.560428    76.164    76.173  7 54696.11922169 44.190
 72 287.622718  -3.560865    76.629    76.696  7 54731.11920033 34.996
 73 287.621693  -3.555628    76.111    76.096  6 54766.11920095 51.771
 75 287.622446  -3.561171    78.067    77.375  6 54836.11919210 24.401
 76 287.621630  -3.555324    82.078    82.078  6 54871.11919290 46.522
 77 287.620458  -3.560784    83.057    83.053  7 54906.11919991 52.028
 78 287.622031  -3.561459    83.513    83.481  6 54941.11918398 50.670
 79 287.621543  -3.561652    83.803    83.822  6 54976.11921321 49.874
 80 287.621769  -3.561298    81.713    81.740  6 55011.11922285 51.336
 81 287.622801  -3.560379    78.855    78.828  7 55046.11921436 49.790
 82 287.622411  -3.560526    77.001    76.989  7 55081.11918818 50.001
 83 287.623264  -3.560748    76.111    76.140  7 55116.11914624 50.981
 84 287.621703  -3.561315    75.365    75.416  7 55151.11914455 49.110
 85 287.621919  -3.560399    81.380    81.302  7 55186.11913191 44.137
 86 287.621563  -3.560312    78.291    78.286  7 55221.11914342 49.904
 87 287.622485  -3.555012    80.544    80.545  6 55256.11912848 44.641
 88 287.621514  -3.560548    81.301    81.162  7 55291.11913195 44.805
 89 287.620745  -3.562933    82.074    82.025  5 55326.11911314 46.949
 90 287.621719  -3.560431    80.236    80.235  7 55361.11911008 50.206
 91 287.621179  -3.555840    77.017    77.017  6 55396.11911697 44.800
 92 287.624015  -3.561117    73.568    73.550  6 55431.11912521 47.814
 93 287.622531  -3.555362    73.291    73.275  6 55466.11908697 45.856
