# NaN NaN NaN ;Mean Elev.(m), Avg Gradient(m/km), RMS Gradient(m/km) - SRTM1     
#    0.153  -0.947   4.815 ;Mean Elev.(m), Avg Gradient(m/km), RMS Gradient(m/km) - ASTER GDEM
#    0.057  -0.632   4.493 ;Mean Elev.(m), Avg Gradient(m/km), RMS Gradient(m/km) - GMTED2010 
  7 309.145684   0.104345     2.826     2.839 50 52444.55803424 20.372
  8 309.151921   0.107586    -0.876     0.122 49 52479.55802659 23.749
  9 309.163889   0.110141     0.234     1.040 47 52514.55797270 21.204
 10 309.153291   0.108916     2.408     2.434 48 52549.55801830 13.740
 11 309.162795   0.107874    -0.883     0.021 47 52584.55800370 25.537
 12 309.154227   0.109438     1.267     1.469 48 52619.55798213 16.194
 13 309.164431   0.109576     1.101     1.345 47 52654.55796725 17.761
 14 309.157139   0.108452    -0.270     0.549 47 52689.55796250 20.533
 15 309.157684   0.108276     2.557     2.616 47 52724.55800720 17.441
 16 309.144498   0.103507    -0.440     0.076 50 52759.55802729 24.849
 17 309.161760   0.109975     0.318     0.977 47 52794.55798060 19.924
 18 309.162970   0.107526     2.848     2.955 47 52829.55804816 22.089
 19 309.165238   0.109261    -0.847     0.368 47 52864.55809228 26.069
 20 309.155313   0.107580     1.004     1.232 48 52899.55812201 21.245
 21 309.154519   0.108637     2.018     2.006 48 52934.55806552 15.929
 22 309.157081   0.108670    -1.195    -0.148 48 52969.55808118 21.335
 23 309.150195   0.106972     2.052     2.064 48 53004.55810007 19.183
 24 309.153426   0.107966    -0.355     0.557 47 53039.55804915 18.106
 25 309.154110   0.109008     0.261     0.842 48 53074.55807991 18.728
 26 309.150696   0.107015     2.511     2.501 49 53109.55804990 20.947
 27 309.154928   0.107376    -1.016     0.423 48 53144.55809076 19.703
 28 309.160431   0.109642     0.798     0.979 47 53179.55810504 25.918
 29 309.155066   0.108322     2.682     2.697 47 53214.55812718 13.544
 30 309.157182   0.108234    -0.281     0.458 47 53249.55809680 22.124
 31 309.151844   0.106481     1.452     1.462 48 53284.55809318 14.862
 32 309.163427   0.109315     1.376     1.426 47 53319.55808086 15.666
 33 309.162713   0.108037    -0.387     0.494 47 53354.55804857 23.969
 34 309.156051   0.108181     2.058     2.057 47 53389.55805265 19.037
 35 309.163003   0.108969    -0.553     0.188 47 53424.55805087 31.827
 36 309.162903   0.108639     0.939     1.155 47 53459.55805581 17.974
 37 309.149395   0.107193     2.422     2.434 49 53494.55814142 15.975
 38 309.163706   0.110383     0.198     0.408 47 53529.55811577 25.055
 39 309.150448   0.106867     1.413     1.450 48 53564.55814778 16.330
 40 309.160120   0.108304     2.081     2.090 47 53599.55808888 12.643
 41 309.153358   0.108795    -0.558     0.380 48 53634.55808541 21.501
 42 309.151545   0.106790     1.958     1.971 49 53669.55810762 12.130
 43 309.163733   0.110532     0.324     0.877 47 53704.55804456 22.449
 44 309.162520   0.108331     0.004     0.746 47 53739.55795491 27.106
 45 309.163208   0.109088     1.985     2.035 47 53774.55797392 15.102
 46 309.160597   0.108712    -0.062     0.494 47 53809.55795759 24.266
 47 309.154934   0.108941     1.385     1.362 48 53844.55799914 17.841
 48 309.161477   0.110198     2.213     2.232 47 53879.55802791 21.045
 49 309.149664   0.105289    -0.508     0.762 49 53914.55808493 20.233
 50 309.147610   0.105272     1.580     1.595 50 53949.55809585 16.361
 51 309.156817   0.107906     1.358     1.371 47 53984.55803370 16.477
 52 309.158927   0.109179    -0.351     0.586 48 54019.55806825 22.646
 53 309.166512   0.108759     2.071     2.160 46 54054.55805937 16.919
 54 309.158832   0.107782    -0.726     0.040 47 54089.55804945 26.131
 55 309.159026   0.109164     1.256     1.304 48 54124.55797381 18.697
 56 309.156575   0.108212     1.379     1.428 48 54159.55801561 16.738
 57 309.158090   0.108392    -0.062     0.450 47 54194.55797646 33.455
 58 309.157849   0.109066     1.697     1.689 47 54229.55802703 15.621
 59 309.158113   0.107602     1.691     1.714 47 54264.55804565 14.899
 60 309.159242   0.108777     0.412     0.942 48 54299.55804942 22.772
 61 309.158967   0.109603     1.984     1.999 47 54334.55803915 13.423
 63 309.157610   0.108732     0.267     0.947 47 54404.55798361 25.916
 64 309.157803   0.108915     1.701     1.697 48 54439.55794071 13.602
 65 309.159555   0.108724    -0.698    -0.069 47 54474.55797019 28.488
 66 309.158236   0.108252     1.407     1.503 48 54509.55795405 17.885
 67 309.158496   0.108349     0.612     1.029 48 54544.55798438 22.539
 68 309.158876   0.108645     0.173     0.764 48 54579.55795201 26.985
 69 309.158986   0.108432     2.434     2.434 48 54614.55797427 14.967
 70 309.156376   0.108296    -0.069     0.423 48 54649.55798469 34.362
 71 309.157746   0.108387     0.574     1.052 48 54684.55798052 23.708
 72 309.159432   0.109080     2.210     2.209 48 54719.55792850 14.068
 73 309.157223   0.107814     0.269     0.368 47 54754.55795510 25.039
 74 309.156844   0.108064     1.370     1.376 47 54789.55792261 19.553
 75 309.158443   0.108795     0.579     1.096 48 54824.55794994 21.907
 76 309.159399   0.109615    -0.984    -0.635 47 54859.55791539 19.172
 77 309.156216   0.108332     1.993     2.010 47 54894.55795213 12.423
 78 309.156241   0.107765     0.524     1.040 48 54929.55791451 23.647
 79 309.157383   0.109209     1.352     1.378 48 54964.55795126 23.620
 80 309.154973   0.108494     2.585     2.583 48 54999.55797233 16.090
 81 309.158606   0.109521    -0.111     0.466 47 55034.55795807 24.827
 82 309.158234   0.108849     1.317     1.474 47 55069.55794785 20.817
 83 309.156507   0.108974     1.824     1.817 47 55104.55788904 13.186
 84 309.157988   0.108797    -0.657     0.044 48 55139.55789549 29.086
 85 309.159112   0.108771     1.826     1.847 47 55174.55785577 14.127
 86 309.157877   0.109425     0.093     0.380 47 55209.55789104 26.815
 87 309.157031   0.108495     0.245     0.571 47 55244.55786280 25.369
 88 309.157082   0.108206     2.387     2.380 47 55279.55788455 12.535
 89 309.157184   0.107822     0.295     0.568 48 55314.55784906 27.130
 90 309.158211   0.109152     0.833     1.288 48 55349.55785579 24.744
 91 309.156591   0.107807     2.493     2.503 48 55384.55784861 14.633
 92 309.158548   0.107926    -0.222     0.310 47 55419.55787425 28.978
 93 309.158181   0.108233     1.713     1.717 47 55454.55785263 13.203
 94 309.159341   0.109593     0.997     1.015 47 55489.55777200 27.241
