# NaN NaN NaN ;Mean Elev.(m), Avg Gradient(m/km), RMS Gradient(m/km) - SRTM1     
#   20.808  -0.716   8.707 ;Mean Elev.(m), Avg Gradient(m/km), RMS Gradient(m/km) - ASTER GDEM
#   18.725  -0.146   3.849 ;Mean Elev.(m), Avg Gradient(m/km), RMS Gradient(m/km) - GMTED2010 
  8    29.248 52484.58872531 35.18 297.511182  -3.830264 26.627
  8    29.149 52484.58872596 28.46 297.510452  -3.833564 26.627
  8    28.745 52484.58872660 25.38 297.509722  -3.836874 26.627
  8    28.577 52484.58872725 23.57 297.508992  -3.840174 26.627
  8    28.516 52484.58872789 25.67 297.508262  -3.843484 26.627
  8    28.334 52484.58872854 27.28 297.507542  -3.846784 26.627
  8    28.874 52484.58872918 28.55 297.506812  -3.850094 26.627
  9    27.410 52519.58868721 34.86 297.514153  -3.827938 36.891
  9    27.178 52519.58868785 27.22 297.513423  -3.831238 36.891
  9    26.966 52519.58868850 23.03 297.512693  -3.834548 36.891
  9    26.653 52519.58868914 23.21 297.511963  -3.837848 36.891
  9    26.116 52519.58868979 23.78 297.511233  -3.841158 36.891
  9    25.614 52519.58869043 24.48 297.510511  -3.844456 10.669
  9    26.106 52519.58869108 25.86 297.509781  -3.847766 10.669
 10    25.106 52554.58873863 39.08 297.506871  -3.828772 19.883
 10    25.470 52554.58873927 28.07 297.506141  -3.832072 19.883
 10    25.437 52554.58873992 19.88 297.505411  -3.835382 19.883
 10    25.077 52554.58874056 15.48 297.504681  -3.838682 19.883
 10    21.785 52554.58874121 16.42 297.503951  -3.841992 19.883
 10    22.220 52554.58874185 17.25 297.503221  -3.845292 19.883
 10    22.622 52554.58874250 19.97 297.502491  -3.848602 19.883
 10    22.667 52554.58874314 24.73 297.501771  -3.851902 19.883
 10    22.887 52554.58874379 25.55 297.501041  -3.855212 19.883
 10    22.929 52554.58874443 27.44 297.500311  -3.858512 19.883
 11    24.984 52589.58872415 27.13 297.512343  -3.827827 20.556
 11    24.872 52589.58872479 20.54 297.511613  -3.831137 20.556
 11    24.788 52589.58872544 14.82 297.510893  -3.834437 20.556
 11    24.350 52589.58872608 14.76 297.510163  -3.837747 20.556
 11    23.884 52589.58872673 15.70 297.509433  -3.841047 20.556
 11    21.458 52589.58872737 17.25 297.508703  -3.844357 20.556
 11    21.952 52589.58872802 18.38 297.507973  -3.847657 20.556
 11    22.306 52589.58872866 24.18 297.507243  -3.850967 20.556
 12    24.178 52624.58866322 40.85 297.516822  -3.829293 12.787
 12    24.234 52624.58866387 28.98 297.516102  -3.832603 12.787
 12    23.895 52624.58866451 26.35 297.515372  -3.835903 12.787
 12    23.664 52624.58866516 26.47 297.514642  -3.839213 12.787
 12    24.035 52624.58866580 28.23 297.513912  -3.842513 12.787
 12    23.827 52624.58866645 27.33 297.513182  -3.845823 12.787
 12    24.111 52624.58866709 27.56 297.512462  -3.849123 12.787
 13    25.096 52659.58869174 21.58 297.513642  -3.829818 31.469
 13    24.937 52659.58869238 16.71 297.512912  -3.833128 31.469
 13    24.840 52659.58869303 14.96 297.512184  -3.836425 15.059
 13    24.754 52659.58869367 14.97 297.511454  -3.839735 15.059
 13    24.599 52659.58869432 15.22 297.510724  -3.843035 15.059
 13    24.550 52659.58869496 17.10 297.509994  -3.846345 15.059
 13    24.780 52659.58869561 19.76 297.509274  -3.849645 15.059
 14    24.903 52694.58867237 47.47 297.514017  -3.828763 18.638
 14    24.895 52694.58867301 46.05 297.513287  -3.832073 18.638
 14    24.895 52694.58867366 40.39 297.512567  -3.835373 18.638
 14    24.902 52694.58867430 38.75 297.511837  -3.838673 18.638
 14    24.864 52694.58867495 37.32 297.511102  -3.841988 14.829
 14    24.907 52694.58867559 40.73 297.510372  -3.845288 14.829
 14    24.925 52694.58867624 44.88 297.509652  -3.848588 14.829
 15    26.749 52729.58870562 50.72 297.517480  -3.827425 17.766
 15    26.659 52729.58870627 52.17 297.516750  -3.830735 17.766
 15    26.633 52729.58870691 40.98 297.516020  -3.834035 17.766
 15    26.538 52729.58870756 46.64 297.515290  -3.837345 17.766
 15    26.557 52729.58870820 46.65 297.514560  -3.840645 17.766
 15    26.591 52729.58870885 46.47 297.513830  -3.843955 17.766
 15    26.517 52729.58870949 47.58 297.513110  -3.847255 17.766
 15    26.534 52729.58871014 47.19 297.512380  -3.850565 17.766
 17    29.645 52799.58870064 33.65 297.516742  -3.828530 16.569
 17    29.506 52799.58870128 28.53 297.516012  -3.831840 16.569
 17    29.224 52799.58870193 28.87 297.515282  -3.835140 16.569
 17    28.744 52799.58870257 28.59 297.514552  -3.838450 16.569
 17    28.730 52799.58870321 28.91 297.513822  -3.841750 16.569
 17    29.198 52799.58870386 29.43 297.513092  -3.845060 16.569
 17    29.394 52799.58870450 29.38 297.512362  -3.848360 16.569
 18    29.799 52834.58876954 35.37 297.516895  -3.828998 19.378
 18    29.628 52834.58877018 27.79 297.516165  -3.832308 19.378
 18    29.480 52834.58877082 25.05 297.515445  -3.835608 19.378
 18    29.116 52834.58877147 21.93 297.514715  -3.838918 19.378
 18    28.929 52834.58877211 20.25 297.513985  -3.842218 19.378
 18    28.486 52834.58877276 21.21 297.513255  -3.845528 19.378
 18    28.943 52834.58877340 21.99 297.512525  -3.848828 19.378
 19    28.380 52869.58881088 31.00 297.518757  -3.826372 37.347
 19    28.258 52869.58881152 27.47 297.518028  -3.829669  9.640
 19    28.131 52869.58881217 25.18 297.517298  -3.832979  9.640
 19    27.803 52869.58881281 24.88 297.516568  -3.836279  9.640
 19    27.557 52869.58881346 25.83 297.515838  -3.839589  9.640
 19    27.881 52869.58881410 25.69 297.515118  -3.842889  9.640
 19    27.660 52869.58881475 26.70 297.514388  -3.846199  9.640
 19    27.780 52869.58881539 27.45 297.513658  -3.849499  9.640
 20    23.476 52904.58881767 32.83 297.513821  -3.828389  9.096
 20    23.281 52904.58881831 32.68 297.513091  -3.831699  9.096
 20    23.225 52904.58881896 33.24 297.512361  -3.834999  9.096
 20    23.166 52904.58881960 32.80 297.511631  -3.838309  9.096
 20    23.078 52904.58882024 32.21 297.510911  -3.841609  9.096
 20    23.175 52904.58882089 31.98 297.510181  -3.844919  9.096
 20    23.185 52904.58882153 30.98 297.509451  -3.848219  9.096
 21    24.612 52939.58875194 24.11 297.514368  -3.828140 25.705
 21    24.608 52939.58875258 15.97 297.513638  -3.831440 25.705
 21    24.292 52939.58875323 14.49 297.512908  -3.834750 25.705
 21    23.512 52939.58875387 15.78 297.512188  -3.838050 25.705
 21    20.653 52939.58875452 16.58 297.511458  -3.841360 25.705
 21    22.098 52939.58875516 16.38 297.510728  -3.844660 25.705
 21    21.452 52939.58875581 19.58 297.509998  -3.847970 25.705
 22    24.763 52974.58879414 26.23 297.511144  -3.829295 17.946
 22    24.655 52974.58879479 16.69 297.510424  -3.832595 17.946
 22    24.232 52974.58879543 17.27 297.509694  -3.835905 17.946
 22    21.340 52974.58879608 17.03 297.508964  -3.839205 17.946
 22    21.305 52974.58879672 17.31 297.508234  -3.842515 17.946
 22    21.572 52974.58879737 17.73 297.507503  -3.845811 11.540
 22    21.822 52974.58879801 21.20 297.506773  -3.849121 11.540
 22    21.817 52974.58879866 27.03 297.506043  -3.852421 11.540
 23    23.038 53009.58879982 42.88 297.508575  -3.829174 16.295
 23    23.408 53009.58880047 45.92 297.507845  -3.832484 16.295
 23    23.062 53009.58880111 43.07 297.507115  -3.835784 16.295
 23    22.929 53009.58880176 44.50 297.506395  -3.839094 16.295
 23    22.946 53009.58880240 41.33 297.505665  -3.842394 16.295
 23    22.969 53009.58880305 42.64 297.504935  -3.845704 16.295
 23    23.004 53009.58880369 40.76 297.504205  -3.849004 16.295
 23    22.883 53009.58880434 39.47 297.503475  -3.852314 16.295
 23    22.945 53009.58880498 40.38 297.502748  -3.855612 12.755
 24    24.572 53044.58876029 49.89 297.510387  -3.829395 28.195
 24    24.609 53044.58876093 45.38 297.509657  -3.832705 28.195
 24    24.629 53044.58876158 36.66 297.508937  -3.836005 28.195
 24    24.609 53044.58876222 41.00 297.508207  -3.839305 28.195
 24    24.572 53044.58876287 41.89 297.507474  -3.842620 18.977
 24    24.648 53044.58876351 45.89 297.506744  -3.845920 18.977
 24    24.705 53044.58876416 47.08 297.506024  -3.849220 18.977
 24    24.663 53044.58876480 46.90 297.505294  -3.852530 18.977
 25    25.246 53079.58879399 35.19 297.508027  -3.828113 35.445
 25    25.167 53079.58879463 22.36 297.507297  -3.831413 35.445
 25    25.040 53079.58879528 14.77 297.506567  -3.834723 35.445
 25    23.600 53079.58879592 15.55 297.505841  -3.838020 10.703
 25    23.427 53079.58879657 18.13 297.505111  -3.841330 10.703
 25    22.692 53079.58879721 20.33 297.504381  -3.844630 10.703
 25    23.002 53079.58879786 22.24 297.503651  -3.847940 10.703
 25    23.348 53079.58879850 21.02 297.502931  -3.851240 10.703
 25    23.696 53079.58879915 21.71 297.502201  -3.854550 10.703
 25    23.832 53079.58879979 23.04 297.501471  -3.857850 10.703
 26    26.968 53114.58876467 35.29 297.506849  -3.831057 31.945
 26    26.846 53114.58876531 24.49 297.506119  -3.834357 31.945
 26    26.562 53114.58876596 20.48 297.505389  -3.837667 31.945
 26    26.281 53114.58876660 20.54 297.504656  -3.840964 13.104
 26    25.795 53114.58876725 21.70 297.503926  -3.844274 13.104
 26    26.070 53114.58876789 21.69 297.503206  -3.847574 13.104
 26    26.600 53114.58876854 22.31 297.502476  -3.850884 13.104
 26    26.434 53114.58876918 24.04 297.501746  -3.854184 13.104
 26    26.797 53114.58876983 24.59 297.501016  -3.857494 13.104
 27    27.948 53149.58881070 28.85 297.508184  -3.830638 37.371
 27    27.705 53149.58881134 23.77 297.507454  -3.833948 37.371
 27    27.267 53149.58881199 23.68 297.506726  -3.837244 15.200
 27    27.125 53149.58881263 18.70 297.505996  -3.840554 15.200
 27    26.473 53149.58881327 18.59 297.505266  -3.843854 15.200
 27    26.467 53149.58881392 20.06 297.504536  -3.847164 15.200
 27    26.822 53149.58881456 20.78 297.503816  -3.850464 15.200
 27    27.225 53149.58881521 21.21 297.503086  -3.853774 15.200
 27    27.635 53149.58881585 20.59 297.502356  -3.857074 15.200
 28    28.047 53184.58880338 44.31 297.520140  -3.828064 19.854
 28    27.857 53184.58880403 41.37 297.519410  -3.831364 19.854
 28    27.801 53184.58880467 41.53 297.518680  -3.834674 19.854
 28    27.863 53184.58880532 41.24 297.517950  -3.837974 19.854
 28    27.833 53184.58880596 41.57 297.517220  -3.841284 19.854
 28    27.882 53184.58880661 40.96 297.516490  -3.844584 19.854
 28    27.878 53184.58880725 42.40 297.515770  -3.847894 19.854
 28    27.893 53184.58880790 42.50 297.515040  -3.851194 19.854
 30    24.753 53254.58880596 35.22 297.509558  -3.827648 12.424
 30    24.514 53254.58880661 36.94 297.508828  -3.830958 12.424
 30    24.246 53254.58880725 34.65 297.508098  -3.834258 12.424
 30    24.122 53254.58880790 34.76 297.507378  -3.837568 12.424
 30    24.015 53254.58880854 34.01 297.506648  -3.840868 12.424
 30    23.719 53254.58880919 34.72 297.505918  -3.844178 12.424
 30    23.570 53254.58880983 35.13 297.505188  -3.847478 12.424
 30    23.914 53254.58881047 35.00 297.504458  -3.850788 12.424
 30    24.197 53254.58881112 33.84 297.503737  -3.854085  5.250
 31    25.972 53289.58881329 15.86 297.505422  -3.829527 18.018
 31    25.634 53289.58881394 15.62 297.504702  -3.832827 18.018
 31    25.320 53289.58881458 14.98 297.503972  -3.836137 18.018
 31    22.110 53289.58881523 15.60 297.503242  -3.839437 18.018
 31    21.930 53289.58881587 17.13 297.502512  -3.842747 18.018
 31    21.972 53289.58881652 17.08 297.501782  -3.846047 18.018
 31    22.040 53289.58881716 17.66 297.501052  -3.849357 18.018
 31    22.033 53289.58881781 20.07 297.500322  -3.852657 18.018
 31    22.252 53289.58881845 23.06 297.499592  -3.855967 18.018
 31    22.200 53289.58881910 26.36 297.498872  -3.859267 18.018
 32    21.346 53324.58878796 25.05 297.518865  -3.827522 10.143
 32    21.167 53324.58878860 24.39 297.518145  -3.830822 10.143
 32    21.082 53324.58878925 24.57 297.517415  -3.834132 10.143
 32    21.036 53324.58878989 24.64 297.516685  -3.837432 10.143
 32    21.149 53324.58879053 25.44 297.515955  -3.840742 10.143
 32    21.378 53324.58879118 26.85 297.515225  -3.844042 10.143
 32    21.628 53324.58879182 29.37 297.514495  -3.847352 10.143
 32    21.804 53324.58879247 31.50 297.513775  -3.850652 10.143
 33    24.856 53359.58874914 15.09 297.518742  -3.826799 22.964
 33    24.443 53359.58874979 15.91 297.518012  -3.830109 22.964
 33    23.550 53359.58875043 16.43 297.517282  -3.833409 22.964
 33    23.150 53359.58875108 17.67 297.516552  -3.836719 22.964
 33    22.730 53359.58875172 19.08 297.515832  -3.840019 22.964
 33    22.404 53359.58875237 22.07 297.515102  -3.843329 22.964
 33    22.709 53359.58875301 25.15 297.514372  -3.846629 22.964
 33    23.196 53359.58875365 27.10 297.513642  -3.849939 22.964
 34    24.347 53394.58876745 18.67 297.511513  -3.829557 19.216
 34    24.233 53394.58876809 15.45 297.510783  -3.832867 19.216
 34    23.903 53394.58876874 15.46 297.510063  -3.836167 19.216
 34    23.774 53394.58876938 16.09 297.509333  -3.839477 19.216
 34    23.725 53394.58877003 17.46 297.508603  -3.842777 19.216
 34    23.536 53394.58877067 20.37 297.507873  -3.846087 19.216
 34    23.885 53394.58877132 21.10 297.507143  -3.849387 19.216
 34    24.207 53394.58877196 29.40 297.506413  -3.852697 19.216
 35    25.292 53429.58876062 24.75 297.516686  -3.829084 17.361
 35    25.039 53429.58876126 25.30 297.515956  -3.832384 17.361
 35    24.795 53429.58876191 26.09 297.515226  -3.835694 17.361
 35    24.722 53429.58876255 27.25 297.514506  -3.838994 17.361
 35    24.374 53429.58876320 29.57 297.513776  -3.842304 17.361
 35    24.811 53429.58876384 31.31 297.513046  -3.845604 17.361
 35    25.017 53429.58876449 35.42 297.512316  -3.848914 17.361
 36    27.618 53464.58878487 38.39 297.515002  -3.827037 23.066
 36    27.493 53464.58878552 31.73 297.514282  -3.830337 23.066
 36    27.305 53464.58878616 24.86 297.513552  -3.833647 23.066
 36    27.103 53464.58878681 24.67 297.512822  -3.836947 23.066
 36    27.284 53464.58878745 23.90 297.512092  -3.840257 23.066
 36    27.535 53464.58878810 25.70 297.511362  -3.843557 23.066
 36    27.163 53464.58878874 27.24 297.510632  -3.846867 23.066
 36    27.166 53464.58878939 30.40 297.509902  -3.850167 23.066
 37    28.866 53499.58884973 34.71 297.506052  -3.829388 30.639
 37    28.767 53499.58885037 29.57 297.505322  -3.832688 30.639
 37    28.362 53499.58885102 23.11 297.504592  -3.835998 30.639
 37    27.908 53499.58885166 21.88 297.503872  -3.839298 30.639
 37    27.142 53499.58885231 22.60 297.503142  -3.842608 30.639
 37    27.539 53499.58885295 24.51 297.502412  -3.845908 30.639
 37    28.236 53499.58885360 26.66 297.501682  -3.849218 30.639
 37    28.527 53499.58885424 27.73 297.500952  -3.852518 30.639
 37    28.670 53499.58885489 30.03 297.500222  -3.855828 30.639
 37    28.775 53499.58885553 32.15 297.499492  -3.859128 30.639
 38    29.191 53534.58883519 34.05 297.515726  -3.827670 23.847
 38    29.052 53534.58883584 27.96 297.514996  -3.830980 23.847
 38    28.826 53534.58883648 28.47 297.514276  -3.834280 23.847
 38    28.380 53534.58883713 28.64 297.513546  -3.837590 23.847
 38    28.391 53534.58883777 30.47 297.512816  -3.840890 23.847
 38    28.463 53534.58883842 31.85 297.512086  -3.844200 23.847
 38    28.766 53534.58883906 32.87 297.511356  -3.847500 23.847
 39    27.924 53569.58884959 31.02 297.507080  -3.830317 19.208
 39    27.672 53569.58885024 28.02 297.506350  -3.833617 19.208
 39    27.414 53569.58885088 27.38 297.505620  -3.836927 19.208
 39    27.380 53569.58885153 27.41 297.504900  -3.840227 19.208
 39    27.340 53569.58885217 27.37 297.504170  -3.843537 19.208
 39    27.083 53569.58885282 27.70 297.503440  -3.846837 19.208
 39    27.177 53569.58885346 27.47 297.502710  -3.850147 19.208
 39    27.440 53569.58885411 26.56 297.501980  -3.853447 19.208
 39    27.718 53569.58885475 26.56 297.501250  -3.856757 19.208
 40    21.469 53604.58879584 49.21 297.514369  -3.829902 28.606
 40    21.485 53604.58879649 50.25 297.513639  -3.833202 28.606
 40    21.412 53604.58879713 49.07 297.512909  -3.836512 28.606
 40    21.409 53604.58879778 49.97 297.512189  -3.839812 28.606
 40    21.449 53604.58879842 50.30 297.511459  -3.843122 28.606
 40    21.403 53604.58879906 50.83 297.510729  -3.846422 28.606
 40    21.337 53604.58879971 50.58 297.509999  -3.849732 28.606
 41    24.602 53639.58879495 22.86 297.509710  -3.829496 19.431
 41    24.725 53639.58879559 15.93 297.508980  -3.832796 19.431
 41    17.314 53639.58879624 17.65 297.508250  -3.836106 19.431
 41    16.181 53639.58879688 21.50 297.507530  -3.839406 19.431
 41    16.310 53639.58879753 25.01 297.506800  -3.842716 19.431
 41    16.570 53639.58879817 27.09 297.506070  -3.846016 19.431
 41    16.761 53639.58879882 25.80 297.505340  -3.849326 19.431
 41    22.319 53639.58879946 20.70 297.504610  -3.852626 19.431
 42    25.120 53674.58881498 22.93 297.507891  -3.828251 22.049
 42    24.723 53674.58881563 20.30 297.507161  -3.831551 22.049
 42    16.624 53674.58881627 19.80 297.506441  -3.834861 22.049
 42    16.139 53674.58881692 23.37 297.505711  -3.838161 22.049
 42    16.613 53674.58881756 22.91 297.504981  -3.841471 22.049
 42    16.665 53674.58881820 24.83 297.504251  -3.844771 22.049
 42    16.828 53674.58881885 25.63 297.503521  -3.848081 22.049
 42    17.120 53674.58881949 30.92 297.502791  -3.851381 22.049
 42    17.416 53674.58882014 35.24 297.502061  -3.854691 22.049
 42    21.963 53674.58882078 25.04 297.501341  -3.857991 22.049
 43    21.592 53709.58874532 38.21 297.518388  -3.829036 16.550
 43    21.519 53709.58874597 33.96 297.517658  -3.832346 16.550
 43    21.176 53709.58874661 33.28 297.516928  -3.835646 16.550
 43    20.917 53709.58874726 34.56 297.516198  -3.838956 16.550
 43    21.207 53709.58874790 36.86 297.515478  -3.842256 16.550
 43    21.343 53709.58874855 36.46 297.514748  -3.845566 16.550
 43    21.591 53709.58874919 37.09 297.514018  -3.848866 16.550
 44    23.606 53744.58865519 17.36 297.516658  -3.829407 22.450
 44    22.995 53744.58865583 18.06 297.515928  -3.832717 22.450
 44    22.401 53744.58865648 19.58 297.515198  -3.836017 22.450
 44    22.139 53744.58865712 20.40 297.514468  -3.839327 22.450
 44    22.349 53744.58865777 21.51 297.513748  -3.842627 22.450
 44    22.657 53744.58865841 24.41 297.513018  -3.845937 22.450
 44    22.991 53744.58865905 25.50 297.512288  -3.849237 22.450
 45    25.827 53779.58868500 39.64 297.517912  -3.828727 27.202
 45    25.629 53779.58868564 32.22 297.517182  -3.832027 27.202
 45    25.185 53779.58868629 28.21 297.516452  -3.835337 27.202
 45    24.726 53779.58868693 30.52 297.515732  -3.838637 27.202
 45    24.805 53779.58868758 30.76 297.515002  -3.841947 27.202
 45    25.227 53779.58868822 27.84 297.514272  -3.845247 27.202
 45    25.557 53779.58868887 28.03 297.513542  -3.848557 27.202
 46    27.349 53814.58865679 31.69 297.516605  -3.829374 10.354
 46    27.107 53814.58865743 31.75 297.515875  -3.832674 10.354
 46    27.003 53814.58865808 33.18 297.515145  -3.835984 10.354
 46    26.967 53814.58865872 33.57 297.514415  -3.839284 10.354
 46    26.929 53814.58865937 36.04 297.513695  -3.842594 10.354
 46    27.060 53814.58866001 36.41 297.512965  -3.845894 10.354
 46    27.154 53814.58866066 37.43 297.512235  -3.849204 10.354
 47    28.693 53849.58871883 39.75 297.509266  -3.829285 18.309
 47    28.401 53849.58871947 33.35 297.508536  -3.832595 18.309
 47    28.296 53849.58872012 32.01 297.507806  -3.835895 18.309
 47    28.177 53849.58872076 31.75 297.507076  -3.839205 18.309
 47    28.010 53849.58872141 31.56 297.506346  -3.842505 18.309
 47    27.861 53849.58872205 30.81 297.505616  -3.845815 18.309
 47    27.924 53849.58872270 30.83 297.504896  -3.849115 18.309
 47    28.390 53849.58872334 30.93 297.504166  -3.852425 18.309
 47    28.450 53849.58872399 32.51 297.503436  -3.855725 18.309
 48    29.420 53884.58873152 33.80 297.520425  -3.827485 15.450
 48    29.269 53884.58873216 30.98 297.519695  -3.830785 15.450
 48    29.043 53884.58873280 31.09 297.518965  -3.834095 15.450
 48    29.272 53884.58873345 31.89 297.518235  -3.837395 15.450
 48    29.176 53884.58873409 32.38 297.517505  -3.840705 15.450
 48    29.306 53884.58873474 32.70 297.516775  -3.844005 15.450
 48    29.304 53884.58873538 34.72 297.516045  -3.847315 15.450
 48    29.430 53884.58873603 36.68 297.515325  -3.850615 15.450
 49    28.892 53919.58879909 50.81 297.504172  -3.831441 19.211
 49    28.994 53919.58879973 46.49 297.503442  -3.834751 19.211
 49    29.026 53919.58880038 45.46 297.502712  -3.838051 19.211
 49    28.857 53919.58880102 37.28 297.501982  -3.841361 19.211
 49    28.814 53919.58880167 36.68 297.501252  -3.844661 19.211
 49    28.399 53919.58880231 36.64 297.500522  -3.847971 19.211
 49    28.268 53919.58880296 36.64 297.499802  -3.851271 19.211
 49    28.454 53919.58880360 35.24 297.499072  -3.854581 19.211
 49    28.448 53919.58880424 34.90 297.498342  -3.857881 19.211
 49    28.506 53919.58880489 32.93 297.497612  -3.861191 19.211
 50    25.781 53954.58879949 29.39 297.503991  -3.830805 15.363
 50    25.491 53954.58880013 19.93 297.503261  -3.834105 15.363
 50    25.046 53954.58880078 21.46 297.502531  -3.837415 15.363
 50    24.858 53954.58880142 21.51 297.501801  -3.840715 15.363
 50    24.566 53954.58880207 24.16 297.501071  -3.844025 15.363
 50    24.999 53954.58880271 24.13 297.500341  -3.847325 15.363
 50    24.949 53954.58880336 25.65 297.499621  -3.850635 15.363
 50    25.393 53954.58880400 27.48 297.498891  -3.853935 15.363
 50    25.256 53954.58880465 30.18 297.498161  -3.857245 15.363
 50    25.578 53954.58880529 29.79 297.497431  -3.860545 15.363
 51    20.498 53989.58871894 21.66 297.518354  -3.827914 31.680
 51    20.294 53989.58871958 21.82 297.517634  -3.831214 11.575
 51    20.212 53989.58872022 22.12 297.516904  -3.834524 11.575
 51    20.233 53989.58872087 22.17 297.516174  -3.837824 11.575
 51    20.449 53989.58872151 21.94 297.515444  -3.841134 11.575
 51    20.854 53989.58872216 22.25 297.514714  -3.844434 11.575
 51    21.482 53989.58872280 23.28 297.513994  -3.847744 11.575
 51    21.424 53989.58872345 29.86 297.513264  -3.851044 11.575
 52    22.788 54024.58878124 15.75 297.513739  -3.829209 19.734
 52    17.769 54024.58878188 17.00 297.513009  -3.832509 19.734
 52    17.603 54024.58878253 19.02 297.512279  -3.835819 19.734
 52    17.927 54024.58878317 20.24 297.511549  -3.839119 19.734
 52    17.688 54024.58878381 24.37 297.510819  -3.842429 19.734
 52    17.788 54024.58878446 28.41 297.510089  -3.845729 19.734
 52    18.147 54024.58878510 27.62 297.509359  -3.849039 19.734
 53    19.531 54059.58877377 28.19 297.520278  -3.826450 11.097
 53    19.110 54059.58877442 28.14 297.519548  -3.829760 11.097
 53    19.001 54059.58877506 28.87 297.518828  -3.833060 11.097
 53    19.049 54059.58877571 30.07 297.518098  -3.836370 11.097
 53    19.481 54059.58877635 29.70 297.517368  -3.839670 11.097
 53    19.597 54059.58877700 33.01 297.516638  -3.842980 11.097
 53    19.749 54059.58877764 36.81 297.515908  -3.846280 11.097
 53    19.794 54059.58877829 41.91 297.515178  -3.849590 11.097
 54    23.824 54094.58875098 19.53 297.513669  -3.828111 14.352
 54    23.522 54094.58875162 17.53 297.512939  -3.831411 14.352
 54    23.405 54094.58875227 17.49 297.512209  -3.834721 14.352
 54    23.174 54094.58875291 18.46 297.511479  -3.838021 14.352
 54    23.087 54094.58875356 18.93 297.510759  -3.841331 14.352
 54    23.300 54094.58875420 19.45 297.510029  -3.844631 14.352
 54    23.680 54094.58875485 21.11 297.509299  -3.847941 14.352
 55    25.826 54129.58869278 22.50 297.514596  -3.826972 26.306
 55    25.777 54129.58869343 17.62 297.513866  -3.830272 26.306
 55    25.489 54129.58869407 17.26 297.513136  -3.833582 26.306
 55    24.947 54129.58869472 20.01 297.512406  -3.836882 26.306
 55    24.438 54129.58869536 21.98 297.511676  -3.840192 26.306
 55    24.882 54129.58869601 23.68 297.510946  -3.843492 26.306
 55    25.484 54129.58869665 22.99 297.510216  -3.846802 26.306
 55    25.698 54129.58869729 28.00 297.509496  -3.850102 26.306
 56    25.803 54164.58872208 34.90 297.512153  -3.828271 16.325
 56    25.766 54164.58872273 24.08 297.511433  -3.831571 16.325
 56    25.525 54164.58872337 22.09 297.510703  -3.834881 16.325
 56    25.309 54164.58872401 24.82 297.509973  -3.838181 16.325
 56    25.862 54164.58872466 26.34 297.509243  -3.841491 16.325
 56    25.806 54164.58872530 27.87 297.508513  -3.844791 16.325
 56    25.560 54164.58872595 30.52 297.507783  -3.848101 16.325
 56    25.814 54164.58872659 32.04 297.507063  -3.851401 16.325
 57    26.873 54199.58869580 27.12 297.513335  -3.827873 15.123
 57    26.365 54199.58869645 27.94 297.512605  -3.831183 15.123
 57    26.401 54199.58869709 28.34 297.511875  -3.834483 15.123
 57    26.447 54199.58869774 28.50 297.511155  -3.837793 15.123
 57    26.486 54199.58869838 29.69 297.510425  -3.841093 15.123
 57    26.547 54199.58869903 30.28 297.509695  -3.844403 15.123
 57    26.498 54199.58869967 32.33 297.508965  -3.847703 15.123
 58    28.647 54234.58873561 32.09 297.514323  -3.829661 18.052
 58    28.465 54234.58873625 31.66 297.513593  -3.832971 18.052
 58    28.378 54234.58873690 31.00 297.512873  -3.836271 18.052
 58    28.407 54234.58873754 31.54 297.512143  -3.839581 18.052
 58    28.420 54234.58873819 32.01 297.511413  -3.842881 18.052
 58    28.399 54234.58873883 34.02 297.510683  -3.846191 18.052
 58    28.512 54234.58873948 36.01 297.509953  -3.849491 18.052
 59    29.337 54269.58875565 37.16 297.514493  -3.828593 17.226
 59    29.167 54269.58875630 36.50 297.513763  -3.831893 17.226
 59    29.124 54269.58875694 37.95 297.513033  -3.835203 17.226
 59    29.186 54269.58875759 38.91 297.512313  -3.838503 17.226
 59    29.193 54269.58875823 39.64 297.511583  -3.841813 17.226
 59    29.283 54269.58875887 40.63 297.510853  -3.845113 17.226
 59    29.317 54269.58875952 41.74 297.510123  -3.848423 17.226
 60    28.372 54304.58875898 30.55 297.514382  -3.828770 30.967
 60    28.125 54304.58875962 23.60 297.513662  -3.832070 30.967
 60    27.787 54304.58876027 20.31 297.512932  -3.835380 30.967
 60    27.059 54304.58876091 20.72 297.512202  -3.838680 30.967
 60    27.348 54304.58876156 21.51 297.511472  -3.841990 30.967
 60    27.752 54304.58876220 23.66 297.510742  -3.845290 30.967
 60    28.067 54304.58876285 26.78 297.510012  -3.848600 30.967
 61    23.634 54339.58874255 20.51 297.514551  -3.829133 16.455
 61    23.351 54339.58874320 21.07 297.513821  -3.832443 16.455
 61    23.158 54339.58874384 21.64 297.513101  -3.835743 16.455
 61    23.608 54339.58874449 20.46 297.512371  -3.839053 16.455
 61    23.576 54339.58874513 20.83 297.511641  -3.842353 16.455
 61    23.945 54339.58874578 21.97 297.510911  -3.845663 16.455
 61    24.305 54339.58874642 25.55 297.510181  -3.848963 16.455
 62    18.312 54374.58869284 25.72 297.514135  -3.828176 11.737
 62    18.315 54374.58869349 26.12 297.513405  -3.831476 11.737
 62    18.383 54374.58869413 27.39 297.512675  -3.834786 11.737
 62    18.450 54374.58869478 27.39 297.511955  -3.838086 11.737
 62    18.587 54374.58869542 28.33 297.511225  -3.841396 11.737
 62    18.609 54374.58869607 29.41 297.510495  -3.844696 11.737
 62    18.763 54374.58869671 30.35 297.509765  -3.848006 11.737
 63    22.570 54409.58868908 16.04 297.512724  -3.829737 19.276
 63    19.792 54409.58868972 15.83 297.511994  -3.833037 19.276
 63    19.702 54409.58869037 17.89 297.511264  -3.836347 19.276
 63    20.012 54409.58869101 16.63 297.510544  -3.839647 19.276
 63    20.882 54409.58869166 17.43 297.509814  -3.842957 19.276
 63    21.407 54409.58869230 18.36 297.509084  -3.846257 19.276
 63    21.822 54409.58869294 22.14 297.508354  -3.849567 19.276
 64    23.314 54444.58865512 17.78 297.514100  -3.827691 22.864
 64    23.040 54444.58865576 15.36 297.513370  -3.830991 22.864
 64    22.850 54444.58865641 15.96 297.512640  -3.834301 22.864
 64    22.608 54444.58865705 16.44 297.511910  -3.837601 22.864
 64    22.744 54444.58865770 16.91 297.511180  -3.840911 22.864
 64    22.779 54444.58865834 17.83 297.510460  -3.844211 22.864
 64    23.127 54444.58865899 20.02 297.509730  -3.847511 22.864
 65    24.796 54479.58867926 27.89 297.514620  -3.828875 21.696
 65    24.458 54479.58867991 24.31 297.513890  -3.832185 21.696
 65    24.323 54479.58868055 24.81 297.513160  -3.835485 21.696
 65    23.870 54479.58868120 24.19 297.512430  -3.838795 21.696
 65    24.066 54479.58868184 24.21 297.511710  -3.842095 21.696
 65    24.356 54479.58868249 22.66 297.510980  -3.845405 21.696
 65    24.850 54479.58868313 22.77 297.510250  -3.848705 21.696
 66    26.079 54514.58867025 21.00 297.514162  -3.829918 28.858
 66    25.692 54514.58867090 19.46 297.513432  -3.833228 28.858
 66    25.384 54514.58867154 19.34 297.512699  -3.836524 20.483
 66    24.945 54514.58867219 21.65 297.511969  -3.839834 20.483
 66    25.520 54514.58867283 23.57 297.511249  -3.843134 20.483
 66    26.062 54514.58867348 25.27 297.510519  -3.846444 20.483
 66    26.246 54514.58867412 25.52 297.509789  -3.849744 20.483
 67    28.221 54549.58869197 35.20 297.513980  -3.827200 25.573
 67    27.384 54549.58869262 23.52 297.513250  -3.830510 25.573
 67    26.874 54549.58869326 21.15 297.512520  -3.833810 25.573
 67    26.493 54549.58869391 21.89 297.511790  -3.837120 25.573
 67    26.521 54549.58869455 22.84 297.511066  -3.840418 19.250
 67    26.940 54549.58869520 25.93 297.510336  -3.843728 19.250
 67    27.364 54549.58869584 27.00 297.509606  -3.847028 19.250
 68    28.474 54584.58866520 33.45 297.514547  -3.828974 31.767
 68    28.195 54584.58866584 27.54 297.513817  -3.832284 31.767
 68    27.939 54584.58866649 28.29 297.513089  -3.835580 12.719
 68    27.941 54584.58866713 30.18 297.512359  -3.838890 12.719
 68    28.125 54584.58866778 30.31 297.511629  -3.842190 12.719
 68    28.017 54584.58866842 33.32 297.510899  -3.845500 12.719
 68    28.312 54584.58866907 34.87 297.510179  -3.848800 12.719
 69    29.433 54619.58868520 31.84 297.513955  -3.827458 31.190
 69    29.355 54619.58868585 28.19 297.513225  -3.830758 31.190
 69    29.200 54619.58868649 28.21 297.512498  -3.834073 15.672
 69    29.220 54619.58868714 28.58 297.511768  -3.837373 15.672
 69    29.227 54619.58868778 30.37 297.511038  -3.840673 15.672
 69    29.220 54619.58868843 31.50 297.510308  -3.843983 15.672
 69    29.221 54619.58868907 33.68 297.509588  -3.847283 15.672
 70    29.070 54654.58869607 31.83 297.512535  -3.827223 19.176
 70    28.920 54654.58869671 30.30 297.511805  -3.830523 19.176
 70    28.605 54654.58869736 31.42 297.511075  -3.833833 19.176
 70    28.567 54654.58869800 32.81 297.510348  -3.837139 17.119
 70    28.641 54654.58869865 35.42 297.509618  -3.840439 17.119
 70    28.737 54654.58869929 35.68 297.508888  -3.843739 17.119
 70    28.777 54654.58869994 40.39 297.508158  -3.847049 17.119
 70    28.883 54654.58870058 40.69 297.507438  -3.850349 17.119
 71    26.356 54689.58868354 21.40 297.513202  -3.830077 27.592
 71    26.242 54689.58868418 18.55 297.512482  -3.833377 27.592
 71    26.044 54689.58868483 18.52 297.511752  -3.836687 27.592
 71    25.660 54689.58868547 19.49 297.511022  -3.839987 27.592
 71    25.841 54689.58868611 19.41 297.510292  -3.843297 27.592
 71    26.299 54689.58868676 20.07 297.509567  -3.846594 17.625
 71    26.435 54689.58868740 22.41 297.508837  -3.849904 17.625
 72    23.465 54724.58864579 17.79 297.514381  -3.829245 32.322
 72    21.453 54724.58864644 17.58 297.513648  -3.832549 12.019
 72    21.884 54724.58864708 19.91 297.512918  -3.835849 12.019
 72    22.510 54724.58864773 20.38 297.512188  -3.839149 12.019
 72    23.203 54724.58864837 21.87 297.511468  -3.842459 12.019
 72    23.454 54724.58864902 26.18 297.510738  -3.845759 12.019
 72    21.044 54724.58864966 31.13 297.510008  -3.849069 12.019
 73    18.996 54759.58866049 19.04 297.512376  -3.829728 17.861
 73    19.041 54759.58866113 18.76 297.511646  -3.833028 17.861
 73    19.032 54759.58866178 19.14 297.510916  -3.836338 17.861
 73    19.340 54759.58866242 20.76 297.510189  -3.839634  7.781
 73    20.020 54759.58866307 19.55 297.509459  -3.842944  7.781
 73    20.355 54759.58866371 22.99 297.508729  -3.846244  7.781
 73    21.695 54759.58866436 23.20 297.507999  -3.849554  7.781
 74    21.667 54794.58863929 18.33 297.512112  -3.829519  7.114
 74    21.430 54794.58863994 19.11 297.511392  -3.832829  7.114
 74    21.283 54794.58864058 18.14 297.510662  -3.836129  7.114
 74    21.201 54794.58864123 19.29 297.509932  -3.839439  7.114
 74    21.206 54794.58864187 19.95 297.509202  -3.842739  7.114
 74    21.433 54794.58864252 23.42 297.508472  -3.846049  7.114
 74    21.524 54794.58864316 28.24 297.507742  -3.849349  7.114
 75    22.974 54829.58865929 30.51 297.513271  -3.829915 16.105
 75    23.378 54829.58865994 30.40 297.512541  -3.833215 16.105
 75    23.646 54829.58866058 32.62 297.511811  -3.836525 16.105
 75    23.983 54829.58866123 37.20 297.511083  -3.839822 19.345
 75    23.951 54829.58866187 46.73 297.510353  -3.843132 19.345
 75    23.941 54829.58866252 48.09 297.509623  -3.846432 19.345
 75    23.957 54829.58866316 47.95 297.508893  -3.849742 19.345
 76    25.865 54864.58863386 25.12 297.514108  -3.828086 21.078
 76    25.716 54864.58863451 21.89 297.513378  -3.831386 21.078
 76    25.427 54864.58863515 19.12 297.512658  -3.834686 21.078
 76    24.713 54864.58863580 21.64 297.511928  -3.837996 21.078
 76    25.102 54864.58863644 22.82 297.511198  -3.841296 21.078
 76    25.597 54864.58863709 28.39 297.510468  -3.844606 21.078
 76    25.887 54864.58863773 31.63 297.509738  -3.847906 21.078
 77    28.079 54899.58865863 29.37 297.512155  -3.827563 25.017
 77    27.788 54899.58865928 21.94 297.511425  -3.830863 25.017
 77    27.522 54899.58865992 20.64 297.510695  -3.834173 25.017
 77    27.029 54899.58866057 22.00 297.509970  -3.837471 23.111
 77    26.796 54899.58866121 24.72 297.509240  -3.840781 23.111
 77    27.398 54899.58866186 25.79 297.508510  -3.844081 23.111
 77    27.693 54899.58866250 30.90 297.507780  -3.847391 23.111
 77    27.837 54899.58866314 31.91 297.507060  -3.850691 23.111
 78    29.270 54934.58862606 27.59 297.513449  -3.829020 36.094
 78    29.118 54934.58862670 25.12 297.512719  -3.832320 36.094
 78    28.832 54934.58862734 22.41 297.511989  -3.835630 36.094
 78    28.240 54934.58862799 23.65 297.511258  -3.838929 23.499
 78    28.646 54934.58862863 23.07 297.510528  -3.842239 23.499
 78    28.969 54934.58862928 26.42 297.509798  -3.845539 23.499
 78    29.246 54934.58862992 30.22 297.509078  -3.848849 23.499
 79    30.258 54969.58865981 30.13 297.513908  -3.829143 26.855
 79    30.060 54969.58866046 29.60 297.513178  -3.832453 26.855
 79    29.867 54969.58866110 28.59 297.512448  -3.835753 26.855
 79    30.001 54969.58866174 28.94 297.511718  -3.839053 26.855
 79    29.986 54969.58866239 30.88 297.510990  -3.842358 15.685
 79    30.104 54969.58866303 31.38 297.510260  -3.845668 15.685
 79    30.151 54969.58866368 34.23 297.509530  -3.848968 15.685
 80    30.929 55004.58867985 33.34 297.510961  -3.828266 26.811
 80    30.802 55004.58868050 27.75 297.510231  -3.831566 26.811
 80    30.451 55004.58868114 24.37 297.509501  -3.834876 26.811
 80    30.087 55004.58868179 25.13 297.508781  -3.838176 26.811
 80    29.987 55004.58868243 25.59 297.508051  -3.841486 26.811
 80    30.481 55004.58868308 26.25 297.507321  -3.844786 26.811
 80    30.789 55004.58868372 28.08 297.506591  -3.848096 26.811
 80    30.863 55004.58868436 31.62 297.505861  -3.851396 26.811
 82    27.925 55074.58865006 33.06 297.513888  -3.827043 18.248
 82    27.731 55074.58865071 29.39 297.513158  -3.830353 18.248
 82    27.714 55074.58865135 29.24 297.512438  -3.833653 18.248
 82    27.816 55074.58865200 29.15 297.511708  -3.836963 18.248
 82    27.798 55074.58865264 29.82 297.510978  -3.840263 18.248
 82    27.835 55074.58865329 30.00 297.510248  -3.843573 18.248
 82    27.787 55074.58865393 31.94 297.509524  -3.846870 13.480
 82    27.715 55074.58865458 33.16 297.508794  -3.850180 13.480
 83    20.661 55109.58859983 31.88 297.513361  -3.828441 14.022
 83    20.628 55109.58860047 30.89 297.512631  -3.831741 14.022
 83    20.477 55109.58860112 31.43 297.511899  -3.835055  7.805
 83    20.672 55109.58860176 31.19 297.511169  -3.838355  7.805
 83    20.833 55109.58860240 31.41 297.510449  -3.841655  7.805
 83    21.357 55109.58860305 31.05 297.509719  -3.844965  7.805
 83    21.608 55109.58860369 31.77 297.508989  -3.848265  7.805
 84    23.809 55144.58860331 16.56 297.511882  -3.829253 20.503
 84    24.176 55144.58860395 15.98 297.511152  -3.832553 20.503
 84    19.849 55144.58860460 17.08 297.510422  -3.835863 20.503
 84    20.095 55144.58860524 17.78 297.509696  -3.839160 13.829
 84    20.406 55144.58860589 18.66 297.508966  -3.842470 13.829
 84    19.377 55144.58860653 31.24 297.508236  -3.845770 13.829
 84    19.407 55144.58860717 35.11 297.507506  -3.849080 13.829
 84    22.847 55144.58860782 22.48 297.506786  -3.852380 13.829
 85    20.513 55179.58857443 31.65 297.513916  -3.829150 13.550
 85    20.230 55179.58857507 31.12 297.513186  -3.832460 13.550
 85    20.277 55179.58857572 32.48 297.512466  -3.835760 13.550
 85    20.451 55179.58857636 32.52 297.511736  -3.839070 13.550
 85    20.626 55179.58857701 32.84 297.511006  -3.842370 13.550
 85    20.576 55179.58857765 37.95 297.510276  -3.845680 13.550
 85    20.668 55179.58857830 37.31 297.509546  -3.848980 13.550
 86    24.229 55214.58859805 33.98 297.513067  -3.829331 17.277
 86    24.289 55214.58859870 37.01 297.512337  -3.832631 17.277
 86    24.414 55214.58859934 36.04 297.511607  -3.835931 17.277
 86    24.285 55214.58859998 42.47 297.510881  -3.839246 17.816
 86    24.369 55214.58860063 45.63 297.510151  -3.842546 17.816
 86    24.393 55214.58860127 44.36 297.509421  -3.845846 17.816
 86    24.302 55214.58860192 45.65 297.508691  -3.849156 17.816
 87    24.882 55249.58857270 28.84 297.514820  -3.828986 15.242
 87    24.514 55249.58857334 29.90 297.514090  -3.832296 15.242
 87    24.706 55249.58857399 29.83 297.513359  -3.835592 12.543
 87    24.722 55249.58857463 31.17 297.512629  -3.838902 12.543
 87    24.817 55249.58857528 30.90 297.511899  -3.842202 12.543
 87    24.832 55249.58857592 32.06 297.511179  -3.845512 12.543
 87    25.012 55249.58857656 35.58 297.510449  -3.848812 12.543
 88    25.959 55284.58859111 20.63 297.512443  -3.829304 14.923
 88    25.557 55284.58859176 20.12 297.511713  -3.832614 14.923
 88    25.258 55284.58859240 20.73 297.510983  -3.835914 14.923
 88    24.868 55284.58859305 23.46 297.510253  -3.839224 14.923
 88    25.508 55284.58859369 20.99 297.509529  -3.842523 17.813
 88    25.688 55284.58859433 23.33 297.508799  -3.845833 17.813
 88    25.944 55284.58859498 25.81 297.508069  -3.849133 17.813
 89    28.231 55319.58856276 35.60 297.512375  -3.828045 14.355
 89    28.009 55319.58856340 36.43 297.511645  -3.831345 14.355
 89    27.896 55319.58856405 37.45 297.510915  -3.834655 14.355
 89    27.814 55319.58856469 38.12 297.510189  -3.837951 15.035
 89    27.915 55319.58856534 37.78 297.509459  -3.841261 15.035
 89    28.190 55319.58856598 39.23 297.508729  -3.844561 15.035
 89    28.211 55319.58856662 45.30 297.507999  -3.847871 15.035
 89    28.285 55319.58856727 49.22 297.507279  -3.851171 15.035
 90    29.261 55354.58856496 39.28 297.512962  -3.828971 31.946
 90    29.142 55354.58856560 34.57 297.512232  -3.832271 31.946
 90    29.273 55354.58856625 43.70 297.511502  -3.835581 31.946
 90    29.255 55354.58856689 44.27 297.510776  -3.838887 25.768
 90    29.237 55354.58856754 44.73 297.510046  -3.842187 25.768
 90    29.239 55354.58856818 44.34 297.509316  -3.845487 25.768
 90    29.188 55354.58856883 45.47 297.508586  -3.848797 25.768
 91    28.571 55389.58856384 39.92 297.512028  -3.829889 17.118
 91    28.421 55389.58856449 37.47 297.511298  -3.833189 17.118
 91    28.115 55389.58856513 38.33 297.510578  -3.836499 17.118
 91    28.361 55389.58856578 39.13 297.509848  -3.839799 17.118
 91    28.473 55389.58856642 42.19 297.509118  -3.843109 17.118
 91    28.476 55389.58856707 44.37 297.508388  -3.846409 17.118
 91    28.468 55389.58856771 46.71 297.507658  -3.849719 17.118
 92    24.412 55424.58858118 29.45 297.514922  -3.826714 17.229
 92    24.298 55424.58858183 27.94 297.514202  -3.830014 17.229
 92    24.147 55424.58858247 26.91 297.513472  -3.833324 17.229
 92    23.917 55424.58858312 26.75 297.512742  -3.836624 17.229
 92    23.908 55424.58858376 26.16 297.512012  -3.839934 17.229
 92    23.983 55424.58858440 26.70 297.511285  -3.843231  6.450
 92    24.270 55424.58858505 26.82 297.510555  -3.846541  6.450
 92    25.107 55424.58858569 29.45 297.509825  -3.849841  6.450
 93    21.959 55459.58855211 22.29 297.514500  -3.829625 26.685
 93    19.385 55459.58855276 22.27 297.513780  -3.832935 26.685
 93    19.268 55459.58855340 25.28 297.513050  -3.836235 26.685
 93    18.805 55459.58855405 30.54 297.512320  -3.839545 26.685
 93    19.054 55459.58855469 35.02 297.511590  -3.842845 26.685
 93    18.725 55459.58855534 42.49 297.510860  -3.846155 26.685
 93    20.957 55459.58855598 37.13 297.510137  -3.849451 17.945
