-310096.314   109.109     0.00    9.38
-309720.250   108.001    -2.95    9.31
-309344.189   106.330    -4.44    9.31
-308968.131   100.027   -16.76   11.50
-308592.077    94.129   -15.68   13.11
-308216.025    90.407    -9.90   13.41
-307839.976    92.539     5.67   13.28
-307463.931    93.682     3.04   12.03
-307087.888    95.655     5.25   11.34
-306711.849    93.321    -6.21   12.20
-306335.812    90.079    -8.62   11.67
-305959.778    88.296    -4.74   10.71
-305583.748    83.176   -13.62   10.91
-305207.720    81.431    -4.64   10.93
-304831.696    81.133    -0.79   10.22
-304455.674    80.999    -0.36    9.97
-304079.656    83.510     6.68   10.05
-303703.641    85.253     4.64   13.31
-303327.628    84.350    -2.40   15.47
-302951.619    85.176     2.20   14.73
-302575.612    86.443     3.37   13.97
-302199.609    84.782    -4.42   11.63
-301823.609    84.946     0.43   11.96
-301447.611    85.576     1.68   13.91
-301071.617    87.287     4.55   11.78
-300695.626    85.076    -5.88   12.94
-300319.637    82.171    -7.73   14.35
-299943.652    72.944   -24.54   16.59
-299567.670    64.696   -21.94   18.16
-299191.690    55.792   -23.68   15.78
-298815.714    47.777   -21.32   10.34
-298439.740    42.296   -14.58    8.00
-298063.770    41.860    -1.16    8.42
-297687.803    42.919     2.82    8.97
-297311.838    49.621    17.83   13.25
-296935.877    59.416    26.05   18.02
-296559.918    72.796    35.59   20.29
-296183.963    82.269    25.20   12.70
-295808.010    80.809    -3.88   15.42
-295432.061    79.024    -4.75   15.64
-295056.114    79.629     1.61   15.73
-294680.170    82.603     7.91   14.02
-294304.230    85.024     6.44   13.00
-293928.292    77.446   -20.16   15.62
-293552.357    64.458   -34.55   13.31
-293176.426    59.121   -14.20   11.14
-292800.497    57.125    -5.31    9.75
-292424.571    59.721     6.91   10.75
-292048.648    67.404    20.44   14.46
-291672.729    76.999    25.53   18.69
-291296.812    86.587    25.51   16.96
-290920.898    95.371    23.37    7.25
-290544.987    95.404     0.09    7.42
-290169.079    91.971    -9.13   10.47
-289793.173    86.313   -15.05   13.37
-289417.271    82.182   -10.99   13.26
-289041.372    76.682   -14.63   13.34
-288665.476    71.202   -14.58   11.92
-288289.582    64.050   -19.03   11.05
-287913.692    56.647   -19.70    9.76
-287537.805    53.096    -9.45    9.08
-287161.920    52.971    -0.33    9.37
-286786.039    53.296     0.86    9.66
-286410.160    56.715     9.10   10.01
-286034.284    62.971    16.65   11.14
-285658.411    66.890    10.43   13.61
-285282.542    73.138    16.62   11.68
-284906.675    72.484    -1.74   10.99
-284530.811    65.946   -17.40   13.89
-284154.950    60.539   -14.39   12.72
-283779.091    55.121   -14.41   11.85
-283403.236    51.866    -8.66   11.53
-283027.384    49.419    -6.51   10.14
-282651.535    49.998     1.54   12.03
-282275.688    54.202    11.19   15.89
-281899.844    57.566     8.95   17.65
-281524.004    58.860     3.44   17.69
-281148.166    58.253    -1.61   14.75
-280772.331    60.485     5.94   13.22
-280396.499    61.792     3.48   12.23
-280020.670    67.279    14.60   14.19
-279644.844    73.917    17.66   11.91
-279269.021    77.539     9.64    9.59
-278893.201    78.782     3.31   10.17
-278517.383    76.484    -6.11   10.72
-278141.569    73.894    -6.89   12.12
-277765.757    74.323     1.14   11.75
-277389.948    73.521    -2.13   10.42
-277013.850    69.392   -10.98   12.81
-276637.471    61.445   -21.12   14.64
-276261.095    57.863    -9.52   13.89
-275884.722    62.176    11.46   15.91
-275508.351    71.734    25.40   15.10
-275131.984    78.832    18.86    8.17
-274755.619    76.587    -5.97   11.48
-274379.257    72.971    -9.61   13.23
-274002.898    69.407    -9.47   14.12
-273626.542    69.048    -0.95   13.65
-273250.189    72.971    10.42   12.38
-272873.839    71.971    -2.66   12.70
-272497.492    66.593   -14.29   12.82
-272121.147    62.261   -11.51   13.16
-271744.806    62.296     0.09   11.37
-271368.467    65.106     7.47   10.95
-270992.131    64.535    -1.52   10.01
-270615.798    61.510    -8.04   11.75
-270239.468    59.261    -5.98   12.24
-269863.141    58.755    -1.34   11.86
-269486.817    59.894     3.03   12.78
-269110.495    58.997    -2.38   13.21
-268734.177    58.388    -1.62   14.63
-268357.861    55.433    -7.85   14.44
-267981.548    52.305    -8.31   15.49
-267605.238    51.919    -1.03   16.30
-267228.931    53.612     4.50   15.55
-266852.626    55.065     3.86   12.99
-266476.325    52.458    -6.93   10.94
-266100.026    45.129   -19.48   14.30
-265723.730    40.025   -13.56   13.93
-265347.437    40.869     2.24   15.11
-264971.147    48.277    19.69   16.60
-264594.860    57.638    24.88   15.02
-264218.575    64.766    18.94   10.06
-263842.294    66.689     5.11    8.60
-263466.015    67.377     1.83    5.67
-263089.739    67.612     0.63    4.33
-262713.466    65.792    -4.84    6.41
-262337.196    63.555    -5.95    7.56
-261960.928    58.151   -14.36   10.93
-261584.664    53.458   -12.47   10.71
-261208.402    48.866   -12.20    7.96
-260832.143    47.305    -4.15    5.36
-260455.887    46.909    -1.05    5.19
-260079.634    45.761    -3.05    5.59
-259703.383    44.445    -3.50    6.40
-259327.135    39.755   -12.47   11.93
-258950.891    28.946   -28.73   18.38
-258574.648    18.133   -28.74   17.58
-258198.409    11.664   -17.20   12.55
-257822.173    10.330    -3.54    7.59
-257445.939    14.535    11.18    9.56
-257069.708    22.539    21.27   12.24
-256693.480    29.894    19.55   11.67
-256317.255    32.535     7.02   11.11
-255941.033    35.620     8.20    9.99
-255564.813    36.381     2.02    9.36
-255188.596    36.241    -0.37    8.62
-254812.382    38.133     5.03    7.83
-254436.171    39.843     4.54    7.00
-254059.963    41.471     4.33    5.61
-253683.757    42.689     3.24    4.62
-253307.554    43.587     2.39    4.42
-252931.354    43.539    -0.13    4.12
-252555.157    43.228    -0.83    3.60
-252178.962    43.998     2.05    3.58
-251802.771    44.253     0.68    3.33
-251426.582    44.766     1.36    3.75
-251050.396    44.566    -0.53    4.35
-250674.212    43.682    -2.35    4.79
-250298.032    42.561    -2.98    5.88
-249921.854    41.561    -2.66    5.61
-249545.679    39.971    -4.23    6.90
-249169.506    38.550    -3.78    6.62
-248793.337    33.944   -12.25   10.26
-248417.170    33.079    -2.30   10.42
-248041.006    33.647     1.51   10.03
-247664.845    36.721     8.17    9.91
-247288.687    42.740    16.00    7.46
-246912.531    47.125    11.66    6.85
-246536.378    49.777     7.05    5.02
-246160.228    51.279     3.99    4.96
-245784.080    50.943    -0.89    5.53
-245407.936    48.997    -5.18    5.71
-245031.794    47.419    -4.20    6.23
-244655.654    45.674    -4.64    5.41
-244279.518    42.647    -8.05    3.61
-243903.384    41.664    -2.61    2.63
-243527.253    42.800     3.02    3.24
-243151.125    43.888     2.89    3.83
-242775.000    44.840     2.53    3.72
-242398.877    44.261    -1.54    3.96
-242022.757    45.296     2.75    3.97
-241646.640    45.701     1.08    3.72
-241270.525    46.057     0.95    3.83
-240894.413    46.048    -0.02    4.09
-240518.304    45.715    -0.89    3.63
-240142.198    46.166     1.20    2.73
-239766.094    46.330     0.44    2.76
-239389.994    46.749     1.11    3.15
-239013.895    46.202    -1.45    3.79
-238637.800    46.202     0.00    3.79
-238261.707    46.261     0.16    4.07
-237885.617    45.782    -1.27    4.14
-237509.530    45.587    -0.52    3.92
-237133.445    45.021    -1.50    3.80
-236757.364    44.863    -0.42    3.82
-236381.284    44.279    -1.55    3.25
-236005.208    43.682    -1.59    3.13
-235629.134    42.701    -2.61    2.93
-235253.063    41.998    -1.87    2.98
-234876.995    40.914    -2.88    2.55
-234500.929    40.458    -1.21    3.06
-234124.866    39.546    -2.43    2.96
-233748.806    40.025     1.27    3.25
-233372.749    41.587     4.15    3.71
-232996.694    41.499    -0.23    3.93
-232620.642    43.050     4.13    3.96
-232244.592    43.074     0.06    4.09
-231868.545    42.998    -0.20    4.25
-231492.501    41.809    -3.16    4.56
-231116.460    40.740    -2.84    3.48
-230740.421    40.571    -0.45    2.86
-230364.385    41.674     2.93    2.94
-229988.352    43.196     4.05    3.17
-229612.321    43.593     1.05    3.01
-229236.293    44.296     1.87    2.76
-228860.268    44.485     0.50    2.57
-228484.245    43.428    -2.81    2.92
-228108.225    43.407    -0.06    2.82
-227732.208    42.846    -1.49    2.89
-227356.193    42.555    -0.78    3.17
-226980.181    42.221    -0.89    3.26
-226604.172    41.866    -0.94    3.90
-226228.166    41.535    -0.88    3.77
-225852.162    41.458    -0.20    4.22
-225476.160    42.234     2.06    3.85
-225100.162    42.499     0.70    2.88
-224724.166    42.971     1.26    3.15
-224348.172    42.896    -0.20    3.37
-223972.182    42.582    -0.83    3.25
-223596.194    43.048     1.24    2.99
-223220.208    43.050     0.01    3.24
-222844.225    42.647    -1.07    2.92
-222468.245    42.620    -0.07    3.28
-222092.268    41.782    -2.23    3.63
-221716.293    41.535    -0.66    3.43
-221340.321    40.396    -3.03    3.57
-220964.351    39.863    -1.42    3.07
-220588.385    38.796    -2.84    2.90
-220212.420    38.103    -1.84    2.50
-219836.459    38.366     0.70    2.24
-219460.500    37.866    -1.33    2.80
-219084.543    37.279    -1.56    2.54
-218708.590    37.193    -0.23    2.58
-218332.638    35.106    -5.55    5.02
-217956.690    32.740    -6.29    7.01
-217580.744    31.457    -3.41    6.90
-217204.801    31.638     0.48    6.74
-216828.860    32.484     2.25    6.36
-216452.922    34.485     5.32    4.43
-216076.987    36.133     4.39    3.86
-215701.054    35.647    -1.29    4.37
-215325.124    32.458    -8.48    9.25
-214949.196    27.557   -13.04   11.94
-214573.272    23.620   -10.47   12.39
-214197.349    20.421    -8.51   11.94
-213821.430    18.866    -4.14   11.92
-213445.512    16.998    -4.97   10.68
-213069.598    17.971     2.59   12.31
-212693.686    19.321     3.59   14.01
-212317.777    23.076     9.99   15.22
-211941.870    26.160     8.20   15.25
-211565.966    28.182     5.38   14.87
-211190.064    28.693     1.36   13.87
-210814.165    29.074     1.01   13.17
-210438.269    29.356     0.75   12.93
-210062.375    29.110    -0.65   12.68
-209686.484    29.269     0.42   11.77
-209310.596    28.971    -0.79   10.80
-208934.710    28.287    -1.82   10.71
-208558.826    28.321     0.09   10.96
-208182.945    31.160     7.55   10.47
-207807.067    33.638     6.59    7.60
-207431.191    35.313     4.46    5.33
-207055.318    36.524     3.22    4.78
-206679.448    37.890     3.64    5.60
-206303.580    39.271     3.67    6.00
-205927.714    40.366     2.91    5.61
-205551.852    40.674     0.82    4.79
-205175.991    39.917    -2.01    5.65
-204800.134    39.428    -1.30    5.58
-204424.278    39.689     0.69    4.65
-204048.426    40.561     2.32    3.88
-203672.576    40.028    -1.42    3.51
-203296.728    40.620     1.57    2.81
-202920.884    41.052     1.15    2.78
-202545.041    40.471    -1.55    3.20
-202169.201    39.671    -2.13    3.39
-201792.911    38.674    -2.65    3.30
-201416.557    37.682    -2.64    2.91
-201040.207    37.103    -1.54    1.85
-200663.858    36.920    -0.49    2.60
-200287.512    37.620     1.86    2.84
-199911.169    37.496    -0.33    2.90
-199534.828    38.050     1.47    2.65
-199158.490    37.693    -0.95    3.38
-198782.155    38.079     1.03    3.73
-198405.822    39.027     2.52    4.57
-198029.491    39.715     1.83    4.64
-197653.163    40.074     0.95    4.19
-197276.838    40.057    -0.04    3.62
-196900.515    38.701    -3.60    3.42
-196524.194    37.674    -2.73    3.26
-196147.877    36.674    -2.66    3.23
-195771.561    37.510     2.22    3.22
-195395.248    38.350     2.23    2.79
-195018.938    38.228    -0.32    3.15
-194642.630    39.287     2.82    2.99
-194266.325    38.946    -0.91    3.07
-193890.022    38.971     0.07    2.84
-193513.722    39.459     1.30    2.53
-193137.425    39.023    -1.16    2.71
-192761.129    39.638     1.64    3.35
-192384.837    39.350    -0.77    3.86
-192008.547    39.350     0.00    3.81
-191632.259    39.323    -0.07    3.59
-191255.974    38.535    -2.09    4.04
-190879.691    39.002     1.24    4.22
-190503.411    38.715    -0.76    4.52
-190127.134    38.287    -1.14    4.29
-189750.859    37.305    -2.61    3.70
-189374.586    35.843    -3.88    3.25
-188998.316    35.485    -0.95    2.36
-188622.048    36.125     1.70    2.76
-188245.783    36.715     1.57    3.07
-187869.521    37.125     1.09    3.54
-187493.261    37.050    -0.20    4.00
-187117.003    37.971     2.45    3.68
-186740.748    38.817     2.25    3.08
-186364.495    39.555     1.96    2.68
-185988.245    39.512    -0.11    2.60
-185611.997    39.755     0.65    2.77
-185235.752    39.133    -1.65    4.11
-184859.509    39.208     0.20    3.93
-184483.269    39.228     0.05    4.18
-184107.032    39.021    -0.55    4.02
-183730.796    39.603     1.55    3.23
-183354.563    39.277    -0.87    3.85
-182978.333    38.356    -2.45    3.88
-182602.105    38.214    -0.38    3.39
-182225.880    38.287     0.19    3.33
-181849.657    38.550     0.70    2.81
-181473.436    38.869     0.85    2.38
-181097.218    37.620    -3.32    4.66
-180721.003    37.261    -0.95    4.51
-180344.790    37.171    -0.24    4.00
-179968.579    36.371    -2.13    3.52
-179592.371    35.998    -0.99    3.94
-179216.165    35.241    -2.01    3.95
-178839.962    36.052     2.16    3.95
-178463.761    36.998     2.51    3.13
-178087.563    36.971    -0.07    3.00
-177711.367    36.671    -0.80    4.02
-177335.173    37.664     2.64    3.23
-176958.982    37.566    -0.26    3.15
-176582.794    37.202    -0.97    4.13
-176206.608    37.261     0.16    4.01
-175830.424    35.945    -3.50    5.87
-175454.242    34.945    -2.66    6.19
-175078.064    34.664    -0.75    6.73
-174701.887    34.323    -0.91    6.80
-174325.713    36.103     4.73    5.39
-173949.542    36.971     2.31    3.96
-173573.373    37.771     2.13    2.14
-173197.206    37.892     0.32    2.35
-172821.042    37.350    -1.44    2.66
-172444.880    37.025    -0.86    3.50
-172068.720    36.404    -1.65    4.09
-171692.563    36.777     0.99    3.92
-171316.409    36.587    -0.51    3.84
-170940.256    37.228     1.70    3.48
-170564.107    37.728     1.33    2.63
-170187.959    37.305    -1.13    2.53
-169811.814    37.048    -0.68    2.56
-169435.672    36.125    -2.45    4.03
-169059.532    35.701    -1.13    3.91
-168683.394    34.869    -2.21    5.34
-168307.259    30.582   -11.40    8.16
-167931.126    25.419   -13.73   10.23
-167554.995    22.253    -8.42    9.46
-167178.867    20.795    -3.88    8.52
-166802.741    23.125     6.20   10.99
-166426.618    26.701     9.51   10.47
-166050.497    23.701    -7.98   13.37
-165674.378    20.674    -8.05   14.54
-165298.262    17.249    -9.11   14.86
-164922.149    11.151   -16.21   12.31
-164546.037     7.996    -8.39    9.73
-164169.928     5.241    -7.32    4.43
-163793.822     6.176     2.49    6.00
-163417.717     7.208     2.74    7.27
-163041.615     7.920     1.89    7.99
-162665.516     8.155     0.63    7.75
-162289.419     7.766    -1.04    6.17
-161913.324     8.106     0.90    6.17
-161537.232     7.728    -1.01    4.17
-161161.142     7.593    -0.36    3.62
-160785.054     7.943     0.93    3.71
-160408.969     7.766    -0.47    3.77
-160032.886     6.843    -2.45    3.36
-159656.805     6.666    -0.47    2.91
-159280.727     6.404    -0.70    4.17
-158904.651     6.443     0.11    4.93
-158528.578     7.813     3.64    6.46
-158152.507     8.121     0.82    7.21
-157776.438     8.296     0.46    7.76
-157400.372     7.689    -1.61    8.08
-157024.308     6.629    -2.82    7.46
-156648.246     4.234    -6.37    4.54
-156272.187     2.971    -3.36    0.00
-155896.130     2.971     0.00    0.00
-155520.075     2.971     0.00    0.00
-155144.023     3.971     2.66    4.26
-154767.973     4.052     0.22    3.94
-154391.925     4.600     1.46    5.01
-154015.880     5.971     3.65    6.28
-153639.837     6.433     1.23    6.33
-153263.796     6.693     0.69    5.79
-152887.758     7.566     2.32    5.51
-152511.722     8.416     2.26    5.72
-152135.689     9.682     3.37    6.29
-151759.657     9.421    -0.69    5.91
-151383.628     9.782     0.96    5.70
-151007.602    10.366     1.55    5.95
-150631.577     9.840    -1.40    5.07
-150255.555    12.253     6.42    6.76
-149879.536    17.296    13.41    9.42
-149503.518    21.121    10.17   10.58
-149127.503    27.261    16.33    8.66
-148751.490    31.377    10.95    6.02
-148375.480    32.133     2.01    5.34
-147999.472    33.693     4.15    4.65
-147623.466    34.458     2.03    3.83
-147247.463    34.561     0.27    2.82
-146871.461    35.332     2.05    2.21
-146495.463    34.761    -1.52    2.76
-146119.466    34.187    -1.52    3.14
-145743.472    34.431     0.65    2.51
-145367.480    34.171    -0.69    2.23
-144991.490    33.755    -1.11    2.11
-144615.503    33.129    -1.66    2.49
-144239.517    32.445    -1.82    2.95
-143863.535    32.046    -1.06    3.74
-143487.554    31.674    -0.99    5.12
-143111.576    31.471    -0.54    5.52
-142735.600    31.587     0.31    5.48
-142359.626    32.052     1.24    5.29
-141983.655    30.241    -4.82    6.17
-141607.686    25.404   -12.87   10.14
-141231.719    20.419   -13.26   11.60
-140855.754    15.587   -12.85   11.99
-140479.792    13.527    -5.48   11.70
-140103.832    11.561    -5.23   10.80
-139727.874    13.550     5.29   11.84
-139351.919    12.499    -2.80   10.26
-138975.966    16.407    10.40   11.79
-138600.015    18.869     6.55   11.56
-138224.066    23.330    11.87   11.85
-137848.120    27.103    10.04   10.47
-137472.175    24.821    -6.07   11.12
-137096.234    21.431    -9.02   12.20
-136720.294    18.871    -6.81   11.58
-136344.357    16.099    -7.37   10.36
-135968.421    15.360    -1.97   10.04
-135592.489    18.350     7.95    9.96
-135216.558    21.485     8.34   10.49
-134840.630    27.050    14.80    9.62
-134464.704    30.535     9.27    6.62
-134088.780    30.728     0.51    6.03
-133712.858    30.396    -0.88    6.00
-133336.939    30.445     0.13    5.29
-132961.022    31.458     2.69    5.14
-132585.107    32.971     4.03    4.46
-132209.194    33.510     1.43    3.76
-131833.284    32.024    -3.95    6.77
-131457.375    29.277    -7.31    8.36
-131081.469    25.689    -9.54    9.68
-130705.566    24.863    -2.20    9.45
-130329.664    24.746    -0.31    9.58
-129953.765    22.715    -5.40   10.51
-129577.868    19.114    -9.58   11.61
-129201.973    12.458   -17.71   10.92
-128826.081     6.160   -16.75    6.05
-128450.190     5.076    -2.88    4.79
-128074.302     7.664     6.88    6.51
-127698.416    12.890    13.91    9.51
-127322.532    20.321    19.77   10.68
-126946.544    26.561    16.60    8.87
-126570.219    30.787    11.23    4.70
-126193.896    31.458     1.78    4.55
-125817.575    30.715    -1.97    4.89
-125441.256    31.151     1.16    5.41
-125064.940    32.138     2.62    4.88
-124688.626    30.535    -4.26    7.06
-124312.314    30.777     0.64    7.57
-123936.004    32.151     3.65    7.54
-123559.697    34.612     6.54    6.61
-123183.392    37.118     6.66    2.92
-122807.089    37.512     1.05    3.72
-122430.788    37.458    -0.14    3.78
-122054.489    37.445    -0.03    2.98
-121678.192    36.340    -2.94    3.65
-121301.898    34.971    -3.64    3.85
-120925.606    33.971    -2.66    3.98
-120549.316    33.253    -1.91    3.55
-120173.028    33.708     1.21    3.01
-119796.743    34.350     1.70    3.63
-119420.459    33.708    -1.70    4.81
-119044.178    32.587    -2.98    6.18
-118667.899    32.805     0.58    6.13
-118291.622    32.125    -1.81    5.95
-117915.348    32.888     2.03    4.46
-117539.075    32.689    -0.53    3.43
-117162.805    32.458    -0.61    3.32
-116786.537    32.502     0.12    3.19
-116410.271    32.024    -1.27    3.00
-116034.007    31.917    -0.28    3.84
-115657.746    31.052    -2.30    5.23
-115281.486    29.894    -3.08    5.82
-114905.229    29.809    -0.23    5.65
-114528.974    28.458    -3.59    7.61
-114152.721    28.356    -0.27    7.65
-113776.470    29.836     3.93    7.32
-113400.221    31.234     3.72    7.19
-113023.975    30.843    -1.04    6.76
-112647.730    32.074     3.27    6.48
-112271.488    31.485    -1.57    6.69
-111895.248    31.920     1.16    6.03
-111519.010    31.377    -1.44    5.57
-111142.775    30.647    -1.94    5.34
-110766.541    30.866     0.58    4.99
-110390.310    31.034     0.45    4.67
-110014.080    32.356     3.51    4.80
-109637.853    32.998     1.71    4.58
-109261.628    33.777     2.07    4.29
-108885.405    35.151     3.65    2.44
-108509.184    35.499     0.93    1.95
-108132.966    34.715    -2.08    2.24
-107756.749    34.208    -1.35    2.21
-107380.535    34.404     0.52    2.27
-107004.323    34.638     0.62    2.65
-106628.113    35.151     1.36    2.62
-106251.905    35.074    -0.20    2.72
-105875.699    35.110     0.10    2.82
-105499.495    33.813    -3.45    4.10
-105123.293    32.647    -3.10    5.14
-104747.094    31.647    -2.66    5.95
-104370.896    30.728    -2.44    5.96
-103994.701    32.618     5.02    5.21
-103618.508    32.997     1.01    4.33
-103242.317    33.151     0.41    4.17
-102866.128    34.110     2.55    3.90
-102489.941    34.740     1.68    3.84
-102113.756    35.332     1.57    3.02
-101737.574    34.561    -2.05    4.05
-101361.393    31.946    -6.95    6.60
-100985.215    29.133    -7.48    7.13
-100609.038    26.287    -7.57    6.20
-100232.864    24.740    -4.11    5.00
 -99856.692    23.296    -3.84    4.91
 -99480.522    20.809    -6.61    3.69
 -99104.354    19.715    -2.91    2.51
 -98728.188    19.787     0.19    2.76
 -98352.024    21.323     4.08    5.00
 -97975.863    24.187     7.62    6.86
 -97599.703    28.193    10.65    7.17
 -97223.545    31.048     7.59    6.53
 -96847.390    34.046     7.97    4.41
 -96471.237    35.187     3.03    3.15
 -96095.085    36.561     3.65    2.00
 -95718.936    36.888     0.87    1.87
 -95342.789    36.866    -0.06    2.25
 -94966.644    36.766    -0.27    2.12
 -94590.501    35.866    -2.39    2.58
 -94214.360    35.050    -2.17    2.60
 -93838.221    34.445    -1.61    2.25
 -93462.084    34.446     0.00    1.84
 -93085.950    33.890    -1.48    2.09
 -92709.817    33.446    -1.18    2.23
 -92333.686    32.682    -2.03    2.73
 -91957.558    32.471    -0.56    3.08
 -91581.431    32.674     0.54    3.36
 -91205.307    33.110     1.16    3.15
 -90829.185    33.279     0.45    2.99
 -90453.064    32.796    -1.28    2.30
 -90076.946    32.701    -0.25    2.12
 -89700.830    33.721     2.71    3.29
 -89324.716    34.866     3.04    3.24
 -88948.603    34.682    -0.49    3.24
 -88572.493    33.919    -2.03    2.68
 -88196.385    33.433    -1.29    2.23
 -87820.279    33.261    -0.46    2.01
 -87444.175    33.805     1.45    2.47
 -87068.073    34.253     1.19    2.28
 -86691.973    34.055    -0.53    2.86
 -86315.876    32.689    -3.63    3.78
 -85939.780    30.843    -4.91    3.72
 -85563.686    29.527    -3.50    3.54
 -85187.594    29.728     0.53    3.11
 -84811.504    29.388    -0.90    2.78
 -84435.417    29.048    -0.90    4.50
 -84059.331    28.381    -1.77    5.19
 -83683.247    27.836    -1.45    5.88
 -83307.166    25.296    -6.75    8.14
 -82931.086    23.535    -4.68    8.07
 -82555.008    23.603     0.18    7.54
 -82178.933    26.106     6.66    6.88
 -81802.859    26.151     0.12    7.67
 -81426.788    27.419     3.37    7.52
 -81050.718    27.332    -0.23    9.28
 -80674.650    26.689    -1.71    9.80
 -80298.585    24.471    -5.90   11.00
 -79922.521    22.971    -3.99   11.00
 -79546.460    21.740    -3.27   10.92
 -79170.400    23.324     4.21   11.09
 -78794.343    26.485     8.40   11.22
 -78418.287    27.431     2.52   10.68
 -78042.233    29.377     5.17    9.49
 -77666.182    28.271    -2.94    9.62
 -77290.132    28.863     1.57    7.34
 -76914.085    29.843     2.61    6.32
 -76538.039    31.715     4.98    4.20
 -76161.995    34.048     6.21    4.27
 -75785.954    36.052     5.33    3.90
 -75409.914    36.971     2.44    3.27
 -75033.876    36.919    -0.14    2.61
 -74657.841    35.582    -3.55    2.76
 -74281.807    34.269    -3.49    2.59
 -73905.775    33.728    -1.44    2.61
 -73529.746    33.287    -1.17    2.38
 -73153.718    33.612     0.86    1.86
 -72777.692    33.721     0.29    2.03
 -72401.668    33.809     0.23    2.39
 -72025.646    33.647    -0.43    2.27
 -71649.626    34.404     2.01    2.99
 -71273.608    34.689     0.76    3.16
 -70897.592    34.647    -0.11    3.33
 -70521.578    34.843     0.52    3.33
 -70145.566    33.817    -2.73    2.41
 -69769.556    34.356     1.43    2.51
 -69393.548    35.566     3.22    2.27
 -69017.542    35.766     0.53    2.54
 -68641.538    36.708     2.51    2.72
 -68265.535    37.666     2.55    3.67
 -67889.535    39.025     3.62    3.55
 -67513.536    40.166     3.03    3.45
 -67137.540    40.485     0.85    2.88
 -66761.546    40.176    -0.82    3.50
 -66385.553    39.315    -2.29    3.76
 -66009.562    37.945    -3.64    3.82
 -65633.574    38.392     1.19    4.06
 -65257.587    38.721     0.87    3.74
 -64881.602    38.894     0.46    3.45
 -64505.619    38.755    -0.37    2.99
 -64129.638    37.125    -4.34    3.15
 -63753.659    35.234    -5.03    4.20
 -63377.682    33.279    -5.20    5.08
 -63001.707    28.782   -11.96    6.21
 -62625.734    25.561    -8.57    5.98
 -62249.762    25.023    -1.43    6.57
 -61873.793    23.416    -4.27    6.07
 -61497.826    23.512     0.26    6.30
 -61121.860    22.944    -1.51    5.91
 -60745.896    23.485     1.44    5.96
 -60369.935    24.836     3.59    5.77
 -59993.975    24.257    -1.54    5.35
 -59618.017    23.696    -1.49    5.38
 -59242.061    23.761     0.17    6.32
 -58866.107    23.863     0.27    6.39
 -58490.155    24.817     2.54    6.32
 -58114.204    26.945     5.66    5.29
 -57738.256    25.550    -3.71    5.23
 -57362.310    26.524     2.59    5.79
 -56986.365    26.740     0.58    6.08
 -56610.422    28.809     5.50    5.28
 -56234.482    30.340     4.07    3.75
 -55858.543    29.671    -1.78    4.18
 -55482.606    28.514    -3.08    4.18
 -55106.671    26.836    -4.46    5.94
 -54730.738    26.917     0.22    6.75
 -54354.806    28.512     4.24    6.39
 -53978.877    28.458    -0.14    5.63
 -53602.949    27.371    -2.89    7.70
 -53227.024    24.046    -8.84    9.93
 -52851.100    21.603    -6.50    9.91
 -52475.178    21.431    -0.46   10.39
 -52099.258    21.638     0.55   10.72
 -51723.114    19.892    -4.64   10.60
 -51346.823    16.099   -10.08   10.53
 -50970.534    12.674    -9.10    8.83
 -50594.247    10.330    -6.23    7.74
 -50217.962    11.721     3.70    8.69
 -49841.678    16.998    14.02   11.15
 -49465.397    20.521     9.36    9.96
 -49089.117    21.409     2.36    8.57
 -48712.839    17.228   -11.11   10.05
 -48336.563    12.917   -11.46    9.72
 -47960.289    11.701    -3.23    8.77
 -47584.017    10.782    -2.44    8.22
 -47207.747     9.527    -3.34    8.23
 -46831.478     9.356    -0.45    8.48
 -46455.211     8.715    -1.70    8.97
 -46078.947     6.809    -5.06    8.46
 -45702.684     4.561    -5.97    7.15
 -45326.423     2.869    -4.50    5.02
 -44950.163     4.305     3.82    6.79
 -44573.906     6.701     6.37    8.26
 -44197.651     9.715     8.01    7.99
 -43821.397    13.782    10.81    7.62
 -43445.145    16.728     7.83    5.96
 -43068.895    17.208     1.28    5.53
 -42692.647    17.284     0.20    6.05
 -42316.400    13.587    -9.83    7.47
 -41940.156    13.366    -0.59    7.49
 -41563.913    15.187     4.84    6.78
 -41187.672    13.944    -3.30    7.72
 -40811.433    10.499    -9.16    7.89
 -40435.196     9.708    -2.10    7.44
 -40058.961    11.279     4.18    8.45
 -39682.727    14.404     8.31    7.95
 -39306.496    16.407     5.33    7.57
 -38930.266    19.524     8.28    6.82
 -38554.038    20.208     1.82    6.70
 -38177.811    21.539     3.54    7.51
 -37801.587    18.896    -7.02    8.08
 -37425.364    17.647    -3.32    8.01
 -37049.144    19.782     5.68    9.95
 -36672.925    22.377     6.90    9.75
 -36296.707    28.000    14.95    7.39
 -35920.492    31.715     9.87    3.87
 -35544.278    32.074     0.95    3.39
 -35168.067    32.638     1.50    2.95
 -34791.857    31.603    -2.75    5.12
 -34415.649    27.860    -9.95    7.76
 -34039.442    22.103   -15.30   11.42
 -33663.238    20.121    -5.27   10.66
 -33287.035    19.377    -1.98    9.98
 -32910.834    21.445     5.50    9.47
 -32534.635    22.419     2.59    6.65
 -32158.437    20.433    -5.28    6.54
 -31782.242    20.701     0.71    6.34
 -31406.048    21.521     2.18    7.43
 -31029.856    24.305     7.40    8.80
 -30653.666    28.701    11.69    7.48
 -30277.477    31.160     6.54    5.24
 -29901.290    31.187     0.07    5.08
 -29525.105    29.689    -3.98    5.84
 -29148.922    28.458    -3.27    7.07
 -28772.741    28.000    -1.22    6.76
 -28396.561    28.050     0.13    6.14
 -28020.384    28.377     0.87    4.25
 -27644.208    26.777    -4.25    4.65
 -27268.033    24.151    -6.98    6.73
 -26891.861    20.701    -9.17    7.44
 -26515.690    17.638    -8.14    6.77
 -26139.521    16.445    -3.17    6.38
 -25763.354    17.946     3.99    7.00
 -25387.188    20.917     7.90    6.11
 -25011.025    22.396     3.93    5.38
 -24634.863    20.048    -6.24    5.96
 -24258.703    18.416    -4.34    6.10
 -23882.544    17.025    -3.70    5.92
 -23506.387    17.160     0.36    6.27
 -23130.233    19.323     5.75    6.25
 -22754.079    21.381     5.47    5.97
 -22377.928    23.160     4.73    5.18
 -22001.778    25.125     5.22    4.02
 -21625.630    25.550     1.13    3.60
 -21249.484    24.998    -1.47    3.33
 -20873.340    24.279    -1.91    3.54
 -20497.197    23.484    -2.11    3.68
 -20121.056    23.945     1.23    3.01
 -19744.917    23.721    -0.59    3.57
 -19368.779    23.869     0.39    4.76
 -18992.643    25.809     5.16    4.64
 -18616.509    27.074     3.36    5.11
 -18240.377    28.921     4.91    4.03
 -17864.246    29.828     2.41    3.99
 -17488.117    29.485    -0.91    4.13
 -17111.990    29.620     0.36    4.05
 -16735.865    27.620    -5.32    5.35
 -16359.741    25.106    -6.68    6.07
 -15983.619    23.416    -4.50    5.80
 -15607.499    21.313    -5.59    4.68
 -15231.380    20.484    -2.20    5.06
 -14855.263    18.836    -4.38    5.82
 -14479.148    16.407    -6.46    6.62
 -14103.035    15.576    -2.21    6.63
 -13726.923    14.202    -3.65    5.04
 -13350.813    13.269    -2.48    4.68
 -12974.705    12.612    -1.74    5.33
 -12598.598    10.916    -4.51    5.79
 -12222.493     9.433    -3.94    4.77
 -11846.390     9.843     1.09    4.77
 -11470.288     9.721    -0.32    4.43
 -11094.188    10.674     2.53    7.50
 -10718.090     7.404    -8.70    9.12
 -10341.994     3.404   -10.64    8.63
  -9965.899     0.155    -8.64    6.01
  -9589.806     0.350     0.52    2.86
  -9213.715     2.279     5.13    3.11
  -8837.625     3.381     2.93    2.29
  -8461.537     2.550    -2.21    3.21
  -8085.450     0.419    -5.67    3.09
  -7709.366    -1.388    -4.80    1.35
  -7333.283    -0.977     1.09    1.72
  -6957.202    -0.218     2.02    1.82
  -6581.122     0.125     0.91    1.57
  -6205.044     0.998     2.32    1.89
  -5828.968     2.458     3.88    3.40
  -5452.893     5.664     8.52    5.07
  -5076.820    10.315    12.37    4.72
  -4700.749    13.869     9.45    3.49
  -4324.679    15.945     5.52    1.72
  -3948.611    16.214     0.72    2.25
  -3572.545    15.510    -1.87    4.23
  -3196.480    16.360     2.26    5.78
  -2820.417    15.381    -2.60    7.03
  -2444.356    13.869    -4.02    8.38
  -2068.296     9.485   -11.66    9.39
  -1692.238     4.392   -13.54    6.76
  -1316.182     2.176    -5.89    5.75
   -940.127     0.638    -4.09    4.93
   -564.074    -0.786    -3.79    3.76
   -188.023    -2.029    -3.31    0.00
    188.027     1.728     9.99    8.43
    564.075     7.593    15.60   14.04
    940.122    17.241    25.66   17.06
   1316.167    24.846    20.22   15.44
   1692.210    29.048    11.17   14.85
   2068.251    32.869    10.16   15.29
   2444.291    32.721    -0.39   15.91
   2820.330    35.612     7.69   16.48
   3196.366    38.055     6.49   15.14
   3572.401    40.279     5.92   16.41
   3948.435    41.892     4.29   14.63
   4324.467    43.620     4.59   12.86
   4700.497    41.323    -6.11   14.82
   5076.525    41.971     1.72   13.39
   5452.552    45.142     8.43   12.45
   5828.578    43.582    -4.15   12.56
   6204.601    45.766     5.81    9.99
   6580.624    47.890     5.65    8.07
   6956.644    48.593     1.87    7.75
   7332.663    51.782     8.48    6.99
   7708.680    51.228    -1.47    8.34
   8084.696    50.151    -2.87    8.18
   8460.710    48.843    -3.48    7.93
   8836.722    46.593    -5.98    7.56
   9212.733    45.689    -2.40   10.74
   9588.742    45.805     0.31   12.97
   9964.750    50.576    12.69   14.55
  10340.756    50.817     0.64   15.89
  10716.760    54.228     9.07   14.36
  11092.763    57.971     9.96    8.72
  11468.765    57.366    -1.61    6.56
  11844.764    54.048    -8.82    8.74
  12220.762    48.566   -14.58    8.74
  12596.759    46.715    -4.92    8.56
  12972.754    47.025     0.83    9.54
  13348.747    47.404     1.01   10.44
  13724.739    45.512    -5.03    9.56
  14100.729    42.555    -7.87   10.29
  14476.717    43.561     2.68   12.89
  14852.704    46.321     7.34   13.63
  15228.690    47.512     3.17   13.87
  15604.674    46.996    -1.37   12.92
  15980.656    48.734     4.62   13.77
  16356.637    49.920     3.15   15.57
  16732.616    51.734     4.83   16.25
  17108.593    51.458    -0.73   16.06
  17484.569    48.277    -8.46   15.28
  17860.544    50.187     5.08   17.47
  18236.517    50.202     0.04   20.29
  18612.488    52.400     5.85   22.61
  18988.458    49.894    -6.66   24.44
  19364.426    42.202   -20.46   24.82
  19740.393    31.638   -28.10   21.74
  20116.358    17.647   -37.21   17.16
  20492.321     9.916   -20.56   12.00
  20868.283     3.419   -17.28    6.64
  21244.244    -0.179    -9.57    2.99
  21620.203    -1.029    -2.26    0.00
  21996.160    -1.029     0.00    0.00
  22372.116    -1.029     0.00    0.00
  22748.070    -1.029     0.00    0.00
  23124.023     7.917    23.80   19.13
  23500.274    21.246    35.43   26.10
  23876.537    38.106    44.81   26.39
  24252.798    52.539    38.36   15.26
  24629.058    56.917    11.64   10.63
  25005.316    57.749     2.21   10.54
  25381.572    54.381    -8.95   13.29
  25757.827    48.279   -16.22   16.29
  26134.081    49.000     1.92   15.74
  26510.333    47.512    -3.95   14.34
  26886.583    52.836    14.15   13.13
  27262.832    57.208    11.62   11.14
  27639.080    59.571     6.28   11.86
  28015.325    60.512     2.50   12.58
  28391.570    62.287     4.72   14.15
  28767.813    65.840     9.44   13.40
  29144.054    59.894   -15.80   16.21
  29520.294    59.485    -1.09   16.10
  29896.532    62.671     8.47   17.91
  30272.769    64.866     5.83   19.27
  30649.004    72.749    20.95   16.93
  31025.238    66.214   -17.37   18.96
  31401.470    60.055   -16.37   17.68
  31777.701    56.664    -9.01   15.47
  32153.930    47.612   -24.06   10.77
  32530.158    43.200   -11.73   10.94
  32906.384    41.998    -3.20   10.82
  33282.609    44.296     6.11   11.61
  33658.832    50.027    15.23   10.62
  34035.054    53.023     7.96    8.65
  34411.274    52.234    -2.09   10.91
  34787.493    53.817     4.21   13.26
  35163.710    56.074     6.00   15.77
  35539.926    66.356    27.33   19.19
  35916.140    79.296    34.39   19.86
  36292.353    87.671    22.26   16.91
  36668.564    89.458     4.75   16.25
  37044.774    84.999   -11.85   19.16
  37420.983    74.512   -27.88   19.79
  37797.190    64.485   -26.65   15.20
  38173.395    57.539   -18.46   13.64
  38549.599    52.458   -13.50    9.61
  38925.801    51.942    -1.37    9.79
  39302.003    53.171     3.27   10.23
  39678.202    54.813     4.36    8.86
  40054.400    52.971    -4.90    9.73
  40430.597    49.433    -9.41    8.17
  40806.792    49.866     1.15    9.19
  41182.986    52.419     6.79   10.33
  41559.178    54.682     6.02   10.55
  41935.369    58.279     9.56   12.79
  42311.558    66.728    22.46   16.90
  42687.746    73.787    18.76   18.99
  43063.932    84.396    28.20   20.21
  43440.117    97.914    35.93   14.48
  43816.301    96.620    -3.44   16.40
  44192.483    88.079   -22.70   21.08
  44568.663    85.485    -6.90   21.16
  44944.843    81.214   -11.35   21.65
  45321.020    82.857     4.37   21.36
  45697.197    87.496    12.33   18.68
  46073.372    82.787   -12.52   17.90
  46449.545    75.674   -18.91   17.38
  46825.717    75.023    -1.73   16.61
  47201.888    74.840    -0.49   17.65
  47578.057    77.708     7.63   18.94
  47954.224    87.485    25.99   19.81
  48330.391    91.894    11.72   19.13
  48706.555    98.610    17.85   13.72
  49082.719    95.471    -8.34   16.55
  49458.881    83.521   -31.77   20.35
  49835.041    68.032   -41.18   17.46
  50211.201    57.535   -27.90    5.88
  50587.358    58.971     3.82   10.02
  50963.515    63.025    10.78   12.81
  51339.669    73.377    27.52   16.05
  51715.823    83.166    26.02   16.02
  52091.975    90.484    19.46   12.62
  52468.126    87.228    -8.66   16.48
  52844.275    78.133   -24.18   19.07
  53220.423    71.381   -17.95   16.86
  53596.569    64.407   -18.54   14.12
  53972.714    62.023    -6.34   12.66
  54348.858    63.106     2.88   12.90
  54725.000    69.125    16.00   18.18
  55101.141    79.620    27.90   18.03
  55477.280    87.323    20.48   11.82
  55853.418    83.208   -10.94   14.67
  56229.555    78.596   -12.26   14.46
  56605.690    75.484    -8.27   14.12
  56981.824    73.866    -4.30   13.28
  57357.956    72.647    -3.24   13.49
  57734.088    69.620    -8.05   17.33
  58110.217    67.360    -6.01   18.04
  58486.346    61.313   -16.08   18.26
  58862.473    59.048    -6.02   18.68
  59238.598    52.350   -17.81   14.07
  59614.722    48.535   -10.14   10.55
  59990.845    46.946    -4.23    9.33
  60366.966    46.612    -0.89    9.19
  60743.087    47.620     2.68    9.23
  61119.205    46.196    -3.79    8.68
  61495.323    47.809     4.29    7.07
  61871.438    44.863    -7.83    8.22
  62247.553    43.944    -2.44    7.94
  62623.666    43.883    -0.16   13.35
  62999.778    41.305    -6.86   18.91
  63375.889    38.535    -7.36   24.31
  63751.998    32.777   -15.31   25.25
  64128.105    23.234   -25.37   22.67
  64504.212    15.527   -20.49   18.37
  64880.317    11.866    -9.73   14.53
  65256.421    11.535    -0.88   13.10
  65632.523    16.323    12.73   13.65
  66008.624    22.576    16.63   13.26
  66384.724    28.576    15.95    9.67
  66760.822    32.396    10.16    7.83
  67136.919    35.971     9.51    7.48
  67513.015    39.997    10.70    8.66
  67889.109    45.535    14.73   10.74
  68265.202    49.701    11.08   12.14
  68641.293    52.160     6.54   12.23
  69017.384    57.566    14.37   13.07
  69393.473    64.787    19.20   15.26
  69769.560    70.997    16.51   16.54
  70145.647    72.110     2.96   17.07
  70521.731    67.196   -13.07   17.09
  70897.815    60.392   -18.09   14.57
  71273.897    60.999     1.61   14.93
  71649.978    62.234     3.28   14.71
  72026.058    62.076    -0.42   12.81
  72402.136    57.708   -11.62   11.32
  72778.213    49.919   -20.71    9.73
  73154.289    45.371   -12.09   11.18
  73530.363    43.166    -5.86   11.60
  73906.436    44.796     4.34   12.13
  74282.508    51.866    18.80   13.56
  74658.579    58.471    17.56   10.47
  75034.648    68.214    25.91   15.86
  75410.716    69.214     2.66   16.57
  75786.782    70.550     3.55   18.85
  76162.847    72.321     4.71   20.33
  76538.911    65.323   -18.61   20.40
  76914.974    66.046     1.92   19.61
  77291.035    65.894    -0.40   19.13
  77667.095    71.129    13.92   20.92
  78043.154    75.234    10.92   18.13
  78419.211    73.817    -3.77   17.85
  78795.267    68.945   -12.96   15.20
  79171.322    61.971   -18.54    9.85
  79547.376    55.894   -16.16   11.48
  79923.428    53.221    -7.11   11.44
  80299.479    51.521    -4.52    9.59
  80675.529    50.125    -3.71    8.49
  81051.577    49.324    -2.13    9.41
  81427.624    43.944   -14.31    9.39
  81803.670    44.755     2.16   10.97
  82179.715    49.392    12.33   13.13
  82555.758    56.766    19.61   14.21
  82931.800    63.025    16.64   12.29
  83307.841    63.894     2.31   12.42
  83683.880    61.305    -6.89   14.12
  84059.919    64.103     7.44   14.94
  84435.956    64.133     0.08   15.85
  84811.991    70.708    17.48   14.40
  85188.026    68.612    -5.57   16.23
  85564.059    63.110   -14.63   16.37
  85940.091    60.458    -7.05   14.87
  86316.122    62.805     6.24   15.41
  86692.151    67.761    13.18   16.79
  87068.179    74.048    16.72   15.87
  87444.206    75.284     3.29   13.32
  87820.232    69.917   -14.27   14.48
  88196.256    65.840   -10.84   15.97
  88572.279    66.755     2.43   16.08
  88948.301    72.074    14.14   18.75
  89324.322    74.241     5.76   17.50
  89700.341    70.664    -9.52   16.66
  90076.359    72.458     4.77   17.54
  90452.376    75.433     7.91   18.28
  90828.392    77.214     4.74   18.58
  91204.406    77.740     1.40   16.88
  91580.420    72.787   -13.17   15.43
  91956.432    66.666   -16.28   14.57
  92332.442    61.836   -12.84   14.97
  92708.452    55.998   -15.53   11.50
  93084.460    56.566     1.51   10.02
  93460.467    57.099     1.42    8.94
  93836.473    59.440     6.22    7.95
  94212.478    56.023    -9.09    9.85
  94588.481    55.407    -1.64   10.14
  94964.483    58.249     7.56   15.93
  95340.484    64.381    16.31   19.73
  95716.484    70.296    15.73   20.41
  96092.483    70.971     1.80   19.35
  96468.480    75.971    13.30   17.08
  96844.476    82.076    16.24   17.45
  97220.471    84.701     6.98   16.85
  97596.465    82.638    -5.49   16.12
  97972.457    81.766    -2.32   16.56
  98348.526    79.193    -6.84   16.95
  98724.761    72.377   -18.12   16.27
  99100.996    71.296    -2.87   16.30
  99477.229    72.674     3.66   15.23
  99853.461    72.836     0.43   15.45
 100229.692    75.743     7.73   16.49
 100605.922    79.271     9.38   16.18
 100982.150    83.381    10.92   16.18
 101358.377    84.431     2.79   16.16
 101734.603    83.535    -2.38   15.84
 102110.828    84.208     1.79   16.90
 102487.052    80.708    -9.30   14.01
 102863.274    79.945    -2.03   14.15
 103239.496    74.228   -15.20   14.01
 103615.716    66.971   -19.29   11.16
 103991.935    65.892    -2.87   10.95
 104368.153    68.646     7.32   13.85
 104744.369    71.110     6.55   14.62
 105120.585    70.629    -1.28   12.02
 105496.799    68.296    -6.20   12.15
 105873.012    69.863     4.17   11.97
 106249.224    72.241     6.32   11.60
 106625.435    72.777     1.42   11.75
 107001.644    73.099     0.86    9.65
 107377.853    77.535    11.79   10.24
 107754.060    81.943    11.72   10.68
 108130.266    83.458     4.03   10.79
 108506.471    85.471     5.35   12.59
 108882.675    86.048     1.53   12.65
 109258.877    80.655   -14.33   14.68
 109635.079    76.689   -10.54   12.22
 110011.279    74.555    -5.67   10.28
 110387.478    76.708     5.72   12.93
 110763.676    84.458    20.60   14.48
 111139.873    86.743     6.07   12.78
 111516.069    89.510     7.36   14.21
 111892.263    90.817     3.48   13.52
 112268.457    85.138   -15.10   14.08
 112644.649    84.620    -1.38   13.47
 113020.840    83.999    -1.65   11.70
 113397.030    83.813    -0.49   11.58
 113773.219    88.696    12.98    9.83
 114149.407    88.647    -0.13    9.76
 114525.593    85.484    -8.41   11.40
 114901.779    81.761    -9.90   12.82
 115277.963    77.024   -12.59   12.57
 115654.146    70.133   -18.32   10.04
 116030.329    68.321    -4.82    7.86
 116406.509    66.269    -5.46    6.20
 116782.689    66.647     1.01    5.94
 117158.868    67.809     3.09    6.64
 117535.046    69.914     5.60    6.92
 117911.222    72.869     7.85    8.04
 118287.398    77.715    12.88    9.36
 118663.572    83.028    14.13    9.81
 119039.745    86.998    10.55   10.17
 119415.917    93.890    18.32   13.52
 119792.088   100.919    18.68   14.86
 120168.258   104.971    10.77   13.97
 120544.426   103.890    -2.87   13.06
 120920.594   100.076   -10.14   14.68
 121296.760    92.629   -19.80   14.50
 121672.926    87.048   -14.84   11.40
 122049.090    84.404    -7.03    8.85
 122425.253    84.146    -0.68    8.85
 122801.416    87.076     7.79   10.19
 123177.577    88.999     5.11   12.02
 123553.736    96.512    19.97   16.91
 123929.895   109.916    35.63   15.74
 124306.053   116.048    16.30   11.75
 124682.210   117.048     2.66    8.99
 125058.365   110.228   -18.13   15.43
 125434.520    95.253   -39.81   18.19
 125810.673    84.160   -29.49   14.05
 126186.825    83.332    -2.20   13.09
 126562.977    88.997    15.06   17.43
 126939.127    96.445    19.80   16.14
 127315.276   103.664    19.19   13.48
 127691.424   103.366    -0.79   13.92
 128067.571   102.997    -0.98   15.00
 128443.717   101.555    -3.83   15.83
 128819.862   104.446     7.69   16.51
 129196.005   108.381    10.46   14.99
 129572.148   108.443     0.16   13.44
 129948.290   102.701   -15.27   15.50
 130324.430    95.782   -18.39   15.38
 130700.570    93.052    -7.26   12.11
 131076.708    95.129     5.52   13.30
 131452.846   101.888    17.97   14.02
 131828.982   109.202    19.45   14.22
 132205.117   111.419     5.89   14.10
 132581.251   113.620     5.85   12.86
 132957.385   114.151     1.41   12.92
 133333.517   112.919    -3.28   13.07
 133709.648   105.919   -18.61   14.83
 134085.778    99.593   -16.82   13.76
 134461.907    94.843   -12.63   10.36
 134838.035    96.269     3.79   12.64
 135214.162    97.176     2.41   14.95
 135590.287    97.046    -0.35   15.60
 135966.412    95.559    -3.95   12.65
 136342.536    96.296     1.96   12.16
 136718.659   103.214    18.40   15.26
 137094.781   109.241    16.02   15.07
 137470.901   117.377    21.63   13.44
 137847.021   122.228    12.90   13.51
 138223.140   121.535    -1.84   12.38
 138599.257   121.869     0.89   11.16
 138975.374   119.377    -6.63   15.18
 139351.489   115.524   -10.24   19.91
 139727.604   112.655    -7.63   26.13
 140103.718   105.638   -18.66   28.84
 140479.830    94.836   -28.72   27.01
 140855.942    81.305   -35.98   22.90
 141232.052    68.971   -32.79   15.60
 141608.162    65.381    -9.54   11.76
 141984.270    66.074     1.84   14.58
 142360.378    68.596     6.71   16.42
 142736.484    79.305    28.47   19.67
 143112.589    88.133    23.47   20.41
 143488.694    95.123    18.58   20.77
 143864.797    96.517     3.71   24.03
