# NaN NaN NaN ;Mean Elev.(m), Avg Gradient(m/km), RMS Gradient(m/km) - SRTM1     
#    2.023  -2.394  10.646 ;Mean Elev.(m), Avg Gradient(m/km), RMS Gradient(m/km) - ASTER GDEM
#    3.072  -0.731   6.684 ;Mean Elev.(m), Avg Gradient(m/km), RMS Gradient(m/km) - GMTED2010 
  7 303.221293  -2.610218    13.241    13.541 16 52458.07553636 28.729
  8 303.228518  -2.609486    12.435    12.775 16 52493.07551355 30.523
 10 303.225330  -2.610988     9.166     8.388 16 52563.07553384 18.226
 12 303.220163  -2.610110     9.037     8.775 16 52633.07550088 17.747
 13 303.218748  -2.608078     9.412     9.429 16 52668.07551769 24.021
 14 303.227085  -2.608970    10.628    10.481 16 52703.07549444 24.057
 16 303.224231  -2.609152    11.785    12.473 16 52773.07549331 27.657
 17 303.218589  -2.609495    12.861    13.037 16 52808.07555709 26.411
 18 303.220399  -2.607258    12.808    12.792 16 52843.07561531 30.877
 19 303.219047  -2.608378    11.053    11.340 16 52878.07565333 24.218
 20 303.227598  -2.611000     9.381     9.373 16 52913.07561073 28.094
 21 303.226233  -2.609063     7.739     7.189 16 52948.07556882 22.901
 23 303.220672  -2.608062     8.604     8.459 16 53018.07559609 21.846
 24 303.224706  -2.609364    10.067    10.069 16 53053.07557764 21.639
 25 303.211927  -2.606124    11.225    11.099 15 53088.07561524 21.914
 26 303.220706  -2.608671    11.405    12.183 17 53123.07558480 28.870
 27 303.213794  -2.607170    11.873    12.368 16 53158.07564301 27.473
 28 303.225242  -2.610518    12.107    12.259 16 53193.07563577 24.330
 30 303.217934  -2.609426     9.802     9.628 16 53263.07560568 28.183
 31 303.211205  -2.607270     7.761     7.618 15 53298.07564587 22.570
 33 303.223629  -2.610573     8.623     8.465 16 53368.07555962 20.530
 35 303.222068  -2.609489    10.991    11.103 16 53438.07557801 24.007
 36 303.216728  -2.607294    11.449    11.157 16 53473.07563441 26.380
 37 303.219102  -2.609825    13.841    13.824 16 53508.07566000 31.925
 38 303.216684  -2.608119    12.864    12.984 15 53543.07567053 21.429
 39 303.219007  -2.608605    11.872    11.854 16 53578.07565404 27.620
 40 303.217420  -2.607040     9.152     8.892 16 53613.07560723 24.767
 41 303.222604  -2.607973     7.365     6.667 16 53648.07561244 22.917
 42 303.214798  -2.606428     5.707     5.405 16 53683.07562779 32.092
 43 303.224263  -2.610007     7.703     7.658 16 53718.07555401 31.038
 44 303.228209  -2.610457    10.137    10.086 16 53753.07547460 31.902
 45 303.225361  -2.610523    11.842    11.846 16 53788.07550474 25.531
 46 303.225455  -2.610935    11.578    11.950 16 53823.07545958 28.169
 47 303.216679  -2.607085    12.882    13.116 16 53858.07555285 29.181
 48 303.225118  -2.610211    13.412    13.681 16 53893.07556663 28.203
 49 303.209958  -2.606726    13.387    13.417 16 53928.07562637 24.263
 50 303.213678  -2.607548    11.396    11.597 15 53963.07560841 19.931
 51 303.224119  -2.609902     8.828     8.671 16 53998.07555540 27.511
 52 303.223914  -2.610312     6.664     6.541 16 54033.07560454 20.384
 54 303.220298  -2.608535     9.249     9.157 16 54103.07555711 21.123
 55 303.220555  -2.608554    10.203    10.386 17 54138.07552807 28.136
 56 303.219871  -2.607952    11.455    11.395 16 54173.07553528 24.946
 57 303.219800  -2.609256    11.790    12.000 16 54208.07553329 24.827
 59 303.221237  -2.610215    12.923    13.181 16 54278.07557894 29.591
 60 303.222490  -2.609661    12.846    12.846 16 54313.07557893 31.520
 61 303.221170  -2.608225    10.606    10.580 16 54348.07555059 25.697
 62 303.221779  -2.608430     7.144     7.116 16 54383.07551668 28.865
 63 303.220327  -2.607608     8.133     7.691 16 54418.07549992 24.233
 64 303.221503  -2.609075     8.396     8.343 16 54453.07548653 25.738
 65 303.222368  -2.608642    10.327    10.272 16 54488.07549783 25.636
 66 303.222855  -2.609922    11.294    11.722 16 54523.07549935 28.512
 67 303.220885  -2.609693    11.883    12.429 16 54558.07550752 28.019
 68 303.220179  -2.608333    12.017    11.599 16 54593.07549639 30.048
 69 303.220062  -2.607274    13.783    13.830 16 54628.07551145 31.180
 70 303.218878  -2.609053    13.365    13.383 16 54663.07551830 33.064
 71 303.222056  -2.608146    11.949    11.991 16 54698.07549252 28.531
 72 303.220750  -2.608348     8.941     8.772 16 54733.07547588 31.537
 73 303.221855  -2.609174     6.834     6.846 16 54768.07547138 25.196
 74 303.219911  -2.608530     8.410     8.097 17 54803.07546907 25.407
 75 303.221041  -2.607850     9.985     9.969 16 54838.07546523 25.792
 76 303.220653  -2.609011    11.362    11.536 16 54873.07546860 23.655
 77 303.219211  -2.609012    13.140    13.255 16 54908.07547160 30.369
 78 303.219635  -2.608537    12.713    13.151 16 54943.07546162 31.359
 79 303.219689  -2.609129    13.201    13.661 16 54978.07548926 31.717
 80 303.220140  -2.607726    13.272    13.663 16 55013.07549555 26.281
 81 303.221390  -2.608367    12.368    11.951 16 55048.07548816 30.140
 82 303.220920  -2.609206    11.822    11.799 16 55083.07545858 22.837
 83 303.222166  -2.608593     8.935     8.476 16 55118.07541974 20.447
 84 303.220075  -2.608819     6.409     5.891 16 55153.07541646 25.094
 85 303.220044  -2.608081     8.899     8.575 16 55188.07540804 21.182
 86 303.220205  -2.607968     9.824     9.754 16 55223.07541597 27.082
 87 303.222121  -2.609856    11.034    11.022 16 55258.07540311 27.583
 88 303.220217  -2.607946    11.278    11.622 16 55293.07540339 31.368
 89 303.218795  -2.609548    13.418    13.460 16 55328.07538760 31.415
 90 303.220569  -2.607921    12.689    13.019 16 55363.07538287 29.336
 91 303.220936  -2.610113    12.603    12.558 16 55398.07539095 23.907
 92 303.222803  -2.609457     9.931    10.301 17 55433.07539834 27.611
 93 303.221656  -2.607817     7.369     7.141 16 55468.07535617 25.090
