# NaN NaN NaN ;Mean Elev.(m), Avg Gradient(m/km), RMS Gradient(m/km) - SRTM1     
#   18.857  -1.041  14.423 ;Mean Elev.(m), Avg Gradient(m/km), RMS Gradient(m/km) - ASTER GDEM
#    9.139  -2.574  15.048 ;Mean Elev.(m), Avg Gradient(m/km), RMS Gradient(m/km) - GMTED2010 
  8 300.535096  -3.132466    20.148    20.077  5 52478.58061541 26.694
  9 300.547434  -3.137034    18.504    18.475  6 52513.58055990 21.207
 11 300.543438  -3.135262    15.269    15.205  6 52583.58059899 14.892
 12 300.536787  -3.133312    14.486    15.154  6 52618.58057443 20.994
 13 300.547521  -3.137908    15.373    15.341  6 52653.58055252 15.288
 14 300.541333  -3.133409    15.306    15.281  6 52688.58055053 15.909
 15 300.539751  -3.135500    16.240    16.234  6 52723.58059698 26.708
 16 300.529026  -3.131097    17.975    17.835  5 52758.58061676 29.064
 17 300.543011  -3.133685    19.439    19.560  6 52793.58057008 29.778
 18 300.544273  -3.136972    19.635    19.661  6 52828.58063830 28.179
 19 300.546429  -3.135647    19.197    19.153  6 52863.58068291 26.814
 20 300.538375  -3.133839    16.560    16.500  6 52898.58071222 27.021
 21 300.537597  -3.132925    15.383    15.396  6 52933.58065716 19.195
 22 300.540543  -3.133579    15.289    15.375  6 52968.58066772 16.287
 23 300.533694  -3.131851    14.936    14.749  5 53003.58068908 15.251
 24 300.536083  -3.134089    15.454    15.424  6 53038.58063866 19.088
 25 300.537824  -3.132923    15.561    15.603  6 53073.58066679 21.259
 26 300.536662  -3.133115    17.205    17.264  6 53108.58063847 32.247
 27 300.538449  -3.134759    18.640    18.616  6 53143.58067659 30.478
 28 300.541953  -3.135513    18.846    18.963  6 53178.58069582 25.724
 29 300.537861  -3.134018    18.138    18.192  6 53213.58071674 26.887
 30 300.540597  -3.134507    16.513    16.459  5 53248.58068588 19.081
 31 300.535791  -3.132977    15.450    15.534  6 53283.58067853 21.021
 32 300.544175  -3.134607    12.672    12.911  6 53318.58067438 17.738
 33 300.544945  -3.136261    13.789    13.243  6 53353.58064117 14.526
 34 300.538534  -3.135050    15.202    15.203  6 53388.58063957 17.198
 35 300.545826  -3.136623    15.713    15.785  7 53423.58063952 23.372
 36 300.544527  -3.135227    18.064    18.128  6 53458.58064428 24.424
 37 300.533017  -3.131717    19.379    19.377  5 53493.58072889 31.657
 38 300.545103  -3.136036    19.872    20.020  6 53528.58070689 29.047
 39 300.533834  -3.133435    18.956    18.981  6 53563.58073702 27.168
 40 300.543434  -3.135745    15.962    15.931  6 53598.58067782 19.068
 42 300.535050  -3.133688    11.364    10.638  6 53668.58069570 21.064
 43 300.544922  -3.136636    11.607    11.066  6 53703.58063773 20.183
 44 300.545485  -3.136520    13.625    13.587  6 53738.58054704 38.233
 45 300.545132  -3.137654    16.515    16.525  6 53773.58056266 19.473
 46 300.543488  -3.136116    18.321    18.397  6 53808.58054821 24.875
 48 300.542787  -3.136926    20.545    20.502  6 53878.58061809 30.926
 49 300.533849  -3.132318    20.479    20.335  5 53913.58067117 29.145
 50 300.531735  -3.132212    18.672    18.632  5 53948.58068426 28.671
 51 300.539543  -3.134359    15.416    15.295  5 53983.58062502 19.317
 52 300.541174  -3.136071    12.689    12.443  6 54018.58065637 19.161
 53 300.548344  -3.137775    11.114     9.881  7 54053.58064922 27.623
 54 300.542050  -3.133448    15.370    15.480  6 54088.58063993 15.187
 55 300.540851  -3.133770    15.553    15.569  6 54123.58056230 19.985
 56 300.539369  -3.135129    16.048    16.077  6 54158.58060450 22.870
 57 300.540460  -3.133807    16.915    16.912  6 54193.58056401 29.716
 58 300.540024  -3.135330    18.738    18.852  6 54228.58061585 27.510
 59 300.540687  -3.135451    19.829    19.882  6 54263.58063470 30.108
 60 300.541335  -3.134922    19.478    19.466  5 54298.58063929 30.749
 61 300.541765  -3.134977    17.818    17.823  6 54333.58062909 28.816
 63 300.540714  -3.134802    11.264    10.228  5 54403.58057286 21.655
 64 300.539582  -3.133176    15.105    15.192  6 54438.58052945 13.961
 65 300.542277  -3.134891    14.838    14.641  6 54473.58055880 25.590
 66 300.540568  -3.134412    16.776    16.765  6 54508.58054113 27.075
 67 300.541735  -3.133904    18.077    18.174  6 54543.58057280 23.514
 68 300.540777  -3.134301    18.894    18.703  5 54578.58054198 27.799
 69 300.541537  -3.134966    19.839    19.706  5 54613.58056347 29.039
 70 300.539756  -3.134365    20.188    20.227  6 54648.58057119 28.137
 71 300.540896  -3.133554    18.797    18.856  6 54683.58057000 25.092
 72 300.541278  -3.134804    15.663    15.677  6 54718.58051730 17.984
 73 300.540110  -3.134197    15.279    15.047  5 54753.58054393 15.010
 74 300.539661  -3.134445    15.255    14.996  5 54788.58050948 15.643
 75 300.540791  -3.135667    15.077    15.111  6 54823.58053858 16.400
 76 300.541155  -3.134735    16.468    16.472  6 54858.58050411 21.277
 77 300.538949  -3.135041    18.299    18.267  6 54893.58054114 28.078
 78 300.538972  -3.133554    19.733    19.536  5 54928.58050203 29.902
 79 300.539636  -3.135254    20.986    21.028  6 54963.58054007 35.086
 80 300.538214  -3.132944    21.648    21.627  6 54998.58056080 34.592
 81 300.540269  -3.133234    21.034    21.117  6 55033.58054896 24.616
 82 300.541221  -3.135121    19.181    19.248  6 55068.58053780 25.394
 83 300.538847  -3.133694    15.436    15.376  5 55103.58047706 18.774
 84 300.540767  -3.133601     9.667     9.838  6 55138.58048517 24.946
 85 300.540515  -3.134845    15.143    15.119  6 55173.58044551 13.762
 86 300.540421  -3.134385    14.955    14.852  5 55208.58048000 13.949
 87 300.539623  -3.132937    15.402    15.426  6 55243.58045066 21.787
 88 300.539902  -3.135476    16.330    16.326  6 55278.58047352 21.585
 89 300.540431  -3.134424    18.261    18.142  5 55313.58043622 24.553
 90 300.541097  -3.134622    19.542    19.420  5 55348.58044432 29.952
 91 300.539684  -3.134463    19.242    19.354  6 55383.58043525 27.562
 92 300.541078  -3.135177    17.603    17.619  6 55418.58046285 26.371
 93 300.541204  -3.135406    15.499    15.280  6 55453.58044303 17.560
 94 300.542363  -3.133788    11.070    10.965  6 55488.58036368 18.033
