# NaN NaN NaN ;Mean Elev.(m), Avg Gradient(m/km), RMS Gradient(m/km) - SRTM1     
#   -4.893  -1.645  14.066 ;Mean Elev.(m), Avg Gradient(m/km), RMS Gradient(m/km) - ASTER GDEM
#    1.407  -1.393  15.262 ;Mean Elev.(m), Avg Gradient(m/km), RMS Gradient(m/km) - GMTED2010 
  7    18.528 52453.57038655 36.61 304.403962  -1.878868 30.765
  7    19.256 52453.57038719 26.45 304.403232  -1.882178 30.765
  7    17.260 52453.57038783 25.67 304.402502  -1.885488 30.765
  7    16.623 52453.57038848 23.24 304.401782  -1.888788 30.765
  7    15.829 52453.57038912 20.84 304.401052  -1.892098 30.765
  7    14.498 52453.57038977 19.32 304.400322  -1.895398 30.765
  7    13.538 52453.57039041 19.34 304.399602  -1.898708 30.765
  7    12.781 52453.57039106 18.50 304.398872  -1.902008 30.765
  7    14.555 52453.57039170 17.57 304.398142  -1.905318 30.765
  7    15.964 52453.57039235 19.37 304.397422  -1.908618 30.765
  7    17.545 52453.57039299 18.19 304.396692  -1.911928 30.765
  8    11.175 52488.57036551 28.29 304.412027  -1.880450  9.303
  8    11.058 52488.57036616 26.92 304.411297  -1.883760  9.303
  8    10.626 52488.57036680 22.56 304.410577  -1.887060  9.303
  8    10.190 52488.57036745 19.67 304.409847  -1.890370  9.303
  8     9.458 52488.57036809 18.56 304.409117  -1.893680  9.303
  8     8.759 52488.57036874 17.86 304.408397  -1.896980  9.303
  8     9.968 52488.57036938 16.78 304.407664  -1.900288 30.707
  8    10.171 52488.57037002 17.21 304.406944  -1.903588 30.707
  8    10.497 52488.57037067 18.60 304.406214  -1.906898 30.707
  8    10.675 52488.57037131 20.81 304.405484  -1.910208 30.707
  8    10.976 52488.57037196 24.93 304.404764  -1.913508 30.707
  9    10.301 52523.57034033 22.02 304.408383  -1.882282  7.443
  9     9.467 52523.57034098 17.44 304.407663  -1.885592  7.443
  9     8.832 52523.57034162 17.69 304.406933  -1.888892  7.443
  9     8.664 52523.57034227 17.92 304.406203  -1.892202  7.443
  9     8.795 52523.57034291 16.55 304.405483  -1.895502  7.443
  9     8.846 52523.57034356 16.14 304.404753  -1.898812  7.443
  9     8.978 52523.57034420 16.61 304.404033  -1.902122  7.443
  9     9.391 52523.57034485 15.34 304.403303  -1.905422  7.443
  9     9.585 52523.57034549 15.31 304.402572  -1.908730 32.223
  9    10.355 52523.57034614 17.79 304.401852  -1.912030 32.223
 10     8.013 52558.57039006 30.33 304.405380  -1.879241  9.146
 10     7.757 52558.57039070 23.90 304.404660  -1.882551  9.146
 10     7.312 52558.57039135 18.68 304.403930  -1.885851  9.146
 10     7.004 52558.57039199 14.75 304.403200  -1.889161  9.146
 10     6.826 52558.57039264 14.70 304.402480  -1.892461  9.146
 10     6.841 52558.57039328 14.43 304.401750  -1.895771  9.146
 10     6.919 52558.57039393 13.72 304.401020  -1.899071  9.146
 10     7.090 52558.57039457 13.01 304.400300  -1.902381  9.146
 10     7.560 52558.57039522 13.46 304.399570  -1.905681  9.146
 10     7.893 52558.57039586 13.69 304.398840  -1.908991  9.146
 10     9.684 52558.57039650 14.69 304.398110  -1.912291  9.146
 11     7.209 52593.57039130 30.83 304.402728  -1.881612 12.573
 11     7.140 52593.57039195 21.23 304.402008  -1.884922 12.573
 11     6.697 52593.57039259 15.90 304.401273  -1.888229 14.905
 11     5.915 52593.57039324 14.92 304.400553  -1.891529 14.905
 11     5.496 52593.57039388 14.40 304.399823  -1.894839 14.905
 11     5.316 52593.57039453 13.51 304.399093  -1.898149 14.905
 11     5.528 52593.57039517 12.87 304.398373  -1.901449 14.905
 11     6.784 52593.57039582 12.57 304.397643  -1.904759 14.905
 11     7.417 52593.57039646 12.64 304.396913  -1.908059 14.905
 11     8.209 52593.57039711 12.19 304.396193  -1.911369 14.905
 11     9.539 52593.57039775 13.04 304.395463  -1.914669 14.905
 12     8.464 52628.57031514 32.46 304.414767  -1.879453  7.754
 12     7.120 52628.57031579 18.08 304.414037  -1.882753  7.754
 12     8.036 52628.57031643 14.59 304.413307  -1.886063  7.754
 12     6.937 52628.57031708 13.76 304.412587  -1.889363  7.754
 12     6.629 52628.57031772 14.38 304.411857  -1.892673  7.754
 12     6.629 52628.57031837 14.44 304.411127  -1.895973  7.754
 12     6.795 52628.57031901 13.91 304.410407  -1.899283  7.754
 12     7.109 52628.57031966 14.17 304.409677  -1.902583  7.754
 12     7.153 52628.57032030 14.53 304.408947  -1.905893  7.754
 12     7.980 52628.57032095 14.65 304.408217  -1.909193  7.754
 12     9.324 52628.57032159 14.71 304.407497  -1.912503  7.754
 13     8.479 52663.57035277 22.28 304.407492  -1.879684  9.835
 13     8.343 52663.57035342 19.10 304.406762  -1.882994  9.835
 13     7.644 52663.57035406 16.73 304.406032  -1.886294  9.835
 13     7.392 52663.57035471 15.28 304.405312  -1.889604  9.835
 13     7.509 52663.57035535 14.65 304.404577  -1.892911 13.921
 13     7.690 52663.57035600 13.25 304.403857  -1.896221 13.921
 13     7.766 52663.57035664 12.06 304.403127  -1.899521 13.921
 13     7.688 52663.57035729 12.15 304.402397  -1.902831 13.921
 13     7.691 52663.57035793 12.06 304.401677  -1.906131 13.921
 13     7.974 52663.57035858 12.35 304.400947  -1.909441 13.921
 13     8.103 52663.57035922 17.42 304.400217  -1.912741 13.921
 14     8.969 52698.57032802 24.64 304.413165  -1.881525  8.873
 14     8.571 52698.57032866 21.80 304.412435  -1.884825  8.873
 14     8.226 52698.57032931 19.76 304.411705  -1.888135  8.873
 14     8.035 52698.57032995 16.96 304.410982  -1.891441 21.802
 14     6.714 52698.57033060 18.06 304.410252  -1.894741 21.802
 14     7.959 52698.57033124 17.10 304.409522  -1.898051 21.802
 14     8.030 52698.57033189 18.00 304.408802  -1.901351 21.802
 14     8.344 52698.57033253 17.15 304.408072  -1.904661 21.802
 14     8.792 52698.57033318 15.80 304.407342  -1.907971 21.802
 14     9.648 52698.57033382 15.98 304.406612  -1.911271 21.802
 15    10.373 52733.57035063 40.96 304.417056  -1.879837  9.349
 15    10.285 52733.57035128 34.82 304.416326  -1.883147  9.349
 15     9.837 52733.57035192 28.75 304.415596  -1.886457  9.349
 15     8.970 52733.57035256 21.65 304.414876  -1.889757  9.349
 15     8.412 52733.57035321 19.50 304.414143  -1.893063 14.327
 15     9.058 52733.57035385 17.54 304.413423  -1.896373 14.327
 15     8.953 52733.57035450 18.22 304.412693  -1.899673 14.327
 15     9.008 52733.57035514 18.40 304.411963  -1.902983 14.327
 15     9.452 52733.57035579 17.36 304.411243  -1.906283 14.327
 15     9.678 52733.57035643 17.36 304.410513  -1.909593 14.327
 15     9.959 52733.57035708 19.85 304.409783  -1.912893 14.327
 16    11.579 52768.57035423 35.13 304.406242  -1.882008 12.901
 16    10.791 52768.57035487 27.66 304.405512  -1.885318 12.901
 16    10.238 52768.57035552 26.67 304.404792  -1.888618 12.901
 16     9.771 52768.57035616 27.26 304.404062  -1.891928 12.901
 16     9.674 52768.57035681 24.91 304.403332  -1.895228 12.901
 16     9.501 52768.57035745 23.59 304.402612  -1.898538 12.901
 16     9.678 52768.57035810 23.05 304.401882  -1.901838 12.901
 16     8.851 52768.57035874 22.08 304.401162  -1.905148 12.901
 16    10.573 52768.57035939 21.19 304.400432  -1.908448 12.901
 16    10.376 52768.57036003 24.32 304.399702  -1.911758 12.901
 17    11.543 52803.57037574 32.82 304.408769  -1.879705 24.101
 17    11.216 52803.57037638 33.29 304.408039  -1.883005 24.101
 17    10.800 52803.57037703 28.39 304.407319  -1.886315 24.101
 17    10.413 52803.57037767 24.69 304.406589  -1.889615 24.101
 17     9.832 52803.57037832 22.41 304.405859  -1.892925 24.101
 17     8.823 52803.57037896 21.22 304.405129  -1.896225 24.101
 17     7.797 52803.57037961 22.11 304.404409  -1.899535 24.101
 17     7.045 52803.57038025 21.81 304.403679  -1.902835 24.101
 17    10.049 52803.57038090 18.70 304.402949  -1.906145 24.101
 17    10.858 52803.57038154 19.36 304.402229  -1.909445 24.101
 17    10.924 52803.57038218 24.63 304.401499  -1.912755 24.101
 18    11.326 52838.57043908 31.94 304.410959  -1.879950  8.426
 18    11.110 52838.57043973 27.18 304.410239  -1.883256 26.015
 18    10.607 52838.57044037 27.72 304.409509  -1.886566 26.015
 18    10.504 52838.57044102 21.05 304.408779  -1.889866 26.015
 18    10.118 52838.57044166 17.24 304.408059  -1.893176 26.015
 18    10.263 52838.57044231 17.78 304.407329  -1.896476 26.015
 18     9.922 52838.57044295 18.22 304.406599  -1.899786 26.015
 18     9.995 52838.57044359 18.19 304.405869  -1.903086 26.015
 18    10.337 52838.57044424 18.24 304.405149  -1.906396 26.015
 18    10.571 52838.57044488 19.27 304.404419  -1.909696 26.015
 18    10.932 52838.57044553 23.49 304.403689  -1.913006 26.015
 19    10.525 52873.57047880 42.33 304.410369  -1.879282 11.926
 19    10.133 52873.57047945 25.32 304.409651  -1.882589 20.656
 19     9.819 52873.57048009 21.39 304.408921  -1.885889 20.656
 19     9.338 52873.57048074 19.94 304.408191  -1.889199 20.656
 19     9.053 52873.57048138 17.41 304.407471  -1.892509 20.656
 19     9.301 52873.57048203 16.68 304.406741  -1.895809 20.656
 19     9.329 52873.57048267 16.30 304.406011  -1.899119 20.656
 19     9.508 52873.57048332 15.61 304.405281  -1.902419 20.656
 19     9.584 52873.57048396 15.60 304.404561  -1.905729 20.656
 19     9.958 52873.57048461 15.12 304.403831  -1.909029 20.656
 19    10.321 52873.57048525 20.14 304.403101  -1.912339 20.656
 20     8.667 52908.57046065 20.80 304.413056  -1.882103  4.021
 20     8.391 52908.57046129 19.23 304.412336  -1.885413  4.021
 20     8.248 52908.57046194 18.65 304.411606  -1.888713  4.021
 20     8.308 52908.57046258 16.82 304.410876  -1.892023  4.021
 20     8.095 52908.57046323 16.80 304.410156  -1.895323  4.021
 20     8.073 52908.57046387 16.75 304.409426  -1.898633  4.021
 20     8.039 52908.57046452 17.04 304.408696  -1.901943  4.021
 20     8.179 52908.57046516 17.22 304.407976  -1.905243  4.021
 20     8.510 52908.57046581 16.87 304.407243  -1.908551 13.736
 20     9.969 52908.57046645 17.18 304.406523  -1.911851 13.736
 21     9.300 52943.57038992 25.96 304.416182  -1.882860  6.339
 21     6.152 52943.57039057 25.48 304.415452  -1.886160  6.339
 21     6.164 52943.57039121 26.40 304.414732  -1.889470  6.339
 21     6.321 52943.57039186 26.49 304.414002  -1.892770  6.339
 21     6.246 52943.57039250 28.00 304.413272  -1.896080  6.339
 21     6.203 52943.57039314 28.00 304.412549  -1.899385  8.992
 21     6.183 52943.57039379 28.68 304.411819  -1.902695  8.992
 21     6.112 52943.57039443 29.75 304.411089  -1.905995  8.992
 21     5.937 52943.57039508 29.42 304.410369  -1.909305  8.992
 21     5.721 52943.57039572 29.37 304.409639  -1.912605  8.992
 23     7.624 53013.57044602 32.22 304.406484  -1.880228  8.134
 23     6.571 53013.57044666 31.49 304.405754  -1.883528  8.134
 23     6.395 53013.57044731 30.83 304.405034  -1.886838  8.134
 23     6.232 53013.57044795 28.20 304.404304  -1.890138  8.134
 23     5.935 53013.57044860 27.07 304.403574  -1.893448  8.134
 23     5.939 53013.57044924 25.76 304.402854  -1.896748  8.134
 23     5.671 53013.57044989 24.83 304.402124  -1.900058  8.134
 23     5.375 53013.57045053 24.45 304.401394  -1.903368  8.134
 23     5.987 53013.57045118 23.65 304.400674  -1.906668  8.134
 23     6.300 53013.57045182 22.85 304.399941  -1.909976 14.629
 23     7.672 53013.57045247 22.93 304.399221  -1.913276 14.629
 24     8.721 53048.57041693 24.62 304.408478  -1.882252 11.298
 24     8.195 53048.57041758 20.76 304.407748  -1.885552 11.298
 24     7.637 53048.57041822 22.29 304.407028  -1.888862 11.298
 24     7.264 53048.57041887 23.16 304.406298  -1.892162 11.298
 24     7.065 53048.57041951 20.25 304.405568  -1.895472 11.298
 24     7.873 53048.57042016 17.49 304.404847  -1.898777 29.252
 24     7.994 53048.57042080 17.19 304.404117  -1.902087 29.252
 24     8.394 53048.57042145 16.36 304.403387  -1.905387 29.252
 24     9.355 53048.57042209 17.11 304.402667  -1.908697 29.252
 24    10.112 53048.57042273 19.06 304.401937  -1.911997 29.252
 25    10.080 53083.57045225 42.75 304.401956  -1.880826 16.171
 25     9.573 53083.57045290 27.97 304.401226  -1.884136 16.171
 25     9.186 53083.57045354 31.09 304.400496  -1.887446 16.171
 25     9.044 53083.57045419 24.95 304.399776  -1.890746 16.171
 25     8.487 53083.57045483 22.72 304.399043  -1.894053 27.730
 25     7.813 53083.57045547 21.33 304.398323  -1.897363 27.730
 25     7.230 53083.57045612 19.54 304.397593  -1.900663 27.730
 25     6.963 53083.57045676 18.74 304.396863  -1.903973 27.730
 25     9.006 53083.57045741 17.26 304.396143  -1.907273 27.730
 25     9.140 53083.57045805 17.45 304.395413  -1.910583 27.730
 25     9.224 53083.57045870 17.70 304.394683  -1.913883 27.730
 26    11.654 53118.57042190 45.85 304.405460  -1.880069 20.833
 26    10.753 53118.57042254 36.30 304.404730  -1.883369 20.833
 26    10.734 53118.57042318 36.76 304.404000  -1.886679 20.833
 26    10.568 53118.57042383 39.00 304.403280  -1.889989 20.833
 26    10.770 53118.57042447 40.98 304.402550  -1.893289 20.833
 26    10.818 53118.57042512 45.65 304.401820  -1.896599 20.833
 26    10.881 53118.57042576 47.09 304.401090  -1.899899 20.833
 26    10.826 53118.57042641 47.12 304.400370  -1.903209 20.833
 26    10.848 53118.57042705 47.38 304.399640  -1.906509 20.833
 26    10.823 53118.57042770 49.04 304.398910  -1.909819 20.833
 26    10.742 53118.57042834 51.38 304.398190  -1.913119 20.833
 27    11.173 53153.57047304 33.14 304.403169  -1.881558 16.172
 27    10.740 53153.57047368 31.15 304.402439  -1.884868 16.172
 27    10.333 53153.57047433 29.79 304.401709  -1.888168 16.172
 27     9.737 53153.57047497 29.06 304.400992  -1.891475 26.734
 27     9.369 53153.57047562 26.00 304.400262  -1.894775 26.734
 27     8.817 53153.57047626 21.66 304.399532  -1.898085 26.734
 27     8.223 53153.57047691 20.68 304.398812  -1.901395 26.734
 27     8.565 53153.57047755 20.62 304.398082  -1.904695 26.734
 27     9.577 53153.57047820 18.79 304.397352  -1.908005 26.734
 27    10.297 53153.57047884 20.77 304.396622  -1.911305 26.734
 27    10.309 53153.57047948 25.15 304.395902  -1.914615 26.734
 28    10.644 53188.57046102 31.78 304.415999  -1.879593 10.523
 28    10.647 53188.57046166 27.19 304.415269  -1.882893 10.523
 28    10.060 53188.57046230 25.96 304.414549  -1.886203 10.523
 28     9.786 53188.57046295 22.96 304.413823  -1.889509 15.749
 28     9.262 53188.57046359 21.59 304.413093  -1.892819 15.749
 28     9.229 53188.57046424 19.79 304.412363  -1.896119 15.749
 28     8.854 53188.57046488 19.56 304.411633  -1.899429 15.749
 28     7.696 53188.57046553 20.32 304.410913  -1.902729 15.749
 28     9.839 53188.57046617 18.51 304.410183  -1.906039 15.749
 28    10.089 53188.57046682 18.27 304.409453  -1.909339 15.749
 28    10.376 53188.57046746 18.04 304.408733  -1.912649 15.749
 29    10.234 53223.57047809 31.69 304.411218  -1.880895  9.138
 29     9.764 53223.57047873 23.46 304.410498  -1.884205  9.138
 29     9.206 53223.57047938 16.68 304.409768  -1.887505  9.138
 29     8.792 53223.57048002 17.14 304.409038  -1.890815  9.138
 29     8.680 53223.57048067 17.09 304.408318  -1.894115  9.138
 29     9.056 53223.57048131 16.19 304.407588  -1.897425  9.138
 29     9.209 53223.57048196 15.16 304.406858  -1.900735  9.138
 29     9.326 53223.57048260 15.02 304.406138  -1.904035  9.138
 29     9.240 53223.57048325 16.35 304.405405  -1.907342 29.717
 29     9.655 53223.57048389 16.60 304.404685  -1.910652 29.717
 29     9.853 53223.57048454 24.76 304.403955  -1.913952 29.717
 30     8.731 53258.57045324 35.81 304.405372  -1.878886  7.935
 30     8.881 53258.57045389 23.85 304.404642  -1.882186  7.935
 30     8.083 53258.57045453 19.78 304.403922  -1.885496  7.935
 30     7.917 53258.57045518 18.76 304.403192  -1.888796  7.935
 30     8.084 53258.57045582 15.09 304.402472  -1.892106  7.935
 30     7.935 53258.57045646 16.29 304.401742  -1.895406  7.935
 30     8.184 53258.57045711 14.67 304.401012  -1.898716  7.935
 30     8.144 53258.57045775 15.10 304.400292  -1.902026  7.935
 30     8.109 53258.57045840 15.45 304.399562  -1.905326  7.935
 30     8.190 53258.57045904 16.34 304.398833  -1.908634 25.298
 30     8.376 53258.57045969 15.84 304.398103  -1.911944 25.298
 31     7.262 53293.57047620 34.02 304.401070  -1.880404 14.512
 31     6.935 53293.57047685 25.07 304.400340  -1.883714 14.512
 31     6.510 53293.57047749 20.17 304.399620  -1.887020  8.550
 31     6.368 53293.57047814 15.69 304.398890  -1.890320  8.550
 31     6.182 53293.57047878 15.19 304.398160  -1.893630  8.550
 31     6.442 53293.57047943 13.54 304.397440  -1.896940  8.550
 31     6.596 53293.57048007 12.57 304.396710  -1.900240  8.550
 31     6.619 53293.57048072 12.00 304.395980  -1.903550  8.550
 31     6.682 53293.57048136 12.26 304.395250  -1.906850  8.550
 31     7.184 53293.57048200 11.50 304.394530  -1.910160  8.550
 31     7.795 53293.57048265 11.36 304.393800  -1.913460  8.550
 32     8.156 53328.57045000 20.66 304.410472  -1.882483  9.305
 32     5.654 53328.57045065 19.81 304.409752  -1.885793  9.305
 32     5.375 53328.57045129 18.99 304.409018  -1.889099  7.367
 32     5.482 53328.57045194 17.54 304.408298  -1.892409  7.367
 32     5.528 53328.57045258 16.28 304.407568  -1.895709  7.367
 32     5.802 53328.57045323 14.84 304.406838  -1.899019  7.367
 32     6.007 53328.57045387 12.60 304.406118  -1.902319  7.367
 32     6.116 53328.57045452 12.92 304.405388  -1.905629  7.367
 32     8.078 53328.57045516 12.38 304.404658  -1.908929  7.367
 32     8.606 53328.57045580 18.29 304.403938  -1.912239  7.367
 33     8.625 53363.57040240 20.93 304.413128  -1.880367  6.555
 33     8.589 53363.57040304 14.16 304.412398  -1.883677  6.555
 33     7.497 53363.57040369 12.77 304.411668  -1.886987  6.555
 33     6.660 53363.57040433 13.28 304.410948  -1.890287  6.555
 33     6.648 53363.57040498 11.65 304.410217  -1.893595  9.245
 33     6.736 53363.57040562 10.86 304.409497  -1.896895  9.245
 33     6.750 53363.57040626 10.28 304.408767  -1.900205  9.245
 33     6.835 53363.57040691  9.80 304.408037  -1.903505  9.245
 33     6.966 53363.57040755  9.76 304.407317  -1.906815  9.245
 33     7.992 53363.57040820  9.73 304.406587  -1.910115  9.245
 33     8.599 53363.57040884 12.67 304.405857  -1.913425  9.245
 34     8.388 53398.57042525 24.63 304.408069  -1.879997 10.955
 34     7.985 53398.57042590 20.24 304.407339  -1.883297 10.955
 34     7.492 53398.57042654 18.00 304.406609  -1.886607 10.955
 34     7.322 53398.57042719 18.04 304.405891  -1.889913 16.115
 34     7.636 53398.57042783 15.74 304.405161  -1.893223 16.115
 34     7.720 53398.57042848 14.75 304.404431  -1.896523 16.115
 34     7.778 53398.57042912 14.61 304.403711  -1.899833 16.115
 34     7.846 53398.57042976 14.84 304.402981  -1.903133 16.115
 34     7.952 53398.57043041 14.95 304.402251  -1.906443 16.115
 34     8.480 53398.57043105 15.38 304.401521  -1.909743 16.115
 34     9.722 53398.57043170 19.20 304.400801  -1.913053 16.115
 35     9.783 53433.57041591 40.61 304.411913  -1.879821  8.469
 35     9.202 53433.57041656 27.20 304.411183  -1.883131  8.469
 35     8.662 53433.57041720 25.15 304.410453  -1.886441  8.469
 35     8.688 53433.57041785 23.47 304.409733  -1.889741  8.469
 35     8.540 53433.57041849 24.88 304.409002  -1.893049 25.840
 35     8.839 53433.57041914 24.22 304.408282  -1.896349 25.840
 35     9.022 53433.57041978 23.06 304.407552  -1.899659 25.840
 35     9.069 53433.57042043 21.73 304.406822  -1.902969 25.840
 35     9.313 53433.57042107 21.91 304.406102  -1.906269 25.840
 35     9.411 53433.57042172 21.51 304.405372  -1.909579 25.840
 35     9.485 53433.57042236 23.45 304.404642  -1.912879 25.840
 36    11.046 53468.57045609 30.55 304.407366  -1.881465 12.409
 36    10.614 53468.57045674 30.83 304.406645  -1.884772 26.750
 36    10.248 53468.57045738 30.53 304.405915  -1.888072 26.750
 36     9.284 53468.57045803 31.56 304.405185  -1.891382 26.750
 36     8.620 53468.57045867 29.94 304.404465  -1.894692 26.750
 36     7.758 53468.57045932 29.56 304.403735  -1.897992 26.750
 36     6.965 53468.57045996 27.78 304.403005  -1.901302 26.750
 36     5.892 53468.57046061 26.44 304.402275  -1.904602 26.750
 36     9.189 53468.57046125 25.81 304.401555  -1.907912 26.750
 36    10.272 53468.57046190 24.50 304.400825  -1.911212 26.750
 36    10.927 53468.57046254 30.83 304.400095  -1.914522 26.750
 37    11.719 53503.57050225 26.05 304.404402  -1.879454 13.986
 37    11.332 53503.57050290 26.51 304.403672  -1.882764 13.986
 37    10.700 53503.57050354 27.94 304.402942  -1.886074 13.986
 37     9.978 53503.57050419 26.24 304.402222  -1.889374 13.986
 37     9.796 53503.57050483 20.61 304.401487  -1.892682 29.154
 37     8.619 53503.57050548 21.81 304.400767  -1.895982 29.154
 37     8.291 53503.57050612 19.86 304.400037  -1.899292 29.154
 37     9.086 53503.57050677 19.58 304.399307  -1.902602 29.154
 37    10.184 53503.57050741 19.45 304.398587  -1.905902 29.154
 37    10.460 53503.57050806 21.93 304.397857  -1.909212 29.154
 37    10.742 53503.57050870 26.06 304.397127  -1.912512 29.154
 38    11.368 53538.57049890 31.00 304.408125  -1.881025  9.057
 38    11.234 53538.57049954 30.31 304.407405  -1.884335  9.057
 38    10.551 53538.57050019 27.81 304.406671  -1.887641 24.120
 38    10.107 53538.57050083 27.42 304.405951  -1.890951 24.120
 38     9.115 53538.57050148 28.24 304.405221  -1.894251 24.120
 38    10.231 53538.57050212 25.77 304.404491  -1.897561 24.120
 38    11.003 53538.57050277 23.96 304.403771  -1.900861 24.120
 38    10.978 53538.57050341 23.44 304.403041  -1.904171 24.120
 38    11.250 53538.57050406 22.45 304.402311  -1.907471 24.120
 38    11.174 53538.57050470 24.23 304.401591  -1.910781 24.120
 38    11.387 53538.57050535 30.91 304.400861  -1.914081 24.120
 39    10.777 53573.57049887 36.49 304.405176  -1.880144 14.648
 39    10.617 53573.57049951 25.55 304.404446  -1.883454 14.648
 39     9.866 53573.57050016 23.43 304.403716  -1.886754 14.648
 39     9.296 53573.57050080 21.59 304.402996  -1.890064 14.648
 39     8.570 53573.57050145 21.31 304.402264  -1.893370 24.053
 39     8.164 53573.57050209 18.80 304.401544  -1.896680 24.053
 39     9.333 53573.57050274 16.49 304.400814  -1.899980 24.053
 39     9.896 53573.57050338 16.52 304.400084  -1.903290 24.053
 39    10.095 53573.57050403 17.00 304.399364  -1.906590 24.053
 39    10.356 53573.57050467 17.74 304.398634  -1.909900 24.053
 39    10.390 53573.57050531 21.99 304.397904  -1.913200 24.053
 40     8.544 53608.57044828 25.99 304.408271  -1.880750 10.820
 40     8.127 53608.57044892 19.86 304.407541  -1.884050 10.820
 40     7.622 53608.57044957 17.03 304.406821  -1.887360 10.820
 40     7.723 53608.57045021 15.02 304.406091  -1.890660 10.820
 40     7.658 53608.57045086 14.96 304.405362  -1.893969 22.064
 40     7.698 53608.57045150 14.48 304.404632  -1.897269 22.064
 40     7.730 53608.57045215 14.57 304.403912  -1.900579 22.064
 40     7.868 53608.57045279 14.56 304.403182  -1.903889 22.064
 40     8.077 53608.57045344 15.77 304.402462  -1.907189 22.064
 40     8.604 53608.57045408 17.15 304.401732  -1.910499 22.064
 40    10.226 53608.57045472 21.21 304.401002  -1.913799 22.064
 41     4.868 53643.57045039 27.69 304.407709  -1.881353 11.740
 41     4.515 53643.57045104 24.67 304.406979  -1.884653 11.740
 41     4.438 53643.57045168 24.13 304.406249  -1.887963 11.740
 41     4.431 53643.57045232 24.92 304.405528  -1.891269  8.479
 41     4.504 53643.57045297 25.85 304.404798  -1.894579  8.479
 41     4.667 53643.57045361 25.99 304.404068  -1.897879  8.479
 41     4.772 53643.57045426 26.99 304.403348  -1.901189  8.479
 41     4.857 53643.57045490 27.80 304.402618  -1.904489  8.479
 41     4.929 53643.57045555 27.76 304.401888  -1.907799  8.479
 41     5.041 53643.57045619 27.42 304.401158  -1.911099  8.479
 41     5.001 53643.57045684 27.44 304.400438  -1.914409  8.479
 42     6.247 53678.57046890 27.00 304.403616  -1.881460 10.668
 42     3.650 53678.57046954 24.38 304.402886  -1.884770 10.668
 42     4.016 53678.57047018 24.24 304.402166  -1.888070 10.668
 42     4.071 53678.57047083 25.95 304.401432  -1.891377 14.072
 42     4.254 53678.57047147 26.59 304.400712  -1.894677 14.072
 42     4.464 53678.57047212 25.12 304.399982  -1.897987 14.072
 42     4.387 53678.57047276 26.17 304.399252  -1.901297 14.072
 42     4.205 53678.57047341 26.42 304.398532  -1.904597 14.072
 42     4.128 53678.57047405 25.71 304.397802  -1.907907 14.072
 42     3.881 53678.57047470 25.02 304.397072  -1.911207 14.072
 42     3.680 53678.57047534 23.92 304.396352  -1.914517 14.072
 43     6.311 53713.57039693 24.18 304.412715  -1.880689  4.956
 43     8.363 53713.57039758 16.60 304.411985  -1.883999  4.956
 43     5.909 53713.57039822 14.24 304.411255  -1.887309  4.956
 43     5.998 53713.57039887 13.73 304.410535  -1.890609  4.956
 43     6.051 53713.57039951 14.04 304.409805  -1.893917 17.190
 43     5.769 53713.57040016 15.83 304.409085  -1.897217 17.190
 43     6.004 53713.57040080 15.23 304.408355  -1.900527 17.190
 43     6.306 53713.57040145 14.62 304.407625  -1.903837 17.190
 43     8.919 53713.57040209 14.94 304.406905  -1.907137 17.190
 43    10.037 53713.57040273 15.00 304.406175  -1.910447 17.190
 43    10.197 53713.57040338 22.14 304.405445  -1.913747 17.190
 44     7.890 53748.57031128 27.45 304.413156  -1.882334 10.059
 44     7.895 53748.57031193 22.43 304.412426  -1.885634 10.059
 44     7.479 53748.57031257 18.57 304.411696  -1.888944 10.059
 44     6.800 53748.57031322 20.78 304.410973  -1.892250 20.249
 44     7.525 53748.57031386 16.58 304.410243  -1.895560 20.249
 44     7.480 53748.57031451 16.65 304.409513  -1.898860 20.249
 44     6.599 53748.57031515 20.38 304.408793  -1.902170 20.249
 44     8.290 53748.57031580 16.71 304.408063  -1.905470 20.249
 44     9.351 53748.57031644 17.80 304.407333  -1.908780 20.249
 44     9.918 53748.57031709 19.60 304.406603  -1.912080 20.249
 45    10.002 53783.57034188 29.97 304.412912  -1.881727 10.592
 45     9.588 53783.57034253 28.65 304.412182  -1.885037 10.592
 45     9.133 53783.57034317 27.37 304.411462  -1.888337 10.592
 45     8.517 53783.57034382 23.70 304.410728  -1.891644 18.126
 45     7.927 53783.57034446 20.52 304.410008  -1.894954 18.126
 45     6.936 53783.57034510 20.44 304.409278  -1.898254 18.126
 45     8.097 53783.57034575 19.72 304.408548  -1.901564 18.126
 45     9.261 53783.57034639 18.10 304.407828  -1.904864 18.126
 45     9.769 53783.57034704 16.99 304.407098  -1.908174 18.126
 45    10.113 53783.57034768 18.66 304.406368  -1.911474 18.126
 46    11.149 53818.57030449 27.36 304.412287  -1.882556 11.612
 46    10.713 53818.57030513 28.29 304.411557  -1.885866 11.612
 46    10.341 53818.57030578 25.97 304.410827  -1.889166 11.612
 46     9.676 53818.57030642 25.99 304.410107  -1.892476 11.612
 46     8.758 53818.57030706 24.24 304.409377  -1.895786 11.612
 46     7.966 53818.57030771 21.27 304.408647  -1.899086 11.612
 46     9.280 53818.57030835 20.18 304.407927  -1.902396 11.612
 46    10.226 53818.57030900 20.76 304.407197  -1.905696 11.612
 46    10.860 53818.57030964 20.77 304.406471  -1.909006 35.021
 46    10.980 53818.57031029 25.70 304.405741  -1.912306 35.021
 47    12.401 53853.57038200 37.93 304.404827  -1.880242  9.840
 47    11.702 53853.57038264 25.88 304.404097  -1.883552  9.840
 47    11.542 53853.57038329 24.66 304.403367  -1.886852  9.840
 47    11.138 53853.57038393 24.81 304.402647  -1.890162  9.840
 47    10.747 53853.57038458 24.55 304.401917  -1.893472  9.840
 47    10.880 53853.57038522 23.98 304.401187  -1.896772  9.840
 47    10.052 53853.57038587 23.60 304.400467  -1.900078 32.868
 47     9.887 53853.57038651 23.48 304.399737  -1.903388 32.868
 47    11.320 53853.57038715 22.18 304.399007  -1.906688 32.868
 47    11.498 53853.57038780 23.07 304.398287  -1.909998 32.868
 47    11.573 53853.57038844 26.90 304.397557  -1.913298 32.868
 48    12.158 53888.57038934 28.80 304.416865  -1.880916 12.292
 48    12.105 53888.57038998 26.78 304.416135  -1.884216 12.292
 48    11.719 53888.57039063 24.59 304.415419  -1.887523 23.583
 48    11.375 53888.57039127 22.28 304.414689  -1.890833 23.583
 48    10.457 53888.57039192 21.76 304.413959  -1.894133 23.583
 48    10.463 53888.57039256 23.05 304.413229  -1.897443 23.583
 48    11.212 53888.57039321 23.81 304.412509  -1.900743 23.583
 48    11.528 53888.57039385 26.19 304.411779  -1.904053 23.583
 48    11.875 53888.57039450 29.75 304.411049  -1.907353 23.583
 48    12.111 53888.57039514 31.79 304.410329  -1.910663 23.583
 49    11.383 53923.57045834 34.36 304.399077  -1.881508 19.058
 49    10.977 53923.57045898 30.78 304.398347  -1.884818 19.058
 49    10.287 53923.57045963 29.37 304.397627  -1.888118 19.058
 49     9.581 53923.57046027 27.38 304.396897  -1.891428 19.058
 49     8.895 53923.57046092 23.39 304.396167  -1.894728 19.058
 49     7.676 53923.57046156 23.40 304.395447  -1.898038 19.058
 49     9.332 53923.57046221 20.15 304.394710  -1.901345 33.094
 49    10.018 53923.57046285 19.89 304.393990  -1.904645 33.094
 49    10.692 53923.57046350 21.40 304.393260  -1.907955 33.094
 49    10.818 53923.57046414 25.52 304.392530  -1.911265 33.094
 49    11.028 53923.57046479 29.23 304.391810  -1.914565 33.094
 50    10.743 53958.57045066 37.03 304.401609  -1.881269 12.957
 50    10.008 53958.57045130 26.20 304.400879  -1.884569 12.957
 50     9.532 53958.57045195 21.63 304.400149  -1.887879 12.957
 50     9.131 53958.57045259 21.69 304.399429  -1.891179 12.957
 50     8.688 53958.57045324 21.87 304.398699  -1.894489 12.957
 50     8.515 53958.57045388 19.10 304.397969  -1.897799 12.957
 50     9.001 53958.57045453 18.50 304.397249  -1.901099 12.957
 50     9.458 53958.57045517 18.12 304.396517  -1.904406 34.893
 50     9.711 53958.57045581 18.35 304.395797  -1.907716 34.893
 50     9.626 53958.57045646 19.61 304.395067  -1.911016 34.893
 50     9.598 53958.57045710 25.71 304.394337  -1.914326 34.893
 51     8.989 53993.57037889 22.34 304.411843  -1.881499  6.565
 51     8.501 53993.57037954 19.00 304.411113  -1.884809  6.565
 51     7.632 53993.57038018 19.08 304.410383  -1.888109  6.565
 51     7.371 53993.57038082 19.80 304.409663  -1.891419  6.565
 51     7.046 53993.57038147 20.29 304.408933  -1.894719  6.565
 51     7.225 53993.57038211 20.25 304.408203  -1.898029  6.565
 51     7.439 53993.57038276 19.58 304.407483  -1.901329  6.565
 51     7.615 53993.57038340 20.15 304.406753  -1.904639  6.565
 51     7.974 53993.57038405 20.34 304.406023  -1.907939  6.565
 51     8.635 53993.57038469 20.94 304.405293  -1.911249  6.565
 52     8.944 54028.57043944 26.46 304.410862  -1.880132  8.330
 52     8.286 54028.57044009 18.37 304.410132  -1.883432  8.330
 52     5.678 54028.57044073 15.60 304.409402  -1.886742  8.330
 52     5.469 54028.57044137 14.72 304.408672  -1.890042  8.330
 52     5.101 54028.57044202 14.46 304.407952  -1.893352  8.330
 52     4.999 54028.57044266 14.52 304.407222  -1.896652  8.330
 52     5.239 54028.57044331 14.60 304.406492  -1.899962  8.330
 52     6.034 54028.57044395 13.82 304.405771  -1.903268 19.668
 52     7.835 54028.57044460 12.89 304.405041  -1.906578 19.668
 52     8.793 54028.57044524 13.00 304.404311  -1.909878 19.668
 52     9.723 54028.57044589 19.48 304.403591  -1.913188 19.668
 53     5.539 54063.57043344 38.78 304.413193  -1.880858  6.840
 53     5.531 54063.57043409 23.62 304.412463  -1.884158  6.840
 53     5.746 54063.57043473 17.19 304.411733  -1.887468  6.840
 53     5.622 54063.57043538 17.61 304.411013  -1.890768  6.840
 53     5.597 54063.57043602 18.59 304.410283  -1.894078  6.840
 53     5.306 54063.57043667 20.12 304.409553  -1.897378  6.840
 53     5.094 54063.57043731 21.89 304.408833  -1.900688  6.840
 53     5.357 54063.57043796 20.03 304.408099  -1.903995 12.411
 53     5.707 54063.57043860 19.98 304.407379  -1.907305 12.411
 53     5.902 54063.57043924 20.47 304.406649  -1.910605 12.411
 53     8.816 54063.57043989 21.63 304.405919  -1.913915 12.411
 54     9.042 54098.57040102 23.74 304.408982  -1.880836 10.105
 54     7.096 54098.57040166 21.24 304.408262  -1.884146 10.105
 54     6.747 54098.57040231 22.07 304.407532  -1.887446 10.105
 54     6.230 54098.57040295 22.69 304.406802  -1.890756 10.105
 54     5.886 54098.57040359 21.61 304.406082  -1.894056 10.105
 54     5.429 54098.57040424 21.07 304.405352  -1.897366 10.105
 54     4.489 54098.57040488 21.08 304.404632  -1.900676 10.105
 54     7.098 54098.57040553 14.82 304.403902  -1.903976 10.105
 54     7.340 54098.57040617 15.63 304.403172  -1.907285 13.759
 54     8.094 54098.57040682 13.33 304.402442  -1.910585 13.759
 54     8.248 54098.57040746 18.56 304.401722  -1.913895 13.759
 55     8.016 54133.57035682 32.02 304.409341  -1.881349 10.581
 55     8.345 54133.57035746 24.18 304.408611  -1.884659 10.581
 55     8.080 54133.57035811 21.72 304.407881  -1.887959 10.581
 55     7.907 54133.57035875 20.69 304.407161  -1.891269 10.581
 55     7.659 54133.57035940 20.01 304.406431  -1.894569 10.581
 55     7.712 54133.57036004 17.44 304.405701  -1.897879 10.581
 55     7.901 54133.57036069 16.95 304.404980  -1.901185 10.899
 55     8.179 54133.57036133 16.60 304.404250  -1.904495 10.899
 55     8.515 54133.57036198 15.86 304.403520  -1.907795 10.899
 55     8.820 54133.57036262 16.10 304.402800  -1.911105 10.899
 55     8.695 54133.57036327 20.34 304.402070  -1.914405 10.899
 56    10.255 54168.57037553 33.43 304.407886  -1.880947 10.693
 56     9.680 54168.57037618 22.23 304.407166  -1.884247 10.693
 56     9.239 54168.57037682 22.02 304.406436  -1.887557 10.693
 56     8.622 54168.57037747 23.37 304.405706  -1.890867 10.693
 56     8.243 54168.57037811 23.72 304.404986  -1.894167 10.693
 56     8.713 54168.57037876 23.99 304.404256  -1.897477 10.693
 56     9.395 54168.57037940 21.79 304.403526  -1.900777 10.693
 56     9.689 54168.57038004 22.33 304.402806  -1.904087 10.693
 56     9.795 54168.57038069 21.73 304.402076  -1.907387 10.693
 56     9.808 54168.57038133 22.68 304.401346  -1.910697 10.693
 56     9.746 54168.57038198 22.70 304.400626  -1.913997 10.693
 57    10.551 54203.57036051 37.75 304.408599  -1.880472 19.631
 57    10.500 54203.57036115 28.10 304.407869  -1.883772 19.631
 57     9.698 54203.57036180 28.78 304.407149  -1.887082 19.631
 57     9.481 54203.57036244 26.09 304.406419  -1.890382 19.631
 57     9.348 54203.57036308 21.93 304.405689  -1.893692 19.631
 57     8.864 54203.57036373 21.76 304.404959  -1.896992 19.631
 57     8.813 54203.57036437 21.19 304.404239  -1.900302 19.631
 57     9.817 54203.57036502 19.79 304.403509  -1.903602 19.631
 57     9.899 54203.57036566 20.34 304.402779  -1.906912 19.631
 57    10.332 54203.57036631 20.09 304.402059  -1.910212 19.631
 57    10.564 54203.57036695 23.63 304.401329  -1.913522 19.631
 58    11.754 54238.57039500 29.96 304.410304  -1.880260 11.239
 58    11.481 54238.57039565 28.63 304.409568  -1.883568 26.253
 58    11.043 54238.57039629 27.97 304.408848  -1.886868 26.253
 58    10.514 54238.57039694 27.49 304.408118  -1.890178 26.253
 58     9.801 54238.57039758 26.42 304.407388  -1.893478 26.253
 58     8.812 54238.57039823 25.65 304.406668  -1.896788 26.253
 58     7.810 54238.57039887 23.22 304.405938  -1.900098 26.253
 58     8.238 54238.57039952 22.48 304.405208  -1.903398 26.253
 58    10.055 54238.57040016 20.42 304.404488  -1.906708 26.253
 58    10.624 54238.57040081 20.98 304.403758  -1.910008 26.253
 58    11.499 54238.57040145 25.33 304.403028  -1.913318 26.253
 59    11.872 54273.57041364 31.92 304.409806  -1.881599 24.669
 59    11.587 54273.57041428 31.03 304.409086  -1.884909 24.669
 59    11.276 54273.57041493 24.77 304.408356  -1.888209 24.669
 59    10.409 54273.57041557 23.09 304.407626  -1.891519 24.669
 59     9.581 54273.57041622 20.73 304.406906  -1.894819 24.669
 59     9.026 54273.57041686 19.00 304.406176  -1.898129 24.669
 59     9.775 54273.57041751 19.88 304.405446  -1.901429 24.669
 59    10.502 54273.57041815 19.63 304.404726  -1.904739 24.669
 59    10.908 54273.57041879 19.88 304.403996  -1.908039 24.669
 59    11.285 54273.57041944 23.69 304.403266  -1.911349 24.669
 60    11.113 54308.57041539 31.80 304.409842  -1.880768 19.768
 60    11.127 54308.57041604 25.08 304.409112  -1.884078 19.768
 60    10.300 54308.57041668 22.05 304.408382  -1.887378 19.768
 60    10.025 54308.57041733 20.25 304.407662  -1.890688 19.768
 60     9.524 54308.57041797 18.45 304.406932  -1.893988 19.768
 60     8.454 54308.57041862 18.31 304.406202  -1.897298 19.768
 60     9.725 54308.57041926 17.83 304.405472  -1.900598 19.768
 60     9.896 54308.57041990 17.79 304.404752  -1.903908 19.768
 60    10.339 54308.57042055 17.86 304.404022  -1.907208 19.768
 60    10.738 54308.57042119 18.52 304.403292  -1.910518 19.768
 60    10.867 54308.57042184 26.76 304.402572  -1.913818 19.768
 61     9.644 54343.57039348 21.63 304.410584  -1.881838  8.359
 61     9.189 54343.57039412 19.13 304.409853  -1.885146 15.277
 61     8.800 54343.57039477 18.60 304.409133  -1.888446 15.277
 61     8.348 54343.57039541 18.90 304.408403  -1.891756 15.277
 61     7.632 54343.57039606 18.74 304.407673  -1.895066 15.277
 61     8.565 54343.57039670 17.55 304.406953  -1.898366 15.277
 61     8.915 54343.57039735 15.86 304.406223  -1.901676 15.277
 61     8.928 54343.57039799 15.48 304.405493  -1.904976 15.277
 61     9.220 54343.57039863 15.44 304.404773  -1.908286 15.277
 61    10.022 54343.57039928 16.73 304.404043  -1.911586 15.277
 62     8.882 54378.57035101 33.13 304.409316  -1.880512 11.319
 62     6.231 54378.57035166 24.69 304.408586  -1.883822 11.319
 62     6.034 54378.57035230 20.68 304.407867  -1.887128  9.009
 62     5.831 54378.57035295 18.08 304.407137  -1.890428  9.009
 62     5.623 54378.57035359 18.31 304.406407  -1.893738  9.009
 62     5.502 54378.57035424 17.85 304.405687  -1.897048  9.009
 62     5.743 54378.57035488 17.38 304.404957  -1.900348  9.009
 62     6.190 54378.57035553 16.26 304.404227  -1.903658  9.009
 62     7.231 54378.57035617 15.79 304.403497  -1.906958  9.009
 62     8.216 54378.57035681 16.77 304.402777  -1.910268  9.009
 62     8.451 54378.57035746 20.57 304.402047  -1.913568  9.009
 63     9.016 54413.57034112 26.06 304.409481  -1.879261  8.489
 63     9.062 54413.57034176 15.94 304.408751  -1.882561  8.489
 63     7.906 54413.57034241 14.10 304.408031  -1.885871  8.489
 63     5.356 54413.57034305 15.83 304.407298  -1.889179  7.877
 63     6.444 54413.57034370 12.52 304.406578  -1.892479  7.877
 63     5.616 54413.57034434 12.13 304.405848  -1.895789  7.877
 63     5.380 54413.57034499 11.77 304.405118  -1.899099  7.877
 63     5.364 54413.57034563 11.36 304.404398  -1.902399  7.877
 63     5.457 54413.57034628 11.41 304.403668  -1.905709  7.877
 63     8.004 54413.57034692 11.21 304.402938  -1.909009  7.877
 63     8.449 54413.57034757 17.31 304.402218  -1.912319  7.877
 64     6.984 54448.57031713 27.41 304.409376  -1.879215  7.650
 64     6.800 54448.57031777 29.55 304.408646  -1.882525  7.650
 64     6.625 54448.57031842 25.31 304.407926  -1.885832  3.295
 64     6.388 54448.57031906 24.09 304.407196  -1.889142  3.295
 64     6.244 54448.57031971 22.45 304.406466  -1.892442  3.295
 64     5.968 54448.57032035 22.94 304.405746  -1.895752  3.295
 64     6.410 54448.57032100 20.73 304.405016  -1.899052  3.295
 64     6.526 54448.57032164 21.20 304.404286  -1.902362  3.295
 64     6.859 54448.57032228 19.16 304.403556  -1.905662  3.295
 64     6.870 54448.57032293 19.47 304.402836  -1.908972  3.295
 64     8.208 54448.57032357 18.55 304.402106  -1.912272  3.295
 65     8.391 54483.57033518 28.35 304.410789  -1.881390  8.358
 65     8.300 54483.57033582 24.72 304.410069  -1.884700  8.358
 65     8.066 54483.57033647 22.18 304.409339  -1.888000  8.358
 65     7.401 54483.57033711 24.29 304.408609  -1.891310  8.358
 65     7.041 54483.57033776 22.43 304.407879  -1.894610  8.358
 65     6.936 54483.57033840 21.29 304.407153  -1.897917 23.309
 65     7.342 54483.57033905 20.24 304.406433  -1.901227 23.309
 65     7.859 54483.57033969 19.53 304.405703  -1.904527 23.309
 65     8.244 54483.57034033 18.45 304.404973  -1.907837 23.309
 65     8.664 54483.57034098 17.52 304.404253  -1.911137 23.309
 66    10.289 54518.57033124 28.47 304.410185  -1.881056  9.032
 66     9.862 54518.57033188 24.60 304.409465  -1.884362 23.156
 66     9.554 54518.57033253 23.88 304.408735  -1.887672 23.156
 66     9.171 54518.57033317 21.34 304.408005  -1.890972 23.156
 66     8.281 54518.57033382 22.18 304.407285  -1.894282 23.156
 66     7.397 54518.57033446 21.04 304.406555  -1.897582 23.156
 66     7.095 54518.57033511 19.10 304.405825  -1.900892 23.156
 66     9.113 54518.57033575 18.82 304.405095  -1.904192 23.156
 66     9.815 54518.57033640 17.73 304.404375  -1.907502 23.156
 66    10.010 54518.57033704 18.48 304.403645  -1.910802 23.156
 66    10.257 54518.57033769 24.30 304.402915  -1.914112 23.156
 67    11.295 54553.57034682 32.75 304.409139  -1.881348 12.371
 67    11.185 54553.57034747 31.81 304.408409  -1.884648 12.371
 67    10.696 54553.57034811 31.91 304.407679  -1.887958 12.371
 67     9.845 54553.57034876 32.84 304.406959  -1.891258 12.371
 67     9.060 54553.57034940 31.38 304.406228  -1.894567 29.085
 67     8.109 54553.57035005 30.10 304.405508  -1.897867 29.085
 67     7.286 54553.57035069 27.97 304.404778  -1.901177 29.085
 67     6.759 54553.57035133 27.27 304.404048  -1.904487 29.085
 67    10.701 54553.57035198 24.74 304.403328  -1.907787 29.085
 67    11.067 54553.57035262 25.10 304.402598  -1.911097 29.085
 67    11.538 54553.57035327 29.04 304.401868  -1.914397 29.085
 68    12.052 54588.57032674 31.94 304.409164  -1.881910 10.139
 68    11.588 54588.57032738 30.12 304.408434  -1.885220 10.139
 68    11.350 54588.57032803 26.95 304.407717  -1.888527 22.815
 68    10.654 54588.57032867 27.92 304.406987  -1.891827 22.815
 68    10.134 54588.57032932 27.04 304.406257  -1.895137 22.815
 68    11.522 54588.57032996 24.39 304.405537  -1.898447 22.815
 68    11.629 54588.57033061 24.29 304.404807  -1.901747 22.815
 68    11.839 54588.57033125 24.14 304.404077  -1.905057 22.815
 68    11.961 54588.57033190 24.86 304.403347  -1.908357 22.815
 68    11.781 54588.57033254 26.79 304.402627  -1.911667 22.815
 69    12.147 54623.57034474 31.35 304.409051  -1.881051  7.866
 69    11.795 54623.57034539 31.10 304.408331  -1.884361  7.866
 69    11.397 54623.57034603 29.99 304.407597  -1.887666 23.300
 69    10.853 54623.57034667 30.20 304.406877  -1.890976 23.300
 69     9.928 54623.57034732 29.35 304.406147  -1.894276 23.300
 69     9.044 54623.57034796 29.67 304.405417  -1.897586 23.300
 69     8.195 54623.57034861 27.62 304.404697  -1.900886 23.300
 69    10.799 54623.57034925 25.67 304.403967  -1.904196 23.300
 69    11.567 54623.57034990 25.60 304.403237  -1.907496 23.300
 69    11.884 54623.57035054 28.18 304.402517  -1.910806 23.300
 69    12.053 54623.57035119 34.40 304.401787  -1.914106 23.300
 70    11.914 54658.57035309 33.19 304.407897  -1.878990  7.869
 70    11.935 54658.57035373 32.89 304.407167  -1.882300  7.869
 70    11.728 54658.57035438 30.66 304.406437  -1.885610  7.869
 70    11.251 54658.57035502 28.54 304.405717  -1.888910  7.869
 70    10.922 54658.57035567 26.87 304.404982  -1.892217 18.418
 70    10.701 54658.57035631 27.10 304.404262  -1.895527 18.418
 70    10.869 54658.57035696 27.16 304.403532  -1.898827 18.418
 70    11.358 54658.57035760 23.84 304.402802  -1.902137 18.418
 70    11.654 54658.57035825 23.85 304.402082  -1.905437 18.418
 70    11.828 54658.57035889 25.01 304.401352  -1.908747 18.418
 70    11.669 54658.57035954 27.16 304.400622  -1.912047 18.418
 71    10.265 54693.57033425 35.89 304.409972  -1.879949 10.806
 71    10.038 54693.57033490 27.89 304.409242  -1.883259 10.806
 71     9.924 54693.57033554 26.11 304.408522  -1.886559 10.806
 71     9.385 54693.57033619 25.24 304.407792  -1.889869 10.806
 71     8.443 54693.57033683 25.05 304.407062  -1.893169 10.806
 71     7.718 54693.57033748 23.24 304.406342  -1.896479 10.806
 71     6.691 54693.57033812 23.29 304.405609  -1.899786 28.004
 71     7.077 54693.57033876 21.26 304.404889  -1.903096 28.004
 71     9.514 54693.57033941 20.69 304.404159  -1.906396 28.004
 71    10.150 54693.57034005 19.02 304.403429  -1.909706 28.004
 71    10.438 54693.57034070 24.57 304.402709  -1.913006 28.004
 72     8.454 54728.57030716 37.97 304.410077  -1.879898  8.634
 72     8.277 54728.57030780 18.18 304.409347  -1.883208  8.634
 72     7.802 54728.57030845 17.33 304.408628  -1.886513 15.271
 72     7.537 54728.57030909 16.04 304.407898  -1.889823 15.271
 72     7.297 54728.57030973 16.10 304.407168  -1.893123 15.271
 72     7.616 54728.57031038 14.60 304.406448  -1.896433 15.271
 72     7.572 54728.57031102 14.86 304.405718  -1.899733 15.271
 72     7.761 54728.57031167 15.20 304.404988  -1.903043 15.271
 72     8.078 54728.57031231 14.84 304.404258  -1.906343 15.271
 72     8.468 54728.57031296 16.09 304.403538  -1.909653 15.271
 72     8.570 54728.57031360 21.12 304.402808  -1.912953 15.271
 73     8.853 54763.57031256 23.33 304.408997  -1.879049  6.133
 73     6.508 54763.57031320 20.94 304.408267  -1.882359  6.133
 73     6.105 54763.57031385 19.57 304.407537  -1.885659  6.133
 73     5.925 54763.57031449 15.99 304.406817  -1.888969  6.133
 73     5.714 54763.57031514 15.29 304.406092  -1.892276 17.916
 73     5.812 54763.57031578 14.66 304.405362  -1.895576 17.916
 73     5.837 54763.57031643 14.26 304.404632  -1.898886 17.916
 73     6.011 54763.57031707 14.33 304.403902  -1.902196 17.916
 73     7.062 54763.57031771 14.48 304.403182  -1.905496 17.916
 73     8.122 54763.57031836 14.62 304.402452  -1.908806 17.916
 73     8.505 54763.57031900 18.80 304.401722  -1.912106 17.916
 74     8.009 54798.57030071 23.98 304.408247  -1.881185  5.376
 74     6.443 54798.57030136 21.00 304.407526  -1.884493 14.937
 74     5.993 54798.57030200 19.10 304.406796  -1.887793 14.937
 74     5.888 54798.57030265 17.09 304.406066  -1.891103 14.937
 74     5.793 54798.57030329 17.96 304.405346  -1.894413 14.937
 74     6.086 54798.57030393 15.99 304.404616  -1.897713 14.937
 74     6.201 54798.57030458 15.11 304.403886  -1.901023 14.937
 74     6.517 54798.57030522 14.57 304.403156  -1.904323 14.937
 74     7.688 54798.57030587 14.94 304.402436  -1.907633 14.937
 74     8.271 54798.57030651 16.13 304.401706  -1.910933 14.937
 74     9.017 54798.57030716 18.36 304.400976  -1.914243 14.937
 75     8.708 54833.57030263 34.16 304.409062  -1.880133  9.689
 75     7.979 54833.57030327 22.10 304.408332  -1.883433  9.689
 75     7.594 54833.57030392 16.81 304.407602  -1.886743  9.689
 75     7.313 54833.57030456 16.59 304.406882  -1.890043  9.689
 75     7.021 54833.57030521 16.74 304.406147  -1.893350 21.674
 75     7.513 54833.57030585 15.15 304.405427  -1.896660 21.674
 75     7.548 54833.57030650 15.55 304.404697  -1.899960 21.674
 75     7.782 54833.57030714 14.87 304.403967  -1.903270 21.674
 75     7.834 54833.57030779 15.21 304.403247  -1.906570 21.674
 75     8.253 54833.57030843 16.88 304.402517  -1.909880 21.674
 75     8.907 54833.57030908 20.08 304.401787  -1.913180 21.674
 76    10.076 54868.57029737 35.77 304.409773  -1.880548 17.019
 76     9.652 54868.57029801 24.80 304.409043  -1.883858 17.019
 76     9.078 54868.57029865 24.02 304.408313  -1.887158 17.019
 76     8.863 54868.57029930 22.45 304.407593  -1.890468 17.019
 76     8.284 54868.57029994 22.66 304.406863  -1.893768 17.019
 76     8.680 54868.57030059 22.01 304.406133  -1.897078 17.019
 76     9.320 54868.57030123 20.26 304.405403  -1.900378 17.019
 76     9.572 54868.57030188 19.47 304.404683  -1.903688 17.019
 76     9.742 54868.57030252 19.41 304.403953  -1.906988 17.019
 76    10.157 54868.57030317 19.04 304.403223  -1.910298 17.019
 76    10.271 54868.57030381 20.79 304.402503  -1.913598 17.019
 77    11.626 54903.57031289 34.68 304.406926  -1.882093  9.465
 77    11.330 54903.57031353 34.54 304.406206  -1.885403  9.465
 77    10.723 54903.57031418 33.08 304.405476  -1.888703  9.465
 77     9.904 54903.57031482 32.03 304.404745  -1.892012 25.517
 77     9.641 54903.57031546 27.65 304.404025  -1.895312 25.517
 77    10.416 54903.57031611 27.08 304.403295  -1.898622 25.517
 77    10.890 54903.57031675 25.51 304.402565  -1.901932 25.517
 77    11.166 54903.57031740 24.85 304.401845  -1.905232 25.517
 77    11.550 54903.57031804 23.43 304.401115  -1.908542 25.517
 77    11.427 54903.57031869 24.75 304.400385  -1.911842 25.517
 78    12.389 54938.57028722 31.65 304.409639  -1.880717 22.836
 78    12.193 54938.57028787 31.87 304.408919  -1.884027 22.836
 78    11.812 54938.57028851 30.23 304.408189  -1.887327 22.836
 78    11.339 54938.57028916 27.54 304.407459  -1.890637 22.836
 78    10.474 54938.57028980 27.83 304.406729  -1.893937 22.836
 78     9.816 54938.57029044 25.42 304.406009  -1.897247 22.836
 78    10.515 54938.57029109 24.10 304.405279  -1.900547 22.836
 78    11.581 54938.57029173 22.45 304.404549  -1.903857 22.836
 78    12.044 54938.57029238 22.99 304.403829  -1.907157 22.836
 78    12.306 54938.57029302 26.42 304.403099  -1.910467 22.836
 78    12.456 54938.57029367 34.69 304.402369  -1.913767 22.836
 79    13.055 54973.57031889 27.45 304.409190  -1.879793  9.907
 79    12.628 54973.57031954 27.68 304.408460  -1.883093  9.907
 79    12.265 54973.57032018 27.36 304.407744  -1.886399 26.499
 79    11.415 54973.57032083 25.92 304.407014  -1.889709 26.499
 79    11.101 54973.57032147 24.26 304.406284  -1.893009 26.499
 79    10.298 54973.57032212 25.84 304.405554  -1.896319 26.499
 79    10.871 54973.57032276 26.40 304.404834  -1.899619 26.499
 79    11.847 54973.57032341 27.91 304.404104  -1.902929 26.499
 79    12.168 54973.57032405 30.72 304.403374  -1.906229 26.499
 79    12.589 54973.57032469 32.38 304.402654  -1.909539 26.499
 79    12.752 54973.57032534 35.21 304.401924  -1.912839 26.499
 80    12.792 55008.57033461 31.61 304.407641  -1.882268 12.778
 80    12.418 55008.57033526 29.11 304.406921  -1.885568 12.778
 80    12.151 55008.57033590 25.66 304.406191  -1.888878 12.778
 80    11.417 55008.57033654 25.09 304.405461  -1.892178 12.778
 80    10.436 55008.57033719 25.50 304.404741  -1.895488 12.778
 80    10.313 55008.57033783 25.78 304.404011  -1.898788 12.778
 80    11.240 55008.57033848 25.67 304.403281  -1.902098 12.778
 80    11.833 55008.57033912 27.95 304.402561  -1.905398 12.778
 80    12.270 55008.57033977 32.37 304.401831  -1.908708 12.778
 80    12.618 55008.57034041 34.91 304.401101  -1.912008 12.778
 81    12.322 55043.57032312 26.29 304.410115  -1.879698  9.068
 81    12.085 55043.57032376 22.86 304.409395  -1.882998  9.068
 81    11.522 55043.57032441 23.24 304.408665  -1.886308  9.068
 81    11.064 55043.57032505 20.97 304.407935  -1.889608  9.068
 81    10.340 55043.57032570 22.03 304.407215  -1.892918  9.068
 81     9.207 55043.57032634 22.06 304.406489  -1.896225 31.244
 81    10.151 55043.57032699 19.99 304.405759  -1.899535 31.244
 81    10.630 55043.57032763 20.79 304.405029  -1.902835 31.244
 81    11.320 55043.57032827 22.27 304.404299  -1.906145 31.244
 81    11.596 55043.57032892 27.79 304.403579  -1.909445 31.244
 81    11.977 55043.57032956 31.66 304.402849  -1.912755 31.244
 82    10.809 55078.57030100 27.38 304.409847  -1.879760 10.299
 82    10.500 55078.57030164 25.08 304.409117  -1.883070 10.299
 82    10.240 55078.57030229 22.41 304.408397  -1.886370 10.299
 82     9.689 55078.57030293 22.17 304.407667  -1.889680 10.299
 82     8.781 55078.57030358 21.23 304.406937  -1.892990 10.299
 82     8.099 55078.57030422 18.60 304.406217  -1.896290 10.299
 82     7.489 55078.57030487 17.57 304.405485  -1.899597 30.253
 82     7.854 55078.57030551 18.57 304.404765  -1.902907 30.253
 82     9.627 55078.57030615 18.50 304.404035  -1.906207 30.253
 82     9.932 55078.57030680 19.43 304.403305  -1.909517 30.253
 82    10.402 55078.57030744 22.85 304.402585  -1.912817 30.253
 83     8.875 55113.57025614 35.83 304.409834  -1.879313  8.808
 83     8.788 55113.57025678 22.51 304.409104  -1.882613  8.808
 83     7.217 55113.57025743 19.38 304.408374  -1.885923  8.808
 83     7.140 55113.57025807 18.33 304.407656  -1.889228 20.347
 83     7.125 55113.57025872 16.30 304.406926  -1.892538 20.347
 83     7.130 55113.57025936 16.78 304.406196  -1.895838 20.347
 83     7.037 55113.57026000 16.12 304.405476  -1.899148 20.347
 83     7.230 55113.57026065 16.13 304.404746  -1.902448 20.347
 83     7.595 55113.57026129 16.61 304.404016  -1.905758 20.347
 83     8.166 55113.57026194 17.66 304.403286  -1.909058 20.347
 83     8.504 55113.57026258 21.23 304.402566  -1.912368 20.347
 84     8.556 55148.57025710 16.06 304.407623  -1.882143  6.473
 84     6.668 55148.57025774 14.90 304.406893  -1.885453  6.473
 84     5.686 55148.57025839 14.62 304.406173  -1.888753  6.473
 84     5.393 55148.57025903 14.25 304.405438  -1.892060 20.086
 84     5.184 55148.57025968 13.33 304.404718  -1.895370 20.086
 84     4.947 55148.57026032 14.42 304.403988  -1.898670 20.086
 84     5.246 55148.57026097 13.46 304.403258  -1.901980 20.086
 84     5.547 55148.57026161 13.68 304.402538  -1.905280 20.086
 84     7.570 55148.57026226 12.87 304.401808  -1.908590 20.086
 84     8.011 55148.57026290 18.63 304.401078  -1.911890 20.086
 85     8.495 55183.57023801 15.89 304.408863  -1.881056  5.917
 85     7.980 55183.57023866 14.51 304.408143  -1.884363 10.181
 85     5.546 55183.57023930 13.85 304.407413  -1.887663 10.181
 85     5.339 55183.57023995 12.12 304.406683  -1.890973 10.181
 85     5.255 55183.57024059 13.31 304.405963  -1.894283 10.181
 85     5.396 55183.57024124 11.72 304.405233  -1.897583 10.181
 85     5.432 55183.57024188 10.50 304.404503  -1.900893 10.181
 85     5.718 55183.57024253  9.94 304.403773  -1.904193 10.181
 85     7.353 55183.57024317  9.85 304.403053  -1.907503 10.181
 85     7.848 55183.57024382 12.13 304.402323  -1.910803 10.181
 85     7.906 55183.57024446 19.65 304.401593  -1.914113 10.181
 86     8.080 55218.57025502 22.04 304.407805  -1.881989  5.723
 86     7.651 55218.57025567 20.67 304.407075  -1.885299  5.723
 86     7.464 55218.57025631 20.08 304.406355  -1.888599  5.723
 86     7.293 55218.57025696 19.84 304.405625  -1.891909  5.723
 86     6.824 55218.57025760 19.44 304.404895  -1.895209  5.723
 86     7.070 55218.57025825 18.65 304.404175  -1.898519  5.723
 86     7.599 55218.57025889 17.74 304.403445  -1.901819  5.723
 86     7.819 55218.57025954 16.97 304.402715  -1.905129  5.723
 86     8.027 55218.57026018 17.23 304.401995  -1.908429  5.723
 86     8.008 55218.57026083 18.49 304.401265  -1.911739  5.723
 87     9.280 55253.57023457 21.47 304.410275  -1.882070  9.155
 87     8.791 55253.57023521 19.66 304.409545  -1.885380  9.155
 87     8.400 55253.57023585 20.11 304.408815  -1.888680  9.155
 87     7.906 55253.57023650 20.36 304.408085  -1.891990  9.155
 87     7.642 55253.57023714 20.43 304.407365  -1.895290  9.155
 87     8.677 55253.57023779 17.47 304.406635  -1.898600  9.155
 87     8.919 55253.57023843 17.03 304.405905  -1.901900  9.155
 87     9.050 55253.57023908 16.61 304.405185  -1.905210  9.155
 87     9.292 55253.57023972 17.01 304.404455  -1.908510  9.155
 87     9.178 55253.57024037 19.64 304.403725  -1.911820  9.155
 88    10.514 55288.57024398 37.73 304.408464  -1.880749 10.598
 88    10.084 55288.57024463 32.09 304.407744  -1.884059 10.598
 88     9.773 55288.57024527 31.39 304.407014  -1.887359 10.598
 88     9.538 55288.57024592 30.50 304.406284  -1.890669 10.598
 88     9.108 55288.57024656 29.18 304.405564  -1.893969 10.598
 88     8.698 55288.57024721 29.43 304.404833  -1.897279 15.997
 88     8.169 55288.57024785 28.80 304.404113  -1.900579 15.997
 88     7.542 55288.57024849 26.45 304.403383  -1.903889 15.997
 88     6.616 55288.57024914 26.89 304.402653  -1.907189 15.997
 88     6.417 55288.57024978 25.67 304.401933  -1.910499 15.997
 88     9.934 55288.57025043 23.98 304.401203  -1.913809 15.997
 89    11.539 55323.57022169 30.26 304.407335  -1.881782 13.713
 89    11.111 55323.57022233 26.63 304.406605  -1.885092 13.713
 89    10.697 55323.57022298 26.16 304.405885  -1.888392 13.713
 89    10.051 55323.57022362 26.82 304.405150  -1.891699 27.445
 89     9.262 55323.57022427 22.25 304.404430  -1.895009 27.445
 89     8.392 55323.57022491 20.72 304.403700  -1.898309 27.445
 89     7.638 55323.57022556 21.42 304.402970  -1.901619 27.445
 89     9.257 55323.57022620 21.18 304.402250  -1.904919 27.445
 89     9.985 55323.57022685 20.80 304.401520  -1.908229 27.445
 89    10.316 55323.57022749 24.54 304.400790  -1.911529 27.445
 90    11.794 55358.57022061 35.36 304.408252  -1.881208 11.514
 90    11.574 55358.57022125 33.92 304.407522  -1.884508 11.514
 90    11.269 55358.57022189 30.40 304.406802  -1.887818 11.514
 90    10.926 55358.57022254 30.68 304.406069  -1.891124 26.416
 90    10.473 55358.57022318 29.79 304.405349  -1.894434 26.416
 90    10.071 55358.57022383 27.98 304.404619  -1.897734 26.416
 90     9.651 55358.57022447 27.28 304.403889  -1.901044 26.416
 90     8.906 55358.57022512 27.35 304.403169  -1.904344 26.416
 90    10.840 55358.57022576 25.62 304.402439  -1.907654 26.416
 90    11.340 55358.57022641 24.82 304.401709  -1.910954 26.416
 90    11.751 55358.57022705 28.21 304.400989  -1.914264 26.416
 91    10.932 55393.57022385 29.15 304.408549  -1.882268 12.250
 91    10.682 55393.57022450 28.13 304.407819  -1.885568 12.250
 91     9.823 55393.57022514 28.60 304.407089  -1.888878 12.250
 91     9.173 55393.57022579 26.74 304.406369  -1.892178 12.250
 91     8.417 55393.57022643 25.58 304.405639  -1.895488 12.250
 91     7.350 55393.57022708 25.10 304.404909  -1.898788 12.250
 91     6.940 55393.57022772 21.87 304.404189  -1.902098 12.250
 91     9.521 55393.57022837 21.25 304.403459  -1.905398 12.250
 91    10.167 55393.57022901 19.98 304.402729  -1.908708 12.250
 91    10.413 55393.57022965 20.80 304.401999  -1.912008 12.250
 92     9.493 55428.57023572 23.51 304.410497  -1.879822  9.350
 92     9.260 55428.57023637 21.73 304.409777  -1.883122  9.350
 92     8.845 55428.57023701 20.44 304.409047  -1.886432  9.350
 92     8.719 55428.57023766 18.66 304.408317  -1.889742  9.350
 92     8.339 55428.57023830 18.54 304.407597  -1.893042  9.350
 92     8.711 55428.57023894 17.83 304.406871  -1.896349 23.292
 92     8.854 55428.57023959 16.68 304.406141  -1.899659 23.292
 92     8.815 55428.57024023 17.32 304.405411  -1.902959 23.292
 92     8.983 55428.57024088 17.40 304.404691  -1.906269 23.292
 92     9.078 55428.57024152 17.58 304.403961  -1.909569 23.292
 92    10.162 55428.57024217 21.22 304.403231  -1.912879 23.292
 93     5.946 55463.57019978 21.38 304.411367  -1.880649  7.082
 93     5.873 55463.57020043 19.34 304.410637  -1.883949  7.082
 93     5.621 55463.57020107 17.51 304.409907  -1.887259  7.082
 93     5.371 55463.57020172 16.24 304.409187  -1.890559  7.082
 93     5.100 55463.57020236 16.54 304.408457  -1.893869  7.082
 93     5.302 55463.57020301 14.24 304.407737  -1.897169  7.082
 93     5.555 55463.57020365 14.55 304.407007  -1.900479  7.082
 93     6.878 55463.57020430 14.19 304.406277  -1.903786 22.136
 93     7.791 55463.57020494 13.99 304.405557  -1.907086 22.136
 93     8.217 55463.57020558 16.95 304.404827  -1.910396 22.136
 93     8.543 55463.57020623 22.98 304.404097  -1.913706 22.136
