-196720.909    11.797     0.00    8.81
-196344.782    12.135     0.90    8.24
-195968.657    12.908     2.06    6.90
-195592.533    14.426     4.03    5.48
-195216.410    15.770     3.57    3.92
-194840.287    15.682    -0.23    5.71
-194464.166    13.836    -4.91    8.38
-194088.046    11.526    -6.14    9.33
-193711.927    11.703     0.47    9.16
-193335.808    11.189    -1.37    8.68
-192959.691    13.324     5.68    7.80
-192583.575    16.451     8.31    3.62
-192207.460    16.757     0.81    2.24
-191831.345    17.061     0.81    2.52
-191455.232    16.913    -0.39    3.08
-191079.120    15.350    -4.16    5.02
-190703.008    14.757    -1.58    5.35
-190326.898    15.041     0.76    5.72
-189950.789    14.929    -0.30    5.98
-189574.680    15.464     1.42    5.57
-189198.573    15.433    -0.08    7.61
-188822.467    12.797    -7.01    9.12
-188446.361    12.666    -0.35    9.74
-188070.257    12.913     0.66    9.47
-187694.153    15.141     5.92    7.60
-187318.051    17.027     5.01    5.73
-186941.949    17.487     1.22    4.24
-186565.849    17.892     1.08    2.82
-186189.749    17.144    -1.99    2.70
-185813.650    16.216    -2.47    2.65
-185437.553    15.246    -2.58    2.82
-185061.456    14.426    -2.18    2.85
-184685.360    13.964    -1.23    2.77
-184309.265    14.162     0.53    3.05
-183933.171    14.272     0.29    3.41
-183557.079    13.745    -1.40    3.57
-183180.987    12.825    -2.45    3.68
-182804.896    11.324    -3.99    2.47
-182428.806    10.381    -2.51    0.28
-182052.717    10.487     0.28    0.40
-181676.628    10.605     0.32    0.47
-181300.541    10.672     0.18    0.49
-180924.455    10.708     0.09    0.50
-180548.370    10.692    -0.04    0.50
-180172.285    10.825     0.35    0.56
-179796.202    10.861     0.10    0.64
-179420.119    10.892     0.08    0.93
-179044.038    11.733     2.24    2.17
-178667.957    12.955     3.25    2.92
-178291.877    14.605     4.39    3.38
-177915.799    15.622     2.70    3.22
-177539.721    14.113    -4.01    5.58
-177163.644    12.847    -3.37    6.33
-176787.568    12.714    -0.35    6.18
-176411.493    13.135     1.12    6.68
-176035.419    14.784     4.38    5.90
-175659.345    16.865     5.53    2.71
-175283.273    17.351     1.29    2.09
-174907.202    17.183    -0.45    1.78
-174531.131    16.272    -2.42    2.44
-174155.062    15.297    -2.59    3.03
-173778.993    14.460    -2.23    4.84
-173402.925    14.400    -0.16    4.87
-173026.858    14.403     0.01    4.75
-172650.793    15.113     1.89    4.59
-172274.728    16.622     4.01    2.22
-171898.663    16.990     0.98    2.09
-171522.600    17.353     0.97    1.96
-171146.538    17.034    -0.85    2.04
-170770.476    16.122    -2.42    2.63
-170394.416    15.533    -1.57    2.98
-170018.356    12.824    -7.20    6.07
-169642.297    10.000    -7.51    6.73
-169266.240     9.487    -1.37    7.07
-168890.183     9.405    -0.22    6.96
-168514.127    11.131     4.59    7.13
-168138.071    12.964     4.88    6.48
-167762.017    15.220     6.00    4.58
-167385.964    16.000     2.07    4.72
-167009.911    16.245     0.65    4.07
-166633.859    17.169     2.46    3.89
-166257.809    16.759    -1.09    4.08
-165881.759    17.108     0.93    3.71
-165505.710    17.964     2.28    3.46
-165129.661    19.631     4.43    3.51
-164753.614    21.054     3.79    3.39
-164377.499    21.508     1.21    3.55
-164001.276    22.110     1.60    3.94
-163625.054    20.400    -4.55    4.57
-163248.833    18.745    -4.40    4.10
-162872.613    16.853    -5.03    4.46
-162496.393    15.297    -4.13    3.33
-162120.175    15.547     0.66    3.50
-161743.957    16.061     1.36    4.03
-161367.740    16.400     0.90    3.83
-160991.524    15.351    -2.79    3.72
-160615.309    10.913   -11.80    7.66
-160239.095     8.477    -6.47    7.48
-159862.881     9.118     1.70    7.51
-159486.668    10.514     3.71    8.60
-159110.457    15.647    13.65    6.82
-158734.246    18.919     8.70    4.17
-158358.036    21.135     5.89    2.64
-157981.826    20.649    -1.29    3.07
-157605.618    19.155    -3.97    3.66
-157229.410    18.092    -2.82    3.76
-156853.203    17.323    -2.04    4.07
-156476.998    16.964    -0.95    3.99
-156100.792    17.034     0.19    3.79
-155724.588    16.797    -0.63    3.06
-155348.385    16.903     0.28    2.95
-154972.182    17.374     1.25    2.54
-154595.980    17.730     0.95    2.33
-154219.779    17.455    -0.73    2.63
-153843.579    16.929    -1.40    2.93
-153467.380    16.656    -0.72    2.92
-153091.181    17.027     0.99    3.14
-152714.984    17.374     0.92    2.87
-152338.787    17.785     1.09    2.65
-151962.591    16.108    -4.46    4.42
-151586.396    14.216    -5.03    3.81
-151210.201    12.703    -4.02    3.30
-150834.008    13.034     0.88    3.47
-150457.815    15.554     6.70    3.88
-150081.623    17.325     4.71    4.98
-149705.432    19.426     5.58    5.37
-149329.241    21.166     4.63    5.38
-148953.052    21.186     0.05    5.45
-148576.863    20.403    -2.08    5.22
-148200.675    18.631    -4.71    4.89
-147824.488    17.692    -2.50    4.33
-147448.301    17.429    -0.70    3.93
-147072.116    18.092     1.76    3.58
-146695.931    18.020    -0.19    3.26
-146319.747    17.722    -0.79    3.55
-145943.564    17.528    -0.52    4.16
-145567.381    16.469    -2.82    4.31
-145191.199    16.622     0.41    4.00
-144815.018    16.054    -1.51    3.53
-144438.838    14.919    -3.02    4.18
-144062.659    14.771    -0.39    3.48
-143686.480    14.838     0.18    3.65
-143310.303    15.747     2.42    2.71
-142934.126    16.118     0.98    2.25
-142557.949    15.135    -2.61    2.24
-142181.774    12.324    -7.47    5.61
-141805.599     9.955    -6.30    6.70
-141429.425     7.561    -6.37    7.00
-141053.252     7.103    -1.22    7.11
-140677.080     8.195     2.90    7.29
-140300.908     9.325     3.00    7.60
-139924.737    11.144     4.83    7.23
-139548.567    10.887    -0.68    7.06
-139172.398    10.329    -1.48    7.45
-138796.229    10.487     0.42    7.29
-138420.061    10.135    -0.93    7.47
-138043.894    10.487     0.93    7.18
-137667.728    11.639     3.06    6.30
-137291.562    12.595     2.54    5.11
-136915.397    14.272     4.46    2.12
-136539.233    14.374     0.27    2.34
-136163.070    14.824     1.19    2.92
-135786.907    16.460     4.35    3.11
-135410.745    17.824     3.63    3.19
-135034.584    19.246     3.78    3.62
-134658.424    20.351     2.94    3.17
-134282.264    20.246    -0.28    3.73
-133906.105    20.047    -0.53    3.77
-133529.947    20.561     1.36    3.98
-133153.789    22.169     4.28    4.23
-132777.632    23.891     4.58    3.32
-132401.476    23.656    -0.62    3.93
-132025.321    24.243     1.56    4.37
-131649.167    25.514     3.38    3.95
-131273.013    26.349     2.22    3.30
-130896.860    26.270    -0.21    3.44
-130520.707    23.220    -8.11    6.09
-130144.555    19.964    -8.66    6.59
-129768.404    17.865    -5.58    5.98
-129392.254    17.087    -2.07    5.33
-129016.104    18.092     2.67    4.47
-128639.956    18.631     1.43    5.65
-128263.807    20.676     5.44    7.79
-127887.660    24.745    10.82    7.55
-127511.513    27.892     8.37    5.68
-127135.367    28.811     2.44    3.82
-126759.222    25.243    -9.48    6.43
-126383.077    21.704    -9.41    6.32
-126006.933    19.015    -7.15    5.72
-125630.790    17.477    -4.09    5.23
-125254.647    16.631    -2.25    5.57
-124878.506    13.579    -8.11    5.17
-124502.364    14.297     1.91    5.47
-124126.224    15.771     3.92    6.33
-123750.084    16.824     2.80    6.48
-123373.945    19.000     5.79    6.30
-122997.807    22.000     7.98    5.78
-122621.669    24.067     5.49    5.06
-122245.532    25.712     4.37    3.73
-121869.395    26.908     3.18    2.74
-121493.260    26.850    -0.16    3.71
-121117.125    25.757    -2.91    3.66
-120740.990    25.351    -1.08    3.65
-120364.857    23.108    -5.96    5.68
-119988.724    21.355    -4.66    6.28
-119612.591    18.144    -8.54    5.70
-119236.460    15.147    -7.97    4.20
-118860.329    14.405    -1.97    3.08
-118484.198    15.605     3.19    4.47
-118108.069    18.324     7.23    5.47
-117731.939    20.666     6.23    6.10
-117355.811    23.528     7.61    5.92
-116979.683    25.220     4.50    4.98
-116603.556    25.492     0.72    5.10
-116227.430    27.087     4.24    3.54
-115851.304    27.579     1.31    2.79
-115475.179    27.297    -0.75    3.52
-115099.055    26.554    -1.98    4.63
-114722.931    25.192    -3.62    4.97
-114346.808    25.027    -0.44    4.71
-113970.685    24.892    -0.36    4.04
-113594.563    25.162     0.72    3.43
-113218.442    24.631    -1.41    3.91
-112842.322    22.872    -4.67    5.21
-112466.202    22.108    -2.03    5.34
-112090.082    21.015    -2.91    5.46
-111713.964    22.061     2.78    4.88
-111337.846    23.192     3.01    4.29
-110961.728    22.784    -1.09    4.32
-110585.611    22.247    -1.43    4.27
-110209.495    19.929    -6.16    5.13
-109833.380    18.405    -4.05    5.01
-109457.265    16.850    -4.14    4.64
-109081.150    17.881     2.74    5.27
-108705.037    19.349     3.90    4.93
-108328.924    19.990     1.70    5.27
-107952.811    21.212     3.25    4.16
-107576.699    21.378     0.44    3.80
-107200.588    21.514     0.36    3.39
-106824.478    22.000     1.29    2.64
-106448.368    20.197    -4.79    4.40
-106072.258    17.108    -8.21    5.70
-105696.150    15.324    -4.74    5.42
-105320.041    14.271    -2.80    5.12
-104943.934    15.195     2.46    4.67
-104567.827    16.892     4.51    4.96
-104191.720    18.172     3.40    4.93
-103815.615    18.876     1.87    5.24
-103439.510    18.131    -1.98    5.51
-103063.405    16.297    -4.87    6.07
-102687.301    13.770    -6.72    5.26
-102311.198    13.528    -0.64    4.29
-101935.095    13.246    -0.75    3.97
-101558.993    13.444     0.53    3.47
-101182.891    13.838     1.05    2.85
-100806.790    13.622    -0.57    2.51
-100430.690    13.103    -1.38    2.80
-100054.590    12.374    -1.94    2.62
 -99678.490    11.982    -1.04    2.52
 -99302.392     9.246    -7.27    5.47
 -98926.294     7.579    -4.43    5.95
 -98550.196     8.400     2.18    6.51
 -98174.099     8.514     0.30    6.39
 -97798.003    11.323     7.47    4.77
 -97421.907    13.272     5.18    2.03
 -97045.811    13.020    -0.67    2.13
 -96669.717    10.973    -5.44    5.14
 -96293.623    10.108    -2.30    5.86
 -95917.529    10.784     1.80    6.59
 -95541.436    11.508     1.93    6.71
 -95165.344    11.886     1.00    6.38
 -94789.252    11.605    -0.75    6.19
 -94413.160    10.455    -3.06    6.66
 -94037.070     9.047    -3.74    6.71
 -93660.979     8.836    -0.56    6.52
 -93284.890    10.561     4.59    5.63
 -92908.800    13.087     6.72    2.69
 -92532.712    13.008    -0.21    3.21
 -92156.624    13.349     0.91    3.11
 -91780.536    13.108    -0.64    3.12
 -91404.449    13.426     0.84    2.66
 -91028.363    14.072     1.72    1.72
 -90652.277    13.697    -1.00    2.29
 -90276.192    13.162    -1.42    2.30
 -89900.107    12.487    -1.80    2.69
 -89524.023    12.595     0.29    2.98
 -89147.861    12.649     0.14    2.72
 -88771.669    12.355    -0.78    2.47
 -88395.478    12.847     1.31    2.88
 -88019.288    13.271     1.13    3.72
 -87643.098    14.189     2.44    4.74
 -87266.909    16.785     6.90    6.11
 -86890.720    19.482     7.17    6.36
 -86514.531    22.733     8.64    6.46
 -86138.343    24.946     5.88    4.95
 -85762.156    27.169     5.91    4.27
 -85385.969    27.853     1.82    4.44
 -85009.783    28.528     1.79    4.26
 -84633.597    29.144     1.64    4.59
 -84257.412    28.954    -0.50    5.08
 -83881.227    29.785     2.21    3.89
 -83505.043    29.838     0.14    3.26
 -83128.859    29.825    -0.03    3.41
 -82752.676    30.297     1.26    3.19
 -82376.493    30.825     1.40    2.69
 -82000.311    31.192     0.98    2.48
 -81624.130    30.554    -1.70    2.95
 -81247.948    29.838    -1.90    3.80
 -80871.768    28.631    -3.21    4.51
 -80495.587    27.015    -4.29    4.91
 -80119.408    25.477    -4.09    5.10
 -79743.228    25.027    -1.20    4.78
 -79367.050    24.605    -1.12    5.32
 -78990.871    24.703     0.26    5.82
 -78614.694    23.189    -4.02    6.19
 -78238.516    20.595    -6.90    6.63
 -77862.340    18.985    -4.28    5.93
 -77486.163    16.708    -6.05    5.78
 -77109.987    15.139    -4.17    6.49
 -76733.812    14.686    -1.20    7.74
 -76357.637    12.692    -5.30    8.38
 -75981.463    13.353     1.76    8.24
 -75605.289    13.850     1.32    8.28
 -75229.115    14.092     0.64    7.98
 -74852.942    14.568     1.26    7.26
 -74476.770    14.850     0.75    7.19
 -74100.598    15.169     0.85    6.78
 -73724.426    15.092    -0.20    6.86
 -73348.255    17.703     6.94    3.33
 -72972.084    17.605    -0.26    3.64
 -72595.914    17.946     0.91    3.19
 -72219.744    18.242     0.79    2.77
 -71843.575    18.595     0.94    2.90
 -71467.406    19.097     1.34    2.69
 -71091.238    19.272     0.46    3.19
 -70715.070    18.759    -1.36    3.35
 -70338.902    18.408    -0.93    3.35
 -69962.735    17.041    -3.64    3.37
 -69586.568    16.936    -0.28    3.55
 -69210.402    16.876    -0.16    3.77
 -68834.237    17.374     1.32    4.16
 -68458.071    17.403     0.08    3.94
 -68081.906    17.376    -0.07    4.02
 -67705.742    18.166     2.10    3.87
 -67329.578    18.947     2.08    3.82
 -66953.415    20.919     5.24    4.15
 -66577.251    21.897     2.60    3.91
 -66201.089    22.349     1.20    3.71
 -65824.927    22.075    -0.73    4.12
 -65448.765    23.189     2.96    3.45
 -65072.603    23.714     1.40    3.51
 -64696.442    23.429    -0.76    4.03
 -64320.282    22.897    -1.41    4.72
 -63944.122    22.216    -1.81    5.52
 -63567.962    20.272    -5.17    6.14
 -63191.803    19.534    -1.96    5.82
 -62815.644    18.587    -2.52    5.45
 -62439.485    19.087     1.33    4.91
 -62063.327    20.374     3.42    4.99
 -61687.170    22.008     4.34    3.91
 -61311.012    23.325     3.50    3.24
 -60934.856    20.913    -6.41    7.46
 -60558.699    18.408    -6.66    8.87
 -60182.543    17.422    -2.62    8.67
 -59806.388    17.349    -0.20    8.20
 -59430.232    19.183     4.88    6.99
 -59054.078    20.892     4.54    3.72
 -58677.923    20.297    -1.58    3.13
 -58301.769    20.666     0.98    3.22
 -57925.615    20.631    -0.09    3.15
 -57549.462    21.054     1.13    3.44
 -57173.309    21.747     1.84    2.69
 -56797.157    20.015    -4.60    4.25
 -56421.005    19.797    -0.58    4.23
 -56044.853    19.730    -0.18    3.48
 -55668.702    20.245     1.37    3.20
 -55292.551    20.195    -0.13    3.02
 -54916.400    19.992    -0.54    3.18
 -54540.250    18.118    -4.98    3.69
 -54164.101    17.742    -1.00    2.93
 -53787.951    18.271     1.41    2.80
 -53411.802    18.220    -0.13    2.40
 -53035.653    18.891     1.78    2.30
 -52659.505    18.595    -0.79    2.27
 -52283.357    18.561    -0.09    2.50
 -51907.210    18.460    -0.27    2.83
 -51531.063    18.579     0.32    2.61
 -51154.916    17.838    -1.97    4.07
 -50778.769    14.195    -9.69    7.77
 -50402.623    11.861    -6.20    7.79
 -50026.477    11.887     0.07    7.46
 -49650.332    12.919     2.74    6.51
 -49274.187    13.554     1.69    4.97
 -48898.042    12.639    -2.43    4.33
 -48521.898    11.825    -2.16    3.56
 -48145.754    12.838     2.69    3.88
 -47769.610    13.838     2.66    3.32
 -47393.467    13.838     0.00    3.55
 -47017.324    14.169     0.88    3.06
 -46641.182    14.266     0.26    3.02
 -46265.039    14.323     0.15    2.77
 -45888.897    14.528     0.55    2.90
 -45512.756    15.186     1.75    2.59
 -45136.615    15.374     0.50    2.54
 -44760.474    16.054     1.81    2.43
 -44384.333    16.605     1.46    2.94
 -44008.193    16.482    -0.33    2.86
 -43632.053    16.745     0.70    2.59
 -43255.913    16.162    -1.55    3.34
 -42879.774    15.220    -2.50    3.19
 -42503.635    14.772    -1.19    2.73
 -42127.497    14.103    -1.78    1.86
 -41751.358    13.811    -0.78    2.14
 -41375.220    13.703    -0.29    2.42
 -40999.083    13.946     0.65    2.58
 -40622.945    14.243     0.79    2.45
 -40246.808    13.955    -0.77    2.09
 -39870.672    14.872     2.44    1.68
 -39494.535    15.169     0.79    1.87
 -39118.399    15.973     2.14    2.39
 -38742.263    14.938    -2.75    5.20
 -38366.128    13.718    -3.24    7.05
 -37989.993    12.008    -4.55    7.97
 -37613.858     9.376    -7.00    8.52
 -37237.723     7.733    -4.37    8.36
 -36861.589     5.103    -6.99    7.42
 -36485.455     2.666    -6.48    5.88
 -36109.322     1.836    -2.21    5.32
 -35733.188     0.955    -2.34    4.68
 -35357.055     2.374     3.77    6.15
 -34980.922     2.622     0.66    6.25
 -34604.790     0.270    -6.25    3.59
 -34228.658    -0.622    -2.37    0.49
 -33852.526    -0.703    -0.22    0.00
 -33476.394    -0.703     0.00    0.00
 -33100.263    -0.703     0.00    0.00
 -32724.132    -0.703     0.00    0.00
 -32348.001    -0.703     0.00    0.00
 -31971.870    -0.703     0.00    0.00
 -31595.740    -0.703     0.00    0.00
 -31219.610    -0.703     0.00    0.00
 -30843.481    -0.703     0.00    0.00
 -30467.351    -0.703     0.00    0.00
 -30091.222    -0.703     0.00    0.00
 -29715.093    -0.703     0.00    0.00
 -29338.964    -0.703     0.00    0.00
 -28962.836    -0.703     0.00    0.00
 -28586.708    -0.703     0.00    0.00
 -28210.580    -0.703     0.00    0.00
 -27834.453    -0.703     0.00    0.00
 -27458.325    -0.703     0.00    0.00
 -27082.198    -0.703     0.00    0.00
 -26706.071    -0.703     0.00    0.00
 -26329.945    -0.703     0.00    0.00
 -25953.819    -0.703     0.00    0.00
 -25577.693    -0.703     0.00    0.00
 -25201.567    -0.703     0.00    0.00
 -24825.441    -0.703     0.00    0.00
 -24449.316    -0.703     0.00    0.00
 -24073.191    -0.703     0.00    0.00
 -23697.066    -0.703     0.00    0.00
 -23320.941    -0.703     0.00    0.00
 -22944.817    -0.617     0.23    0.51
 -22568.693     1.964     6.86    5.62
 -22192.569     6.656    12.48    8.54
 -21816.446    11.270    12.27    8.17
 -21440.322    15.946    12.43    6.00
 -21064.199    16.973     2.73    4.83
 -20688.076    17.865     2.37    2.48
 -20311.953    18.097     0.62    2.66
 -19935.831    17.568    -1.41    2.64
 -19559.708    17.929     0.96    3.34
 -19183.586    18.271     0.91    3.08
 -18807.465    16.144    -5.66    5.87
 -18431.343    14.568    -4.19    6.87
 -18055.222    15.672     2.94    7.50
 -17679.100    15.169    -1.34    8.38
 -17302.979    16.075     2.41    8.37
 -16926.859    15.973    -0.27    8.41
 -16550.738    15.595    -1.01    7.68
 -16174.618    17.595     5.32    5.62
 -15798.498    18.631     2.75    3.49
 -15422.378    19.158     1.40    2.86
 -15046.258    18.349    -2.15    3.32
 -14670.138    18.561     0.56    3.27
 -14294.016    19.464     2.40    2.58
 -13917.855    14.297   -13.74    8.93
 -13541.694     9.272   -13.36   10.31
 -13165.532     4.087   -13.78    8.66
 -12789.371    -0.405   -11.94    1.31
 -12413.211    -0.703    -0.79    0.00
 -12037.050    -0.703     0.00    0.00
 -11660.889    -0.703     0.00    0.00
 -11284.729    -0.703     0.00    0.00
 -10908.569     1.155     4.94    5.39
 -10532.409     6.568    14.39    9.40
 -10156.250    13.054    17.24    9.30
  -9780.090    16.892    10.20    6.16
  -9403.931    18.108     3.23    4.82
  -9027.772    17.797    -0.83    4.72
  -8651.613    16.997    -2.13    4.49
  -8275.454    17.015     0.05    3.77
  -7899.295    16.811    -0.54    3.25
  -7523.137    17.169     0.95    3.04
  -7146.978    16.955    -0.57    2.18
  -6770.820    17.246     0.77    2.18
  -6394.662    17.081    -0.44    2.48
  -6018.504    16.451    -1.67    2.99
  -5642.347    16.242    -0.56    3.10
  -5266.189    15.400    -2.24    2.34
  -4890.032    15.785     1.02    2.17
  -4513.875    16.735     2.53    2.15
  -4137.718    18.081     3.58    3.00
  -3761.561    19.568     3.95    3.11
  -3385.404    19.676     0.29    4.65
  -3009.247    19.622    -0.14    5.53
  -2633.091    18.964    -1.75    6.57
  -2256.935    19.092     0.34    6.27
  -1880.778    16.733    -6.27    9.19
  -1504.622    12.324   -11.72   11.28
  -1128.467     5.771   -17.42   10.26
   -752.311     0.887   -12.98    5.43
   -376.155    -0.703    -4.23    0.00
      0.000    -0.703     0.00    0.00
    376.156    -0.036     1.77    3.56
    752.311     3.081     8.29    8.04
   1128.466     7.376    11.42   10.00
   1504.621    12.745    14.27    9.93
   1880.776    17.672    13.10    6.29
   2256.930    19.297     4.32    3.09
   2633.085    19.350     0.14    2.05
   3009.239    18.825    -1.40    2.27
   3385.394    17.990    -2.22    2.26
   3761.548    17.603    -1.03    2.11
   4137.702    17.913     0.82    2.17
   4513.856    17.745    -0.45    4.30
   4890.010    15.027    -7.22    8.02
   5266.163    13.218    -4.81    8.30
   5642.317    12.861    -0.95    8.08
   6018.471    13.913     2.79    6.75
   6394.624    16.186     6.04    3.34
   6770.777    16.166    -0.05    3.33
   7146.931    15.541    -1.66    2.64
   7523.084    15.135    -1.08    2.64
   7899.237    15.081    -0.14    3.25
   8275.390    16.503     3.78    3.97
   8651.542    16.502    -0.00    4.58
   9027.695    14.697    -4.80    6.19
   9403.848    11.547    -8.37    6.34
   9780.000     7.272   -11.37    3.59
  10156.153     5.547    -4.58    1.57
  10532.305     5.324    -0.59    1.26
  10908.457     5.323    -0.00    1.22
  11284.610     5.587     0.70    1.56
  11660.762     5.876     0.77    1.50
  12036.914     5.887     0.03    1.50
  12413.066     5.847    -0.11    1.43
  12789.217     5.595    -0.67    1.37
  13165.369     5.947     0.94    1.67
  13541.521     6.245     0.79    1.90
  13917.673     6.324     0.21    2.03
  14293.824     6.757     1.15    2.21
  14669.976     6.964     0.55    2.31
  15046.127     7.169     0.55    2.63
  15422.278     7.047    -0.32    2.90
  15798.430     6.603    -1.18    2.94
  16174.581     6.397    -0.55    2.66
  16550.732     6.061    -0.90    2.55
  16926.883     6.166     0.28    2.32
  17303.034     6.455     0.77    2.10
  17679.185     6.771     0.84    2.46
  18055.336     7.631     2.29    2.26
  18431.487     7.686     0.15    2.42
  18807.638     7.477    -0.56    2.33
  19183.789     7.326    -0.40    2.29
  19559.940     7.195    -0.35    2.09
  19936.090     6.759    -1.16    2.29
  20312.241     6.436    -0.86    2.34
  20688.392     7.811     3.65    3.15
  21064.542     9.324     4.02    4.73
  21440.693    12.502     8.45    5.58
  21816.843    14.938     6.48    5.15
  22192.994    15.000     0.16    5.87
  22569.144    12.272    -7.25    5.91
  22945.294    10.192    -5.53    4.71
  23321.445     9.455    -1.96    3.69
  23697.595    10.838     3.68    4.26
  24073.745    12.990     5.72    4.87
  24449.896    11.271    -4.57    7.80
  24826.046     8.603    -7.09    9.18
  25202.196     3.824   -12.71    8.22
  25578.346     3.742    -0.22    8.20
  25954.496     7.964    11.22   10.04
  26330.647    14.220    16.63    9.42
  26706.797    20.235    15.99    3.08
  27082.947    19.108    -3.00    4.75
  27459.097    17.162    -5.17    6.13
  27835.247    14.000    -8.41    6.23
  28211.397    12.656    -3.57    5.30
  28587.547    13.622     2.57    4.67
  28963.697    16.426     7.45    3.85
  29339.848    18.220     4.77    2.76
  29715.998    18.810     1.57    3.32
  30092.148    16.324    -6.61    7.10
  30468.298    11.759   -12.14    9.84
  30844.448     6.008   -15.29    9.19
  31220.598     1.297   -12.52    5.66
  31596.748    -0.703    -5.32    0.00
  31972.898    -0.703     0.00    0.00
  32349.048    -0.108     1.58    2.09
  32725.198    -0.139    -0.08    2.04
  33101.349    -0.546    -1.08    0.88
  33477.499    -0.703    -0.42    0.00
  33853.649    -0.703     0.00    0.00
  34229.799    -0.703     0.00    0.00
  34605.949    -0.703     0.00    0.00
  34982.099    -0.703     0.00    0.00
  35358.250    -0.703     0.00    0.00
  35734.400    -0.703     0.00    0.00
  36110.550    -0.703     0.00    0.00
  36486.701    -0.703     0.00    0.00
  36862.851    -0.703     0.00    0.00
  37239.001    -0.703     0.00    0.00
  37615.152    -0.703     0.00    0.00
  37991.302    -0.703     0.00    0.00
  38367.453    -0.703     0.00    0.00
  38743.603    -0.703     0.00    0.00
  39119.754    -0.703     0.00    0.00
  39495.904    -0.703     0.00    0.00
  39872.055    -0.703     0.00    0.00
  40248.206    -0.703     0.00    0.00
  40624.356    -0.703     0.00    0.00
  41000.507    -0.703     0.00    0.00
  41376.658    -0.703     0.00    0.00
  41752.809    -0.703     0.00    0.00
  42128.960    -0.703     0.00    0.00
  42505.111    -0.703     0.00    0.00
  42881.262    -0.703     0.00    0.00
  43257.413    -0.703     0.00    0.00
  43633.564    -0.703     0.00    0.00
  44009.715    -0.703     0.00    0.00
  44385.867    -0.703     0.00    0.00
  44762.018    -0.703     0.00    0.00
  45138.170    -0.703     0.00    0.00
  45514.321    -0.703     0.00    0.00
  45890.473    -0.703     0.00    0.00
  46266.624    -0.703     0.00    0.00
  46642.776    -0.703     0.00    0.00
  47018.928    -0.703     0.00    0.00
  47395.080    -0.703     0.00    0.00
  47771.231    -0.703     0.00    0.00
  48147.384    -0.703     0.00    0.00
  48523.536     0.838     4.10    4.70
  48899.688     6.144    14.10    9.28
  49275.840    12.103    15.84    9.37
  49651.992    16.838    12.59    6.06
  50028.145    18.245     3.74    4.14
  50404.297    16.985    -3.35    4.91
  50780.450    16.477    -1.35    5.75
  51156.603    15.639    -2.23    6.36
  51532.755    14.770    -2.31    6.41
  51908.908    14.784     0.04    6.94
  52285.061    16.075     3.43    6.95
  52661.214    17.639     4.16    6.69
  53037.368    18.990     3.59    5.85
  53413.521    20.865     4.99    4.36
  53789.674    21.759     2.38    4.12
  54165.828    22.376     1.64    3.25
  54541.982    22.639     0.70    3.21
  54918.135    22.297    -0.91    3.24
  55294.289    21.997    -0.80    3.63
  55670.443    20.784    -3.23    5.10
  56046.597    18.703    -5.53    6.64
  56422.751    17.135    -4.17    6.32
  56798.906    15.755    -3.67    5.69
  57175.060    15.682    -0.19    5.77
  57551.215    16.861     3.14    4.25
  57927.369    17.881     2.71    3.16
  58303.524    17.613    -0.71    3.53
  58679.679    17.020    -1.58    2.54
  59055.834    15.692    -3.53    3.61
  59431.989    14.990    -1.87    5.01
  59808.145    15.054     0.17    6.25
  60184.300    15.008    -0.12    7.37
  60560.456    16.008     2.66    7.07
  60936.601    14.579    -3.80    7.41
  61312.732    14.784     0.54    7.05
  61688.863    16.797     5.35    7.51
  62064.993    15.579    -3.24    8.49
  62441.124    15.405    -0.46    8.60
  62817.255    10.514   -13.01    9.30
  63193.386     5.405   -13.58    4.43
  63569.518     5.876     1.25    5.26
  63945.649     6.041     0.44    5.67
  64321.781     8.186     5.70    7.00
  64697.913     9.733     4.11    8.11
  65074.045     9.561    -0.46    6.85
  65450.177     9.353    -0.55    6.13
  65826.309     9.850     1.32    5.65
  66202.442    11.682     4.87    5.53
  66578.574    11.771     0.24    5.21
  66954.707    12.020     0.66    4.91
  67330.840    11.451    -1.51    4.22
  67706.973    11.027    -1.13    4.46
  68083.106    11.172     0.39    4.20
  68459.240     9.692    -3.94    3.69
  68835.373     9.212    -1.28    3.50
  69211.507    10.297     2.89    4.52
  69587.641    12.189     5.03    5.07
  69963.775    13.487     3.45    5.75
  70339.909    15.113     4.32    6.61
  70716.044    15.464     0.93    6.74
  71092.179    16.947     3.94    5.76
  71468.314    18.631     4.48    5.35
  71844.449    19.027     1.05    3.49
  72220.584    19.568     1.44    3.94
  72596.719    19.455    -0.30    4.04
  72972.855    20.067     1.63    4.56
  73348.991    20.381     0.84    5.24
  73725.127    20.579     0.53    4.34
  74101.263    20.520    -0.16    3.59
  74477.399    18.990    -4.07    3.86
  74853.536    18.477    -1.36    3.84
  75229.673    16.360    -5.63    4.17
  75605.810    14.351    -5.34    5.03
  75981.947    14.703     0.93    5.42
  76358.084    13.730    -2.59    6.07
  76734.222    14.824     2.91    6.39
  77110.360    15.378     1.47    5.73
  77486.498    15.759     1.01    5.71
  77862.636    18.220     6.54    5.59
  78238.774    20.271     5.45    4.62
  78614.913    22.270     5.32    4.85
  78991.052    25.349     8.18    4.78
  79367.191    27.836     6.61    4.76
  79743.330    28.892     2.81    3.94
  80119.470    27.374    -4.03    4.42
  80495.610    24.919    -6.53    5.39
  80871.750    23.081    -4.89    5.85
  81247.890    21.015    -5.49    7.19
  81624.030    19.297    -4.57    6.53
  82000.171    21.220     5.11    6.52
  82376.312    22.169     2.52    6.83
  82752.453    25.158     7.95    6.70
  83128.594    28.913     9.98    5.01
  83504.736    30.460     4.11    4.96
  83880.878    29.938    -1.39    5.26
  84257.020    27.639    -6.11    5.64
  84633.162    25.166    -6.58    5.75
  85009.305    25.162    -0.01    5.60
  85385.448    28.015     7.59    5.87
  85761.591    29.554     4.09    5.94
  86137.734    30.520     2.57    5.14
  86513.878    30.376    -0.38    5.22
  86890.022    27.192    -8.47    5.13
  87266.166    23.865    -8.85    4.65
  87642.310    21.595    -6.04    5.28
  88018.455    20.328    -3.37    5.53
  88394.599    19.990    -0.90    5.10
  88770.745    19.913    -0.20    5.73
  89146.890    18.936    -2.60    6.16
  89523.036    18.169    -2.04    5.72
  89899.182    17.408    -2.02    6.62
  90275.328    14.403    -7.99    6.72
  90651.474    11.639    -7.35    6.80
  91027.621    11.220    -1.11    6.85
  91403.768    13.568     6.24    8.01
  91779.915    18.271    12.50    8.26
  92156.063    23.887    14.93    8.13
  92532.211    27.658    10.03    7.62
  92908.359    27.982     0.86    6.94
  93284.507    26.081    -5.05    8.10
  93660.656    21.676   -11.71    9.63
  94036.805    18.189    -9.27    8.82
  94412.954    15.212    -7.92    7.48
  94789.103    16.938     4.59    8.23
  95165.253    20.622     9.79    7.50
  95541.403    22.936     6.15    7.43
  95917.554    25.605     7.10    7.79
  96293.704    23.508    -5.58    8.19
  96669.855    22.554    -2.54    6.96
  97046.007    21.482    -2.85    6.86
  97422.158    19.964    -4.03    8.21
  97798.310    17.825    -5.69    9.99
  98174.462    14.324    -9.31    9.87
  98550.615    12.990    -3.55    8.78
  98926.768    13.126     0.36    8.98
  99302.921    15.067     5.16    8.93
  99679.074    18.534     9.22    9.47
 100055.228    19.270     1.96    9.16
 100431.382    20.216     2.52   10.43
 100807.536    21.433     3.23    9.97
 101183.691    20.929    -1.34    9.58
 101559.846    22.847     5.10    8.21
 101936.001    23.460     1.63    7.04
 102312.157    24.785     3.52    6.51
 102688.313    26.087     3.46    7.71
 103064.469    27.482     3.71    7.95
 103440.626    30.595     8.28    8.91
 103816.783    33.647     8.12   10.22
 104192.940    38.034    11.66   11.04
 104569.098    41.020     7.94    8.23
 104945.256    39.892    -3.00    7.49
 105321.414    37.742    -5.72    7.58
 105697.572    34.426    -8.82    7.37
 106073.731    31.759    -7.09    9.04
 106449.891    29.326    -6.47    7.55
 106826.050    30.054     1.94    7.73
 107202.210    33.892    10.20    8.52
 107578.371    37.973    10.85    8.51
 107954.531    41.972    10.63    8.02
 108330.692    46.135    11.07    7.54
 108706.854    49.482     8.90    7.66
 109083.015    51.903     6.44    7.00
 109459.177    53.426     4.05    5.96
 109835.340    52.487    -2.50    7.10
 110211.503    51.597    -2.36    7.27
 110587.666    47.429   -11.08    7.57
 110963.829    42.825   -12.24    7.83
 111339.993    40.649    -5.79    7.81
 111716.157    37.020    -9.65    7.22
 112092.322    35.378    -4.36    7.12
 112468.487    37.579     5.85    6.71
 112844.652    39.827     5.97    5.26
 113220.818    42.297     6.57    5.02
 113596.984    43.534     3.29    4.97
 113973.150    45.464     5.13    4.87
 114349.317    47.374     5.08    5.18
 114725.484    49.946     6.84    5.03
 115101.652    51.810     4.96    4.66
 115477.820    52.534     1.92    5.10
 115853.988    51.887    -1.72    5.67
 116230.157    52.405     1.38    5.24
 116606.326    53.605     3.19    4.74
 116982.495    54.297     1.84    4.01
 117358.665    54.242    -0.15    3.59
 117734.835    52.865    -3.66    3.90
 118111.006    52.054    -2.16    3.47
 118487.177    53.216     3.09    4.15
 118863.349    56.243     8.05    5.85
 119239.520    54.583    -4.41   11.56
 119615.693    49.222   -14.25   14.34
 119991.865    42.955   -16.66   15.24
 120368.038    38.595   -11.59   14.31
 120744.212    36.118    -6.58   12.07
 121120.386    36.218     0.27   12.17
 121496.560    34.192    -5.39   12.40
 121872.735    34.162    -0.08   11.18
 122248.910    34.682     1.38   12.59
 122625.085    35.103     1.12   14.03
 123001.261    33.008    -5.57   15.38
 123377.437    25.322   -20.43   15.42
 123753.614    17.383   -21.11   11.92
 124129.791    12.405   -13.23    5.42
 124505.969    11.351    -2.80    5.14
 124882.147    12.324     2.59    5.21
 125258.325    13.135     2.16    6.27
 125634.504    12.603    -1.41    6.42
 126010.683    10.785    -4.83    6.92
 126386.863     8.144    -7.02    6.31
 126763.043     8.054    -0.24    6.26
 127139.224    10.876     7.50    8.00
 127515.405    14.605     9.91   11.22
 127891.586    21.861    19.29   13.59
 128267.768    27.946    16.17   11.42
 128643.950    30.990     8.09   10.89
 129020.133    30.881    -0.29   10.49
 129396.316    30.534    -0.92   10.88
 129772.500    27.613    -7.76    9.68
 130148.684    26.047    -4.16    8.36
 130524.869    23.964    -5.54    7.12
 130901.053    23.730    -0.62    6.66
 131277.239    26.081     6.25    7.43
 131653.425    29.270     8.48    6.79
 132029.611    30.270     2.66    6.55
 132405.798    30.666     1.05    6.92
 132781.985    29.297    -3.64    6.07
 133158.173    28.351    -2.51    5.36
 133534.361    27.502    -2.26    5.40
 133910.550    28.272     2.04    5.13
 134286.739    29.451     3.14    5.38
 134662.928    30.865     3.76    6.65
 135039.118    33.323     6.53    6.82
 135415.309    35.541     5.89    6.94
 135791.500    36.135     1.58    6.20
 136167.627    38.514     6.32    6.20
 136543.729    40.239     4.59    5.43
 136919.832    39.836    -1.07    5.67
 137295.935    39.990     0.41    6.01
 137672.038    41.464     3.92    6.61
 138048.142    44.350     7.67    8.58
 138424.247    46.103     4.66    8.25
 138800.351    47.903     4.79    8.47
 139176.457    50.144     5.96    8.93
 139552.563    50.108    -0.09    8.55
 139928.669    48.113    -5.30    9.57
 140304.776    46.245    -4.97    9.80
 140680.884    45.372    -2.32    9.24
 141056.991    46.622     3.32    9.08
 141433.100    49.913     8.75    7.80
 141809.209    50.041     0.34    6.69
 142185.318    49.242    -2.12    7.75
 142561.428    46.622    -6.97    7.40
 142937.538    45.658    -2.56    8.50
 143313.649    47.455     4.78   11.17
 143689.761    48.836     3.67   14.01
 144065.873    44.631   -11.18   15.45
 144441.985    33.502   -29.59   17.58
 144818.098    23.811   -25.77   13.38
 145194.211    24.658     2.25   12.75
 145570.325    29.561    13.03   13.72
 145946.440    37.376    20.78   12.36
 146322.555    45.054    20.41   14.18
 146698.670    46.162     2.95   16.84
 147074.786    42.722    -9.15   17.31
 147450.903    40.353    -6.30   15.14
 147827.020    37.372    -7.92   12.22
 148203.137    41.061     9.81   17.99
 148579.256    48.408    19.54   20.93
 148955.374    58.946    28.02   24.35
 149331.493    66.027    18.83   21.68
 149707.613    66.162     0.36   19.96
 150083.733    64.656    -4.00   18.91
 150459.854    59.784   -12.95   16.86
 150835.976    58.572    -3.22   14.98
 151212.097    58.861     0.77   14.07
 151588.220    58.903     0.11   13.19
 151964.343    60.973     5.50   12.85
 152340.466    61.733     2.02   14.57
 152716.590    60.903    -2.21   12.89
 153092.715    63.520     6.96   15.69
 153468.840    67.015     9.29   18.09
 153844.966    69.436     6.44   18.57
 154221.092    67.271    -5.76   16.93
 154597.219    65.144    -5.66   14.26
 154973.346    63.691    -3.86   11.53
 155349.474    64.378     1.83   11.54
 155725.602    63.270    -2.95    9.05
 156101.732    63.568     0.79    8.53
 156477.861    70.771    19.15   13.31
 156853.991    75.186    11.74   14.39
 157230.122    81.913    17.88   13.02
 157606.253    87.887    15.88   11.08
 157982.385    89.708     4.84    8.87
 158358.518    85.919   -10.07   10.26
 158734.651    82.245    -9.77    9.24
 159110.784    78.477   -10.02    7.87
 159486.918    82.214     9.94   14.51
 159863.053    85.631     9.08   15.68
 160239.188    86.881     3.32   17.97
 160615.324    87.034     0.41   17.83
 160991.461    80.426   -17.57   17.72
 161367.598    76.141   -11.39   17.72
 161743.736    69.455   -17.78   14.30
 162119.874    67.376    -5.53   10.38
 162496.013    70.730     8.92   14.40
 162872.152    73.067     6.21   14.29
 163248.292    70.351    -7.22   10.14
 163624.433    70.015    -0.89    7.73
 164000.574    75.836    15.47   13.90
 164376.716    85.271    25.08   23.89
 164752.858    94.376    24.21   22.47
 165129.001   100.246    15.61   22.16
 165505.145    98.297    -5.18   23.13
 165881.289    86.936   -30.20   17.19
 166257.434    80.433   -17.29   16.06
 166633.579    83.520     8.21   19.59
 167009.725    86.568     8.10   20.19
 167385.872    83.676    -7.69   19.03
 167762.019    82.547    -3.00   19.75
 168138.167    78.861    -9.80   16.73
 168514.316    75.990    -7.63   12.50
 168890.465    75.131    -2.28    7.86
 169266.615    76.605     3.92    6.06
 169642.765    75.297    -3.48    4.75
 170018.916    75.087    -0.56    4.33
 170395.068    75.534     1.19    4.72
 170771.220    77.272     4.62    6.58
 171147.373    76.892    -1.01    9.75
 171523.526    75.034    -4.94   11.98
 171899.680    74.372    -1.76   11.49
 172275.835    73.881    -1.31   10.72
 172651.990    71.892    -5.29   13.39
 173028.147    75.946    10.78   18.23
 173404.303    80.189    11.28   27.82
 173780.461    81.541     3.59   25.38
 174156.618    83.714     5.78   20.16
 174532.777    85.772     5.47   14.44
 174908.936    83.605    -5.76    9.40
 175285.096    82.027    -4.19   10.87
 175661.257    78.913    -8.28   10.66
 176037.418    76.162    -7.31   11.37
 176413.580    73.113    -8.11   12.32
 176789.742    72.666    -1.19   14.23
 177165.905    70.990    -4.46   13.58
 177542.069    73.381     6.36   16.22
 177918.234    79.771    16.99   17.72
 178294.399    83.990    11.21   19.37
 178670.565    85.126     3.02   16.93
 179046.731    84.605    -1.38   15.95
 179422.898    85.135     1.41   13.15
 179799.066    84.405    -1.94   11.89
 180175.235    85.027     1.65    9.97
 180551.404    88.186     8.40   11.94
 180927.574    90.144     5.20    9.84
 181303.744    91.810     4.43   10.40
 181679.915    94.487     7.12   10.45
 182056.087    94.605     0.32   11.64
 182432.260    96.061     3.87   13.08
 182808.433    97.087     2.73   12.53
 183184.607    95.568    -4.04   12.19
 183560.781    92.122    -9.16   12.86
 183936.956    89.946    -5.79   14.29
 184313.132    84.487   -14.51   13.10
 184689.309    82.189    -6.11   12.85
 185065.486    80.158    -5.40   11.04
 185441.664    81.887     4.60   11.29
 185817.843    82.990     2.93   11.80
 186194.022    81.183    -4.80   13.32
 186570.203    82.487     3.47   12.78
 186946.383    83.649     3.09   11.48
 187322.565    87.271     9.63   12.05
 187698.747    90.647     8.98   10.95
 188074.930    93.000     6.25   10.84
 188451.114    93.692     1.84   10.48
 188827.298    93.903     0.56   10.45
 189203.483    96.579     7.12    9.14
 189579.669    95.676    -2.40    9.57
 189955.855    93.072    -6.92   10.04
 190332.042    86.745   -16.82   11.71
 190708.230    82.547   -11.16   12.51
 191084.419    80.405    -5.69   13.25
 191460.608    79.603    -2.13   11.44
 191836.798    80.041     1.16   11.35
 192212.989    81.297     3.34   10.19
 192589.180    81.126    -0.46   11.61
 192965.373    86.745    14.94   14.85
 193341.566    89.243     6.64   15.71
 193717.759    96.547    19.42   15.22
 194093.954    98.092     4.11   13.42
 194470.149    96.919    -3.12   13.03
 194846.345    98.195     3.39   13.47
 195222.541    99.166     2.58   13.05
 195598.739   103.947    12.71   14.02
 195974.937   105.433     3.95   14.03
 196351.136   104.597    -2.22   14.16
 196727.335   102.041    -6.80   13.37
 197103.535    97.103   -13.13    8.58
 197479.737    93.460    -9.68    8.18
 197855.938    92.189    -3.38    8.59
 198232.141    91.027    -3.09    7.24
 198608.344    93.785     7.33    7.89
 198984.548    97.840    10.78   10.20
 199360.753   106.528    23.09   16.70
 199736.959   111.850    14.15   17.60
 200113.165   120.158    22.09   19.69
 200489.372   131.144    29.20   19.53
 200865.580   132.139     2.65   21.26
 201241.789   133.771     4.34   22.31
 201617.998   135.034     3.36   23.55
 201994.208   132.733    -6.12   23.41
 202370.419   131.216    -4.03   22.53
 202746.631   124.220   -18.60   24.43
 203122.843   114.647   -25.45   23.59
 203499.056   108.697   -15.82   20.64
 203875.270   109.838     3.03   19.87
 204251.485   114.730    13.00   17.90
 204627.701   117.973     8.62   15.10
 205003.917   126.838    23.56   14.31
 205380.134   129.983     8.36   16.18
 205756.352   146.097    42.83   22.26
 206132.571   163.067    45.11   24.57
 206508.790   178.487    40.99   27.55
 206885.011   187.528    24.03   25.86
 207261.232   192.824    14.08   30.19
 207637.454   202.605    26.00   28.61
 208013.676   208.811    16.50   22.94
 208389.900   211.015     5.86   15.09
 208766.124   204.742   -16.68   17.34
 209142.349   197.554   -19.11   17.33
 209518.575   189.733   -20.79   13.46
 209894.802   186.860    -7.64    8.89
 210271.029   183.682    -8.45   11.25
 210647.257   178.162   -14.67   15.75
 211023.480   170.270   -20.98   26.63
 211399.551   169.270    -2.66   34.74
 211775.622   171.131     4.95   38.64
 212151.695   185.745    38.86   39.27
 212527.768   205.477    52.47   50.24
 212903.842   224.568    50.76   53.20
 213279.916   229.990    14.42   46.30
 213655.992   220.836   -24.34   43.58
 214032.068   204.400   -43.70   44.73
 214408.145   177.487   -71.56   33.72
 214784.223   158.733   -49.87   15.56
 215160.302   155.892    -7.56   13.48
 215536.382   164.876    23.89   23.60
 215912.462   177.000    32.24   24.36
 216288.544   184.735    20.57   23.17
 216664.626   184.605    -0.35   18.91
 217040.709   180.271   -11.52   10.48
 217416.793   180.353     0.22    7.61
 217792.877   182.220     4.97    9.15
 218168.963   181.131    -2.90   11.74
 218545.049   179.403    -4.59   12.98
 218921.136   175.426   -10.57   13.83
 219297.224   170.757   -12.41   13.54
 219673.313   165.666   -13.54   11.74
 220049.403   161.579   -10.87    8.01
 220425.493   156.810   -12.68    9.55
 220801.585   145.216   -30.83   23.15
 221177.677   133.733   -30.53   28.89
 221553.770   119.135   -38.82   27.66
 221929.864   106.973   -32.34   23.85
 222305.959    95.838   -29.61   13.27
 222682.055    93.062    -7.38    7.75
 223058.151    94.195     3.01    7.08
 223434.249    96.144     5.18    6.60
 223810.347    96.353     0.56    5.22
 224186.446    95.964    -1.03    7.22
 224562.546    92.964    -7.98    7.38
 224938.647    94.561     4.24    9.25
 225314.749    98.041     9.25   13.82
 225690.851   104.376    16.84   15.42
 226066.955   104.324    -0.14   17.34
 226443.059    99.964   -11.59   19.98
 226819.164    90.872   -24.17   18.45
 227195.271    82.487   -22.30    9.79
 227571.378    81.672    -2.16   11.11
 227947.485    79.508    -5.76   12.25
 228323.594    75.686   -10.16   10.68
 228699.704    73.892    -4.77    9.27
 229075.814    73.408    -1.29    9.97
 229451.926    77.008     9.57   12.82
 229828.038    80.222     8.55   13.66
 230204.151    77.547    -7.11   14.17
 230580.266    75.622    -5.12   12.96
 230956.381    72.324    -8.77   11.80
 231332.496    70.850    -3.92    8.49
 231708.613    71.745     2.38    9.24
 232084.731    72.041     0.79    9.87
 232460.850    73.087     2.78    9.85
 232836.969    73.992     2.41   10.42
 233213.089    75.528     4.08   11.23
 233589.211    80.012    11.92   11.57
 233965.333    82.785     7.37   10.88
 234341.456    85.554     7.36   10.56
 234717.580    86.853     3.45   10.70
 235093.705    89.757     7.72   12.32
 235469.831    92.603     7.57   12.08
 235845.958    91.245    -3.61   11.60
 236222.086    87.297   -10.49   13.86
 236598.214    81.405   -15.66   11.44
 236974.344    80.041    -3.63   10.57
 237350.474    79.733    -0.82   10.91
 237726.606    82.666     7.80   10.98
 238102.738    87.541    12.96    9.30
 238478.871    91.426    10.33    9.39
 238855.006    94.061     7.01    9.56
 239231.141    99.797    15.25    9.74
 239607.277   104.139    11.54   13.22
 239983.414   104.853     1.90   12.72
 240359.552   105.745     2.37   12.17
 240735.691   103.349    -6.37   12.30
 241111.830   100.047    -8.78   11.74
 241487.971    96.108   -10.47    9.51
 241864.113    95.433    -1.80    8.80
 242240.256    96.622     3.16    9.07
 242616.399    97.528     2.41    7.37
 242992.544    97.242    -0.76    8.13
 243368.689    98.554     3.49    7.84
 243744.836   105.631    18.81   17.57
 244120.983   114.964    24.81   26.45
 244497.132   122.676    20.50   27.78
 244873.281   120.682    -5.30   26.89
 245249.431   109.139   -30.69   20.01
 245625.582   102.325   -18.12   10.36
 246001.735   103.189     2.30   11.39
 246377.888   119.243    42.68   30.48
 246754.042   139.784    54.61   40.74
 247130.197   165.605    68.65   41.85
 247506.353   183.079    46.45   29.66
 247882.510   168.929   -37.62   38.44
 248258.668   151.297   -46.87   39.74
 248634.827   136.464   -39.43   28.48
 249010.987   126.220   -27.23   25.52
 249387.148   131.108    12.99   32.64
 249763.310   132.041     2.48   36.43
 250139.473   137.929    15.65   43.07
 250515.637   138.639     1.89   42.76
 250891.802   139.324     1.82   36.85
 251267.968   151.656    32.78   38.98
 251644.135   167.579    42.33   41.65
 252020.303   173.158    14.83   37.13
 252396.471   172.703    -1.21   34.91
 252772.641   174.081     3.66   32.75
 253148.812   179.378    14.08   34.85
 253524.984   185.838    17.17   31.64
 253901.157   184.240    -4.25   33.35
 254277.331   176.147   -21.51   31.28
 254653.505   164.118   -31.98   29.28
 255029.681   148.047   -42.72   30.41
 255405.858   129.041   -50.53   27.71
 255782.036   114.865   -37.69   19.59
 256158.215   108.666   -16.48   17.37
 256534.395   101.811   -18.22   14.33
 256910.576    99.608    -5.86   13.32
