-262767.977    16.747     0.00    3.00
-262391.873    17.055     0.82    2.94
-262015.770    17.102     0.12    2.95
-261639.669    16.979    -0.33    2.98
-261263.568    15.772    -3.21    2.58
-260887.468    14.415    -3.61    3.30
-260511.370    14.534     0.32    3.36
-260135.272    15.338     2.14    3.62
-259759.176    16.543     3.20    3.94
-259383.080    16.906     0.97    5.07
-259006.986    16.389    -1.37    6.28
-258630.892    16.610     0.59    6.22
-258254.799    16.701     0.24    6.57
-257878.708    17.123     1.12    5.14
-257502.617    17.646     1.39    4.15
-257126.528    17.523    -0.33    4.03
-256750.439    16.569    -2.54    3.80
-256374.351    14.555    -5.35    5.68
-255998.265    12.774    -4.74    6.01
-255622.179    11.825    -2.52    5.93
-255246.094    12.338     1.36    5.41
-254870.011    12.231    -0.28    5.50
-254493.928    12.107    -0.33    5.11
-254117.846    12.258     0.40    5.83
-253741.766    11.733    -1.40    6.44
-253365.686    11.231    -1.34    6.73
-252989.607    12.375     3.04    6.05
-252613.529    10.030    -6.23    7.14
-252237.452     7.786    -5.97    7.48
-251861.377     5.896    -5.03    7.81
-251485.302     2.707    -8.48    6.50
-251109.228     1.590    -2.97    6.41
-250733.155     3.075     3.95    7.60
-250357.083     3.492     1.11    8.07
-249981.012     2.664    -2.20    7.42
-249604.941     0.339    -6.18    3.82
-249228.872     1.594     3.34    6.10
-248852.804     6.594    13.30    8.96
-248476.737    11.907    14.13    8.00
-248100.671    15.389     9.26    5.15
-247724.605    13.474    -5.09    6.44
-247348.541     8.896   -12.18    8.21
-246972.477     4.204   -12.48    7.35
-246596.415     0.048   -11.05    2.70
-246220.353     1.261     3.23    5.14
-245844.293     5.928    12.41    7.87
-245468.233     9.618     9.81    7.66
-245092.174    13.081     9.21    4.95
-244716.117    13.562     1.28    3.78
-244340.060     9.470   -10.88    6.81
-243964.004     4.902   -12.15    6.89
-243587.949     1.555    -8.90    5.27
-243211.895    -0.688    -5.97    0.00
-242835.842    -0.688     0.00    0.00
-242459.789    -0.688     0.00    0.00
-242083.738    -0.688     0.00    0.00
-241707.688    -0.688     0.00    0.00
-241331.638    -0.688     0.00    0.00
-240955.590     0.007     1.85    2.40
-240579.542     4.123    10.95    6.98
-240203.495     7.312     8.48    7.76
-239827.450    11.128    10.15    7.69
-239451.405    13.112     5.28    7.65
-239075.361    13.368     0.68    8.24
-238699.318    15.362     5.30    7.16
-238323.276    16.988     4.32    6.56
-237947.234    18.733     4.64    4.77
-237571.194    19.523     2.10    3.08
-237195.155    18.181    -3.57    4.16
-236819.116    17.201    -2.60    3.88
-236443.079    15.784    -3.77    3.48
-236067.042    15.338    -1.19    3.79
-235691.006    14.229    -2.95    4.20
-235314.971    14.005    -0.60    4.03
-234938.937    14.056     0.14    3.68
-234562.823    14.312     0.68    3.06
-234186.607    14.474     0.43    2.20
-233810.393    14.284    -0.50    2.38
-233434.179    14.107    -0.47    2.52
-233057.967    15.030     2.45    2.91
-232681.755    14.150    -2.34    3.78
-232305.544    13.748    -1.07    4.01
-231929.334    13.654    -0.25    3.94
-231553.124    13.891     0.63    3.68
-231176.916    13.934     0.11    3.11
-230800.709    14.235     0.80    2.39
-230424.502    13.575    -1.75    2.24
-230048.296    13.701     0.33    2.56
-229672.091    13.075    -1.66    4.15
-229295.887    13.034    -0.11    4.31
-228919.684    12.620    -1.10    4.35
-228543.482    12.364    -0.68    3.60
-228167.281    11.949    -1.10    2.30
-227791.080    12.258     0.82    2.63
-227414.881    13.042     2.08    3.01
-227038.682    13.988     2.51    2.59
-226662.484    14.748     2.02    2.73
-226286.287    15.042     0.78    2.82
-225910.091    14.723    -0.85    2.79
-225533.895    14.569    -0.41    3.24
-225157.701    14.723     0.41    4.03
-224781.507    14.880     0.42    4.27
-224405.314    14.654    -0.60    4.44
-224029.122    13.996    -1.75    3.99
-223652.931    13.396    -1.60    3.83
-223276.741    12.393    -2.66    2.93
-222900.551    12.420     0.07    3.38
-222524.363    13.204     2.08    3.86
-222148.175    14.723     4.04    3.57
-221771.988    16.000     3.40    3.59
-221395.802    17.970     5.24    4.18
-221019.616    15.799    -5.77    7.17
-220643.432    13.340    -6.54    8.46
-220267.248    12.979    -0.96    8.95
-219891.065    15.069     5.56    9.45
-219514.883    18.466     9.03    7.47
-219138.702    21.158     7.16    4.18
-218762.522    19.970    -3.16    4.33
-218386.342    18.501    -3.90    5.97
-218010.164    16.158    -6.23    7.64
-217633.986    12.646    -9.34    7.98
-217257.809     7.951   -12.48    5.12
-216881.632     8.420     1.25    5.69
-216505.457    10.988     6.83    7.65
-216129.282    14.339     8.91    7.73
-215753.109    17.474     8.33    7.43
-215376.936    15.753    -4.58    7.52
-215000.763    12.937    -7.49    7.10
-214624.592    11.979    -2.55    6.91
-214248.421    14.534     6.79    7.85
-213872.251    17.876     8.88    7.26
-213496.082    18.285     1.09    7.30
-213119.914    19.312     2.73    7.11
-212743.747    20.075     2.03    7.18
-212367.580    21.543     3.90    6.08
-211991.414    23.691     5.71    3.47
-211615.249    24.260     1.51    2.62
-211239.085    24.337     0.21    2.63
-210862.922    23.512    -2.19    3.48
-210486.759    23.549     0.10    3.45
-210110.597    24.366     2.17    3.50
-209734.436    25.718     3.59    2.71
-209358.275    26.285     1.51    2.47
-208982.116    26.534     0.66    2.26
-208605.957    26.158    -1.00    2.23
-208229.799    25.081    -2.86    2.59
-207853.642    23.610    -3.91    3.04
-207477.485    22.133    -3.93    3.39
-207101.330    20.549    -4.21    3.31
-206725.175    21.825     3.39    3.43
-206349.020    22.718     2.37    3.79
-205972.867    24.492     4.72    3.27
-205596.714    25.284     2.11    2.08
-205220.562    24.865    -1.12    2.04
-204844.411    24.312    -1.47    2.06
-204468.261    23.930    -1.02    1.63
-204092.111    23.876    -0.14    1.85
-203715.962    24.366     1.30    2.07
-203339.814    24.396     0.08    2.22
-202963.667    24.150    -0.65    2.09
-202587.520    23.646    -1.34    2.03
-202211.374    23.839     0.51    1.86
-201835.229    23.873     0.09    1.91
-201459.085    24.096     0.59    2.07
-201082.941    23.928    -0.45    2.17
-200706.798    23.891    -0.10    2.96
-200330.656    21.154    -7.28    5.01
-199954.515    17.691    -9.21    4.68
-199578.374    16.112    -4.20    3.59
-199202.234    16.123     0.03    3.80
-198826.095    17.123     2.66    3.77
-198449.956    18.718     4.24    3.19
-198073.819    19.198     1.28    3.03
-197697.682    19.594     1.05    2.28
-197321.545    20.005     1.09    1.45
-196945.410    20.427     1.12    1.49
-196569.275    20.447     0.06    1.48
-196193.141    20.772     0.86    1.41
-195817.007    20.733    -0.10    1.54
-195440.875    20.537    -0.52    1.56
-195064.743    20.339    -0.53    1.42
-194688.611    20.996     1.75    2.38
-194312.481    20.681    -0.84    2.83
-193936.351    20.005    -1.80    2.75
-193560.222    19.934    -0.19    2.55
-193184.093    19.337    -1.59    2.21
-192807.966    18.760    -1.54    2.05
-192431.839    18.799     0.10    2.01
-192055.712    19.474     1.80    2.37
-191679.587    19.812     0.90    2.40
-191303.462    20.235     1.12    2.99
-190927.337    19.312    -2.45    2.37
-190551.214    18.484    -2.20    1.77
-190175.091    17.760    -1.93    1.59
-189798.969    17.177    -1.55    1.67
-189422.847    16.979    -0.53    1.55
-189046.727    16.851    -0.34    1.37
-188670.607    17.258     1.08    1.96
-188294.487    17.235    -0.06    1.92
-187918.368    17.365     0.34    2.18
-187542.250    18.112     1.99    2.60
-187166.133    18.673     1.49    3.30
-186790.016    18.937     0.70    3.77
-186413.900    20.056     2.97    3.99
-186037.785    21.896     4.89    5.11
-185661.670    23.474     4.20    4.96
-185285.556    25.610     5.68    4.26
-184909.443    27.069     3.88    2.90
-184533.330    26.865    -0.54    2.62
-184157.218    26.339    -1.40    2.70
-183781.107    25.851    -1.30    2.49
-183404.996    24.786    -2.83    1.94
-183028.886    23.961    -2.19    2.03
-182652.777    23.081    -2.34    2.29
-182276.668    22.081    -2.66    1.65
-181900.560    21.839    -0.65    1.52
-181524.453    22.229     1.04    1.89
-181148.346    22.979     1.99    1.94
-180772.240    23.812     2.22    1.78
-180396.135    24.312     1.33    1.64
-180020.030    24.569     0.68    1.55
-179643.926    24.998     1.14    1.68
-179267.822    25.123     0.33    1.58
-178891.720    25.015    -0.29    1.41
-178515.617    24.691    -0.86    1.50
-178139.516    25.042     0.93    2.01
-177763.415    24.951    -0.24    2.10
-177387.315    24.362    -1.57    2.39
-177011.215    24.338    -0.06    2.50
-176635.116    23.907    -1.15    2.44
-176259.018    23.839    -0.18    2.33
-175882.920    24.102     0.70    3.38
-175506.823    25.081     2.61    3.66
-175130.726    25.853     2.05    3.44
-174754.630    26.107     0.68    2.81
-174378.535    25.284    -2.19    2.46
-174002.441    24.210    -2.86    2.01
-173626.347    23.569    -1.70    2.09
-173250.253    22.719    -2.26    2.09
-172874.160    22.260    -1.22    1.66
-172498.068    22.096    -0.43    1.42
-172121.977    21.934    -0.43    1.48
-171745.886    21.902    -0.08    1.77
-171369.795    21.853    -0.13    1.80
-170993.706    21.646    -0.55    1.56
-170617.617    21.825     0.48    1.65
-170241.528    21.799    -0.07    1.54
-169865.440    22.075     0.74    1.51
-169489.353    21.979    -0.26    2.11
-169113.266    21.543    -1.16    1.94
-168737.180    21.610     0.18    1.61
-168361.095    21.339    -0.72    1.72
-167985.010    20.934    -1.08    1.62
-167608.925    20.907    -0.07    1.69
-167232.842    20.528    -1.01    1.86
-166856.758    20.094    -1.16    1.79
-166480.676    20.517     1.13    2.00
-166104.594    20.902     1.02    1.70
-165728.513    21.118     0.57    1.79
-165352.432    21.261     0.38    1.79
-164976.351    20.840    -1.12    1.73
-164600.272    20.876     0.10    2.05
-164224.193    20.628    -0.66    2.26
-163848.114    20.549    -0.21    2.39
-163472.036    20.528    -0.05    2.65
-163095.959    20.928     1.06    2.88
-162719.882    20.995     0.18    3.16
-162343.806    21.201     0.55    3.12
-161967.730    21.772     1.52    3.05
-161591.655    21.745    -0.07    3.03
-161215.581    22.285     1.44    3.49
-160839.507    22.231    -0.14    2.89
-160463.433    22.798     1.51    2.75
-160087.361    22.287    -1.36    2.63
-159711.288    22.261    -0.07    1.86
-159335.129    22.258    -0.01    2.38
-158958.948    22.158    -0.27    3.19
-158582.767    22.312     0.41    3.58
-158206.587    22.312     0.00    3.44
-157830.408    21.851    -1.23    3.53
-157454.229    21.543    -0.82    3.52
-157078.051    21.757     0.57    3.24
-156701.873    22.128     0.99    2.99
-156325.696    23.056     2.47    2.59
-155949.519    23.257     0.53    3.00
-155573.343    22.184    -2.85    4.19
-155197.167    21.231    -2.53    4.49
-154820.992    19.934    -3.45    4.26
-154444.818    19.150    -2.08    2.89
-154068.643    19.423     0.73    2.31
-153692.470    19.466     0.11    2.05
-153316.297    19.287    -0.48    2.49
-152940.125    19.177    -0.29    2.88
-152563.953    20.387     3.22    3.40
-152187.781    20.654     0.71    3.00
-151811.610    20.970     0.84    2.56
-151435.440    21.691     1.92    2.05
-151059.270    21.799     0.29    2.10
-150683.101    21.812     0.03    2.27
-150306.932    21.123    -1.83    3.23
-149930.764    19.075    -5.44    4.86
-149554.596    16.798    -6.05    5.98
-149178.429    13.979    -7.49    6.63
-148802.262    10.799    -8.45    6.44
-148426.096     9.840    -2.55    6.79
-148049.930    11.123     3.41    7.35
-147673.765    14.420     8.77    7.27
-147297.600    16.733     6.15    5.92
-146921.436    17.412     1.80    4.39
-146545.272    17.528     0.31    4.22
-146169.109    16.918    -1.62    3.97
-145792.946    17.023     0.28    3.57
-145416.784    17.681     1.75    3.74
-145040.622    18.123     1.18    3.38
-144664.461    18.112    -0.03    4.02
-144288.300    17.628    -1.29    3.93
-143912.139    17.284    -0.91    3.67
-143535.980    17.718     1.15    3.69
-143159.820    18.827     2.95    2.62
-142783.661    19.517     1.84    2.49
-142407.503    20.235     1.91    2.50
-142031.345    20.989     2.00    2.58
-141655.188    21.231     0.64    2.27
-141279.031    21.988     2.01    2.36
-140902.874    22.691     1.87    2.10
-140526.718    23.030     0.90    2.25
-140150.563    23.231     0.53    2.59
-139774.408    22.953    -0.74    2.78
-139398.253    22.312    -1.70    3.15
-139022.099    21.825    -1.30    2.92
-138645.945    20.610    -3.23    1.97
-138269.792    20.727     0.31    2.10
-137893.639    20.207    -1.38    1.87
-137517.487    20.312     0.28    2.03
-137141.335    20.366     0.14    2.44
-136765.184    20.528     0.43    2.60
-136389.033    21.312     2.08    3.14
-136012.883    21.569     0.68    2.94
-135636.732    21.282    -0.76    2.98
-135260.583    21.953     1.78    3.48
-134884.434    21.707    -0.65    3.14
-134508.285    21.590    -0.31    2.89
-134132.137    21.979     1.03    3.11
-133755.989    22.718     1.96    3.39
-133379.842    22.681    -0.10    3.51
-133003.695    22.102    -1.54    3.61
-132627.548    21.440    -1.76    3.45
-132251.402    20.393    -2.78    2.78
-131875.257    20.799     1.08    3.55
-131499.111    21.987     3.16    3.61
-131122.967    23.479     3.97    3.54
-130746.822    23.961     1.28    3.24
-130370.679    23.312    -1.72    2.71
-129994.535    23.528     0.57    2.94
-129618.392    23.501    -0.07    3.20
-129242.249    23.455    -0.12    2.89
-128866.107    24.037     1.55    2.96
-128489.965    24.865     2.20    2.78
-128113.824    25.258     1.05    2.89
-127737.683    24.492    -2.04    3.66
-127361.543    24.075    -1.11    4.26
-126985.402    23.523    -1.47    4.30
-126609.263    22.366    -3.07    4.16
-126233.123    21.594    -2.05    3.19
-125856.984    21.257    -0.90    3.01
-125480.846    21.418     0.43    3.14
-125104.708    21.876     1.22    3.49
-124728.570    22.469     1.57    3.12
-124352.433    21.444    -2.72    3.68
-123976.296    20.069    -3.66    3.60
-123600.159    19.285    -2.08    2.77
-123224.023    19.420     0.36    2.74
-122847.888    20.423     2.67    2.99
-122471.752    21.733     3.48    3.65
-122095.617    22.081     0.93    3.77
-121719.483    22.204     0.33    4.02
-121343.349    21.391    -2.16    4.12
-120967.215    19.594    -4.78    3.25
-120591.081    19.210    -1.02    2.50
-120214.948    19.826     1.64    2.67
-119838.816    20.415     1.57    2.55
-119462.683    20.853     1.16    2.32
-119086.552    21.069     0.57    2.58
-118710.420    21.628     1.49    2.87
-118334.289    21.281    -0.92    3.20
-117958.158    21.492     0.56    3.46
-117582.028    21.733     0.64    3.38
-117205.898    22.090     0.95    2.93
-116829.768    21.366    -1.92    3.27
-116453.639    20.784    -1.55    4.38
-116077.510    20.023    -2.03    4.49
-115701.381    18.466    -4.14    4.31
-115325.253    17.393    -2.85    4.24
-114949.125    16.233    -3.08    3.24
-114572.998    16.030    -0.54    2.81
-114196.871    16.902     2.32    3.18
-113820.744    18.042     3.03    2.76
-113444.617    18.637     1.58    2.38
-113068.491    18.096    -1.44    2.95
-112692.365    16.718    -3.66    3.40
-112316.240    16.150    -1.51    3.45
-111940.115    15.598    -1.47    2.90
-111563.990    15.492    -0.28    3.09
-111187.866    16.492     2.66    2.94
-110811.742    16.646     0.41    3.00
-110435.618    17.466     2.18    3.11
-110059.495    18.146     1.81    3.29
-109683.372    19.583     3.82    4.17
-109307.249    20.825     3.30    3.36
-108931.127    21.799     2.59    2.99
-108555.005    21.812     0.04    2.78
-108178.883    21.049    -2.03    2.32
-107802.762    21.362     0.83    1.85
-107426.640    21.096    -0.71    2.25
-107050.520    21.312     0.57    2.44
-106674.399    21.466     0.41    2.70
-106298.279    21.757     0.77    2.63
-105922.159    22.934     3.13    2.75
-105546.040    22.896    -0.10    2.91
-105169.921    22.760    -0.36    2.73
-104793.802    22.162    -1.59    3.98
-104417.683    21.312    -2.26    4.67
-104041.565    19.412    -5.05    6.72
-103665.447    18.420    -2.64    8.23
-103289.330    18.664     0.65    8.57
-102913.212    19.681     2.70    8.69
-102537.095    21.697     5.36    7.70
-102160.979    22.944     3.32    6.74
-101784.862    22.868    -0.20    6.67
-101408.746    21.594    -3.39    7.10
-101032.630    19.784    -4.81    6.48
-100656.515    19.487    -0.79    5.45
-100280.400    19.389    -0.26    4.46
 -99904.285    18.646    -1.98    4.47
 -99528.170    18.204    -1.17    4.14
 -99152.056    17.583    -1.65    3.08
 -98775.942    16.918    -1.77    3.02
 -98399.828    16.133    -2.09    2.81
 -98023.714    16.312     0.48    2.71
 -97647.601    15.887    -1.13    2.74
 -97271.488    15.466    -1.12    2.64
 -96895.375    15.891     1.13    2.70
 -96519.263    16.285     1.05    2.76
 -96143.151    17.287     2.66    2.87
 -95767.039    17.851     1.50    2.49
 -95390.927    17.257    -1.58    2.77
 -95014.816    16.056    -3.19    3.07
 -94638.705    15.368    -1.83    2.98
 -94262.594    15.181    -0.50    3.23
 -93886.484    16.056     2.33    3.97
 -93510.373    16.812     2.01    3.98
 -93134.263    16.258    -1.47    3.89
 -92758.154    15.733    -1.40    3.61
 -92382.044    14.718    -2.70    2.53
 -92005.935    15.466     1.99    3.11
 -91629.826    16.868     3.73    3.32
 -91253.717    18.364     3.98    3.40
 -90877.609    19.671     3.48    3.92
 -90501.501    21.210     4.09    3.52
 -90125.393    21.258     0.13    3.99
 -89749.285    21.338     0.21    3.35
 -89373.177    19.733    -4.27    4.56
 -88997.070    17.979    -4.66    4.21
 -88620.963    16.231    -4.65    3.70
 -88244.856    16.988     2.01    3.08
 -87868.750    17.583     1.58    2.18
 -87492.644    17.158    -1.13    3.64
 -87116.538    16.594    -1.50    4.97
 -86740.432    16.799     0.55    4.87
 -86364.326    16.876     0.20    4.24
 -85988.221    17.284     1.09    3.43
 -85612.116    18.466     3.14    1.76
 -85236.011    18.988     1.39    1.78
 -84859.906    19.158     0.45    1.61
 -84483.795    18.891    -0.71    1.80
 -84107.645    17.865    -2.73    2.41
 -83731.495    16.393    -3.91    2.07
 -83355.345    15.543    -2.26    2.10
 -82979.195    14.671    -2.32    1.95
 -82603.046    14.507    -0.44    1.94
 -82226.897    14.312    -0.52    1.87
 -81850.748    14.285    -0.07    1.96
 -81474.599    15.312     2.73    2.37
 -81098.450    15.069    -0.65    3.18
 -80722.302    14.283    -2.09    4.18
 -80346.154    11.737    -6.77    5.47
 -79970.006     9.594    -5.70    5.44
 -79593.858     8.868    -1.93    5.76
 -79217.711     6.569    -6.11    6.16
 -78841.563     6.339    -0.61    6.88
 -78465.416     5.470    -2.31    6.09
 -78089.269     5.312    -0.42    5.95
 -77713.122     5.646     0.89    5.79
 -77336.976     5.853     0.55    6.38
 -76960.829     4.839    -2.70    5.71
 -76584.683     3.487    -3.59    4.47
 -76208.537     4.423     2.49    5.02
 -75832.391     7.970     9.43    6.98
 -75456.246    10.799     7.52    6.94
 -75080.100    11.880     2.87    6.48
 -74703.955    12.799     2.44    6.95
 -74327.810    13.868     2.84    6.85
 -73951.665    15.748     5.00    5.47
 -73575.520    16.876     3.00    4.15
 -73199.375    17.479     1.60    2.32
 -72823.231    16.158    -3.51    3.52
 -72447.087    15.364    -2.11    4.36
 -72070.943    15.133    -0.61    4.03
 -71694.799    14.286    -2.25    3.90
 -71318.655    14.158    -0.34    3.11
 -70942.511    13.951    -0.55    2.43
 -70566.368    14.258     0.82    2.69
 -70190.224    14.415     0.42    2.76
 -69814.081    14.227    -0.50    2.65
 -69437.938    13.928    -0.79    2.84
 -69061.795    11.681    -5.97    4.98
 -68685.653     8.979    -7.18    6.50
 -68309.510     6.312    -7.09    6.06
 -67933.368     5.534    -2.07    4.14
 -67557.226     7.339     4.80    3.98
 -67181.084    11.237    10.36    4.15
 -66804.942    14.258     8.03    5.02
 -66428.800    18.030    10.03    5.58
 -66052.658    21.628     9.57    3.88
 -65676.517    23.654     5.39    2.94
 -65300.375    24.610     2.54    2.27
 -64924.234    24.712     0.27    1.98
 -64548.093    24.123    -1.57    1.94
 -64171.952    23.474    -1.72    1.85
 -63795.811    23.096    -1.01    2.45
 -63419.670    22.055    -2.77    3.15
 -63043.530    20.851    -3.20    4.48
 -62667.389    20.338    -1.36    5.28
 -62291.249    20.284    -0.14    4.85
 -61915.108    20.474     0.50    4.09
 -61538.968    20.501     0.07    4.38
 -61162.828    20.154    -0.92    5.34
 -60786.688    19.687    -1.24    5.80
 -60410.549    20.069     1.01    5.74
 -60034.409    20.102     0.09    5.11
 -59658.269    18.549    -4.13    6.33
 -59282.130    18.184    -0.97    6.73
 -58905.991    18.015    -0.45    6.76
 -58529.851    18.338     0.86    6.16
 -58153.712    19.440     2.93    5.14
 -57777.573    19.988     1.46    3.86
 -57401.434    18.907    -2.87    5.26
 -57025.295    16.393    -6.68    6.27
 -56649.157    16.260    -0.36    6.43
 -56273.018    16.723     1.23    6.21
 -55896.879    17.941     3.24    5.51
 -55520.741    19.825     5.01    2.66
 -55144.603    19.918     0.25    2.43
 -54768.464    20.701     2.08    1.78
 -54392.326    20.235    -1.24    3.21
 -54016.188    19.075    -3.08    4.66
 -53640.050    18.081    -2.64    4.86
 -53263.912    16.853    -3.27    4.61
 -52887.774    16.235    -1.64    4.29
 -52511.637    16.451     0.57    3.80
 -52135.499    17.412     2.56    3.79
 -51759.361    17.338    -0.20    3.85
 -51383.224    14.855    -6.60    7.60
 -51007.086     9.177   -15.10    9.76
 -50630.949     3.096   -16.17    7.67
 -50254.811    -0.390    -9.27    1.51
 -49878.674    -0.688    -0.79    0.00
 -49502.537    -0.688     0.00    0.00
 -49126.400    -0.688     0.00    0.00
 -48750.263    -0.688     0.00    0.00
 -48374.126    -0.688     0.00    0.00
 -47997.989    -0.688     0.00    0.00
 -47621.852    -0.688     0.00    0.00
 -47245.715    -0.688     0.00    0.00
 -46869.578    -0.688     0.00    0.00
 -46493.441    -0.688     0.00    0.00
 -46117.305    -0.688     0.00    0.00
 -45741.168    -0.688     0.00    0.00
 -45365.032    -0.688     0.00    0.00
 -44988.895    -0.688     0.00    0.00
 -44612.758    -0.688     0.00    0.00
 -44236.622    -0.688     0.00    0.00
 -43860.486    -0.688     0.00    0.00
 -43484.349    -0.688     0.00    0.00
 -43108.213    -0.688     0.00    0.00
 -42732.077    -0.688     0.00    0.00
 -42355.940    -0.688     0.00    0.00
 -41979.804    -0.688     0.00    0.00
 -41603.668    -0.688     0.00    0.00
 -41227.532    -0.688     0.00    0.00
 -40851.395    -0.688     0.00    0.00
 -40475.259    -0.688     0.00    0.00
 -40099.123    -0.688     0.00    0.00
 -39722.987    -0.688     0.00    0.00
 -39346.851    -0.688     0.00    0.00
 -38970.715    -0.688     0.00    0.00
 -38594.579    -0.688     0.00    0.00
 -38218.443    -0.688     0.00    0.00
 -37842.307    -0.688     0.00    0.00
 -37466.171    -0.688     0.00    0.00
 -37090.035    -0.688     0.00    0.00
 -36713.899    -0.688     0.00    0.00
 -36337.763    -0.688     0.00    0.00
 -35961.627    -0.688     0.00    0.00
 -35585.491    -0.688     0.00    0.00
 -35209.355    -0.688     0.00    0.00
 -34833.219    -0.688     0.00    0.00
 -34457.083    -0.688     0.00    0.00
 -34080.947    -0.688     0.00    0.00
 -33704.811    -0.688     0.00    0.00
 -33328.675    -0.688     0.00    0.00
 -32952.539    -0.688     0.00    0.00
 -32576.403    -0.688     0.00    0.00
 -32200.267    -0.688     0.00    0.00
 -31824.131     3.158    10.23    7.88
 -31447.995     7.979    12.82    9.98
 -31071.859    12.896    13.07    9.74
 -30695.723    18.492    14.88    5.72
 -30319.587    20.729     5.95    1.75
 -29943.451    20.918     0.50    1.65
 -29567.315    21.005     0.23    1.91
 -29191.179    20.996    -0.02    2.01
 -28815.042    21.231     0.62    1.80
 -28438.906    21.184    -0.13    2.00
 -28062.770    21.262     0.21    2.02
 -27686.634    21.610     0.92    1.97
 -27310.497    21.918     0.82    1.69
 -26934.361    21.664    -0.68    1.40
 -26558.225    21.231    -1.15    1.77
 -26182.088    20.691    -1.44    2.62
 -25805.952    20.227    -1.23    3.81
 -25429.815    19.902    -0.86    3.79
 -25053.679    18.162    -4.63    4.79
 -24677.542    16.562    -4.25    5.81
 -24301.405    15.210    -3.60    6.03
 -23925.269    13.049    -5.74    5.27
 -23549.132    12.760    -0.77    4.38
 -23172.995    13.697     2.49    4.30
 -22796.858    14.075     1.01    3.87
 -22420.721    14.840     2.03    3.31
 -22044.585    14.996     0.42    3.35
 -21668.447    15.081     0.23    3.47
 -21292.310    14.112    -2.58    4.30
 -20916.173    13.594    -1.38    4.39
 -20540.036    12.023    -4.18    4.27
 -20163.899    11.880    -0.38    4.70
 -19787.761    12.339     1.22    4.14
 -19411.624    10.961    -3.66    3.85
 -19035.487    10.261    -1.86    3.73
 -18659.349     8.851    -3.75    3.47
 -18283.211     7.447    -3.73    2.86
 -17907.074     7.440    -0.02    3.03
 -17530.936     6.944    -1.32    3.27
 -17154.798     6.628    -0.84    3.31
 -16778.660     5.610    -2.71    2.99
 -16402.522     4.594    -2.70    2.24
 -16026.384     3.312    -3.41    2.01
 -15650.246     2.562    -1.99    1.59
 -15274.108     2.075    -1.29    1.13
 -14897.969     2.007    -0.18    1.09
 -14521.831     2.569     1.49    1.35
 -14145.692     3.723     3.07    2.11
 -13769.554     4.427     1.87    2.14
 -13393.415     6.096     4.44    3.07
 -13017.276     7.393     3.45    3.90
 -12641.137     9.150     4.67    4.60
 -12264.998    11.787     7.01    4.93
 -11888.859    11.339    -1.19    6.06
 -11512.720     8.128    -8.54    7.77
 -11136.580     4.312   -10.14    7.76
 -10760.441     0.953    -8.93    4.18
 -10384.301     1.312     0.95    3.19
 -10008.162     3.261     5.18    3.67
  -9632.022     5.786     6.71    3.72
  -9255.891     8.479     7.16    2.86
  -8879.770    10.015     4.08    3.00
  -8503.649    10.396     1.01    3.69
  -8127.528     9.365    -2.74    4.75
  -7751.407     6.928    -6.48    6.31
  -7375.285     4.656    -6.04    7.09
  -6999.164     2.918    -4.62    7.12
  -6623.042     0.420    -6.64    4.61
  -6246.920    -0.688    -2.95    0.00
  -5870.798    -0.688     0.00    0.00
  -5494.676    -0.688     0.00    0.00
  -5118.554    -0.688     0.00    0.00
  -4742.431    -0.688     0.00    0.00
  -4366.309    -0.688     0.00    0.00
  -3990.186    -0.688     0.00    0.00
  -3614.064    -0.688     0.00    0.00
  -3237.941    -0.688     0.00    0.00
  -2861.818    -0.688     0.00    0.00
  -2485.694    -0.688     0.00    0.00
  -2109.571    -0.688     0.00    0.00
  -1733.448    -0.688     0.00    0.00
  -1357.324    -0.688     0.00    0.00
   -981.200    -0.688     0.00    0.00
   -605.076    -0.688     0.00    0.00
   -228.952    -0.688     0.00    0.00
    147.172    -0.688     0.00    0.00
    523.297    -0.688     0.00    0.00
    899.421    -0.688     0.00    0.00
   1275.546    -0.688     0.00    0.00
   1651.671    -0.688     0.00    0.00
   2027.796    -0.688     0.00    0.00
   2403.921    -0.688     0.00    0.00
   2780.046    -0.451     0.63    1.02
   3156.172     0.087     1.43    1.70
   3532.298     0.684     1.59    1.99
   3908.424     1.204     1.38    2.14
   4284.550     1.718     1.37    2.07
   4660.676     2.177     1.22    2.07
   5036.802     2.664     1.29    2.02
   5412.929     4.284     4.31    5.26
   5789.056     9.774    14.59    8.59
   6165.183    14.543    12.68    8.77
   6541.310    16.691     5.71    7.27
   6917.437    16.575    -0.31    7.28
   7293.565    14.681    -5.04    7.36
   7669.693    11.902    -7.39    7.05
   8045.820    11.123    -2.07    6.66
   8421.949    11.594     1.25    6.63
   8798.077    10.479    -2.97    5.78
   9174.205    10.049    -1.14    6.13
   9550.334    10.970     2.45    5.90
   9926.463    10.906    -0.17    5.60
  10302.592    12.081     3.13    5.62
  10678.721    10.772    -3.48    6.04
  11054.851    10.507    -0.70    5.74
  11430.981     9.826    -1.81    5.77
  11807.111     9.784    -0.11    4.92
  12183.241     9.575    -0.56    4.33
  12559.371     9.210    -0.97    3.97
  12935.502     8.961    -0.66    3.35
  13311.632     9.389     1.14    3.71
  13687.763     9.338    -0.14    4.36
  14063.895     9.671     0.89    5.27
  14440.026    10.691     2.71    6.38
  14816.158    11.876     3.15    6.65
  15192.290    13.583     4.54    6.14
  15568.422    14.420     2.23    6.03
  15944.554    14.799     1.01    6.50
  16320.687    16.812     5.35    7.30
  16696.819    17.953     3.03    7.57
  17072.952    20.158     5.86    6.63
  17449.086    21.562     3.73    5.84
  17825.219    21.075    -1.29    5.79
  18201.353    21.340     0.70    6.14
  18577.487    20.496    -2.24    7.31
  18953.621    19.876    -1.65    7.21
  19329.755    17.934    -5.16    7.92
  19705.890    16.418    -4.03    7.54
  20082.025    16.594     0.47    7.26
  20458.160    16.389    -0.55    7.15
  20834.296    15.826    -1.50    8.16
  21210.431    14.235    -4.23    8.04
  21586.567    12.056    -5.79    8.74
  21962.703    10.590    -3.90    7.71
  22338.840    10.204    -1.03    8.19
  22714.976    12.562     6.27    9.07
  23091.113    13.979     3.77    8.75
  23467.251    15.030     2.79    7.51
  23843.388    17.484     6.52    7.61
  24219.526    20.235     7.32    7.84
  24595.664    21.284     2.79    7.98
  24971.802    22.258     2.59    7.47
  25347.941    20.602    -4.40    9.15
  25724.079    18.839    -4.69    9.80
  26100.219    15.602    -8.61   11.13
  26476.358    11.745   -10.25   10.53
  26852.498    10.037    -4.54   10.26
  27228.637     7.007    -8.06    9.07
  27604.778     5.087    -5.10    6.95
  27980.918     3.654    -3.81    5.17
  28357.059     2.701    -2.53    1.13
  28733.200     2.393    -0.82    1.26
  29109.341     2.096    -0.79    1.36
  29485.483     1.891    -0.54    1.67
  29861.625     1.415    -1.27    1.67
  30237.767     1.042    -0.99    1.69
  30613.909     0.662    -1.01    1.70
  30990.052     0.594    -0.18    1.57
  31366.195     0.865     0.72    1.74
  31742.338     1.447     1.55    2.06
  32118.482     2.235     2.09    1.99
  32494.626     2.707     1.25    1.57
  32870.770     2.729     0.06    1.68
  33246.915     2.312    -1.11    1.84
  33623.060     2.479     0.44    1.40
  33999.205     2.876     1.06    1.43
  34375.350     3.492     1.64    1.23
  34751.496     3.989     1.32    1.07
  35127.642     3.772    -0.58    1.24
  35503.789     2.961    -2.16    1.72
  35879.936     2.231    -1.94    2.02
  36256.083     0.970    -3.35    1.92
  36632.230     0.062    -2.41    1.34
  37008.378    -0.380    -1.18    1.00
  37384.526    -0.688    -0.82    0.00
  37760.674    -0.688     0.00    0.00
  38136.823    -0.688     0.00    0.00
  38512.972    -0.688     0.00    0.00
  38889.121    -0.688     0.00    0.00
  39265.271    -0.688     0.00    0.00
  39641.421    -0.688     0.00    0.00
  40017.571    -0.688     0.00    0.00
  40393.722    -0.688     0.00    0.00
  40769.873    -0.688     0.00    0.00
  41146.024    -0.688     0.00    0.00
  41522.176    -0.688     0.00    0.00
  41898.328    -0.688     0.00    0.00
  42274.480    -0.688     0.00    0.00
  42650.633    -0.688     0.00    0.00
  43026.786    -0.688     0.00    0.00
  43402.939    -0.688     0.00    0.00
  43779.093    -0.688     0.00    0.00
  44155.247    -0.688     0.00    0.00
  44531.401    -0.688     0.00    0.00
  44907.556    -0.688     0.00    0.00
  45283.711    -0.688     0.00    0.00
  45659.867    -0.688     0.00    0.00
  46036.023    -0.688     0.00    0.00
  46412.179    -0.688     0.00    0.00
  46788.336    -0.688     0.00    0.00
  47164.493    -0.336     0.93    1.83
  47540.650     1.969     6.13    5.77
  47916.808     5.671     9.84    7.80
  48292.966     9.107     9.13    8.49
  48669.124    12.951    10.22    7.75
  49045.283    15.646     7.16    6.16
  49421.442    17.555     5.08    3.71
  49797.602    17.602     0.12    3.85
  50173.762    16.707    -2.38    4.52
  50549.922    16.389    -0.84    4.81
  50926.083    14.880    -4.01    4.66
  51302.244    12.865    -5.36    4.87
  51678.406    10.562    -6.12    5.48
  52054.568     8.062    -6.65    4.86
  52430.730     6.177    -5.01    3.15
  52806.893     5.826    -0.93    1.99
  53183.056     7.528     4.53    3.89
  53559.219    10.123     6.90    4.70
  53935.383    12.423     6.12    4.33
  54311.547    12.062    -0.96    4.71
  54687.712    11.415    -1.72    5.20
  55063.877    11.664     0.66    5.82
  55440.042    11.005    -1.75    6.07
  55816.208    11.988     2.61    6.25
  56192.375    11.181    -2.15    6.20
  56568.541    10.979    -0.54    6.15
  56944.708    10.876    -0.27    5.49
  57320.876     9.479    -3.71    4.73
  57697.044     8.391    -2.89    4.44
  58073.212     7.517    -2.32    4.14
  58449.381     7.784     0.71    4.07
  58825.550     6.517    -3.37    3.50
  59201.720     5.799    -1.91    3.12
  59577.890     5.366    -1.15    2.62
  59954.060     4.366    -2.66    1.15
  60330.231     4.423     0.15    1.04
  60706.402     4.338    -0.23    0.99
  61082.574     4.537     0.53    1.93
  61458.746     5.015     1.27    2.50
  61834.919     4.774    -0.64    2.15
  62211.092     4.681    -0.25    1.88
  62587.265     4.812     0.35    1.43
  62963.439     5.204     1.04    1.90
  63339.613     5.437     0.62    2.10
  63715.788     5.583     0.39    2.18
  64091.963     5.474    -0.29    2.14
  64468.139     4.718    -2.01    0.98
  64844.315     4.812     0.25    1.23
  65220.491     4.851     0.10    1.25
  65596.668     4.671    -0.48    1.11
  65972.775     4.684     0.03    1.09
  66348.867     5.042     0.95    1.12
  66724.959     5.231     0.50    1.50
  67101.052     5.181    -0.13    1.44
  67477.146     5.462     0.75    1.59
  67853.240     5.312    -0.40    1.49
  68229.334     6.733     3.78    4.57
  68605.429    10.049     8.82    6.90
  68981.524    12.261     5.88    8.03
  69357.620    13.637     3.66    8.05
  69733.716    14.962     3.52    7.72
  70109.813    14.128    -2.22    8.12
  70485.910    15.562     3.81    7.55
  70862.008    15.853     0.77    6.35
  71238.106    14.757    -2.91    6.25
  71614.205    14.056    -1.86    5.15
  71990.304    12.723    -3.55    5.14
  72366.404    10.855    -4.97    5.56
  72742.504     8.154    -7.18    5.09
  73118.604     5.231    -7.77    2.47
  73494.705     4.451    -2.07    0.93
  73870.807     4.338    -0.30    0.90
  74246.909     4.339     0.00    0.90
  74623.011     4.466     0.34    1.06
  74999.114     4.365    -0.27    1.14
  75375.218     4.712     0.92    1.30
  75751.322     4.907     0.52    1.30
  76127.426     4.837    -0.19    1.38
  76503.531     4.543    -0.78    1.72
  76879.636     4.090    -1.20    1.61
  77255.742     4.123     0.09    1.52
  77631.849     3.961    -0.43    1.36
  78007.956     3.880    -0.22    1.07
  78384.063     3.799    -0.21    0.94
  78760.171     3.684    -0.31    0.73
  79136.280     3.774     0.24    0.88
  79512.389     3.839     0.17    1.01
  79888.498     3.757    -0.22    1.08
  80264.608     3.748    -0.02    1.14
  80640.719     3.470    -0.74    1.05
  81016.830     3.707     0.63    1.41
  81392.941     3.701    -0.02    1.44
  81769.053     3.748     0.12    1.41
  82145.166     3.907     0.42    1.52
  82521.279     3.928     0.06    1.63
  82897.393     4.212     0.76    1.48
  83273.507     4.227     0.04    1.56
  83649.622     4.096    -0.35    1.20
  84025.737     4.015    -0.22    1.37
  84401.853     4.177     0.43    1.29
  84777.969     4.123    -0.14    1.02
  85154.086     3.979    -0.38    1.04
  85530.203     3.962    -0.04    1.25
  85906.321     3.851    -0.30    1.27
  86282.440     3.664    -0.50    1.21
  86658.559     3.733     0.19    1.33
  87034.678     3.444    -0.77    1.36
  87410.798     3.440    -0.01    1.30
  87786.919     3.420    -0.05    1.31
  88163.040     3.364    -0.15    1.21
  88539.162     3.812     1.19    1.70
  88915.284     3.876     0.17    1.67
  89291.407     3.851    -0.07    1.43
  89667.530     3.594    -0.68    1.33
  90043.654     3.523    -0.19    1.36
  90419.779     3.691     0.45    1.36
  90795.904     3.610    -0.22    1.18
  91172.029     3.470    -0.37    1.13
  91548.156     3.534     0.17    1.10
  91924.282     3.415    -0.32    1.21
  92300.410     3.723     0.82    1.29
  92676.538     3.880     0.42    1.28
  93052.666     4.233     0.94    1.19
  93428.795     4.107    -0.34    1.26
  93804.925     4.005    -0.27    1.22
  94181.055     4.096     0.24    1.29
  94557.186     5.030     2.48    2.74
  94933.317     5.042     0.03    2.82
  95309.449     5.470     1.14    2.71
  95685.582     5.907     1.16    3.24
  96061.715     7.062     3.07    4.61
  96437.848    10.261     8.50    5.55
  96813.983    12.312     5.45    5.06
  97190.118    10.784    -4.06    5.86
  97566.253    10.774    -0.03    6.21
  97942.389     9.923    -2.26    6.36
  98318.526     6.671    -8.65    6.44
  98694.663     6.839     0.44    6.32
  99070.801     5.420    -3.77    4.60
  99446.939     6.865     3.84    5.12
  99823.078    10.133     8.69    5.74
 100199.218    11.137     2.67    5.81
 100575.358    11.007    -0.35    6.68
 100951.499     9.261    -4.64    6.47
 101327.640     7.681    -4.20    5.63
 101703.782     5.907    -4.72    3.78
 102079.925     5.420    -1.29    3.99
 102456.068     4.941    -1.27    2.83
 102832.212     4.287    -1.74    1.37
 103208.357     4.637     0.93    1.23
 103584.502     4.923     0.76    1.20
 103960.648     5.466     1.44    2.70
 104336.794     5.562     0.26    2.82
 104712.941     5.154    -1.08    2.19
 105089.089     5.005    -0.40    2.03
 105465.237     5.102     0.26    2.04
 105841.386     5.177     0.20    1.97
 106217.535     5.181     0.01    1.14
 106593.686     5.512     0.88    1.04
 106969.836     5.420    -0.24    0.99
 107345.988     5.748     0.87    0.85
 107722.140     5.733    -0.04    0.98
 108098.292     6.150     1.11    1.09
 108474.446     6.285     0.36    1.09
 108850.600     6.368     0.22    1.24
 109226.754     6.440     0.19    1.26
 109602.910     6.437    -0.01    1.22
 109979.065     6.204    -0.62    1.07
 110355.222     6.187    -0.04    1.02
 110731.379     6.260     0.19    1.04
 111107.537     6.365     0.28    1.01
 111483.696     6.474     0.29    1.26
 111859.855     6.697     0.59    1.27
 112236.015     6.618    -0.21    1.17
 112612.175     6.479    -0.37    1.13
 112988.336     6.261    -0.58    0.79
 113364.498     6.227    -0.09    0.74
 113740.660     6.133    -0.25    1.05
 114116.824     6.287     0.41    1.04
 114492.987     6.451     0.44    1.51
 114869.152     6.637     0.49    1.56
 115245.317     6.610    -0.07    1.54
 115621.483     6.654     0.12    1.62
 115997.649     6.543    -0.30    1.16
 116373.816     6.583     0.11    1.04
 116749.984     6.723     0.37    0.99
 117126.153     7.023     0.80    1.14
 117502.322     7.128     0.28    1.18
 117878.492     7.664     1.42    1.21
 118254.662     7.953     0.77    1.35
 118630.833     8.049     0.25    1.43
 119007.005     8.479     1.14    1.52
 119383.178     8.470    -0.02    1.52
 119759.351     8.673     0.54    1.44
 120135.525     8.620    -0.14    1.30
 120511.700     8.543    -0.20    1.13
 120887.875     8.281    -0.70    1.20
 121264.051     8.096    -0.49    1.20
 121640.228     7.853    -0.65    1.14
 122016.406     7.799    -0.14    1.19
 122392.584     7.517    -0.75    0.98
 122768.763     7.231    -0.76    0.86
 123144.942     7.133    -0.26    0.79
 123521.123     6.979    -0.41    0.90
 123897.304     6.953    -0.07    0.93
 124273.485     6.988     0.09    1.25
 124649.668     7.158     0.45    1.35
 125025.851     7.128    -0.08    1.45
 125402.035     7.090    -0.10    1.44
 125778.219     7.123     0.09    1.29
 126154.405     7.090    -0.09    0.96
 126530.591     6.853    -0.63    1.02
 126906.777     6.876     0.06    1.10
 127282.965     6.781    -0.25    1.24
 127659.153     6.707    -0.20    1.33
 128035.342     6.681    -0.07    1.34
 128411.532     6.812     0.35    1.48
 128787.722     6.979     0.44    1.49
 129163.913     7.177     0.53    1.38
 129540.105     7.056    -0.32    1.48
 129916.297     6.786    -0.72    1.37
 130292.491     6.697    -0.24    1.50
 130668.685     6.745     0.13    1.69
 131044.880     6.970     0.60    1.42
 131421.075     7.697     1.93    2.65
 131797.271     8.979     3.41    3.17
 132173.468     8.745    -0.62    3.07
 132549.666     8.907     0.43    3.96
 132925.865     9.312     1.08    4.35
 133302.064    10.366     2.80    4.80
 133678.264    11.855     3.96    4.77
 134054.465    11.487    -0.98    5.07
 134430.666    10.235    -3.33    4.37
 134806.869     9.718    -1.38    3.04
 135183.072    10.081     0.97    3.14
 135559.275    10.523     1.17    3.11
 135935.480    10.233    -0.77    2.89
 136311.685    10.602     0.98    2.56
 136687.891    11.338     1.96    2.55
 137064.098    12.146     2.15    2.04
 137440.306    12.207     0.16    1.72
 137816.514    11.812    -1.05    1.88
 138192.723    11.312    -1.33    2.39
 138568.933    11.575     0.70    2.14
 138945.144    11.258    -0.84    2.00
 139321.356    10.745    -1.36    1.83
 139697.568    10.853     0.29    1.54
 140073.781    10.146    -1.88    1.75
 140449.995     9.851    -0.78    1.52
 140826.184     9.620    -0.61    1.61
 141202.245     9.177    -1.18    1.57
 141578.307     9.023    -0.41    1.51
 141954.370     9.030     0.02    1.56
 142330.433     8.825    -0.55    1.14
 142706.497     9.312     1.30    1.12
 143082.562     9.415     0.27    1.23
 143458.628     9.201    -0.57    1.35
 143834.695     9.150    -0.14    1.61
 144210.763     8.944    -0.55    1.58
 144586.831     8.858    -0.23    1.62
 144962.900     8.928     0.19    1.58
 145338.970     9.023     0.25    1.43
 145715.041     8.951    -0.19    1.59
 146091.112     9.150     0.53    1.66
 146467.184     9.062    -0.23    1.70
 146843.257     8.865    -0.52    1.64
 147219.331     8.687    -0.47    1.25
 147595.406     8.691     0.01    1.14
 147971.482     9.107     1.11    1.52
 148347.558     9.496     1.04    2.19
 148723.635     9.312    -0.49    2.09
 149099.713     9.285    -0.07    1.83
 149475.792     9.262    -0.06    1.54
 149851.872     9.447     0.49    1.77
 150227.952     9.393    -0.14    1.80
 150604.034     9.420     0.07    1.70
 150980.116     9.341    -0.21    1.54
 151356.199     9.056    -0.76    1.37
 151732.283     9.081     0.07    1.37
 152108.367     8.951    -0.35    1.50
 152484.453     9.312     0.96    1.86
 152860.539     9.451     0.37    1.82
 153236.626     8.733    -1.91    1.62
 153612.714     8.662    -0.19    1.64
 153988.803     8.555    -0.28    1.75
 154364.893     8.549    -0.02    1.67
 154740.983     8.918     0.98    1.64
 155117.075     9.723     2.14    1.83
 155493.167     9.718    -0.01    1.89
 155869.260    10.338     1.65    2.02
 156245.354    10.902     1.50    2.09
 156621.449    11.015     0.30    2.07
 156997.544    11.042     0.07    2.21
 157373.641    11.312     0.72    1.90
 157749.738    11.233    -0.21    2.05
 158125.837    10.953    -0.74    1.87
 158501.936    10.855    -0.26    1.87
 158878.036    10.569    -0.76    1.71
 159254.136     9.733    -2.22    1.95
 159630.238     9.534    -0.53    2.11
 160006.341     9.075    -1.22    2.29
 160382.444     8.748    -0.87    2.36
 160758.548     8.466    -0.75    2.27
 161134.654     8.233    -0.62    2.57
 161510.760     7.646    -1.56    1.44
 161886.867     7.979     0.89    1.66
 162262.974     8.337     0.95    1.82
 162639.083     9.133     2.12    2.38
 163015.193     9.598     1.24    3.23
 163391.303     9.826     0.61    3.59
 163767.415     9.474    -0.93    3.67
 164143.527     8.312    -3.09    2.85
 164519.640     7.365    -2.52    2.10
 164895.754     6.988    -1.00    1.80
 165271.869     7.412     1.13    1.63
 165647.985     8.312     2.39    2.60
 166024.101     9.447     3.02    3.28
 166400.219    10.654     3.21    3.49
 166776.338    11.158     1.34    3.34
 167152.457    10.944    -0.57    3.34
 167528.577    10.340    -1.61    2.97
 167904.698    10.158    -0.48    2.49
 168280.821    10.062    -0.26    2.74
 168656.944    10.158     0.26    3.09
 169033.068    10.005    -0.41    3.14
 169409.192     9.430    -1.53    2.88
 169785.318     9.664     0.62    3.05
 170161.445     9.664     0.00    2.62
 170537.572     9.339    -0.86    2.65
 170913.701     9.470     0.35    2.27
 171289.830     8.979    -1.31    2.24
 171665.961     8.389    -1.57    2.32
 172042.092     8.184    -0.55    2.13
 172418.224     7.772    -1.10    1.28
 172794.357     7.637    -0.36    1.06
 173170.491     8.260     1.66    3.18
 173546.626     8.646     1.03    3.33
 173922.762     9.201     1.48    3.55
 174298.899     9.107    -0.25    4.01
 174675.037     9.451     0.91    5.10
 175051.176     9.549     0.26    4.95
 175427.315     8.671    -2.33    3.60
 175803.456     7.781    -2.37    1.95
 176179.598     7.391    -1.04    1.87
 176555.740     6.528    -2.29    1.13
 176931.884     6.474    -0.14    1.14
 177308.028     6.312    -0.43    0.97
 177684.173     6.258    -0.14    1.05
 178060.320     6.646     1.03    1.78
 178436.467     7.235     1.57    2.63
 178812.615     7.707     1.25    2.70
 179188.764     7.891     0.49    2.52
 179564.914     7.620    -0.72    2.17
 179941.065     7.184    -1.16    2.08
 180317.217     6.718    -1.24    1.95
 180693.370     6.181    -1.43    1.70
 181069.524     5.799    -1.02    1.35
 181445.679     5.826     0.07    1.39
 181821.835     5.907     0.22    1.36
 182197.992     6.219     0.83    1.30
 182574.150     6.158    -0.16    1.27
 182950.309     5.928    -0.61    1.21
 183326.468     5.840    -0.23    1.11
 183702.629     5.799    -0.11    1.00
 184078.791     5.961     0.43    1.14
 184454.954     6.081     0.32    1.25
 184831.117     6.075    -0.02    1.28
 185207.282     6.102     0.07    1.30
 185583.448     5.961    -0.37    1.21
 185959.614     5.953    -0.02    1.25
 186335.782     5.800    -0.41    1.27
 186711.951     5.618    -0.48    1.47
 187088.120     5.733     0.31    1.64
 187464.291     5.528    -0.54    1.83
 187840.462     5.528     0.00    1.46
 188216.635     5.501    -0.07    1.78
 188592.809     5.284    -0.58    1.69
 188968.983     5.262    -0.06    1.54
 189345.159     5.697     1.16    1.16
 189721.335     5.718     0.06    0.96
 190097.513     5.979     0.69    1.01
 190473.692     6.118     0.37    1.24
 190849.871     5.871    -0.66    1.24
 191226.052     5.752    -0.32    1.19
