-179223.711   273.875     0.00   29.22
-178847.580   254.647   -51.12   33.14
-178471.449   244.368   -27.33   34.11
-178095.317   228.425   -42.39   30.11
-177719.186   215.432   -34.54   17.98
-177343.054   215.800     0.98   18.73
-176966.923   213.436    -6.29   20.32
-176590.791   214.111     1.80   22.25
-176214.660   208.216   -15.67   24.87
-175838.529   198.378   -26.16   20.63
-175462.397   194.026   -11.57   17.03
-175086.266   191.205    -7.50   14.30
-174710.134   194.417     8.54   14.32
-174334.003   194.650     0.62   18.35
-173957.871   192.158    -6.63   20.03
-173581.740   197.083    13.09   22.06
-173205.608   199.053     5.24   26.57
-172829.477   192.590   -17.18   26.25
-172453.345   192.579    -0.03   27.63
-172077.214   193.861     3.41   31.63
-171701.082   197.385     9.37   34.07
-171324.951   207.027    25.64   33.23
-170948.819   203.425    -9.58   34.98
-170572.687   184.256   -50.96   35.94
-170196.555   170.400   -36.84   25.18
-169820.424   164.405   -15.94   20.43
-169444.292   165.730     3.52   21.88
-169068.160   166.868     3.03   22.15
-168692.028   164.667    -5.85   19.93
-168315.896   162.056    -6.94   18.21
-167939.765   158.146   -10.39   11.78
-167563.633   160.846     7.18    9.14
-167187.501   167.500    17.69   13.33
-166811.368   173.892    16.99   15.44
-166435.236   176.316     6.44   16.24
-166059.104   178.256     5.16   18.48
-165682.972   172.333   -15.75   20.58
-165306.840   167.897   -11.79   20.82
-164930.707   164.139    -9.99   18.33
-164554.575   162.500    -4.36   14.18
-164178.443   164.359     4.94   14.51
-163802.310   162.812    -4.11   17.55
-163426.178   158.378   -11.79   18.73
-163050.045   149.108   -24.65   19.89
-162673.912   146.108    -7.98   20.38
-162297.780   148.051     5.17   19.34
-161921.647   153.216    13.73   20.43
-161545.514   156.026     7.47   15.07
-161169.381   152.385    -9.68   17.83
-160793.248   147.974   -11.73   16.09
-160417.115   151.135     8.40   19.47
-160040.982   159.436    22.07   21.38
-159664.848   165.692    16.63   20.76
-159288.715   169.972    11.38   21.85
-158912.582   168.711    -3.35   20.35
-158536.448   172.973    11.33   19.39
-158160.315   177.189    11.21   19.58
-157784.181   180.179     7.95   19.88
-157408.047   180.781     1.60   20.79
-157031.913   181.795     2.69   19.57
-156655.780   181.256    -1.43   17.70
-156279.646   177.556    -9.84   18.61
-155903.511   173.897    -9.73   19.15
-155527.377   174.243     0.92   19.83
-155151.243   173.667    -1.53   19.46
-154775.108   165.921   -20.59   24.00
-154398.974   156.000   -26.38   26.65
-154022.839   154.081    -5.10   25.16
-153646.705   152.923    -3.08   22.66
-153270.570   157.128    11.18   23.38
-152894.435   157.278     0.40   21.08
-152518.300   157.270    -0.02   20.33
-152142.165   157.730     1.22   21.47
-151766.029   159.757     5.39   22.39
-151389.894   165.459    15.16   24.57
-151013.759   171.429    15.87   23.87
-150637.623   175.667    11.27   21.18
-150261.487   178.359     7.16   20.66
-149885.351   178.667     0.82   16.50
-149509.215   179.974     3.48   17.42
-149133.079   181.167     3.17   22.44
-148756.943   188.289    18.94   36.29
-148380.807   193.237    13.15   45.11
-148004.670   199.692    17.16   49.58
-147628.534   211.216    30.64   62.24
-147252.397   235.658    64.98   66.98
-146876.260   262.795    72.15   58.43
-146500.123   298.722    95.52   31.01
-146123.986   309.368    28.30   32.61
-145747.849   303.784   -14.85   37.28
-145371.711   301.784    -5.32   34.10
-144995.574   318.811    45.27   39.48
-144619.436   337.500    49.69   38.18
-144243.298   349.385    31.60   31.49
-143867.160   351.875     6.62   34.16
-143491.022   351.054    -2.18   34.05
-143114.883   355.875    12.82   28.10
-142738.745   365.632    25.94   15.83
-142362.606   369.667    10.73    6.55
-141986.468   366.081    -9.53   11.33
-141610.329   356.128   -26.46   19.50
-141234.189   337.250   -50.19   32.58
-140858.050   318.027   -51.11   41.24
-140481.911   298.421   -52.12   50.76
-140105.771   277.257   -56.27   53.23
-139729.631   261.359   -42.27   47.44
-139353.492   267.897    17.38   43.29
-138977.351   286.444    49.31   48.98
-138601.211   310.189    63.13   43.30
-138225.071   319.270    24.14   30.87
-137848.930   301.132   -48.22   44.67
-137472.789   279.400   -57.78   43.25
-137096.648   271.703   -20.46   41.27
-136720.507   283.154    30.44   42.53
-136344.366   298.947    41.99   36.42
-135968.224   305.184    16.58   25.64
-135592.083   300.757   -11.77   21.35
-135215.941   292.150   -22.88   24.63
-134839.799   285.053   -18.87   18.74
-134463.656   284.432    -1.65   16.80
-134087.514   288.595    11.07   16.84
-133711.371   297.257    23.03   15.32
-133335.228   297.769     1.36   14.31
-132959.085   300.436     7.09   14.05
-132582.942   300.371    -0.17   17.53
-132206.799   295.676   -12.48   18.31
-131830.655   287.811   -20.91   20.05
-131454.511   285.838    -5.25   18.23
-131078.367   288.900     8.14   18.00
-130702.223   295.270    16.94   18.83
-130326.078   301.769    17.28   14.20
-129949.934   304.263     6.63   12.37
-129573.789   301.538    -7.24   14.07
-129197.644   300.432    -2.94   14.00
-128821.498   299.537    -2.38   13.29
-128445.353   302.368     7.53   12.10
-128069.207   305.889     9.36   10.31
-127693.061   301.351   -12.06   15.24
-127316.915   296.703   -12.36   16.15
-126940.769   289.405   -19.40   20.33
-126564.622   286.872    -6.74   20.20
-126188.475   285.824    -2.79   19.02
-125812.328   273.462   -32.86   21.76
-125436.181   254.132   -51.39   32.82
-125060.033   238.500   -41.56   36.28
-124683.885   218.000   -54.50   33.21
-124307.737   201.081   -44.98   35.54
-123931.589   187.789   -35.34   35.79
-123555.440   169.395   -48.90   25.96
-123179.292   158.077   -30.09   17.04
-122803.162   154.378    -9.83   13.38
-122427.063   151.949    -6.46   13.76
-122050.965   151.051    -2.39   14.59
-121674.866   150.194    -2.28   14.20
-121298.767   152.595     6.38   14.71
-120922.668   160.568    21.20   12.35
-120546.568   165.405    12.86   10.75
-120170.468   164.189    -3.23   12.04
-119794.368   165.389     3.19   11.73
-119418.268   164.525    -2.30   11.97
-119042.168   165.474     2.52   17.47
-118666.067   173.514    21.38   26.15
-118289.966   174.051     1.43   28.82
-117913.864   175.237     3.15   32.53
-117537.763   168.763   -17.21   30.81
-117161.661   158.324   -27.76   24.11
-116785.559   154.359   -10.54   16.94
-116409.456   158.056     9.83   17.90
-116033.354   173.026    39.80   25.32
-115657.251   187.718    39.06   27.88
-115281.147   197.688    26.51   25.85
-114905.044   198.351     1.77   23.65
-114528.940   198.135    -0.57   20.25
-114152.836   185.611   -33.30   22.01
-113776.732   160.811   -65.94   33.90
-113400.627   141.111   -52.38   31.30
-113024.522   127.816   -35.35   20.15
-112648.417   122.333   -14.58   10.97
-112272.311   125.553     8.56   12.09
-111896.205   130.711    13.71    9.78
-111520.099   139.410    23.13   14.54
-111143.993   143.000     9.54   16.48
-110767.886   145.486     6.61   21.11
-110391.779   144.744    -1.98   23.42
-110015.672   130.778   -37.13   32.21
-109639.564   115.474   -40.69   33.23
-109263.457   101.263   -37.78   33.13
-108887.348    87.031   -37.84   16.54
-108511.240    93.590    17.44   29.53
-108135.131   100.289    17.81   32.02
-107759.022    98.139    -5.72   27.84
-107382.912    89.974   -21.71   25.83
-107006.803    80.000   -26.52   11.19
-106630.693    78.513    -3.95    8.22
-106254.582    77.711    -2.13    8.12
-105878.472    79.135     3.79   10.06
-105502.361    77.410    -4.59   13.66
-105126.249    73.179   -11.25   14.34
-104750.138    65.436   -20.59   10.42
-104374.026    60.889   -12.09    6.18
-103997.913    61.868     2.60   10.88
-103621.801    71.162    24.71   22.79
-103245.688    77.784    17.61   24.85
-102869.575    89.622    31.47   29.52
-102493.461    97.879    21.95   33.68
-102117.347   101.359     9.25   31.95
-101741.233    95.000   -16.91   34.46
-101365.118    84.750   -27.25   35.31
-100989.003    70.487   -37.92   31.22
-100612.888    67.806    -7.13   31.52
-100236.772    73.447    15.00   30.78
 -99860.656    89.615    42.99   29.30
 -99484.540    98.162    22.72   27.72
 -99108.423   108.842    28.40   23.38
 -98732.306   116.615    20.67   16.68
 -98356.189   112.600   -10.68   16.50
 -97980.071   102.973   -25.60   18.95
 -97603.953    98.282   -12.47   18.70
 -97227.834    93.703   -12.18   20.40
 -96851.716    93.108    -1.58   21.69
 -96475.596   102.838    25.87   18.51
 -96099.477   103.472     1.69   16.00
 -95723.357    88.132   -40.79   31.16
 -95347.237    67.975   -53.59   37.13
 -94971.116    49.611   -48.82   27.42
 -94594.995    44.475   -13.66   17.38
 -94218.874    52.081    20.22   18.87
 -93842.752    67.737    41.62   25.65
 -93466.630    84.211    43.80   19.32
 -93090.508    89.500    14.06   17.60
 -92714.385    89.111    -1.03   15.67
 -92338.261    82.417   -17.80   16.37
 -91962.138    77.615   -12.77   15.56
 -91586.014    77.750     0.36   17.41
 -91209.889    84.026    16.68   21.67
 -90833.765    94.289    27.29   20.58
 -90457.640    99.081    12.74   17.00
 -90081.514   102.432     8.91   12.96
 -89705.388    99.278    -8.39   10.82
 -89329.262    93.462   -15.46   11.64
 -88953.135    87.154   -16.77   13.84
 -88577.008    79.027   -21.61   16.86
 -88200.880    64.462   -38.72   20.93
 -87824.753    56.658   -20.75   19.80
 -87448.624    44.579   -32.11   21.42
 -87072.496    40.162   -11.74   25.51
 -86696.366    37.385    -7.38   24.06
 -86320.237    33.421   -10.54   21.46
 -85944.107    37.833    11.73   21.10
 -85567.977    37.263    -1.52   18.87
 -85191.846    30.833   -17.09   21.94
 -84815.715    23.256   -20.14   21.40
 -84439.583    11.308   -31.77   11.05
 -84063.451     7.824    -9.26    4.62
 -83687.319     8.459     1.69    4.95
 -83311.186     8.541     0.22    5.28
 -82935.053     8.486    -0.14    5.59
 -82558.919    17.872    24.95   21.85
 -82182.785    34.189    43.38   35.33
 -81806.651    60.077    68.83   37.20
 -81430.516    80.282    53.72   22.31
 -81054.380    83.795     9.34   16.07
 -80678.245    79.351   -11.81   14.84
 -80302.108    74.385   -13.20   13.76
 -79925.972    74.974     1.57   13.98
 -79549.835    78.389     9.08   15.51
 -79173.697    81.216     7.52   14.97
 -78797.559    79.000    -5.89   15.99
 -78421.421    75.892    -8.26   14.38
 -78045.282    76.077     0.49   13.27
 -77669.143    79.594     9.35   14.90
 -77293.003    73.868   -15.22   22.99
 -76916.863    64.684   -24.42   26.61
 -76540.722    52.694   -31.88   27.71
 -76164.581    40.769   -31.70   24.23
 -75788.439    37.189    -9.52   24.26
 -75412.297    29.231   -21.16   16.73
 -75036.155    26.231    -7.98   13.60
 -74660.012    19.474   -17.96    6.79
 -74283.869    15.189   -11.39    7.83
 -73907.725    10.077   -13.59    7.44
 -73531.581     6.949    -8.32    5.02
 -73155.436     6.139    -2.15    3.92
 -72779.291    12.649    17.31   14.55
 -72403.145    21.622    23.85   19.48
 -72026.999    34.649    34.63   20.84
 -71650.852    48.784    37.58   20.63
 -71274.705    53.571    12.73   21.94
 -70898.558    56.150     6.86   22.63
 -70522.410    59.605     9.19   22.46
 -70146.261    66.611    18.63   28.75
 -69770.112    89.128    59.86   50.36
 -69393.963   100.842    31.14   51.42
 -69017.813   105.947    13.57   43.94
 -68641.662   101.605   -11.54   34.32
 -68265.511    87.974   -36.24   20.20
 -67889.360    81.027   -18.47   15.90
 -67513.208    72.474   -22.74   18.68
 -67137.056    64.375   -21.53   18.38
 -66760.903    56.029   -22.19   18.78
 -66384.749    45.757   -27.31   17.12
 -66008.595    36.486   -24.64   13.95
 -65632.441    31.703   -12.72   10.90
 -65256.286    35.297     9.56   14.73
 -64880.131    39.778    11.91   13.60
 -64503.975    37.231    -6.77   13.95
 -64127.819    35.316    -5.09   12.69
 -63751.662    32.378    -7.81   14.17
 -63375.504    27.154   -13.89   14.57
 -62999.346    24.658    -6.64   15.96
 -62623.188    24.256    -1.07   15.77
 -62247.029    21.486    -7.36   15.49
 -61870.870    24.513     8.05   16.81
 -61494.710    26.000     3.95   18.33
 -61118.549    27.974     5.25   17.95
 -60742.388    35.237    19.31   21.97
 -60366.227    43.500    21.97   20.89
 -59990.065    49.436    15.78   18.68
 -59613.902    57.649    21.83   14.74
 -59237.739    59.972     6.18   15.24
 -58861.576    59.730    -0.64   16.23
 -58485.411    62.861     8.32   15.44
 -58109.247    67.868    13.31   16.25
 -57733.082    68.974     2.94   16.51
 -57356.916    69.459     1.29   14.82
 -56980.750    72.974     9.34   14.31
 -56604.583    86.359    35.58   29.55
 -56228.415    99.744    35.58   38.66
 -55852.247   113.054    35.38   44.27
 -55476.079   119.923    18.26   44.68
 -55099.910   124.486    12.13   49.15
 -54723.741   121.486    -7.98   46.83
 -54347.570   123.946     6.54   46.80
 -53971.400   114.486   -25.15   41.37
 -53595.229   104.051   -27.74   35.04
 -53219.057    96.615   -19.77   31.91
 -52842.885    84.694   -31.69   22.85
 -52466.712    74.811   -26.27   13.82
 -52090.538    72.389    -6.44   13.47
 -51714.365    70.368    -5.37   21.12
 -51338.190    68.000    -6.30   13.25
 -50962.015    65.811    -5.82   12.49
 -50585.839    63.500    -6.14   12.09
 -50209.663    63.684     0.49   13.15
 -49833.486    65.179     3.97   15.85
 -49457.309    70.649    14.54   18.24
 -49081.131    70.744     0.25   18.12
 -48704.953    66.868   -10.30   15.25
 -48328.773    59.865   -18.62   11.65
 -47952.594    49.919   -26.44   12.14
 -47576.503    44.784   -13.65   11.64
 -47200.445    44.333    -1.20   11.70
 -46824.386    49.179    12.89   12.42
 -46448.327    55.514    16.85    9.47
 -46072.268    63.816    22.07   14.51
 -45696.207    75.649    31.47   28.46
 -45320.146    91.917    43.26   37.44
 -44944.085   114.974    61.31   48.78
 -44568.023   125.919    29.10   52.30
 -44191.960   120.154   -15.33   56.08
 -43815.897   112.026   -21.61   56.81
 -43439.833    96.625   -40.95   40.54
 -43063.769    88.611   -21.31   28.00
 -42687.704    84.525   -10.87   16.30
 -42311.638    79.077   -14.49   13.90
 -41935.572    72.571   -17.30   11.40
 -41559.505    68.595   -10.57   10.82
 -41183.437    64.189   -11.71   10.91
 -40807.369    59.378   -12.79    8.67
 -40431.301    53.605   -15.35    9.10
 -40055.231    51.027    -6.86    7.87
 -39679.161    50.675    -0.94    7.72
 -39303.091    54.184     9.33    8.76
 -38927.020    60.054    15.61    7.95
 -38550.948    68.211    21.69   10.91
 -38174.875    86.026    47.37   32.51
 -37798.802   126.342   107.20   64.18
 -37422.729   156.000    78.86   63.17
 -37046.655   183.513    73.16   57.08
 -36670.580   183.972     1.22   59.38
 -36294.504   161.256   -60.40   67.04
 -35918.428   123.179  -101.25   64.06
 -35542.351    80.000  -114.82   28.64
 -35166.274    69.541   -27.81    9.53
 -34790.196    79.622    26.81   22.57
 -34414.117   103.237    62.79   44.09
 -34038.038   140.211    98.31   63.19
 -33661.958   169.250    77.22   68.03
 -33285.877   176.077    18.15   67.61
 -32909.796   169.487   -17.52   67.80
 -32533.714   167.868    -4.30   61.11
 -32157.632   164.757    -8.27   55.66
 -31781.549   167.026     6.03   52.73
 -31405.465   153.667   -35.52   59.19
 -31029.380   118.889   -92.47   59.44
 -30653.295    79.051  -105.93   45.49
 -30277.209    55.972   -61.37   22.39
 -29901.123    50.579   -14.34   14.03
 -29525.036    56.590    15.98   16.36
 -29148.948    74.906    48.70   27.61
 -28772.860    93.474    49.37   42.00
 -28396.771    94.500     2.73   37.88
 -28020.681    85.054   -25.12   22.82
 -27644.590    73.923   -29.60   10.68
 -27268.499    68.595   -14.17   12.09
 -26892.407    65.744    -7.58    9.05
 -26516.315    64.821    -2.45    9.04
 -26140.222    65.289     1.25    6.96
 -25764.128    64.757    -1.42    5.42
 -25388.034    62.410    -6.24    5.38
 -25011.939    59.513    -7.70    5.67
 -24635.843    55.111   -11.70    7.83
 -24259.746    51.921    -8.48    8.69
 -23883.649    48.838    -8.20   11.02
 -23507.551    43.568   -14.01   12.81
 -23131.453    37.459   -16.24   13.72
 -22755.353    34.188    -8.70   14.95
 -22379.254    34.000    -0.50   14.34
 -22003.153    34.410     1.09   14.00
 -21627.052    35.583     3.12   12.71
 -21250.950    34.205    -3.66   11.79
 -20874.847    30.784    -9.10   11.08
 -20498.744    26.256   -12.04   12.45
 -20122.639    23.316    -7.82   13.25
 -19746.535    21.684    -4.34   13.35
 -19370.429    20.054    -4.33   12.92
 -18994.323    17.103    -7.85   13.21
 -18618.216    16.250    -2.27   12.45
 -18242.108    13.861    -6.35   12.09
 -17866.000    12.081    -4.73   11.76
 -17489.891     9.568    -6.68   10.77
 -17113.781     7.081    -6.61    8.62
 -16737.671     5.378    -4.53    7.17
 -16361.559     3.743    -4.35    5.51
 -15985.448     3.175    -1.51    5.26
 -15609.335     4.974     4.78   10.14
 -15233.222     7.622     7.04   12.77
 -14857.107     9.077     3.87   13.96
 -14480.993     9.595     1.38   14.02
 -14104.877     5.526   -10.82    9.84
 -13728.761     2.026    -9.31    3.40
 -13352.644     1.410    -1.64    2.24
 -12976.526     1.000    -1.09    2.18
 -12600.408     0.684    -0.84    0.87
 -12224.288     0.487    -0.52    0.82
 -11848.168     0.400    -0.23    0.81
 -11472.048     0.205    -0.52    0.47
 -11095.926     0.270     0.17    0.51
 -10719.804     0.432     0.43    0.65
 -10343.681     0.568     0.36    0.69
  -9967.558     0.833     0.71    1.42
  -9591.433     0.846     0.03    1.44
  -9215.308     1.050     0.54    1.66
  -8839.182     2.378     3.53    5.74
  -8463.056     2.975     1.59    6.21
  -8086.928     5.105     5.66    7.67
  -7710.800     6.462     3.61    7.10
  -7334.671     8.919     6.53    7.62
  -6958.541     9.385     1.24    7.01
  -6582.411     7.972    -3.76    6.31
  -6206.280     5.676    -6.11    5.08
  -5830.148     4.421    -3.34    4.23
  -5454.015     5.086     1.77    5.29
  -5077.882     6.103     2.70    6.46
  -4701.747     6.333     0.61    6.87
  -4325.612     6.056    -0.74    6.92
  -3949.476     6.541     1.29    7.88
  -3573.340     7.730     3.16    7.95
  -3197.202     7.921     0.51    7.73
  -2821.064     9.300     3.67    6.75
  -2444.925     8.351    -2.52    6.82
  -2068.786     4.289   -10.80    6.08
  -1692.645     1.026    -8.68    3.04
  -1316.504     0.237    -2.10    1.46
   -940.362     0.000    -0.63    0.00
   -564.219     0.000     0.00    0.00
   -188.075     0.000     0.00    0.00
    188.069     0.000     0.00    0.00
    564.214     0.000     0.00    0.00
    940.360     0.000     0.00    0.00
   1316.507     0.000     0.00    0.00
   1692.655     0.231     0.61    1.06
   2068.803     1.583     3.60    3.92
   2444.952     2.405     2.19    4.02
   2821.102     2.946     1.44    4.01
   3197.253     3.135     0.50    3.83
   3573.405     1.769    -3.63    0.96
   3949.557     1.838     0.18    0.96
   4325.710     2.077     0.64    0.98
   4701.864     2.342     0.70    1.15
   5078.019     2.487     0.39    1.34
   5454.175     2.568     0.21    1.32
   5830.331     2.683     0.31    1.35
   6206.489     2.487    -0.52    1.45
   6582.647     2.417    -0.19    1.36
   6958.806     2.081    -0.89    1.40
   7334.966     1.892    -0.50    1.20
   7711.126     1.892     0.00    1.29
   8087.288     2.282     1.04    1.38
   8463.450     2.686     1.07    1.25
   8839.613     2.846     0.43    1.35
   9215.777     3.316     1.25    1.21
   9591.942     3.306    -0.03    1.14
   9968.107     3.179    -0.34    1.07
  10344.274     3.297     0.31    1.13
  10720.441     3.395     0.26    1.20
  11096.609     3.737     0.91    1.37
  11472.778     4.128     1.04    1.47
  11848.948     4.324     0.52    1.58
  12225.119     4.667     0.91    1.44
  12601.290     4.550    -0.31    1.48
  12977.462     4.389    -0.43    1.55
  13353.636     4.189    -0.53    1.41
  13729.810     4.135    -0.14    1.27
  14105.984     4.162     0.07    1.19
  14482.160     4.324     0.43    1.29
  14858.337     4.250    -0.20    1.16
  15234.514     4.075    -0.47    0.94
  15610.693     3.974    -0.27    0.94
  15986.872     3.486    -1.30    1.17
  16363.052     2.897    -1.57    1.21
  16739.233     2.421    -1.27    1.08
  17115.414     2.289    -0.35    0.96
  17491.597     2.162    -0.34    0.99
  17867.781     2.385     0.59    1.35
  18243.965     2.417     0.09    1.30
  18620.150     2.590     0.46    1.29
  18996.336     2.846     0.68    1.48
  19372.523     3.188     0.91    1.64
  19748.711     3.162    -0.07    1.89
  20124.900     3.486     0.86    2.35
  20501.090     3.135    -0.93    2.20
  20877.280     2.432    -1.87    1.21
  21253.472     2.389    -0.12    0.96
  21629.664     2.500     0.30    1.08
  22005.857     2.641     0.37    1.01
  22382.051     2.842     0.53    1.08
  22758.246     2.632    -0.56    1.20
  23134.442     2.590    -0.11    1.25
  23510.639     2.718     0.34    1.30
  23886.837     2.568    -0.40    1.26
  24263.035     2.667     0.26    1.11
  24639.235     2.806     0.37    1.24
  25015.435     2.947     0.38    1.33
  25391.636     2.947     0.00    1.33
  25767.839     2.812    -0.36    1.31
  26144.042     2.744    -0.18    0.97
  26520.246     2.605    -0.37    1.13
  26896.451     2.730     0.33    1.10
  27272.641     2.811     0.22    1.20
  27648.665     2.778    -0.09    1.69
  28024.689     2.868     0.24    1.49
  28400.715     2.553    -0.84    1.57
  28776.741     2.730     0.47    1.71
  29152.768     3.103     0.99    1.48
  29528.797     3.179     0.20    1.21
  29904.826     2.821    -0.95    1.17
  30280.856     2.917     0.26    1.20
  30656.887     2.974     0.15    1.35
  31032.919     3.676     1.87    2.21
  31408.951     4.237     1.49    2.87
  31784.985     4.811     1.53    2.80
  32161.020     4.455    -0.95    2.98
  32537.056     4.282    -0.46    3.01
  32913.092     4.868     1.56    4.12
  33289.130     5.389     1.38    4.38
  33665.168     5.538     0.40    4.61
  34041.207     4.611    -2.47    3.34
  34417.248     3.526    -2.88    3.17
  34793.289     3.231    -0.79    2.93
  35169.331     3.486     0.68    3.13
  35545.375     5.079     4.23    4.52
  35921.419     6.462     3.68    5.11
  36297.464     7.525     2.83    4.86
  36673.510     7.459    -0.17    5.19
  37049.557     6.923    -1.43    4.76
  37425.605     6.000    -2.45    3.45
  37801.654     7.676     4.46    7.41
  38177.703    13.243    14.81   12.73
  38553.754    20.500    19.30   14.56
  38929.806    26.211    15.19   14.87
  39305.859    33.550    19.52   13.58
  39681.913    38.528    13.24   11.33
  40057.967    38.667     0.37   10.98
  40434.023    35.297    -8.96   11.39
  40810.080    33.895    -3.73   10.72
  41186.137    28.949   -13.15    9.50
  41562.196    28.395    -1.47    8.39
  41938.255    30.361     5.23    9.40
  42314.316    34.763    11.71   10.29
  42690.377    39.425    12.40   10.03
  43066.440    38.639    -2.09    9.47
  43442.503    37.282    -3.61    8.83
  43818.568    36.632    -1.73    8.20
  44194.633    37.946     3.50    7.60
  44570.700    41.541     9.56    6.62
  44946.767    43.222     4.47    7.77
  45322.836    44.256     2.75    7.52
  45698.905    46.641     6.34    9.66
  46074.976    48.486     4.91    9.41
  46451.047    50.700     5.89    7.09
  46827.119    50.132    -1.51    7.42
  47203.193    51.474     3.57    6.82
  47579.267    55.622    11.03   13.49
  47955.343    64.667    24.05   16.72
  48331.419    75.324    28.34   17.70
  48707.497    86.139    28.76   14.00
  49083.575    93.763    20.27   14.95
  49459.654    99.583    15.48   14.86
  49835.735   101.231     4.38   10.71
  50211.816    97.026   -11.18   14.61
  50587.899    92.206   -12.82   16.34
  50963.983    84.757   -19.81   17.34
  51340.067    76.946   -20.77   20.99
  51716.153    64.811   -32.27   24.69
  52092.239    54.050   -28.61   22.92
  52468.327    42.865   -29.74   19.31
  52844.415    35.211   -20.35   14.10
  53220.505    32.026    -8.47    7.50
  53596.596    36.605    12.18   11.32
  53972.688    46.432    26.13   14.21
  54348.780    53.487    18.76   14.38
  54724.874    61.184    20.47   15.49
  55100.969    67.750    17.46   17.13
  55477.065    79.378    30.92   18.74
  55853.162    83.500    10.96   16.33
  56229.260    85.789     6.09   16.79
  56605.359    90.103    11.47   16.66
  56981.459    90.156     0.14   16.41
  57357.560    78.946   -29.81   23.03
  57733.662    63.892   -40.03   25.23
  58109.765    51.027   -34.21   19.36
  58485.869    42.641   -22.30   10.10
  58861.975    40.216    -6.45    9.03
  59238.081    37.795    -6.44    9.38
  59614.189    38.897     2.93    9.05
  59990.297    36.000    -7.70   12.17
  60366.407    28.757   -19.26   16.77
  60742.517    20.667   -21.51   18.00
  61118.629    13.263   -19.68   14.31
  61494.742     9.833    -9.12   12.08
  61870.855     9.865     0.08   15.73
  62246.970     8.541    -3.52   14.27
  62623.086     6.189    -6.25    9.79
  62999.203     4.897    -3.43    3.91
  63375.321     5.424     1.40    4.87
  63751.440     8.250     7.51    9.24
  64127.560     9.947     4.51   10.42
  64503.682     9.833    -0.30   10.19
  64879.804    10.128     0.78    9.74
  65255.928     9.784    -0.92    8.98
  65632.052     7.474    -6.14    7.08
  66008.178     6.421    -2.80    6.43
  66384.305     6.051    -0.98    7.34
  66760.432     4.027    -5.38    4.90
  67136.561     3.474    -1.47    4.03
  67512.691     3.325    -0.40    1.35
  67888.822     3.543     0.58    1.63
  68264.954     4.784     3.30    4.05
  68641.088     7.081     6.11    6.42
  69017.222     9.054     5.25   10.02
  69393.358    14.595    14.73   15.07
  69769.494    20.857    16.65   19.03
  70145.632    25.075    11.21   19.72
  70521.771    28.684     9.60   18.43
  70897.911    29.216     1.41   17.16
  71274.052    26.308    -7.73   17.63
  71650.194    23.316    -7.95   17.79
  72026.337    17.000   -16.79   15.72
  72402.481    15.378    -4.31   13.72
  72778.627    17.590     5.88   15.34
  73154.773    23.472    15.64   17.82
  73530.921    35.842    32.89   20.64
  73907.070    45.400    25.41   21.17
  74283.220    52.735    19.50   23.28
  74659.371    58.132    14.35   24.76
  75035.523    59.459     3.53   22.23
  75411.676    58.432    -2.73   21.39
  75787.831    60.243     4.81   17.87
  76163.986    69.639    24.98   21.48
  76540.143    83.128    35.86   21.51
  76916.301    91.590    22.49   19.79
  77292.460   101.081    25.23    9.70
  77668.620   101.846     2.03    9.02
  78044.781    98.923    -7.77   15.39
  78420.944    98.205    -1.91   16.18
  78797.107    97.054    -3.06   14.81
  79173.272    95.513    -4.10   16.75
  79549.438    97.806     6.10   15.16
  79925.605    98.270     1.24   13.37
  80301.773   103.289    13.34    7.93
  80677.942   106.000     7.21    4.08
  81054.113   106.795     2.11    3.47
  81430.284   102.632   -11.07   13.78
  81806.457    92.667   -26.49   23.94
  82182.631    84.486   -21.75   26.92
  82558.806    78.944   -14.73   25.55
  82934.982    82.000     8.12   24.63
  83311.159    86.026    10.70   23.00
  83687.338    89.351     8.84   23.28
  84063.518    93.513    11.06   22.19
  84439.699    94.184     1.78   20.26
  84815.881   101.474    19.38   15.29
  85192.064   109.135    20.37   10.81
  85568.248   112.075     7.82   11.62
  85944.434   106.486   -14.86   22.13
  86320.621    98.324   -21.70   24.60
  86696.809    93.324   -13.29   23.80
  87072.998    88.657   -12.41   24.52
  87449.188    89.538     2.34   25.90
  87825.380    86.282    -8.66   26.37
  88201.572    82.611    -9.76   25.62
  88577.766    81.921    -1.83   25.01
  88953.961    89.639    20.52   25.13
  89330.157    98.553    23.69   20.47
  89706.355   104.282    15.23   14.91
  90082.553   103.757    -1.40   14.89
  90458.753   104.421     1.77   14.66
  90834.954   105.737     3.50   13.40
  91211.156   110.385    12.35   12.77
  91587.360   116.135    15.29    5.75
  91963.564   117.590     3.87    5.19
  92339.770   117.692     0.27    5.90
  92715.977   118.027     0.89    5.71
  93092.185   119.270     3.30    4.87
  93468.395   120.541     3.38    3.18
  93844.606   119.368    -3.12    4.02
  94220.817   117.359    -5.34    6.73
  94597.030   117.167    -0.51    7.55
  94973.245   116.769    -1.06    7.27
  95349.460   113.500    -8.69   10.86
  95725.677   109.444   -10.78   14.35
  96101.895   107.897    -4.11   13.21
  96478.114   108.308     1.09   13.13
  96854.335   113.053    12.61    9.78
  97230.556   117.105    10.77    5.49
  97606.779   116.462    -1.71    4.46
  97983.003   117.222     2.02    3.06
  98359.228   115.925    -3.45    4.98
  98735.455   108.231   -20.45   14.89
  99111.683   102.629   -14.89   15.30
  99487.912   102.676     0.13   15.15
  99864.142   104.784     5.60   15.99
 100240.373   111.351    17.46   10.04
 100616.606   112.026     1.79    8.89
 100992.840   110.833    -3.17   10.49
 101369.075   111.487     1.74   10.84
 101745.312   115.395    10.39    9.49
 102121.550   118.027     7.00    6.09
 102497.675   117.692    -0.89    6.59
 102873.659   114.053    -9.68   10.24
 103249.645   109.632   -11.76   11.28
 103625.632   107.083    -6.78   11.62
 104001.620   106.103    -2.61   13.27
 104377.609   107.028     2.46   15.59
 104753.599   107.615     1.56   17.02
 105129.591   106.256    -3.61   17.46
 105505.584   106.515     0.69   16.83
 105881.579   110.541    10.71   15.21
 106257.574   117.081    17.40    5.84
 106633.571   118.605     4.05    2.91
 107009.569   118.605     0.00    2.71
 107385.568   118.500    -0.28    2.89
 107761.569   119.026     1.40    4.50
 108137.571   115.744    -8.73   11.28
 108513.574   103.324   -33.03   23.38
 108889.579    86.081   -45.86   30.78
 109265.585    64.605   -57.12   30.25
 109641.592    51.897   -33.80   21.96
 110017.600    48.528    -8.96   19.42
 110393.609    53.154    12.30   19.31
 110769.620    64.139    29.21   17.65
 111145.633    75.237    29.52   16.90
 111521.646    86.846    30.88   20.40
 111897.661    94.875    21.35   19.03
 112273.677    99.895    13.35   20.93
 112649.694   108.000    21.56   19.30
 113025.713   114.459    17.18   17.04
 113401.733   120.667    16.51   13.72
 113777.754   126.108    14.47    3.82
 114153.776   126.769     1.76    2.80
 114529.800   125.974    -2.11    2.77
 114905.825   125.263    -1.89    2.74
 115281.852   125.526     0.70    2.78
 115657.880   126.436     2.42    3.14
 116033.909   128.513     5.52    3.91
 116409.939   130.514     5.32    3.86
 116785.971   132.237     4.58    3.32
 117162.004   133.676     3.83    2.94
 117538.038   133.514    -0.43    2.70
 117914.074   132.054    -3.88    4.56
 118290.111   131.906    -0.39    4.55
 118666.149   128.436    -9.23    8.72
 119042.188   124.205   -11.25   13.21
 119418.229   112.611   -30.83   25.42
 119794.272    99.359   -35.24   26.33
 120170.315    90.162   -24.46   24.47
 120546.360    87.872    -6.09   23.78
 120922.406    94.395    17.35   27.27
 121298.454   103.895    25.26   26.39
 121674.503   112.757    23.57   22.41
 122050.553   118.513    15.31   19.42
 122426.605   124.600    16.19   16.87
 122802.657   129.889    14.06   10.36
 123178.712   132.865     7.91    6.91
 123554.767   134.081     3.23    4.40
 123930.824   131.405    -7.12    9.62
 124306.883   126.568   -12.86   12.64
 124682.942   116.686   -26.28   18.19
 125059.003   111.300   -14.32   17.74
 125435.065   112.410     2.95   16.86
 125811.129   114.216     4.80   16.40
 126187.194   121.308    18.86   15.39
 126563.261   125.892    12.19   13.53
 126939.328   131.237    14.21    9.13
 127315.397   133.895     7.07    5.11
 127691.468   134.974     2.87    4.36
 128067.540   135.270     0.79    4.73
 128443.613   136.395     2.99    4.98
 128819.687   137.256     2.29    4.92
 129195.763   138.111     2.27    3.87
 129571.841   139.395     3.41    3.61
 129947.919   140.622     3.26    3.93
 130323.999   141.351     1.94    3.55
 130700.081   141.784     1.15    3.87
 131076.164   143.083     3.46    4.34
 131452.248   145.282     5.85    4.21
 131828.333   147.250     5.23    4.28
 132204.420   147.861     1.62    4.39
 132580.509   148.385     1.39    3.23
 132956.598   147.947    -1.16    3.19
 133332.689   147.795    -0.41    2.96
 133708.782   148.237     1.18    3.19
 134084.876   149.256     2.71    3.67
 134460.971   149.611     0.94    5.36
 134837.068   143.316   -16.74   15.98
 135213.166   127.179   -42.91   26.00
 135589.265   104.486   -60.34   28.08
 135965.366    85.923   -49.36   20.89
 136341.468    67.974   -47.72   19.63
 136717.572    54.333   -36.27   21.06
 137093.677    44.514   -26.11   18.32
 137469.783    41.528    -7.94   16.77
 137845.891    46.342    12.80   18.97
 138222.000    59.075    33.85   22.87
 138598.111    72.216    34.94   19.95
 138974.223    82.000    26.01    9.96
 139350.337    86.632    12.31    8.38
 139726.452    90.421    10.08   10.02
 140102.568    96.027    14.91   14.00
 140478.686   102.250    16.55   15.51
 140854.805   109.054    18.09   15.35
 141230.925   114.162    13.58   15.00
 141607.047   117.622     9.20   15.12
 141983.171   115.086    -6.74   13.06
 142359.296   116.615     4.07   12.60
 142735.422   119.333     7.23   10.72
 143111.550   122.171     7.55   12.16
 143487.679   134.108    31.74   16.44
 143863.810   148.622    38.59   18.65
 144239.942   160.053    30.39   17.07
 144616.075   169.300    24.59   10.64
 144992.210   173.243    10.48    5.83
 145368.346   172.921    -0.86    5.38
 145744.484   170.579    -6.23    7.33
 146120.623   168.897    -4.47    6.89
 146496.764   167.405    -3.97    6.16
 146872.906   166.900    -1.34    5.42
 147249.050   167.211     0.83    4.59
 147625.195   167.333     0.33    4.61
 148001.341   167.811     1.27    4.30
 148377.489   169.083     3.38    4.56
 148753.639   170.974     5.03    3.95
 149129.789   172.487     4.02    3.30
 149505.942   173.400     2.43    3.87
 149882.096   175.316     5.09    4.05
 150258.251   176.486     3.11    4.08
 150634.408   173.611    -7.64   10.92
 151010.566   169.615   -10.62   15.33
 151386.725   167.053    -6.81   16.63
 151762.886   162.513   -12.07   16.76
 152139.049   159.500    -8.01   15.61
 152515.213   157.300    -5.85   13.99
 152891.379   150.135   -19.05   12.22
 153267.546   146.975    -8.40   12.73
 153643.714   141.795   -13.77   13.90
 154019.884   133.500   -22.05   11.45
 154396.055   127.216   -16.70    9.28
 154772.228   119.108   -21.55   11.43
 155148.403   110.459   -22.99   13.20
 155524.579   103.333   -18.94   13.41
 155900.756    97.771   -14.79   15.19
 156276.935    80.564   -45.74   21.50
 156653.115    70.737   -26.12   20.24
 157029.297    63.222   -19.98   20.79
 157405.481    54.333   -23.63   21.52
 157781.665    49.895   -11.80   20.83
 158157.852    41.632   -21.97   13.00
 158534.040    41.921     0.77   13.20
 158910.229    43.051     3.00   14.71
 159286.420    45.243     5.83   19.15
 159662.612    47.872     6.99   22.30
 160038.806    47.900     0.07   21.50
 160415.001    51.194     8.76   25.40
 160791.198    53.676     6.60   25.59
 161167.397    60.757    18.82   27.54
 161543.597    73.784    34.63   28.78
 161919.798    87.865    37.43   28.74
 162296.001    94.543    17.75   26.59
 162672.206    96.125     4.21   23.04
 163048.411    96.132     0.02   18.47
 163424.619   101.297    13.73   17.91
 163800.828   110.923    25.59   17.45
 164177.039   115.395    11.89   13.75
 164553.251   108.051   -19.52   20.94
 164929.464   101.811   -16.59   20.48
 165305.679    98.821    -7.95   18.23
 165681.896   105.139    16.79   22.15
 166058.114   109.667    12.04   20.40
 166434.334   115.641    15.88   14.72
 166810.555   117.062     3.78   13.65
 167186.778   120.486     9.10   11.48
 167563.003   123.622     8.33    9.80
 167939.229   125.432     4.81    8.56
 168315.456   120.946   -11.93   11.34
 168691.685   113.278   -20.38   13.29
 169067.916   101.868   -30.33   17.84
 169444.148    94.179   -20.44   18.13
 169820.381    93.895    -0.76   16.62
 170196.616    98.579    12.45   16.76
 170572.853   108.949    27.56   14.12
 170949.092   117.462    22.63   11.90
 171325.331   122.811    14.22    7.89
 171701.573   124.615     4.80    6.87
 172077.816   126.189     4.18    7.33
 172454.060   127.432     3.30    7.93
 172830.307   131.711    11.37    8.35
 173206.554   135.750    10.74    6.98
 173582.803   135.923     0.46    8.19
 173959.054   131.895   -10.71   11.91
 174335.307   126.486   -14.37   15.56
 174711.561   114.973   -30.60   18.47
 175087.816   110.500   -11.89   16.11
 175464.073   109.500    -2.66   15.11
 175840.332   111.615     5.62   15.48
 176216.592   119.946    22.14   13.92
 176592.854   125.308    14.25   12.14
 176969.118   127.590     6.07    9.75
 177345.383   124.923    -7.09   11.08
 177721.393   117.054   -20.93   12.24
 178097.343   105.400   -31.00   17.66
 178473.295    96.459   -23.78   16.56
 178849.249    93.730    -7.26   13.38
 179225.204    98.703    13.23   15.99
 179601.160   111.152    33.11   13.19
 179977.119   120.718    25.45   12.32
 180353.078   130.154    25.10   11.49
 180729.040   137.056    18.36    9.74
 181105.003   143.026    15.88    8.59
 181480.967   145.361     6.21    8.98
 181856.934   144.579    -2.08   11.70
 182232.901   142.846    -4.61   12.49
 182608.871   141.081    -4.69   11.72
 182984.842   140.237    -2.25   11.97
 183360.814   138.205    -5.40   12.06
 183736.789   134.550    -9.72   12.52
 184112.764   130.486   -10.81   12.37
 184488.742   125.692   -12.75   12.45
 184864.721   122.895    -7.44   13.12
 185240.702   125.389     6.63   13.09
 185616.684   131.378    15.93   12.91
 185992.668   135.667    11.41    7.90
 186368.654   129.590   -16.16   15.02
 186744.641   124.925   -12.41   17.95
 187120.630   116.378   -22.73   21.29
 187496.620   110.103   -16.69   20.96
 187872.612   105.083   -13.35   26.45
 188248.606    93.289   -31.37   29.39
 188624.601    89.487   -10.11   28.02
 189000.598    89.000    -1.30   24.93
 189376.597    98.553    25.41   26.49
 189752.597   116.447    47.59   24.70
 190128.599   125.800    24.87   24.86
 190504.602   125.919     0.32   25.62
 190880.608   125.150    -2.05   24.40
 191256.614   125.789     1.70   24.07
 191632.623   129.944    11.05   21.26
 192008.633   130.973     2.74   16.69
 192384.645   137.306    16.84   15.47
 192760.658   145.051    20.60   14.71
 193136.673   149.350    11.43   13.85
 193512.690   148.676    -1.79   14.90
 193888.708   147.125    -4.12   15.84
 194264.728   140.053   -18.81   14.79
 194640.750   141.184     3.01   15.25
 195016.774   141.474     0.77   15.35
 195392.799   140.462    -2.69   16.12
 195768.825   145.054    12.21   15.32
 196144.854   145.500     1.19   16.90
 196520.884   151.513    15.99   15.19
 196896.915   156.056    12.08   12.70
 197272.949   153.718    -6.22   15.97
 197648.984   148.872   -12.89   16.66
 198025.021   144.556   -11.48   15.46
 198401.059   141.000    -9.46   14.27
 198777.099   135.622   -14.30   17.58
 199153.141   128.846   -18.02   19.11
 199529.184   116.462   -32.93   21.72
 199905.229   111.243   -13.88   21.18
 200281.276   107.795    -9.17   17.42
 200657.325   104.395    -9.04   14.87
 201033.375   110.684    16.73   18.60
 201409.427   115.568    12.99   17.25
 201785.481   118.308     7.29   16.87
 202161.536   119.737     3.80   15.65
 202537.593   119.306    -1.15   15.10
 202913.651   124.553    13.95   17.08
 203289.712   130.389    15.52   19.74
 203665.774   140.513    26.92   17.85
 204041.838   149.615    24.21   16.32
 204417.903   156.059    17.13   14.99
 204793.970   161.892    15.51   12.39
 205170.039   158.514    -8.98   15.23
 205546.110   153.919   -12.22   17.85
 205922.182   148.250   -15.07   19.33
 206298.256   143.351   -13.03   17.99
 206674.332   137.564   -15.39   16.42
 207050.409   133.000   -12.14   14.90
 207426.489   132.231    -2.05   12.39
 207802.570   128.757    -9.24   16.73
 208178.652   122.923   -15.51   17.65
 208554.737   123.158     0.62   23.58
 208930.823   126.361     8.52   28.31
 209306.910   141.865    41.22   30.02
 209683.000   143.324     3.88   29.99
 210059.091   143.632     0.82   28.39
 210435.184   147.154     9.37   28.83
 210811.279   141.219   -15.78   25.06
 211187.375   151.921    28.46   30.76
 211563.474   168.919    45.20   27.97
 211939.574   172.528     9.60   22.64
 212315.675   168.615   -10.40   23.18
 212691.779   157.351   -29.95   21.90
 213067.884   147.308   -26.71   15.68
 213443.991   141.744   -14.79   10.21
 213820.100   143.615     4.98   10.96
 214196.210   149.216    14.89   10.49
 214572.322   152.538     8.83   11.60
 214948.436   157.949    14.39   11.48
 215324.552   163.528    14.83   10.47
 215700.669   171.568    21.38   13.56
 216076.788   179.459    20.98   16.56
 216452.909   183.027     9.49   19.04
 216829.032   180.718    -6.14   21.99
 217205.156   172.788   -21.08   20.52
 217581.283   184.100    30.08   31.20
 217957.411   201.658    46.68   31.10
 218333.540   207.639    15.90   26.93
 218709.672   208.103     1.23   29.48
 219085.805   202.946   -13.71   33.96
 219461.940   197.308   -14.99   33.58
 219838.077   193.158   -11.03   33.72
 220214.216   183.154   -26.60   33.03
 220590.356   176.946   -16.50   23.55
 220966.499   167.658   -24.69   24.05
 221342.643   157.675   -26.54   24.31
 221718.788   151.389   -16.71   19.83
 222094.936   146.676   -12.53   13.98
 222471.085   155.162    22.56   22.03
 222847.236   171.378    43.11   30.87
 223223.389   194.027    60.21   38.01
 223599.544   208.743    39.12   31.09
 223975.700   194.900   -36.80   39.39
 224351.859   177.711   -45.70   39.72
 224728.019   168.027   -25.74   29.93
 225104.181   182.769    39.19   41.14
 225480.344   204.053    56.58   37.68
 225856.510   210.474    17.07   31.73
 226232.677   211.947     3.92   38.56
 226608.846   205.949   -15.95   41.75
 226985.017   206.083     0.36   40.25
 227361.190   214.211    21.61   38.11
 227737.364   218.450    11.27   31.34
 228113.541   231.143    33.74   31.36
 228489.719   235.605    11.86   28.80
 228865.899   235.649     0.12   26.31
 229242.081   222.162   -35.85   33.71
 229618.264   211.324   -28.81   29.66
 229994.450   207.722    -9.58   24.01
 230370.637   213.590    15.60   28.35
 230746.826   217.744    11.04   27.45
 231123.017   216.974    -2.05   25.04
 231499.210   216.513    -1.23   24.40
 231875.404   227.795    29.99   29.49
 232251.601   246.641    50.10   34.21
 232627.799   266.568    52.97   31.01
 233003.999   275.359    23.37   29.67
 233380.201   277.389     5.40   29.08
 233756.405   273.289   -10.90   29.89
 234132.610   258.000   -40.64   28.88
 234508.818   240.088   -47.61   19.48
 234885.027   229.410   -28.38   17.44
 235261.238   218.459   -29.11   11.20
 235637.451   214.528   -10.45    9.01
 236013.666   218.405    10.31   11.38
 236389.882   221.278     7.64   10.90
 236766.101   223.237     5.21    9.07
 237142.321   220.732    -6.66    9.61
 237518.543   216.703   -10.71    7.74
 237894.768   215.718    -2.62    6.80
 238270.993   212.342    -8.97    6.66
 238647.221   210.513    -4.86    5.79
 239023.451   208.459    -5.46    5.92
 239399.682   204.975    -9.26    6.95
 239775.916   203.892    -2.88    7.01
 240152.151   204.757     2.30    9.54
 240528.388   206.514     4.67   10.59
 240904.627   207.857     3.57    9.61
 241280.868   207.128    -1.94    9.87
 241657.111   206.949    -0.48   10.60
 242033.355   208.629     4.46   12.15
 242409.602   214.541    15.71   12.21
 242785.850   217.139     6.91   11.84
 243162.100   219.237     5.58   13.19
 243538.353   223.400    11.07   13.24
 243914.607   227.486    10.86   11.77
 244290.863   229.605     5.63    8.79
 244667.120   225.579   -10.70   11.09
 245043.380   223.256    -6.17   11.05
 245419.642   220.946    -6.14   11.92
 245795.905   220.250    -1.85   11.49
 246172.170   218.658    -4.23   11.49
 246548.438   218.351    -0.81   13.15
 246924.707   218.378     0.07   15.85
 247300.978   216.139    -5.95   14.25
 247677.251   216.000    -0.37   13.70
 248053.526   216.718     1.91   11.91
 248429.802   221.400    12.44   14.31
 248806.081   229.132    20.55   17.31
 249182.362   226.703    -6.46   19.17
 249558.644   218.459   -21.91   23.56
 249934.929   211.462   -18.60   18.71
 250311.215   210.162    -3.45   16.01
 250687.503   220.641    27.85   20.61
 251063.793   226.079    14.45   20.32
 251440.085   219.462   -17.59   24.16
 251816.379   208.811   -28.31   21.62
 252192.675   205.341    -9.22   21.74
 252568.907   201.897    -9.15   22.92
 252944.822   204.444     6.78   24.25
 253320.739   207.568     8.31   31.22
 253696.657   214.243    17.76   34.81
 254072.578   214.622     1.01   35.02
 254448.500   206.308   -22.12   37.30
 254824.424   196.556   -25.94   29.45
 255200.351   181.436   -40.22    9.95
 255576.279   180.842    -1.58    7.43
 255952.209   183.694     7.59    7.93
 256328.141   184.077     1.02    7.33
 256704.075   181.949    -5.66    8.46
 257080.011   176.359   -14.87    9.39
 257455.949   170.816   -14.75    7.02
 257831.889   168.154    -7.08    5.58
 258207.831   167.703    -1.20    6.20
 258583.775   167.436    -0.71    6.11
 258959.721   166.077    -3.61    6.30
 259335.668   162.833    -8.63    7.50
 259711.618   157.622   -13.86    6.96
 260087.569   154.919    -7.19    6.13
 260463.523   155.486     1.51    6.82
 260839.479   157.263     4.73    6.70
 261215.436   160.556     8.76    5.37
 261591.395   164.000     9.16    5.03
 261967.357   165.316     3.50    5.01
 262343.320   165.838     1.39    4.27
 262719.285   166.795     2.55    5.46
 263095.253   167.474     1.81    7.20
 263471.222   165.947    -4.06    6.99
 263847.193   164.000    -5.18    7.34
 264223.166   160.385    -9.62    4.48
 264599.141   157.111    -8.71    3.51
 264975.119   155.692    -3.77    4.44
 265351.098   152.282    -9.07    6.29
 265727.079   148.457   -10.17    7.54
 266103.062   143.811   -12.36    7.31
 266479.047   140.027   -10.06    5.48
 266855.034   139.730    -0.79    4.64
 267231.023   141.711     5.27    5.47
 267607.014   143.528     4.83    5.39
 267983.007   145.512     5.28    4.62
 268359.002   146.897     3.68    3.54
 268734.999   147.784     2.36    3.01
 269110.998   147.447    -0.89    3.31
 269486.999   146.237    -3.22    4.36
 269863.002   145.000    -3.29    5.16
 270239.007   143.722    -3.40    5.24
 270615.014   142.333    -3.69    4.79
 270991.023   142.056    -0.74    4.71
 271367.034   141.769    -0.76    4.02
 271743.047   142.410     1.70    4.13
 272119.062   144.156     4.64    5.25
 272495.079   147.432     8.71    7.53
 272871.098   152.000    12.15   14.81
 273247.119   151.243    -2.01    8.81
 273623.142   153.184     5.16    9.24
 273999.167   155.432     5.98    8.30
 274375.194   157.829     6.37    9.21
 274751.223   159.154     3.52    8.90
