# NaN NaN NaN ;Mean Elev.(m), Avg Gradient(m/km), RMS Gradient(m/km) - SRTM1     
#    8.370   0.155   6.069 ;Mean Elev.(m), Avg Gradient(m/km), RMS Gradient(m/km) - ASTER GDEM
#    0.864   0.199   4.364 ;Mean Elev.(m), Avg Gradient(m/km), RMS Gradient(m/km) - GMTED2010 
  8     4.322 52498.56030921 22.77 308.089583  -1.488160 24.297
  8     4.080 52498.56030985 18.35 308.088863  -1.491470 24.297
  8     3.794 52498.56031050 17.16 308.088133  -1.494770 24.297
  8     3.653 52498.56031114 17.20 308.087403  -1.498080 24.297
  8     3.762 52498.56031179 17.91 308.086683  -1.501380 24.297
  8     4.149 52498.56031243 21.39 308.085953  -1.504690 24.297
  8     4.273 52498.56031308 29.78 308.085223  -1.507990 24.297
 10     2.888 52568.56032390 17.23 308.089771  -1.488225  9.162
 10     2.663 52568.56032455 18.11 308.089041  -1.491535  9.162
 10     2.481 52568.56032519 16.08 308.088321  -1.494835  9.162
 10     2.467 52568.56032584 14.81 308.087591  -1.498145  9.162
 10     2.679 52568.56032648 15.16 308.086861  -1.501445  9.162
 10     3.259 52568.56032712 15.16 308.086141  -1.504755  9.162
 10     3.322 52568.56032777 25.54 308.085411  -1.508055  9.162
 11     3.183 52603.56031484 21.29 308.085690  -1.485244  9.348
 11     3.054 52603.56031548 18.69 308.084970  -1.488554  9.348
 11     2.795 52603.56031612 17.92 308.084240  -1.491854  9.348
 11     2.583 52603.56031677 16.64 308.083510  -1.495164  9.348
 11     2.337 52603.56031741 17.33 308.082790  -1.498464  9.348
 11     2.698 52603.56031806 15.17 308.082060  -1.501774  9.348
 12     2.302 52638.56029099 16.81 308.085929  -1.485805  4.412
 12     2.255 52638.56029164 16.44 308.085199  -1.489105  4.412
 12     2.102 52638.56029228 16.58 308.084479  -1.492415  4.412
 12     2.181 52638.56029293 16.34 308.083749  -1.495715  4.412
 12     2.221 52638.56029357 16.49 308.083019  -1.499025  4.412
 12     2.252 52638.56029422 16.75 308.082299  -1.502325  4.412
 13     3.655 52673.56028983 17.12 308.087513  -1.486985  9.232
 13     3.600 52673.56029047 17.21 308.086793  -1.490295  9.232
 13     3.371 52673.56029111 15.00 308.086063  -1.493605  9.232
 13     3.324 52673.56029176 14.77 308.085343  -1.496905  9.232
 13     3.332 52673.56029240 15.62 308.084613  -1.500215  9.232
 13     3.614 52673.56029305 17.13 308.083883  -1.503515  9.232
 14     3.446 52708.56029991 16.65 308.088065  -1.486023 20.734
 14     3.396 52708.56030056 15.49 308.087335  -1.489333 20.734
 14     3.325 52708.56030120 14.34 308.086615  -1.492633 20.734
 14     3.324 52708.56030185 14.13 308.085885  -1.495943 20.734
 14     3.081 52708.56030249 14.79 308.085155  -1.499243 20.734
 14     3.181 52708.56030314 14.47 308.084435  -1.502553 20.734
 14     3.501 52708.56030378 20.40 308.083705  -1.505853 20.734
 15     3.669 52743.56032940 24.08 308.083245  -1.483386 18.472
 15     3.518 52743.56033005 23.56 308.082515  -1.486686 18.472
 15     3.605 52743.56033069 22.75 308.081785  -1.489996 18.472
 15     3.627 52743.56033134 21.65 308.081065  -1.493296 18.472
 15     3.459 52743.56033198 20.91 308.080335  -1.496606 18.472
 15     3.427 52743.56033263 21.74 308.079605  -1.499906 18.472
 17     3.101 52813.56034958 19.21 308.085109  -1.486041 18.771
 17     3.044 52813.56035022 17.73 308.084389  -1.489351 18.771
 17     3.019 52813.56035087 17.96 308.083659  -1.492651 18.771
 17     2.892 52813.56035151 17.38 308.082929  -1.495961 18.771
 17     2.986 52813.56035216 17.14 308.082209  -1.499261 18.771
 17     3.333 52813.56035280 17.31 308.081479  -1.502571 18.771
 18     3.592 52848.56040325 16.89 308.087409  -1.487373  8.908
 18     3.383 52848.56040390 16.36 308.086679  -1.490673  8.908
 18     3.224 52848.56040454 17.10 308.085959  -1.493983  8.908
 18     3.168 52848.56040519 17.37 308.085229  -1.497283  8.908
 18     3.347 52848.56040583 18.03 308.084499  -1.500593  8.908
 18     3.605 52848.56040648 19.90 308.083779  -1.503893  8.908
 19     3.945 52883.56043878 16.37 308.085418  -1.485050 18.837
 19     3.734 52883.56043943 15.72 308.084688  -1.488360 18.837
 19     3.494 52883.56044007 17.60 308.083958  -1.491660 18.837
 19     3.269 52883.56044072 18.21 308.083238  -1.494970 18.837
 19     3.507 52883.56044136 18.78 308.082508  -1.498270 18.837
 19     3.774 52883.56044201 20.13 308.081778  -1.501580 18.837
 20     2.698 52918.56039569 15.00 308.089452  -1.486801 19.583
 20     2.570 52918.56039633 15.54 308.088722  -1.490111 19.583
 20     2.358 52918.56039698 15.75 308.087992  -1.493411 19.583
 20     2.265 52918.56039762 14.85 308.087272  -1.496721 19.583
 20     2.429 52918.56039827 15.57 308.086542  -1.500021 19.583
 20     2.934 52918.56039891 16.44 308.085812  -1.503331 19.583
 20     2.676 52918.56039955 25.01 308.085092  -1.506631 19.583
 21     2.753 52953.56035870 31.30 308.092722  -1.488887 15.732
 21     2.597 52953.56035935 25.58 308.092002  -1.492187 15.732
 21     2.489 52953.56035999 20.23 308.091272  -1.495497 15.732
 21     2.046 52953.56036064 19.81 308.090542  -1.498797 15.732
 21     2.401 52953.56036128 16.71 308.089822  -1.502107 15.732
 21     2.651 52953.56036193 16.15 308.089092  -1.505407 15.732
 21     2.816 52953.56036257 23.77 308.088362  -1.508717 15.732
 22     2.999 52988.56036808 25.56 308.096307  -1.492066  9.407
 22     2.829 52988.56036872 20.12 308.095577  -1.495366  9.407
 22     2.460 52988.56036937 19.02 308.094857  -1.498676  9.407
 22     2.222 52988.56037001 18.97 308.094127  -1.501976  9.407
 22     2.607 52988.56037066 15.26 308.093397  -1.505286  9.407
 22     2.734 52988.56037130 13.78 308.092677  -1.508586  9.407
 22     2.842 52988.56037194 15.33 308.091947  -1.511896  9.407
 23     2.581 53023.56035515 16.61 308.093435  -1.491989  6.340
 23     2.509 53023.56035580 14.91 308.092715  -1.495289  6.340
 23     2.285 53023.56035644 13.59 308.091985  -1.498599  6.340
 23     2.255 53023.56035709 14.50 308.091255  -1.501899  6.340
 23     2.496 53023.56035773 14.33 308.090535  -1.505209  6.340
 23     2.671 53023.56035838 17.94 308.089805  -1.508509  6.340
 23     2.849 53023.56035902 17.16 308.089075  -1.511819  6.340
 24     4.190 53058.56035068 18.58 308.094880  -1.492261  7.314
 24     4.022 53058.56035133 18.32 308.094150  -1.495571  7.314
 24     3.795 53058.56035197 17.48 308.093430  -1.498871  7.314
 24     3.648 53058.56035262 17.59 308.092700  -1.502181  7.314
 24     3.691 53058.56035326 18.04 308.091970  -1.505481  7.314
 24     3.950 53058.56035391 18.13 308.091250  -1.508791  7.314
 24     4.188 53058.56035455 19.06 308.090520  -1.512091  7.314
 25     3.201 53093.56038651 17.51 308.082318  -1.480898 42.540
 25     3.087 53093.56038716 13.93 308.081592  -1.484208 23.628
 25     2.998 53093.56038780 12.92 308.080862  -1.487508 23.628
 25     2.799 53093.56038844 14.62 308.080142  -1.490818 23.628
 25     2.920 53093.56038909 14.50 308.079412  -1.494118 23.628
 25     3.110 53093.56038973 14.53 308.078692  -1.497428 23.628
 26     4.022 53128.56035881 23.30 308.092362  -1.489166 26.632
 26     3.812 53128.56035945 19.96 308.091632  -1.492466 26.632
 26     3.713 53128.56036010 18.19 308.090912  -1.495776 26.632
 26     3.505 53128.56036074 18.62 308.090182  -1.499086 26.632
 26     3.470 53128.56036139 18.55 308.089452  -1.502386 26.632
 26     3.771 53128.56036203 20.02 308.088735  -1.505695 16.736
 26     3.901 53128.56036268 25.55 308.088005  -1.508995 16.736
 28     3.293 53198.56042575 16.47 308.088947  -1.486152 18.251
 28     2.984 53198.56042640 17.81 308.088217  -1.489462 18.251
 28     2.824 53198.56042704 16.33 308.087487  -1.492762 18.251
 28     2.712 53198.56042769 15.23 308.086767  -1.496072 18.251
 28     2.847 53198.56042833 14.99 308.086037  -1.499372 18.251
 28     3.017 53198.56042898 15.27 308.085307  -1.502682 18.251
 28     3.311 53198.56042962 19.55 308.084587  -1.505982 18.251
 29     3.416 53233.56039908 17.99 308.095642  -1.491011  7.872
 29     3.364 53233.56039972 12.50 308.094922  -1.494311  7.872
 29     3.321 53233.56040037 11.83 308.094192  -1.497621  7.872
 29     3.138 53233.56040101 12.75 308.093462  -1.500921  7.872
 29     3.210 53233.56040166 12.03 308.092742  -1.504231  7.872
 29     3.220 53233.56040230 15.41 308.092012  -1.507541  7.872
 29     3.472 53233.56040295 17.20 308.091282  -1.510841  7.872
 30     3.529 53268.56036640 18.38 308.087441  -1.488387 14.569
 30     3.462 53268.56036705 17.30 308.086711  -1.491687 14.569
 30     3.248 53268.56036769 15.87 308.085991  -1.494997 14.569
 30     3.081 53268.56036834 15.85 308.085261  -1.498297 14.569
 30     3.208 53268.56036898 17.16 308.084541  -1.501607 14.569
 30     3.486 53268.56036963 20.09 308.083811  -1.504907 14.569
 31     2.586 53303.56042378 20.88 308.081531  -1.479922 34.747
 31     2.192 53303.56042442 14.66 308.080815  -1.483230  5.746
 31     2.078 53303.56042507 14.64 308.080085  -1.486530  5.746
 31     1.832 53303.56042571 15.34 308.079355  -1.489840  5.746
 31     2.075 53303.56042635 13.42 308.078625  -1.493150  5.746
 31     2.183 53303.56042700 13.60 308.077905  -1.496450  5.746
 31     2.910 53303.56042764 11.44 308.077175  -1.499760  5.746
 32     2.888 53338.56039450 14.61 308.087318  -1.488086  8.335
 32     2.789 53338.56039514 13.87 308.086598  -1.491396  8.335
 32     2.684 53338.56039579 12.68 308.085868  -1.494696  8.335
 32     2.607 53338.56039643 13.63 308.085148  -1.498006  8.335
 32     2.699 53338.56039708 11.81 308.084418  -1.501316  8.335
 32     2.845 53338.56039772 16.72 308.083688  -1.504616  8.335
 33     2.534 53373.56032753 16.17 308.090571  -1.488189 18.035
 33     2.510 53373.56032817 13.92 308.089841  -1.491489 18.035
 33     2.266 53373.56032882 14.12 308.089121  -1.494799 18.035
 33     2.258 53373.56032946 14.11 308.088391  -1.498099 18.035
 33     2.181 53373.56033011 15.27 308.087661  -1.501409 18.035
 33     2.482 53373.56033075 19.69 308.086941  -1.504719 18.035
 33     2.634 53373.56033140 27.16 308.086211  -1.508019 18.035
 34     3.076 53408.56036770 20.77 308.090678  -1.487347 22.982
 34     2.951 53408.56036834 19.15 308.089948  -1.490657 22.982
 34     2.852 53408.56036899 18.70 308.089218  -1.493967 22.982
 34     2.668 53408.56036963 16.58 308.088498  -1.497267 22.982
 34     2.477 53408.56037028 18.74 308.087768  -1.500577 22.982
 34     2.954 53408.56037092 17.62 308.087038  -1.503877 22.982
 34     3.521 53408.56037157 23.88 308.086318  -1.507187 22.982
 34     3.599 53408.56037221 32.90 308.085588  -1.510487 22.982
 35     4.233 53443.56035162 25.11 308.088879  -1.485982 17.859
 35     4.107 53443.56035226 26.41 308.088149  -1.489282 17.859
 35     4.043 53443.56035291 26.32 308.087429  -1.492592 17.859
 35     3.973 53443.56035355 26.32 308.086699  -1.495892 17.859
 35     4.055 53443.56035420 26.32 308.085969  -1.499202 17.859
 35     4.054 53443.56035484 26.30 308.085249  -1.502512 17.859
 35     4.361 53443.56035549 26.06 308.084519  -1.505812 17.859
 36     3.600 53478.56042611 21.25 308.083511  -1.481655 19.494
 36     3.426 53478.56042676 19.46 308.082791  -1.484965 19.494
 36     3.290 53478.56042740 17.46 308.082061  -1.488265 19.494
 36     3.130 53478.56042805 17.82 308.081331  -1.491575 19.494
 36     3.174 53478.56042869 18.01 308.080611  -1.494875 19.494
 36     3.220 53478.56042934 18.69 308.079881  -1.498185 19.494
 37     4.064 53513.56043631 18.46 308.087794  -1.487797 27.700
 37     3.796 53513.56043695 17.31 308.087064  -1.491107 27.700
 37     3.505 53513.56043760 16.95 308.086334  -1.494407 27.700
 37     3.341 53513.56043824 18.09 308.085614  -1.497717 27.700
 37     3.627 53513.56043889 20.03 308.084884  -1.501027 27.700
 37     3.907 53513.56043953 23.64 308.084154  -1.504327 27.700
 38     3.925 53548.56045435 18.82 308.083876  -1.483590 23.231
 38     3.804 53548.56045500 19.27 308.083156  -1.486890 23.231
 38     3.881 53548.56045564 18.24 308.082426  -1.490200 23.231
 38     3.621 53548.56045628 19.14 308.081706  -1.493500 23.231
 38     3.548 53548.56045693 19.36 308.080976  -1.496810 23.231
 38     3.574 53548.56045757 20.35 308.080246  -1.500110 23.231
 39     3.119 53583.56042076 16.11 308.088972  -1.487781 24.083
 39     2.961 53583.56042141 15.60 308.088242  -1.491081 24.083
 39     2.820 53583.56042205 14.91 308.087522  -1.494391 24.083
 39     2.680 53583.56042270 15.79 308.086792  -1.497701 24.083
 39     2.959 53583.56042334 17.02 308.086072  -1.501001 24.083
 39     3.173 53583.56042399 23.95 308.085342  -1.504311 24.083
 39     3.331 53583.56042463 32.88 308.084612  -1.507611 24.083
 40     3.148 53618.56037658 16.99 308.085697  -1.486195 21.878
 40     3.109 53618.56037722 14.94 308.084967  -1.489495 21.878
 40     2.744 53618.56037787 14.94 308.084247  -1.492805 21.878
 40     2.523 53618.56037851 16.93 308.083517  -1.496105 21.878
 40     2.845 53618.56037916 17.53 308.082787  -1.499415 21.878
 40     3.084 53618.56037980 18.98 308.082067  -1.502725 21.878
 41     2.463 53653.56039959 16.75 308.087575  -1.487722 10.827
 41     2.298 53653.56040024 16.16 308.086845  -1.491032 10.827
 41     2.194 53653.56040088 16.28 308.086125  -1.494332 10.827
 41     2.166 53653.56040153 16.80 308.085395  -1.497642 10.827
 41     1.863 53653.56040217 18.84 308.084665  -1.500942 10.827
 41     2.236 53653.56040282 19.39 308.083945  -1.504252 10.827
 42    -2.556 53688.56039806 15.46 308.085062  -1.486191  7.683
 42    -2.872 53688.56039870 14.05 308.084342  -1.489491  7.683
 42    -3.115 53688.56039935 15.38 308.083612  -1.492801  7.683
 42    -3.003 53688.56039999 14.23 308.082882  -1.496101  7.683
 42    -2.899 53688.56040064 12.80 308.082162  -1.499411  7.683
 42    -2.701 53688.56040128 16.89 308.081432  -1.502721  7.683
 43     3.234 53723.56032357 33.13 308.090198  -1.490691 10.048
 43     2.942 53723.56032421 31.17 308.089478  -1.494001 10.048
 43     2.643 53723.56032485 27.67 308.088748  -1.497311 10.048
 43     2.265 53723.56032550 24.55 308.088018  -1.500611 10.048
 43     3.009 53723.56032614 22.85 308.087298  -1.503921 10.048
 43     3.190 53723.56032679 26.15 308.086568  -1.507221 10.048
 43     3.298 53723.56032743 32.48 308.085848  -1.510531 10.048
 44     2.864 53758.56026187 25.56 308.094704  -1.491021  8.931
 44     2.663 53758.56026251 17.98 308.093984  -1.494321  8.931
 44     2.301 53758.56026316 16.71 308.093254  -1.497631  8.931
 44     2.192 53758.56026380 17.75 308.092524  -1.500931  8.931
 44     2.415 53758.56026445 15.40 308.091804  -1.504241  8.931
 44     2.661 53758.56026509 16.86 308.091074  -1.507541  8.931
 44     2.908 53758.56026574 17.43 308.090344  -1.510851  8.931
 45     3.791 53793.56028345 17.57 308.091256  -1.491572 21.189
 45     3.770 53793.56028410 17.42 308.090526  -1.494872 21.189
 45     3.763 53793.56028474 18.59 308.089796  -1.498182 21.189
 45     3.783 53793.56028539 18.41 308.089076  -1.501492 21.189
 45     3.850 53793.56028603 20.99 308.088346  -1.504792 21.189
 45     3.888 53793.56028668 26.90 308.087626  -1.508102 21.189
 46     4.377 53828.56025436 22.12 308.091580  -1.490186 19.696
 46     4.226 53828.56025501 19.59 308.090850  -1.493486 19.696
 46     4.154 53828.56025565 18.96 308.090120  -1.496796 19.696
 46     4.099 53828.56025630 20.41 308.089390  -1.500096 19.696
 46     4.064 53828.56025694 20.14 308.088670  -1.503406 19.696
 46     4.385 53828.56025759 22.49 308.087940  -1.506706 19.696
 46     4.522 53828.56025823 25.12 308.087210  -1.510016 19.696
 47     3.920 53863.56033645 24.00 308.085443  -1.485856 25.466
 47     3.618 53863.56033710 21.62 308.084713  -1.489166 25.466
 47     3.372 53863.56033774 21.98 308.083983  -1.492466 25.466
 47     3.336 53863.56033839 21.41 308.083267  -1.495774 33.639
 47     3.559 53863.56033903 20.67 308.082537  -1.499074 33.639
 47     3.837 53863.56033968 20.40 308.081807  -1.502384 33.639
 48     4.266 53898.56036005 26.69 308.088657  -1.485990 18.757
 48     4.163 53898.56036070 26.81 308.087927  -1.489290 18.757
 48     4.239 53898.56036134 27.18 308.087207  -1.492600 18.757
 48     4.089 53898.56036199 27.16 308.086477  -1.495910 18.757
 48     4.081 53898.56036263 27.20 308.085747  -1.499210 18.757
 48     4.007 53898.56036328 27.36 308.085027  -1.502520 18.757
 48     4.151 53898.56036392 27.15 308.084297  -1.505820 18.757
 49     3.645 53933.56040505 22.69 308.079855  -1.480305 26.574
 49     3.468 53933.56040569 15.52 308.079125  -1.483615 26.574
 49     3.254 53933.56040634 14.95 308.078395  -1.486925 26.574
 49     3.006 53933.56040698 16.06 308.077675  -1.490225 26.574
 49     3.238 53933.56040763 16.82 308.076944  -1.493533 31.930
 49     3.399 53933.56040827 18.54 308.076224  -1.496833 31.930
 50     3.034 53968.56037807 22.25 308.083196  -1.484669 27.230
 50     2.940 53968.56037872 21.69 308.082466  -1.487979 27.230
 50     2.938 53968.56037936 21.99 308.081746  -1.491289 27.230
 50     2.881 53968.56038001 21.36 308.081016  -1.494589 27.230
 50     2.925 53968.56038065 21.45 308.080287  -1.497898 11.607
 50     3.055 53968.56038130 21.81 308.079567  -1.501198 11.607
 51     3.339 54003.56034826 16.65 308.090703  -1.487998 34.215
 51     3.117 54003.56034891 15.59 308.089973  -1.491298 34.215
 51     3.024 54003.56034955 13.37 308.089253  -1.494606 12.648
 51     2.778 54003.56035020 15.40 308.088523  -1.497906 12.648
 51     2.995 54003.56035084 15.74 308.087793  -1.501216 12.648
 51     3.058 54003.56035149 21.46 308.087073  -1.504526 12.648
 51     3.372 54003.56035213 26.12 308.086343  -1.507826 12.648
 52     2.183 54038.56038404 14.50 308.090417  -1.490492 27.718
 52     1.793 54038.56038469 13.19 308.089697  -1.493802 27.718
 52     1.638 54038.56038533 13.59 308.088963  -1.497109  7.158
 52     1.676 54038.56038598 14.67 308.088243  -1.500419  7.158
 52     1.881 54038.56038662 15.32 308.087513  -1.503719  7.158
 52     1.926 54038.56038727 22.68 308.086783  -1.507029  7.158
 52     2.050 54038.56038791 24.10 308.086063  -1.510329  7.158
 53     2.676 54073.56037791 13.81 308.089468  -1.487047 26.188
 53     2.438 54073.56037855 15.43 308.088738  -1.490357 26.188
 53     2.241 54073.56037920 13.73 308.088018  -1.493657 26.188
 53     2.090 54073.56037984 13.31 308.087287  -1.496966 10.954
 53     2.265 54073.56038048 12.46 308.086567  -1.500266 10.954
 53     2.225 54073.56038113 17.59 308.085837  -1.503576 10.954
 53     2.500 54073.56038177 23.15 308.085107  -1.506886 10.954
 54     3.444 54108.56032459 20.50 308.087424  -1.487160 27.216
 54     3.466 54108.56032523 20.49 308.086694  -1.490460 27.216
 54     3.215 54108.56032588 20.45 308.085974  -1.493770 27.216
 54     2.905 54108.56032652 21.50 308.085244  -1.497070 27.216
 54     3.065 54108.56032717 20.38 308.084520  -1.500381  9.546
 54     3.379 54108.56032781 20.93 308.083790  -1.503681  9.546
 55     2.628 54143.56031415 16.31 308.088096  -1.486655 32.925
 55     2.513 54143.56031479 14.97 308.087376  -1.489955 32.925
 55     2.366 54143.56031544 14.76 308.086641  -1.493262 12.685
 55     2.372 54143.56031608 14.18 308.085921  -1.496572 12.685
 55     2.461 54143.56031673 14.08 308.085191  -1.499872 12.685
 55     2.827 54143.56031737 14.86 308.084461  -1.503182 12.685
 55     2.657 54143.56031802 24.20 308.083741  -1.506482 12.685
 56     4.086 54178.56030887 20.49 308.087320  -1.488057 26.124
 56     3.792 54178.56030951 20.23 308.086600  -1.491367 26.124
 56     3.597 54178.56031016 20.18 308.085870  -1.494667 26.124
 56     3.421 54178.56031080 21.75 308.085140  -1.497977 26.124
 56     3.719 54178.56031145 21.32 308.084420  -1.501287 26.124
 56     4.084 54178.56031209 24.57 308.083690  -1.504587 26.124
 58     3.814 54248.56034943 42.36 308.087929  -1.486260 20.653
 58     3.728 54248.56035007 49.50 308.087196  -1.489568 20.276
 58     3.781 54248.56035072 44.30 308.086476  -1.492868 20.276
 58     3.852 54248.56035136 37.90 308.085746  -1.496178 20.276
 58     3.651 54248.56035201 34.67 308.085016  -1.499488 20.276
 58     3.396 54248.56035265 33.47 308.084296  -1.502788 20.276
 58     3.856 54248.56035330 39.50 308.083566  -1.506098 20.276
 59     4.071 54283.56035867 22.05 308.088894  -1.487777  6.977
 59     3.913 54283.56035932 22.06 308.088164  -1.491077  6.977
 59     3.723 54283.56035996 22.50 308.087444  -1.494387  6.977
 59     3.711 54283.56036061 22.54 308.086714  -1.497687  6.977
 59     3.730 54283.56036125 22.90 308.085984  -1.500997  6.977
 59     3.911 54283.56036190 22.95 308.085264  -1.504297  6.977
 59     4.255 54283.56036254 24.51 308.084534  -1.507607  6.977
 60     3.288 54318.56035661 27.48 308.089448  -1.489644  7.779
 60     3.094 54318.56035726 27.44 308.088728  -1.492954  7.779
 60     3.147 54318.56035790 27.69 308.087998  -1.496254  7.779
 60     3.096 54318.56035855 27.17 308.087278  -1.499564  7.779
 60     3.053 54318.56035919 27.74 308.086548  -1.502874  7.779
 60     3.393 54318.56035984 27.19 308.085818  -1.506174  7.779
 60     3.459 54318.56036048 34.91 308.085098  -1.509484  7.779
 61     3.037 54353.56032079 20.89 308.088877  -1.489226 17.066
 61     3.019 54353.56032143 18.65 308.088147  -1.492526 17.066
 61     2.889 54353.56032208 18.22 308.087427  -1.495836 17.066
 61     2.913 54353.56032272 17.75 308.086697  -1.499136 17.066
 61     3.055 54353.56032337 17.49 308.085967  -1.502446 17.066
 61     3.489 54353.56032401 20.94 308.085247  -1.505756 17.066
 61     3.432 54353.56032466 35.57 308.084517  -1.509056 17.066
 62     3.144 54388.56029645 17.47 308.089217  -1.487866 30.255
 62     3.081 54388.56029710 18.57 308.088484  -1.491174 16.672
 62     2.746 54388.56029774 18.04 308.087764  -1.494474 16.672
 62     2.632 54388.56029839 16.70 308.087034  -1.497784 16.672
 62     2.717 54388.56029903 15.75 308.086304  -1.501094 16.672
 62     3.037 54388.56029967 16.53 308.085584  -1.504394 16.672
 62     3.158 54388.56030032 30.95 308.084854  -1.507704 16.672
 63     2.035 54423.56027065 16.49 308.088203  -1.487488 27.291
 63     1.797 54423.56027129 16.41 308.087473  -1.490788 27.291
 63     1.507 54423.56027194 16.73 308.086744  -1.494098  5.098
 63     1.324 54423.56027258 17.52 308.086014  -1.497398  5.098
 63     1.532 54423.56027323 16.37 308.085294  -1.500708  5.098
 63     1.698 54423.56027387 16.33 308.084564  -1.504008  5.098
 64     2.737 54458.56027144 27.62 308.088803  -1.489429 19.425
 64     2.614 54458.56027209 28.75 308.088083  -1.492739 19.425
 64     2.479 54458.56027273 27.38 308.087353  -1.496039 19.425
 64     2.331 54458.56027338 26.26 308.086623  -1.499349 19.425
 64     2.369 54458.56027402 26.41 308.085903  -1.502649 19.425
 64     3.060 54458.56027466 24.25 308.085173  -1.505959 19.425
 65     3.850 54493.56027454 20.97 308.089320  -1.487517 17.503
 65     3.623 54493.56027518 18.21 308.088600  -1.490817 17.503
 65     3.369 54493.56027583 19.19 308.087870  -1.494127 17.503
 65     3.236 54493.56027647 19.33 308.087140  -1.497427 17.503
 65     3.361 54493.56027712 20.40 308.086420  -1.500737 17.503
 65     3.700 54493.56027776 20.55 308.085690  -1.504037 17.503
 65     3.869 54493.56027841 24.66 308.084960  -1.507347 17.503
 66     3.278 54528.56028405 17.52 308.089986  -1.488981 19.574
 66     3.062 54528.56028470 16.03 308.089256  -1.492291 19.574
 66     3.012 54528.56028534 14.71 308.088536  -1.495591 19.574
 66     2.796 54528.56028599 16.84 308.087806  -1.498901 19.574
 66     2.990 54528.56028663 19.87 308.087076  -1.502201 19.574
 66     3.312 54528.56028728 26.69 308.086356  -1.505511 19.574
 66     3.455 54528.56028792 34.76 308.085626  -1.508811 19.574
 67     4.426 54563.56028158 26.26 308.088107  -1.488279 16.223
 67     4.350 54563.56028222 27.70 308.087387  -1.491589 16.223
 67     4.097 54563.56028287 28.37 308.086657  -1.494889 16.223
 67     4.021 54563.56028351 28.35 308.085937  -1.498199 16.223
 67     4.138 54563.56028416 28.39 308.085207  -1.501509 16.223
 67     4.532 54563.56028480 28.11 308.084477  -1.504809 16.223
 68     3.998 54598.56027889 19.35 308.088562  -1.486178 20.405
 68     3.731 54598.56027953 18.29 308.087842  -1.489488 20.405
 68     3.502 54598.56028018 18.25 308.087112  -1.492788 20.405
 68     3.522 54598.56028082 17.69 308.086382  -1.496098 20.405
 68     3.514 54598.56028147 18.90 308.085662  -1.499398 20.405
 68     3.653 54598.56028211 22.25 308.084932  -1.502708 20.405
 68     3.902 54598.56028275 29.66 308.084202  -1.506008 20.405
 69     4.056 54633.56029241 32.10 308.087005  -1.487176 14.867
 69     4.044 54633.56029306 36.02 308.086275  -1.490476 14.867
 69     3.756 54633.56029370 31.31 308.085545  -1.493786 14.867
 69     3.739 54633.56029435 30.87 308.084825  -1.497086 14.867
 69     3.806 54633.56029499 30.35 308.084095  -1.500396 14.867
 69     4.064 54633.56029564 39.82 308.083365  -1.503696 14.867
 70     3.949 54668.56029722 20.80 308.087182  -1.487174 20.306
 70     3.820 54668.56029787 20.75 308.086462  -1.490484 20.306
 70     3.624 54668.56029851 22.16 308.085732  -1.493784 20.306
 70     3.749 54668.56029916 21.81 308.085002  -1.497094 20.306
 70     3.959 54668.56029980 22.12 308.084282  -1.500394 20.306
 70     4.111 54668.56030045 24.19 308.083552  -1.503704 20.306
 71     3.027 54703.56026213 17.87 308.089812  -1.488153 21.525
 71     2.943 54703.56026277 16.28 308.089082  -1.491463 21.525
 71     2.687 54703.56026342 16.29 308.088352  -1.494763 21.525
 71     2.648 54703.56026406 16.66 308.087632  -1.498073 21.525
 71     2.833 54703.56026471 17.09 308.086902  -1.501373 21.525
 71     3.077 54703.56026535 20.65 308.086172  -1.504683 21.525
 71     3.117 54703.56026600 30.53 308.085452  -1.507983 21.525
 72     2.898 54738.56025972 15.62 308.088135  -1.489041 17.475
 72     2.782 54738.56026036 14.44 308.087405  -1.492341 17.475
 72     2.599 54738.56026100 14.53 308.086675  -1.495651 17.475
 72     2.728 54738.56026165 14.26 308.085955  -1.498951 17.475
 72     3.166 54738.56026229 14.61 308.085225  -1.502261 17.475
 72     3.233 54738.56026294 24.53 308.084495  -1.505561 17.475
 73     3.082 54773.56024386 17.62 308.089339  -1.488326 14.733
 73     3.071 54773.56024450 17.47 308.088619  -1.491636 14.733
 73     2.796 54773.56024514 17.47 308.087889  -1.494936 14.733
 73     2.674 54773.56024579 16.37 308.087159  -1.498246 14.733
 73     2.762 54773.56024643 15.90 308.086439  -1.501546 14.733
 73     3.019 54773.56024708 21.01 308.085709  -1.504856 14.733
 73     3.168 54773.56024772 29.73 308.084979  -1.508156 14.733
 74     2.040 54808.56025242 18.48 308.087830  -1.486523 11.526
 74     1.962 54808.56025306 18.43 308.087100  -1.489823 11.526
 74     1.890 54808.56025371 18.12 308.086370  -1.493133 11.526
 74     1.753 54808.56025435 17.94 308.085650  -1.496433 11.526
 74     1.977 54808.56025500 16.88 308.084920  -1.499743 11.526
 74     1.931 54808.56025564 18.43 308.084190  -1.503043 11.526
 74     2.604 54808.56025629 20.92 308.083470  -1.506353 11.526
 75     3.555 54843.56024128 15.49 308.088395  -1.488506 20.060
 75     3.360 54843.56024192 14.59 308.087675  -1.491816 20.060
 75     3.195 54843.56024257 14.56 308.086945  -1.495116 20.060
 75     3.364 54843.56024321 13.67 308.086215  -1.498426 20.060
 75     3.377 54843.56024385 15.62 308.085495  -1.501726 20.060
 75     3.569 54843.56024450 21.18 308.084765  -1.505036 20.060
 76     3.433 54878.56025603 17.86 308.086864  -1.487173 20.490
 76     3.276 54878.56025667 18.40 308.086144  -1.490473 20.490
 76     3.223 54878.56025732 17.42 308.085414  -1.493783 20.490
 76     3.361 54878.56025796 17.57 308.084684  -1.497083 20.490
 76     3.415 54878.56025861 17.82 308.083964  -1.500393 20.490
 76     3.485 54878.56025925 21.32 308.083234  -1.503693 20.490
 77     3.947 54913.56024486 23.26 308.087094  -1.485544 23.145
 77     3.924 54913.56024551 21.99 308.086364  -1.488844 23.145
 77     3.811 54913.56024615 21.56 308.085644  -1.492154 23.145
 77     3.717 54913.56024680 21.35 308.084914  -1.495454 23.145
 77     3.687 54913.56024744 22.00 308.084184  -1.498764 23.145
 77     3.852 54913.56024809 22.30 308.083464  -1.502064 23.145
 77     4.025 54913.56024873 25.08 308.082734  -1.505374 23.145
 78     4.605 54948.56024719 24.42 308.087093  -1.485958 20.945
 78     4.642 54948.56024784 21.60 308.086373  -1.489258 20.945
 78     4.528 54948.56024848 21.62 308.085643  -1.492568 20.945
 78     4.380 54948.56024913 22.56 308.084913  -1.495868 20.945
 78     4.253 54948.56024977 22.97 308.084193  -1.499178 20.945
 78     4.631 54948.56025042 23.92 308.083463  -1.502478 20.945
 79     4.227 54983.56027318 37.43 308.086683  -1.486952 15.736
 79     4.211 54983.56027383 36.72 308.085953  -1.490252 15.736
 79     3.972 54983.56027447 34.88 308.085223  -1.493562 15.736
 79     3.937 54983.56027512 34.08 308.084503  -1.496862 15.736
 79     3.936 54983.56027576 31.87 308.083773  -1.500172 15.736
 79     3.972 54983.56027641 32.05 308.083043  -1.503472 15.736
 80     4.373 55018.56027080 22.67 308.088726  -1.488362 25.039
 80     3.976 55018.56027144 18.53 308.088006  -1.491672 25.039
 80     3.633 55018.56027209 19.09 308.087276  -1.494972 25.039
 80     3.489 55018.56027273 20.51 308.086546  -1.498282 25.039
 80     3.869 55018.56027338 21.72 308.085826  -1.501582 25.039
 80     4.214 55018.56027402 23.67 308.085096  -1.504892 25.039
 81     4.378 55053.56026589 31.50 308.089679  -1.487070 22.145
 81     4.247 55053.56026654 27.81 308.088949  -1.490370 22.145
 81     4.209 55053.56026718 24.59 308.088229  -1.493680 22.145
 81     4.056 55053.56026783 24.17 308.087499  -1.496980 22.145
 81     3.872 55053.56026847 23.80 308.086769  -1.500290 22.145
 81     4.103 55053.56026912 25.32 308.086049  -1.503590 22.145
 81     4.299 55053.56026976 30.59 308.085319  -1.506900 22.145
 82     3.216 55088.56022780 18.77 308.088038  -1.486271 17.366
 82     3.106 55088.56022845 16.80 308.087308  -1.489581 17.366
 82     2.708 55088.56022909 15.10 308.086578  -1.492881 17.366
 82     2.594 55088.56022974 15.40 308.085858  -1.496191 17.366
 82     2.760 55088.56023038 16.48 308.085128  -1.499491 17.366
 82     3.233 55088.56023103 18.12 308.084398  -1.502801 17.366
 82     3.338 55088.56023167 27.28 308.083678  -1.506101 17.366
 83     3.411 55123.56020300 20.17 308.089462  -1.487057 18.843
 83     3.023 55123.56020364 17.67 308.088732  -1.490367 18.843
 83     2.766 55123.56020429 15.38 308.088012  -1.493667 18.843
 83     2.489 55123.56020493 15.82 308.087282  -1.496977 18.843
 83     2.726 55123.56020558 16.02 308.086552  -1.500277 18.843
 83     3.085 55123.56020622 23.25 308.085832  -1.503587 18.843
 83     3.223 55123.56020686 29.35 308.085102  -1.506887 18.843
 84     2.681 55158.56018876 18.59 308.087508  -1.486907 12.695
 84     2.609 55158.56018940 18.68 308.086778  -1.490207 12.695
 84     2.309 55158.56019005 17.90 308.086058  -1.493517 12.695
 84     2.184 55158.56019069 17.22 308.085328  -1.496817 12.695
 84     2.234 55158.56019134 16.06 308.084598  -1.500127 12.695
 84     2.653 55158.56019198 15.75 308.083878  -1.503427 12.695
 85     2.128 55193.56019232 22.43 308.088320  -1.485670 11.489
 85     2.157 55193.56019296 22.23 308.087590  -1.488970 11.489
 85     2.013 55193.56019361 23.35 308.086860  -1.492280 11.489
 85     1.850 55193.56019425 24.43 308.086140  -1.495580 11.489
 85     1.821 55193.56019490 23.70 308.085410  -1.498890 11.489
 85     2.011 55193.56019554 23.36 308.084680  -1.502190 11.489
 85     2.157 55193.56019619 22.53 308.083960  -1.505500 11.489
 86     3.993 55228.56019084 16.27 308.087559  -1.486294 17.705
 86     3.913 55228.56019148 16.45 308.086839  -1.489604 17.705
 86     3.552 55228.56019213 15.92 308.086109  -1.492904 17.705
 86     3.222 55228.56019277 17.94 308.085379  -1.496214 17.705
 86     3.435 55228.56019342 19.96 308.084659  -1.499514 17.705
 86     3.766 55228.56019406 23.65 308.083929  -1.502824 17.705
 86     4.020 55228.56019471 25.08 308.083199  -1.506124 17.705
 87     2.963 55263.56018810 21.30 308.088942  -1.487711 20.471
 87     2.886 55263.56018874 20.85 308.088212  -1.491021 20.471
 87     2.693 55263.56018939 22.17 308.087492  -1.494321 20.471
 87     2.637 55263.56019003 20.82 308.086762  -1.497631 20.471
 87     2.754 55263.56019068 20.26 308.086032  -1.500931 20.471
 87     3.043 55263.56019132 21.06 308.085312  -1.504241 20.471
 87     3.136 55263.56019197 30.45 308.084582  -1.507541 20.471
 88     3.775 55298.56017379 43.25 308.088735  -1.488727 11.932
 88     3.847 55298.56017444 40.09 308.088015  -1.492037 11.932
 88     3.838 55298.56017508 36.81 308.087285  -1.495337 11.932
 88     3.718 55298.56017573 36.82 308.086565  -1.498647 11.932
 88     3.831 55298.56017637 40.83 308.085835  -1.501947 11.932
 88     3.767 55298.56017702 45.15 308.085105  -1.505257 11.932
 89     4.372 55333.56016636 32.81 308.087022  -1.487924 16.889
 89     4.366 55333.56016700 41.60 308.086302  -1.491234 16.889
 89     4.302 55333.56016765 32.54 308.085572  -1.494534 16.889
 89     4.298 55333.56016829 32.78 308.084842  -1.497844 16.889
 89     4.507 55333.56016894 38.41 308.084122  -1.501144 16.889
 89     4.519 55333.56016958 42.26 308.083392  -1.504454 16.889
 90     2.924 55368.56015837 26.34 308.088543  -1.489399 11.173
 90     2.940 55368.56015902 25.45 308.087823  -1.492709 11.173
 90     2.900 55368.56015966 25.73 308.087093  -1.496009 11.173
 90     3.116 55368.56016031 25.64 308.086363  -1.499319 11.173
 90     3.260 55368.56016095 24.97 308.085643  -1.502619 11.173
 90     3.583 55368.56016160 25.16 308.084913  -1.505929 11.173
 91     3.640 55403.56017388 23.12 308.088579  -1.489181 17.716
 91     3.359 55403.56017453 22.18 308.087849  -1.492481 17.716
 91     3.448 55403.56017517 20.16 308.087119  -1.495791 17.716
 91     3.503 55403.56017581 19.52 308.086399  -1.499091 17.716
 91     3.582 55403.56017646 18.92 308.085669  -1.502401 17.716
 91     3.699 55403.56017710 20.08 308.084939  -1.505701 17.716
 92     3.625 55438.56017562 30.58 308.090071  -1.486978 18.710
 92     3.669 55438.56017626 25.37 308.089341  -1.490278 18.710
 92     3.504 55438.56017691 19.03 308.088621  -1.493588 18.710
 92     3.246 55438.56017755 18.88 308.087891  -1.496888 18.710
 92     3.182 55438.56017820 17.11 308.087161  -1.500198 18.710
 92     3.453 55438.56017884 17.04 308.086441  -1.503498 18.710
 92     3.768 55438.56017949 23.54 308.085711  -1.506808 18.710
 92     3.797 55438.56018013 33.70 308.084981  -1.510108 18.710
 93     2.750 55473.56012365 13.61 308.089415  -1.486657  6.030
 93     2.323 55473.56012429 13.33 308.088695  -1.489967  6.030
 93     2.024 55473.56012493 13.81 308.087965  -1.493267  6.030
 93     1.583 55473.56012558 13.91 308.087245  -1.496577  6.030
 93     1.497 55473.56012622 14.53 308.086515  -1.499877  6.030
 93     2.000 55473.56012687 13.40 308.085785  -1.503187  6.030
 93     2.152 55473.56012751 17.60 308.085065  -1.506487  6.030
