# NaN NaN NaN ;Mean Elev.(m), Avg Gradient(m/km), RMS Gradient(m/km) - SRTM1     
#   17.707  -1.099  11.939 ;Mean Elev.(m), Avg Gradient(m/km), RMS Gradient(m/km) - ASTER GDEM
#    7.947  -0.805  12.695 ;Mean Elev.(m), Avg Gradient(m/km), RMS Gradient(m/km) - GMTED2010 
  8 300.518362  -3.208482    20.335    20.437  3 52478.58063023 26.652
  9 300.531430  -3.209745    18.294    18.269  4 52513.58057409 25.545
 11 300.527064  -3.209625    16.937    16.727  3 52583.58061349 20.413
 12 300.520057  -3.209329    12.966    12.964  4 52618.58058926 41.842
 13 300.531511  -3.210618    14.907    14.959  4 52653.58056671 30.086
 14 300.524604  -3.209426    16.573    16.031  4 52688.58056536 20.373
 15 300.523742  -3.208209    16.444    16.452  4 52723.58061117 37.957
 16 300.512295  -3.207114    18.240    18.089  3 52758.58063158 25.013
 17 300.526266  -3.209700    20.072    20.077  4 52793.58058491 41.191
 18 300.528257  -3.209682    19.997    20.014  4 52828.58065248 29.215
 19 300.530417  -3.208357    19.347    19.357  4 52863.58069710 40.861
 20 300.521642  -3.209855    16.674    16.656  4 52898.58072705 43.741
 21 300.520870  -3.208942    15.888    16.125  4 52933.58067198 21.583
 22 300.523800  -3.209594    14.556    15.255  4 52968.58068254 26.922
 23 300.516959  -3.207870    15.289    15.064  3 53003.58070390 16.199
 24 300.519717  -3.208452    15.259    15.259  3 53038.58065316 17.232
 25 300.521087  -3.208939    17.275    16.870  4 53073.58068162 22.471
 26 300.519932  -3.209133    17.743    17.265  4 53108.58065330 24.360
 27 300.522071  -3.209122    18.868    18.869  3 53143.58069110 30.169
 28 300.525580  -3.209875    19.051    19.094  3 53178.58071033 25.248
 29 300.521490  -3.208382    18.056    17.988  3 53213.58073125 22.925
 30 300.524230  -3.208872    16.734    16.644  4 53248.58070038 27.597
 31 300.519048  -3.208992    15.768    15.898  4 53283.58069336 16.796
 32 300.527436  -3.210622    11.953    11.915  4 53318.58068921 20.995
 33 300.528943  -3.208972    12.698    12.755  4 53353.58065535 31.072
 34 300.522153  -3.209412    15.751    15.850  3 53388.58065407 15.961
 35 300.529455  -3.210989    15.522    15.596  4 53423.58065402 28.529
 36 300.528147  -3.209589    17.997    18.008  3 53458.58065878 25.841
 37 300.516277  -3.207736    19.358    19.280  3 53493.58074372 24.184
 38 300.529095  -3.208746    20.230    20.234  4 53528.58072107 39.232
 39 300.517465  -3.207798    19.062    19.105  3 53563.58075153 27.838
 40 300.527429  -3.208457    16.872    16.842  4 53598.58069200 31.847
 42 300.518677  -3.208050    13.258    14.675  3 53668.58071021 20.361
 43 300.528918  -3.209348    11.156    11.156  4 53703.58065191 33.813
 44 300.529490  -3.209232    13.701    13.633  4 53738.58056123 41.138
 45 300.529121  -3.210365    16.592    16.633  4 53773.58057684 26.207
 46 300.527487  -3.208829    18.427    18.410  4 53808.58056239 35.852
 48 300.526772  -3.209636    20.664    20.643  4 53878.58063227 33.329
 49 300.517110  -3.208335    20.595    20.736  3 53913.58068600 27.972
 50 300.515000  -3.208229    18.809    18.748  3 53948.58069908 25.622
 51 300.523176  -3.208721    17.187    16.792  4 53983.58063953 27.681
 52 300.525160  -3.208781    13.780    13.486  4 54018.58067055 27.440
 53 300.532697  -3.208831    11.628     9.955  4 54053.58066308 30.735
 54 300.525318  -3.209466    16.153    15.598  4 54088.58065476 25.473
 55 300.524107  -3.209786    16.794    16.047  4 54123.58057713 24.500
 56 300.522994  -3.209492    17.409    16.323  3 54158.58061900 22.046
 57 300.523714  -3.209823    17.185    17.181  4 54193.58057884 41.560
 58 300.523649  -3.209695    18.513    18.694  3 54228.58063035 22.771
 59 300.524314  -3.209812    20.031    19.935  3 54263.58064921 26.261
 60 300.524964  -3.209286    19.950    19.998  4 54298.58065380 38.294
 61 300.525396  -3.209341    18.021    18.040  3 54333.58064359 34.776
 63 300.524343  -3.209163    10.367    10.371  4 54403.58058737 38.441
 64 300.522834  -3.209191    15.182    16.109  4 54438.58054428 23.252
 65 300.525540  -3.210907    14.752    14.723  4 54473.58057363 39.459
 66 300.523822  -3.210427    17.014    17.026  4 54508.58055595 35.992
 67 300.524996  -3.209921    18.633    18.377  4 54543.58058763 28.653
 68 300.524401  -3.208665    19.492    19.524  4 54578.58055649 37.053
 69 300.525165  -3.209326    20.275    20.333  4 54613.58057798 31.957
 70 300.523018  -3.210380    20.730    20.807  4 54648.58058602 34.315
 71 300.524162  -3.209570    19.082    19.088  4 54683.58058482 32.462
 72 300.524533  -3.210818    17.286    17.022  4 54718.58053213 21.941
 73 300.523733  -3.208558    15.565    16.677  4 54753.58055843 28.703
 74 300.523280  -3.208808    17.699    17.667  4 54788.58052399 29.879
 75 300.524778  -3.208378    14.785    14.036  4 54823.58055276 34.034
 76 300.524408  -3.210749    17.195    16.682  4 54858.58051894 24.295
 77 300.522577  -3.209404    18.216    18.226  3 54893.58055564 25.804
 78 300.522228  -3.209573    20.018    19.962  3 54928.58051686 27.522
 79 300.523261  -3.209617    21.396    21.477  3 54963.58055458 31.341
 80 300.521477  -3.208958    21.857    21.855  4 54998.58057563 43.874
 81 300.523529  -3.209251    21.352    21.349  4 55033.58056379 30.414
 82 300.524851  -3.209485    19.105    19.282  3 55068.58055231 24.087
 83 300.522468  -3.208058    17.763    17.597  4 55103.58049157 28.078
 84 300.524031  -3.209617    10.379    10.385  4 55138.58050000 37.584
 85 300.524133  -3.209209    15.571    15.408  3 55173.58046002 20.887
 86 300.524045  -3.208746    14.192    13.561  4 55208.58049451 31.614
 87 300.522879  -3.208952    17.524    17.467  4 55243.58046549 22.384
 88 300.523895  -3.208189    17.021    16.489  4 55278.58048770 26.185
 89 300.524056  -3.208789    18.809    18.903  4 55313.58045072 38.321
 90 300.524726  -3.208984    19.886    19.857  4 55348.58045883 34.696
 91 300.523308  -3.208825    19.370    19.479  3 55383.58044975 25.002
 92 300.524702  -3.209541    17.874    17.873  3 55418.58047736 44.562
 93 300.524835  -3.209769    17.283    17.046  3 55453.58045753 20.502
 94 300.525635  -3.209805     6.564     6.563  4 55488.58037850 40.367
