# NaN NaN NaN ;Mean Elev.(m), Avg Gradient(m/km), RMS Gradient(m/km) - SRTM1     
#  101.375   0.011   5.364 ;Mean Elev.(m), Avg Gradient(m/km), RMS Gradient(m/km) - ASTER GDEM
#   82.909  -0.896   3.928 ;Mean Elev.(m), Avg Gradient(m/km), RMS Gradient(m/km) - GMTED2010 
  6    85.861 52440.12127771 31.87 286.895489  -3.570481 12.571
  6    85.506 52440.12127836 27.31 286.894759  -3.567181 12.571
  6    85.461 52440.12127900 25.24 286.894029  -3.563881 12.571
  6    85.661 52440.12127965 23.73 286.893299  -3.560571 12.571
  7    84.353 52475.12127638 47.14 286.899192  -3.565828 15.790
  7    84.410 52475.12127703 41.59 286.898472  -3.562518 15.790
  7    84.399 52475.12127767 41.36 286.897742  -3.559218 15.790
  7    84.379 52475.12127832 37.51 286.897012  -3.555908 15.790
  8    85.263 52510.12123580 25.10 286.906880  -3.560840 19.191
  8    80.114 52510.12123644 27.18 286.906150  -3.557530 19.191
  8    80.585 52510.12123708 26.31 286.905430  -3.554230 19.191
  8    80.661 52510.12123773 26.34 286.904700  -3.550920 19.191
  8    80.972 52510.12123837 23.24 286.903970  -3.547620 19.191
  8    81.199 52510.12123902 34.63 286.903240  -3.544310 19.191
  9    78.837 52545.12124369 41.76 286.907357  -3.562045 12.671
  9    78.882 52545.12124433 43.63 286.906627  -3.558735 12.671
  9    78.694 52545.12124497 37.56 286.905897  -3.555435 12.671
  9    78.597 52545.12124562 32.22 286.905172  -3.552125 17.825
  9    78.737 52545.12124626 31.04 286.904442  -3.548825 17.825
  9    78.885 52545.12124691 46.60 286.903712  -3.545515 17.825
 10    80.337 52580.12127494 26.74 286.902633  -3.565996 18.591
 10    80.819 52580.12127558 27.21 286.901903  -3.562686 18.591
 10    81.127 52580.12127623 27.34 286.901183  -3.559386 18.591
 10    81.394 52580.12127687 30.44 286.900453  -3.556076 18.591
 10    81.608 52580.12127752 40.79 286.899723  -3.552776 18.591
 11    84.754 52615.12124296 29.58 286.900615  -3.566847  9.023
 11    84.441 52615.12124361 29.39 286.899895  -3.563547  9.023
 11    84.309 52615.12124425 30.47 286.899165  -3.560237  9.023
 11    84.345 52615.12124490 29.89 286.898435  -3.556937  9.023
 11    84.497 52615.12124554 30.49 286.897705  -3.553627  9.023
 12    85.656 52650.12122252 25.14 286.907916  -3.561870 13.839
 12    84.659 52650.12122317 25.63 286.907196  -3.558570 13.839
 12    84.420 52650.12122381 26.53 286.906466  -3.555260 13.839
 12    84.305 52650.12122446 28.31 286.905736  -3.551960 13.839
 12    84.383 52650.12122510 27.94 286.905006  -3.548650 13.839
 12    84.662 52650.12122575 27.20 286.904276  -3.545350 13.839
 12    84.732 52650.12122639 35.91 286.903546  -3.542050 13.839
 14    85.584 52720.12125947 19.18 286.902371  -3.564233 12.617
 14    85.444 52720.12126011 18.02 286.901641  -3.560933 12.617
 14    85.396 52720.12126076 17.65 286.900911  -3.557623 12.617
 14    85.658 52720.12126140 20.38 286.900181  -3.554323 12.617
 14    85.742 52720.12126205 25.80 286.899461  -3.551023 12.617
 15    86.336 52755.12128232 48.45 286.892957  -3.570254 18.898
 15    86.206 52755.12128296 51.90 286.892237  -3.566954 18.898
 15    86.352 52755.12128361 50.67 286.891507  -3.563644 18.898
 15    86.222 52755.12128425 51.51 286.890777  -3.560344 18.898
 16    86.851 52790.12123240 36.10 286.903775  -3.561580 15.932
 16    86.874 52790.12123304 36.57 286.903045  -3.558270 15.932
 16    86.876 52790.12123369 37.16 286.902315  -3.554970 15.932
 16    86.957 52790.12123433 39.61 286.901585  -3.551670 15.932
 16    86.947 52790.12123498 39.36 286.900855  -3.548360 15.932
 17    85.807 52825.12130190 28.52 286.906054  -3.562811 19.596
 17    85.338 52825.12130255 27.81 286.905324  -3.559511 19.596
 17    85.455 52825.12130319 28.95 286.904594  -3.556201 19.596
 17    85.543 52825.12130384 30.08 286.903864  -3.552901 19.596
 17    85.644 52825.12130448 28.77 286.903134  -3.549601 19.596
 17    85.690 52825.12130512 32.68 286.902414  -3.546291 19.596
 18    80.955 52860.12134792 41.96 286.907758  -3.562031 17.064
 18    80.885 52860.12134856 29.80 286.907028  -3.558731 17.064
 18    80.815 52860.12134921 28.27 286.906298  -3.555421 17.064
 18    80.946 52860.12134985 30.88 286.905568  -3.552121 17.064
 18    80.936 52860.12135050 36.28 286.904838  -3.548821 17.064
 18    80.958 52860.12135114 34.74 286.904118  -3.545511 17.064
 18    81.040 52860.12135179 35.44 286.903388  -3.542211 17.064
 19    84.201 52895.12137796 17.95 286.901761  -3.566290 20.370
 19    83.464 52895.12137860 20.31 286.901031  -3.562990 20.370
 19    78.709 52895.12137925 23.58 286.900302  -3.559678 17.681
 19    78.726 52895.12137989 27.37 286.899582  -3.556378 17.681
 19    79.004 52895.12138054 35.40 286.898852  -3.553078 17.681
 20    81.976 52930.12132725 35.22 286.900645  -3.564853 13.718
 20    81.522 52930.12132789 35.81 286.899915  -3.561543 13.718
 20    81.549 52930.12132854 43.83 286.899195  -3.558243 13.718
 20    81.603 52930.12132918 47.10 286.898465  -3.554933 13.718
 21    81.798 52965.12131843 51.99 286.907078  -3.560016 22.495
 21    81.665 52965.12131907 52.42 286.906348  -3.556716 22.495
 21    81.571 52965.12131972 52.62 286.905618  -3.553406 22.495
 21    81.484 52965.12132036 53.18 286.904898  -3.550106 22.495
 21    81.617 52965.12132101 49.61 286.904168  -3.546806 22.495
 21    81.567 52965.12132165 50.28 286.903438  -3.543496 22.495
 22    85.729 53000.12135164 48.24 286.897980  -3.567228 18.787
 22    85.644 53000.12135229 45.06 286.897250  -3.563928 18.787
 22    85.530 53000.12135293 44.81 286.896520  -3.560618 18.787
 22    85.477 53000.12135358 46.66 286.895790  -3.557318 18.787
 23    83.392 53035.12130169 37.47 286.901279  -3.565881 12.457
 23    83.348 53035.12130233 40.35 286.900549  -3.562571 12.457
 23    83.318 53035.12130298 42.19 286.899819  -3.559271 12.457
 23    83.267 53035.12130362 38.29 286.899089  -3.555961 12.457
 23    83.284 53035.12130427 36.69 286.898369  -3.552661 12.457
 24    82.859 53070.12132090 28.10 286.904049  -3.562185 11.525
 24    82.757 53070.12132154 29.12 286.903319  -3.558885 11.525
 24    82.707 53070.12132219 30.22 286.902599  -3.555585 11.525
 24    82.684 53070.12132283 29.86 286.901869  -3.552275 11.525
 24    82.734 53070.12132347 34.78 286.901139  -3.548975 11.525
 25    85.317 53105.12130268 43.28 286.900917  -3.567156 18.758
 25    85.136 53105.12130332 39.31 286.900197  -3.563856 18.758
 25    85.004 53105.12130397 43.58 286.899467  -3.560546 18.758
 25    85.025 53105.12130461 46.63 286.898737  -3.557246 18.758
 25    85.062 53105.12130526 48.59 286.898007  -3.553936 18.758
 26    85.055 53140.12132724 23.06 286.905277  -3.562436 11.221
 26    84.772 53140.12132788 22.32 286.904547  -3.559136 11.221
 26    84.697 53140.12132853 22.05 286.903827  -3.555826 11.221
 26    84.880 53140.12132917 23.12 286.903097  -3.552526 11.221
 26    84.767 53140.12132982 25.03 286.902367  -3.549216 11.221
 26    84.880 53140.12133046 34.22 286.901637  -3.545916 11.221
 27    84.608 53175.12136133 18.44 286.903752  -3.564945  9.804
 27    84.482 53175.12136198 18.07 286.903022  -3.561635  9.804
 27    84.473 53175.12136262 18.34 286.902292  -3.558335  9.804
 27    84.508 53175.12136327 19.15 286.901562  -3.555025  9.804
 27    84.545 53175.12136391 20.59 286.900832  -3.551725  9.804
 28    83.566 53210.12137933 30.42 286.901753  -3.563798 11.935
 28    83.453 53210.12137997 31.65 286.901023  -3.560498 11.935
 28    83.605 53210.12138062 34.54 286.900293  -3.557188 11.935
 28    83.585 53210.12138126 40.22 286.899563  -3.553888 11.935
 29    79.776 53245.12134719 39.53 286.904999  -3.562355 14.590
 29    79.688 53245.12134784 29.91 286.904269  -3.559055 14.590
 29    79.866 53245.12134848 32.35 286.903539  -3.555745 14.590
 29    79.768 53245.12134913 33.06 286.902809  -3.552445 14.590
 29    79.750 53245.12134977 51.16 286.902089  -3.549135 14.590
 30    79.678 53280.12132942 32.17 286.902384  -3.562433 13.333
 30    79.410 53280.12133007 28.33 286.901654  -3.559133 13.333
 30    79.610 53280.12133071 30.55 286.900924  -3.555823 13.333
 30    79.735 53280.12133135 42.07 286.900204  -3.552523 13.333
 31    82.715 53315.12134729 40.09 286.903788  -3.563136 19.204
 31    82.730 53315.12134793 34.28 286.903068  -3.559836 19.204
 31    82.716 53315.12134858 45.62 286.902338  -3.556526 19.204
 31    82.718 53315.12134922 46.81 286.901608  -3.553226 19.204
 31    82.457 53315.12134987 36.83 286.900878  -3.549916 19.204
 32    84.824 53350.12131297 45.56 286.907066  -3.562548 19.804
 32    84.913 53350.12131362 43.77 286.906346  -3.559248 19.804
 32    84.840 53350.12131426 41.50 286.905616  -3.555938 19.804
 32    84.703 53350.12131491 44.11 286.904886  -3.552638 19.804
 32    84.739 53350.12131555 50.52 286.904156  -3.549328 19.804
 32    84.787 53350.12131620 50.12 286.903436  -3.546028 19.804
 33    85.217 53385.12129196 49.07 286.904107  -3.563337 12.729
 33    85.027 53385.12129260 40.34 286.903377  -3.560037 12.729
 33    84.917 53385.12129325 30.56 286.902647  -3.556727 12.729
 33    84.833 53385.12129389 30.15 286.901927  -3.553427 12.729
 33    84.767 53385.12129454 31.79 286.901197  -3.550127 12.729
 34    85.036 53420.12129746 34.56 286.911172  -3.559848 21.292
 34    85.015 53420.12129811 27.69 286.910442  -3.556548 21.292
 34    84.575 53420.12129875 25.97 286.909712  -3.553238 21.292
 34    84.738 53420.12129940 27.61 286.908982  -3.549938 21.292
 34    84.872 53420.12130004 34.76 286.908262  -3.546628 21.292
 34    84.863 53420.12130068 35.07 286.907532  -3.543328 21.292
 34    84.867 53420.12130133 44.63 286.906802  -3.540018 21.292
 34    84.878 53420.12130197 44.70 286.906072  -3.536718 21.292
 35    84.912 53455.12130284 40.26 286.907147  -3.561822 15.990
 35    84.673 53455.12130349 38.91 286.906417  -3.558512 15.990
 35    84.678 53455.12130413 41.26 286.905687  -3.555212 15.990
 35    84.741 53455.12130478 45.54 286.904957  -3.551912 15.990
 35    84.799 53455.12130542 49.74 286.904237  -3.548602 15.990
 35    84.840 53455.12130607 46.70 286.903507  -3.545302 15.990
 36    86.457 53490.12138685 33.17 286.897700  -3.569983 12.566
 36    86.361 53490.12138749 30.16 286.896970  -3.566673 12.566
 36    86.327 53490.12138814 29.61 286.896240  -3.563373 12.566
 36    86.347 53490.12138878 29.87 286.895510  -3.560063 12.566
 36    86.366 53490.12138943 30.72 286.894780  -3.556763 12.566
 37    83.490 53525.12137370 28.63 286.906677  -3.560683 11.201
 37    82.559 53525.12137435 28.40 286.905947  -3.557383 11.201
 37    82.424 53525.12137499 29.92 286.905217  -3.554073 11.201
 37    82.482 53525.12137564 30.45 286.904487  -3.550773 11.201
 37    82.384 53525.12137628 31.74 286.903767  -3.547473 11.201
 37    82.651 53525.12137693 33.34 286.903037  -3.544163 11.201
 38    82.830 53560.12139992 41.72 286.897626  -3.567733 11.316
 38    82.689 53560.12140056 42.59 286.896896  -3.564423 11.316
 38    82.620 53560.12140121 41.19 286.896166  -3.561123 11.316
 38    82.730 53560.12140185 40.18 286.895436  -3.557813 11.316
 39    78.522 53595.12133904 48.94 286.908667  -3.559453 18.179
 39    78.415 53595.12133968 51.29 286.907937  -3.556143 18.179
 39    78.379 53595.12134033 51.24 286.907207  -3.552843 18.179
 39    78.482 53595.12134097 48.67 286.906487  -3.549533 18.179
 39    79.327 53595.12134162 38.13 286.905757  -3.546233 18.179
 39    78.405 53595.12134226 47.90 286.905027  -3.542933 18.179
 39    78.285 53595.12134290 44.64 286.904297  -3.539623 18.179
 40    78.180 53630.12133111 35.50 286.899751  -3.567744  9.999
 40    77.900 53630.12133176 37.02 286.899021  -3.564444  9.999
 40    77.817 53630.12133240 36.97 286.898291  -3.561134  9.999
 40    77.778 53630.12133305 37.52 286.897561  -3.557834  9.999
 40    77.812 53630.12133369 35.21 286.896831  -3.554534  9.999
 41    79.312 53665.12135460 34.74 286.900997  -3.567293 13.000
 41    79.267 53665.12135524 34.98 286.900267  -3.563983 13.000
 41    79.089 53665.12135588 34.60 286.899537  -3.560683 13.000
 41    79.166 53665.12135653 36.34 286.898807  -3.557373 13.000
 41    79.098 53665.12135717 40.69 286.898077  -3.554073 13.000
 42    81.969 53700.12131033 13.71 286.905623  -3.561157 12.015
 42    81.782 53700.12131097 15.13 286.904903  -3.557857 12.015
 42    81.652 53700.12131162 14.82 286.904173  -3.554547 12.015
 42    81.699 53700.12131226 15.68 286.903443  -3.551247 12.015
 42    82.139 53700.12131291 16.78 286.902713  -3.547937 12.015
 43    83.642 53735.12123265 27.60 286.907783  -3.560169  9.809
 43    83.597 53735.12123330 28.68 286.907063  -3.556869  9.809
 43    83.517 53735.12123394 29.32 286.906333  -3.553559  9.809
 43    83.387 53735.12123459 30.32 286.905603  -3.550259  9.809
 43    83.388 53735.12123523 30.09 286.904873  -3.546949  9.809
 43    83.555 53735.12123588 30.59 286.904153  -3.543649  9.809
 44    85.380 53770.12122032 41.69 286.909404  -3.560612 18.638
 44    85.384 53770.12122096 42.40 286.908674  -3.557312 18.638
 44    85.205 53770.12122161 40.06 286.907944  -3.554002 18.638
 44    85.321 53770.12122225 39.67 286.907224  -3.550702 18.638
 44    85.245 53770.12122290 43.56 286.906494  -3.547392 18.638
 44    85.162 53770.12122354 45.53 286.905764  -3.544092 18.638
 44    85.167 53770.12122419 48.36 286.905034  -3.540782 18.638
 45    85.752 53805.12121405 22.32 286.907229  -3.560796 20.936
 45    85.269 53805.12121470 17.21 286.906499  -3.557486 20.936
 45    85.236 53805.12121534 16.16 286.905769  -3.554186 20.936
 45    85.388 53805.12121599 17.31 286.905039  -3.550876 20.936
 45    85.572 53805.12121663 21.00 286.904319  -3.547576 20.936
 45    85.661 53805.12121728 28.67 286.903589  -3.544266 20.936
 47    86.507 53875.12128095 27.59 286.905232  -3.560932 21.808
 47    86.284 53875.12128159 25.26 286.904502  -3.557622 21.808
 47    86.177 53875.12128223 23.23 286.903782  -3.554322 21.808
 47    86.430 53875.12128288 23.64 286.903052  -3.551022 21.808
 47    86.559 53875.12128352 27.53 286.902322  -3.547712 21.808
 49    83.738 53945.12134674 19.15 286.896260  -3.570724  7.582
 49    79.332 53945.12134739 20.66 286.895540  -3.567414  7.582
 49    79.528 53945.12134803 19.71 286.894810  -3.564114  7.582
 49    79.816 53945.12134868 20.79 286.894080  -3.560804  7.582
 49    82.444 53945.12134932 20.92 286.893350  -3.557504  7.582
 50    79.280 53980.12129513 37.79 286.901850  -3.563017 13.534
 50    79.360 53980.12129577 42.18 286.901120  -3.559707 13.534
 50    79.431 53980.12129641 45.50 286.900400  -3.556407 13.534
 50    79.433 53980.12129706 48.20 286.899670  -3.553097 13.534
 51    84.250 54015.12131274 20.05 286.906229  -3.563389 11.818
 51    79.439 54015.12131339 21.50 286.905499  -3.560089 11.818
 51    79.444 54015.12131403 22.79 286.904769  -3.556779 11.818
 51    80.331 54015.12131468 22.13 286.904049  -3.553479 11.818
 51    80.569 54015.12131532 22.30 286.903319  -3.550169 11.818
 51    80.783 54015.12131597 25.26 286.902589  -3.546869 11.818
 52    81.219 54050.12131632 30.89 286.910121  -3.557095  9.389
 52    81.154 54050.12131696 31.57 286.909391  -3.553785  9.389
 52    81.128 54050.12131761 32.27 286.908661  -3.550485  9.389
 52    81.257 54050.12131825 31.59 286.907931  -3.547175  9.389
 52    81.188 54050.12131890 31.95 286.907211  -3.543875  9.389
 52    81.287 54050.12131954 32.97 286.906481  -3.540565  9.389
 52    81.399 54050.12132019 36.16 286.905751  -3.537265  9.389
 54    86.155 54120.12123477 47.50 286.903860  -3.563595 17.941
 54    86.175 54120.12123542 43.19 286.903130  -3.560285 17.941
 54    86.127 54120.12123606 41.62 286.902400  -3.556985 17.941
 54    86.072 54120.12123671 38.09 286.901680  -3.553685 17.941
 54    86.224 54120.12123735 34.85 286.900950  -3.550375 17.941
 55    84.266 54155.12126494 22.64 286.903396  -3.564178 18.304
 55    83.971 54155.12126558 18.93 286.902666  -3.560878 18.304
 55    83.688 54155.12126623 18.06 286.901936  -3.557568 18.304
 55    83.741 54155.12126687 17.99 286.901206  -3.554268 18.304
 55    83.972 54155.12126752 23.88 286.900476  -3.550958 18.304
 56    85.802 54190.12123088 40.67 286.904401  -3.564590 15.460
 56    85.826 54190.12123152 27.57 286.903671  -3.561290 15.460
 56    85.545 54190.12123217 25.20 286.902941  -3.557980 15.460
 56    85.746 54190.12123281 25.04 286.902221  -3.554680 15.460
 56    85.483 54190.12123346 25.47 286.901491  -3.551370 15.460
 56    85.750 54190.12123410 33.99 286.900761  -3.548070 15.460
 57    86.852 54225.12127568 53.21 286.903379  -3.564048 23.403
 57    86.791 54225.12127632 47.79 286.902649  -3.560748 23.403
 57    86.804 54225.12127697 51.46 286.901929  -3.557438 23.403
 57    86.904 54225.12127761 48.67 286.901199  -3.554138 23.403
 57    86.723 54225.12127826 48.92 286.900469  -3.550838 23.403
 58    84.498 54260.12129669 43.43 286.904474  -3.563998 11.502
 58    84.529 54260.12129733 40.77 286.903754  -3.560688 11.502
 58    84.584 54260.12129798 43.88 286.903024  -3.557388 11.502
 58    84.420 54260.12129862 39.92 286.902294  -3.554078 11.502
 58    84.484 54260.12129927 37.77 286.901564  -3.550778 11.502
 59    81.326 54295.12130050 52.16 286.904699  -3.561961 18.615
 59    81.240 54295.12130115 51.15 286.903979  -3.558651 18.615
 59    81.305 54295.12130179 48.86 286.903249  -3.555351 18.615
 59    81.127 54295.12130243 51.49 286.902519  -3.552041 18.615
 59    81.232 54295.12130308 48.16 286.901789  -3.548741 18.615
 60    78.712 54330.12129325 14.97 286.905679  -3.561639  8.899
 60    78.642 54330.12129389 16.90 286.904949  -3.558339  8.899
 60    78.765 54330.12129454 17.87 286.904229  -3.555039  8.899
 60    78.835 54330.12129518 18.13 286.903499  -3.551729  8.899
 60    81.184 54330.12129583 19.93 286.902769  -3.548419  8.899
 60    81.126 54330.12129647 32.76 286.902039  -3.545119  8.899
 61    78.579 54365.12123808 23.90 286.903981  -3.563353  6.086
 61    78.602 54365.12123873 24.48 286.903251  -3.560043  6.086
 61    78.684 54365.12123937 25.49 286.902521  -3.556743  6.086
 61    78.738 54365.12124002 27.72 286.901801  -3.553443  6.086
 61    78.910 54365.12124066 30.32 286.901071  -3.550133  6.086
 62    80.392 54400.12123424 21.16 286.905916  -3.563256 10.328
 62    80.846 54400.12123489 21.50 286.905186  -3.559946 10.328
 62    81.090 54400.12123553 22.51 286.904456  -3.556646 10.328
 62    81.272 54400.12123618 22.91 286.903726  -3.553336 10.328
 62    81.356 54400.12123682 25.69 286.902996  -3.550036 10.328
 62    81.417 54400.12123747 29.39 286.902276  -3.546736 10.328
 63    84.438 54435.12119201 18.10 286.904142  -3.561180 13.300
 63    84.426 54435.12119266 18.99 286.903412  -3.557880 13.300
 63    84.507 54435.12119330 19.85 286.902682  -3.554570 13.300
 63    84.461 54435.12119395 22.66 286.901962  -3.551270 13.300
 63    84.426 54435.12119459 24.38 286.901232  -3.547970 13.300
 64    84.461 54470.12121815 22.65 286.906566  -3.561619 14.157
 64    84.415 54470.12121879 21.97 286.905836  -3.558319 14.157
 64    84.511 54470.12121944 22.76 286.905106  -3.555009 14.157
 64    84.661 54470.12122008 23.61 286.904376  -3.551709 14.157
 64    84.678 54470.12122073 23.63 286.903656  -3.548399 14.157
 64    84.767 54470.12122137 29.68 286.902926  -3.545099 14.157
 65    84.669 54505.12120577 22.72 286.904445  -3.562565 11.683
 65    84.615 54505.12120642 22.36 286.903715  -3.559255 11.683
 65    84.584 54505.12120706 23.39 286.902985  -3.555955 11.683
 65    84.510 54505.12120771 23.40 286.902255  -3.552645 11.683
 65    84.524 54505.12120835 24.22 286.901525  -3.549345 11.683
 66    86.216 54540.12123327 28.36 286.905315  -3.560395 17.036
 66    85.928 54540.12123392 27.73 286.904585  -3.557085 17.036
 66    85.959 54540.12123456 28.26 286.903855  -3.553785 17.036
 66    86.062 54540.12123521 28.75 286.903125  -3.550485 17.036
 66    86.154 54540.12123585 33.36 286.902395  -3.547175 17.036
 68    84.771 54610.12122546 26.40 286.904720  -3.564391  9.743
 68    84.777 54610.12122610 25.61 286.903990  -3.561091  9.743
 68    84.937 54610.12122675 26.01 286.903270  -3.557781  9.743
 68    84.923 54610.12122739 25.94 286.902540  -3.554481  9.743
 68    84.906 54610.12122803 25.82 286.901810  -3.551181  9.743
 68    84.799 54610.12122868 25.40 286.901080  -3.547871  9.743
 70    81.137 54680.12123464 26.73 286.903296  -3.561771  5.829
 70    80.915 54680.12123528 27.46 286.902566  -3.558471  5.829
 70    81.067 54680.12123593 24.88 286.901846  -3.555171  5.829
 70    80.756 54680.12123657 24.41 286.901116  -3.551861  5.829
 71    77.937 54715.12118532 17.18 286.905224  -3.562530  6.058
 71    78.061 54715.12118597 17.78 286.904494  -3.559220  6.058
 71    78.107 54715.12118661 19.17 286.903774  -3.555920  6.058
 71    78.132 54715.12118726 19.64 286.903044  -3.552620  6.058
 71    78.195 54715.12118790 19.45 286.902314  -3.549310  6.058
 72    79.499 54750.12120463 45.16 286.904112  -3.564617 14.134
 72    80.023 54750.12120528 40.78 286.903382  -3.561317 14.134
 72    79.592 54750.12120592 41.44 286.902652  -3.558007 14.134
 72    79.620 54750.12120657 42.19 286.901932  -3.554707 14.134
 72    79.534 54750.12120721 41.62 286.901202  -3.551397 14.134
 73    82.856 54785.12117316 35.54 286.904909  -3.562827  8.243
 73    82.765 54785.12117380 30.91 286.904179  -3.559517  8.243
 73    82.845 54785.12117445 32.91 286.903459  -3.556217  8.243
 73    82.538 54785.12117509 30.51 286.902729  -3.552907  8.243
 73    82.537 54785.12117574 30.14 286.901999  -3.549607  8.243
 74    82.207 54820.12119794 41.38 286.904623  -3.561213 14.778
 74    82.054 54820.12119859 42.63 286.903903  -3.557913 14.778
 74    82.122 54820.12119923 42.02 286.903173  -3.554603 14.778
 74    82.043 54820.12119988 44.61 286.902443  -3.551303 14.778
 74    82.022 54820.12120052 46.19 286.901713  -3.547993 14.778
 75    85.439 54855.12117011 33.41 286.905297  -3.563756 11.086
 75    85.290 54855.12117076 29.07 286.904567  -3.560446 11.086
 75    85.395 54855.12117140 33.10 286.903847  -3.557146 11.086
 75    85.434 54855.12117205 33.68 286.903117  -3.553836 11.086
 75    85.292 54855.12117269 30.31 286.902387  -3.550536 11.086
 75    85.318 54855.12117334 33.73 286.901657  -3.547236 11.086
 76    86.591 54890.12120180 23.70 286.902714  -3.562837 22.092
 76    86.180 54890.12120244 23.37 286.901984  -3.559537 22.092
 76    86.240 54890.12120309 22.39 286.901264  -3.556237 22.092
 76    86.500 54890.12120373 23.89 286.900534  -3.552927 22.092
 78    87.712 54960.12120054 31.13 286.902817  -3.562187 24.425
 78    87.402 54960.12120119 27.74 286.902087  -3.558877 24.425
 78    87.454 54960.12120183 28.43 286.901367  -3.555577 24.425
 78    87.651 54960.12120248 29.29 286.900637  -3.552277 24.425
 79    86.719 54995.12122156 39.65 286.902201  -3.565802 15.483
 79    86.499 54995.12122221 36.10 286.901471  -3.562502 15.483
 79    86.571 54995.12122285 38.40 286.900751  -3.559192 15.483
 79    86.702 54995.12122350 38.45 286.900021  -3.555892 15.483
 79    86.715 54995.12122414 39.58 286.899291  -3.552582 15.483
 80    84.259 55030.12121139 29.47 286.903989  -3.563439  8.598
 80    84.261 55030.12121204 30.27 286.903259  -3.560139  8.598
 80    84.239 55030.12121268 32.06 286.902539  -3.556839  8.598
 80    84.268 55030.12121333 31.64 286.901809  -3.553529  8.598
 80    84.263 55030.12121397 33.15 286.901079  -3.550229  8.598
 81    83.061 55065.12120286 18.12 286.904549  -3.561395 11.297
 81    82.750 55065.12120351 18.11 286.903819  -3.558095 11.297
 81    81.283 55065.12120415 18.91 286.903099  -3.554785 11.297
 81    81.357 55065.12120480 22.28 286.902369  -3.551485 11.297
 81    81.556 55065.12120544 24.13 286.901639  -3.548175 11.297
 83    81.780 55135.12114703 49.24 286.904405  -3.562899 13.762
 83    81.344 55135.12114768 47.88 286.903675  -3.559599 13.762
 83    81.553 55135.12114832 45.02 286.902955  -3.556299 13.762
 83    81.284 55135.12114896 40.50 286.902225  -3.552989 13.762
 83    81.230 55135.12114961 39.41 286.901495  -3.549689 13.762
 84    83.641 55170.12111042 22.20 286.905306  -3.563775  7.333
 84    83.625 55170.12111107 22.66 286.904576  -3.560465  7.333
 84    83.617 55170.12111171 23.98 286.903846  -3.557165  7.333
 84    83.702 55170.12111236 23.97 286.903126  -3.553865  7.333
 84    83.699 55170.12111300 25.21 286.902396  -3.550555  7.333
 84    83.791 55170.12111365 25.13 286.901666  -3.547255  7.333
 85    84.785 55205.12114041 17.40 286.904401  -3.564257 12.666
 85    84.495 55205.12114105 14.77 286.903671  -3.560957 12.666
 85    84.469 55205.12114169 15.27 286.902941  -3.557657 12.666
 85    84.534 55205.12114234 16.49 286.902221  -3.554347 12.666
 85    84.809 55205.12114298 20.28 286.901491  -3.551047 12.666
 87    85.247 55275.12113408 33.55 286.903822  -3.562800  9.421
 87    85.053 55275.12113472 32.84 286.903092  -3.559500  9.421
 87    85.138 55275.12113537 34.59 286.902372  -3.556190  9.421
 87    85.212 55275.12113601 35.33 286.901642  -3.552890  9.421
 87    85.071 55275.12113666 32.94 286.900912  -3.549590  9.421
 88    86.370 55310.12110106 37.62 286.904709  -3.564005 16.239
 88    86.044 55310.12110171 29.82 286.903979  -3.560695 16.239
 88    85.963 55310.12110235 29.04 286.903259  -3.557395 16.239
 88    86.039 55310.12110300 27.97 286.902529  -3.554095 16.239
 88    86.137 55310.12110364 28.01 286.901799  -3.550785 16.239
 88    86.148 55310.12110429 33.91 286.901069  -3.547485 16.239
 89    85.172 55345.12110343 27.87 286.905325  -3.563140  6.096
 89    85.271 55345.12110408 27.71 286.904605  -3.559830  6.096
 89    85.244 55345.12110472 27.87 286.903875  -3.556530  6.096
 89    85.103 55345.12110537 27.85 286.903145  -3.553220  6.096
 89    85.087 55345.12110601 28.70 286.902415  -3.549920  6.096
 89    85.330 55345.12110666 29.19 286.901685  -3.546620  6.096
 90    81.814 55380.12109675 41.92 286.904295  -3.562547 18.008
 90    81.810 55380.12109740 45.34 286.903575  -3.559247 18.008
 90    81.835 55380.12109804 44.66 286.902845  -3.555947 18.008
 90    81.850 55380.12109869 45.42 286.902115  -3.552637 18.008
 90    81.883 55380.12109933 48.18 286.901385  -3.549337 18.008
 91    80.370 55415.12112319 40.37 286.904395  -3.561289 12.540
 91    80.197 55415.12112383 44.05 286.903665  -3.557989 12.540
 91    80.176 55415.12112448 46.92 286.902945  -3.554679 12.540
 91    80.179 55415.12112512 48.41 286.902215  -3.551379 12.540
 91    80.378 55415.12112576 45.04 286.901485  -3.548069 12.540
 92    77.008 55450.12110890 17.65 286.905397  -3.563994  6.596
 92    77.108 55450.12110955 17.70 286.904667  -3.560684  6.596
 92    77.086 55450.12111019 18.99 286.903937  -3.557384  6.596
 92    80.467 55450.12111084 18.39 286.903217  -3.554074  6.596
 92    81.155 55450.12111148 17.93 286.902487  -3.550774  6.596
 92    81.489 55450.12111213 24.12 286.901757  -3.547464  6.596
 93    76.953 55485.12103367 21.62 286.905420  -3.563709  4.684
 93    76.967 55485.12103432 22.09 286.904690  -3.560409  4.684
 93    76.897 55485.12103496 22.39 286.903960  -3.557099  4.684
 93    76.542 55485.12103561 23.48 286.903240  -3.553799  4.684
 93    76.319 55485.12103625 23.97 286.902510  -3.550489  4.684
 93    81.381 55485.12103690 25.76 286.901780  -3.547189  4.684
