# NaN NaN NaN ;Mean Elev.(m), Avg Gradient(m/km), RMS Gradient(m/km) - SRTM1     
#   96.942  -1.546   6.116 ;Mean Elev.(m), Avg Gradient(m/km), RMS Gradient(m/km) - ASTER GDEM
#   85.105  -1.879   4.755 ;Mean Elev.(m), Avg Gradient(m/km), RMS Gradient(m/km) - GMTED2010 
  8 286.767069  -3.703303    85.845    86.129 17 52489.61862013 37.150
  9 286.763324  -3.700658    85.770    83.717 14 52524.61859696 23.240
 12 286.765677  -3.703641    86.043    86.178 16 52629.61858182 41.012
 14 286.767593  -3.703254    85.840    85.814 18 52699.61858673 33.671
 15 286.766900  -3.710651    86.867    86.942 23 52734.61861716 39.657
 18 286.764025  -3.701519    86.065    85.468 14 52839.61870168 41.248
 20 286.766810  -3.709228    83.078    82.288 22 52909.61871707 33.835
 21 286.766521  -3.713838    82.606    82.341 25 52944.61865569 36.047
 22 286.764249  -3.700129    84.891    84.551 14 52979.61870493 32.879
 24 286.763436  -3.701318    82.974    82.882 14 53049.61867563 37.525
 28 286.766807  -3.711401    85.482    85.552 24 53189.61872522 43.508
 29 286.765642  -3.701348    83.694    83.679 16 53224.61873542 37.001
 43 286.766141  -3.703714    82.099    82.099 17 53714.61865544 30.892
 45 286.766409  -3.704290    86.685    86.724 17 53784.61860162 40.818
 51 286.765178  -3.702304    81.203    81.393 16 53994.61864129 29.923
 52 286.764826  -3.701132    83.373    82.785 15 54029.61869936 25.521
 58 286.764084  -3.700761    87.632    87.690 15 54239.61865587 35.687
 59 286.764122  -3.699657    85.301    84.814 14 54274.61867288 34.530
 61 286.764754  -3.701538    81.453    81.062 15 54344.61865110 29.355
 62 286.763412  -3.700035    82.771    81.552 14 54379.61861064 24.341
 63 286.763153  -3.701408    84.998    85.144 13 54414.61859968 26.612
 65 286.764546  -3.702932    86.637    86.038 15 54484.61859461 36.084
 66 286.763999  -3.701739    86.697    86.688 14 54519.61859179 40.142
 67 286.763384  -3.701116    87.568    87.604 13 54554.61860539 39.583
 68 286.763155  -3.700682    87.875    87.913 13 54589.61858704 39.334
 69 286.763313  -3.700246    85.793    85.351 13 54624.61860449 30.398
 71 286.764134  -3.701100    83.392    82.686 15 54694.61859234 26.609
 72 286.763407  -3.701517    84.394    85.862 14 54729.61856776 24.437
 73 286.762856  -3.701119    81.676    80.796 13 54764.61857122 28.972
 75 286.763386  -3.699196    86.229    86.504 13 54834.61856134 23.216
 76 286.763578  -3.699941    86.771    86.849 13 54869.61855839 36.289
 78 286.763168  -3.700794    88.160    88.272 13 54939.61854897 42.111
 81 286.763887  -3.700375    85.322    84.736 14 55044.61858262 33.944
 82 286.763985  -3.700463    83.509    82.007 14 55079.61855888 30.656
 83 286.763644  -3.700011    83.265    82.505 14 55114.61851552 31.159
 87 286.764274  -3.700804    85.572    85.751 15 55254.61849502 32.322
 92 286.764235  -3.702005    83.341    81.758 15 55429.61849485 25.126
 93 286.765349  -3.701269    79.038    78.450 15 55464.61845753 25.834
