# NaN NaN NaN ;Mean Elev.(m), Avg Gradient(m/km), RMS Gradient(m/km) - SRTM1     
#  -10.787  -0.776   6.431 ;Mean Elev.(m), Avg Gradient(m/km), RMS Gradient(m/km) - ASTER GDEM
#    0.000  -0.219   4.350 ;Mean Elev.(m), Avg Gradient(m/km), RMS Gradient(m/km) - GMTED2010 
  7 307.338256  -1.582757   -13.582   -13.681 10 52447.56235481 23.702
  8 307.345985  -1.578894     4.718     4.669 11 52482.56234328 25.281
  9 307.351653  -1.580511     3.589     3.680 10 52517.56229941 22.910
 10 307.343626  -1.578046     3.227     3.216 12 52552.56234853 18.684
 11 307.352997  -1.579577     3.149     3.239 11 52587.56232682 27.951
 12 307.349665  -1.578425     2.816     2.780 11 52622.56228911 13.666
 13 307.351998  -1.580670     3.527     3.589 11 52657.56229979 20.048
 15 307.351416  -1.580195     3.694     4.027 11 52727.56232423 21.517
 16 307.340069  -1.578425     4.451     4.563 13 52762.56233766 22.892
 17 307.355204  -1.581614     3.831     4.020 10 52797.56230305 26.167
 18 307.354989  -1.579377     3.751     4.071 10 52832.56237406 21.053
 19 307.356758  -1.580195     3.645     4.063 11 52867.56241703 22.479
 20 307.348512  -1.580109     3.394     3.412 11 52902.56243645 22.875
 21 307.348616  -1.579107     3.166     3.129 11 52937.56237511 16.939
 22 307.347448  -1.579936     2.753     2.624 12 52972.56240658 17.150
 23 307.344058  -1.578489     2.810     2.814 12 53007.56241646 15.108
 24 307.346477  -1.579118     4.069     3.996 12 53042.56237189 20.173
 25 307.345175  -1.577637     3.914     3.885 12 53077.56240490 19.074
 26 307.343498  -1.578304     4.078     4.066 12 53112.56237504 23.545
 27 307.345654  -1.579071     5.029     5.020 11 53147.56241918 34.993
 28 307.354522  -1.579926     3.573     3.679 10 53182.56242100 22.859
 29 307.348349  -1.579330     4.079     4.126 11 53217.56244495 20.104
 30 307.345948  -1.577999     3.673     3.702 12 53252.56242268 20.668
 31 307.342599  -1.579433     2.983     2.828 13 53287.56242170 17.118
 32 307.356806  -1.579689     3.307     3.272 10 53322.56239745 16.715
 33 307.354736  -1.581245     2.843     2.870 10 53357.56236382 15.625
 34 307.348170  -1.578675     3.271     3.269 11 53392.56237829 18.760
 35 307.353146  -1.581126     3.593     3.671 10 53427.56237374 22.903
 36 307.352611  -1.579465     4.053     4.339 10 53462.56239001 20.625
 37 307.342062  -1.578554     5.291     5.322 12 53497.56246294 39.250
 38 307.352971  -1.580698     3.984     4.423 11 53532.56244415 27.046
 39 307.343499  -1.578336     3.997     3.927 13 53567.56246490 18.763
 40 307.351315  -1.579231     4.073     4.057 11 53602.56240959 19.536
 41 307.345972  -1.578460     2.228     2.122 12 53637.56240749 23.443
 42 307.343947  -1.578902     1.767     1.739 12 53672.56242848 18.240
 43 307.355197  -1.581632     2.795     3.040 10 53707.56236030 21.854
 44 307.353308  -1.579803     3.097     2.982 10 53742.56227164 18.227
 45 307.354516  -1.579741     3.552     3.696 10 53777.56229728 19.116
 46 307.352510  -1.579544     3.932     3.857 10 53812.56227372 22.592
 47 307.346239  -1.579462     4.793     4.822 11 53847.56232750 20.734
 49 307.341760  -1.578815     4.416     4.416 12 53917.56240933 18.973
 50 307.340232  -1.579941     3.918     3.867 13 53952.56241411 19.273
 52 307.350121  -1.579728     1.996     2.024 11 54022.56239266 21.983
 53 307.356518  -1.581506     2.494     2.504 10 54057.56238538 20.531
 54 307.350433  -1.578156     3.731     3.723 11 54092.56236666 17.866
 55 307.350439  -1.580891     3.517     3.458 11 54127.56230217 24.518
 56 307.348259  -1.579853     4.061     3.885 12 54162.56233622 22.025
 57 307.349910  -1.578691     4.294     4.316 11 54197.56230421 19.641
 58 307.350218  -1.580368     4.042     4.249 11 54232.56234881 21.224
 59 307.350635  -1.579469     3.989     4.264 11 54267.56236742 24.171
 60 307.350801  -1.580127     3.765     3.877 11 54302.56237181 20.613
 61 307.350450  -1.579921     3.928     3.858 11 54337.56235783 19.851
 62 307.350784  -1.579392     3.778     3.792 11 54372.56230465 17.985
 63 307.348803  -1.580653     1.597     1.996 11 54407.56230358 21.401
 64 307.350552  -1.579913     2.948     2.937 10 54442.56226472 18.010
 65 307.350838  -1.579961     3.293     3.682 10 54477.56229223 19.261
 66 307.350640  -1.579956     3.840     3.919 11 54512.56228017 21.651
 67 307.350061  -1.579003     5.245     5.246 11 54547.56230563 28.098
 68 307.351137  -1.580139     3.979     4.218 11 54582.56227530 23.079
 69 307.350352  -1.580796     5.513     5.540 11 54617.56229671 39.162
 70 307.348540  -1.578390     4.949     4.875 11 54652.56230843 27.978
 71 307.349862  -1.578715     4.048     4.059 11 54687.56229850 20.361
 72 307.350973  -1.579157     3.682     3.654 11 54722.56225530 20.038
 73 307.349410  -1.578038     3.500     3.486 11 54757.56227453 15.989
 74 307.348652  -1.579295     2.375     2.346 11 54792.56224896 20.780
 75 307.350194  -1.578986     3.528     3.548 11 54827.56227196 18.538
 76 307.350307  -1.580091     4.047     3.986 11 54862.56224326 20.409
 77 307.348428  -1.578922     4.849     4.802 12 54897.56227255 23.503
 78 307.349178  -1.579018     4.352     4.704 11 54932.56223786 24.322
 79 307.350109  -1.578346     5.076     5.050 11 54967.56227274 22.861
 80 307.346924  -1.578995     4.416     4.650 12 55002.56229329 24.508
 81 307.351137  -1.579676     4.358     4.388 10 55037.56227934 23.151
 82 307.350071  -1.577880     4.056     4.161 11 55072.56226557 19.353
 83 307.349329  -1.578649     3.599     3.604 11 55107.56221201 18.933
 84 307.348635  -1.579376     3.309     3.290 12 55142.56221717 15.003
 85 307.350820  -1.579509     2.032     2.118 10 55177.56218297 22.091
 86 307.349691  -1.578473     3.021     3.303 11 55212.56221169 20.232
 87 307.349939  -1.580576     3.746     3.781 11 55247.56218553 20.715
 88 307.348942  -1.579311     4.116     4.083 12 55282.56220500 22.134
 89 307.348415  -1.580595     5.371     5.422 11 55317.56217422 30.333
 90 307.349258  -1.580954     3.981     4.320 11 55352.56217818 22.118
 91 307.348476  -1.578975     4.293     4.375 11 55387.56217403 19.567
 92 307.350960  -1.578978     4.359     4.351 11 55422.56219513 19.238
 93 307.350179  -1.580409     2.733     2.655 11 55457.56216899 22.375
