-329105.217   109.273     0.00   20.13
-328729.123   104.424   -12.89   17.57
-328353.031    99.289   -13.65   12.07
-327976.941    97.615    -4.45    8.75
-327600.853    97.833     0.58    8.39
-327224.767   101.974    11.01   11.70
-326848.683   104.632     7.07   15.51
-326472.601   103.139    -3.97   14.16
-326096.521   100.205    -7.80   15.74
-325720.443    97.256    -7.84   11.40
-325344.368    98.769     4.02   11.06
-324968.294   100.553     4.74    8.99
-324592.222   106.897    16.87   11.43
-324216.152   113.833    18.44   11.73
-323840.084   115.950     5.63   11.49
-323464.018   116.103     0.41   12.12
-323087.955   114.971    -3.01   12.04
-322711.893   111.892    -8.19   11.40
-322335.833   105.270   -17.61   12.09
-321959.775   102.757    -6.68   12.16
-321583.719   104.395     4.36   13.18
-321207.665   105.378     2.62   12.02
-320831.614   107.275     5.04   14.99
-320455.564   103.231   -10.75   13.84
-320079.516    97.243   -15.92   10.18
-319703.470    95.184    -5.48    9.38
-319327.426   100.077    13.01   14.78
-318951.384   102.553     6.58   14.08
-318575.344   103.167     1.63   13.04
-318199.306   105.513     6.24   13.65
-317823.270   104.528    -2.62   12.48
-317447.236   108.590    10.80   11.83
-317071.204   112.231     9.68   11.19
-316695.174   112.143    -0.23   11.54
-316319.146   112.216     0.20   10.68
-315943.120   118.324    16.24   16.10
-315567.096   120.289     5.23   17.33
-315191.074   125.513    13.89   17.56
-314815.054   129.167     9.72   14.99
-314439.035   133.049    10.32   14.40
-314063.019   137.256    11.19   16.54
-313687.005   136.027    -3.27   18.31
-313310.992   133.838    -5.82   20.95
-312934.982   130.395    -9.16   21.73
-312558.974   128.308    -5.55   19.05
-312182.967   127.667    -1.70   18.54
-311806.962   132.385    12.55   19.78
-311430.960   136.778    11.68   19.99
-311054.959   132.179   -12.23   16.41
-310678.960   125.179   -18.62   16.16
-310302.964   121.188   -10.62   15.72
-309926.969   116.027   -13.73   12.20
-309550.976   117.514     3.95   14.80
-309174.985   125.459    21.13   18.83
-308798.996   127.179     4.57   18.10
-308423.009   133.838    17.71   17.63
-308047.024   133.590    -0.66   17.33
-307671.041   121.872   -31.17   17.23
-307295.059   115.205   -17.73   16.93
-306919.080   109.108   -16.22   11.76
-306543.102   108.179    -2.47   11.24
-306167.127   109.667     3.96   11.47
-305791.153   110.139     1.26   11.55
-305415.182   109.590    -1.46   11.59
-305039.212   117.595    21.29   20.92
-304663.244   122.421    12.84   21.50
-304287.278   126.462    10.75   22.07
-303911.314   124.438    -5.38   22.63
-303535.352   118.000   -17.12   19.25
-303159.392   118.385     1.02   16.92
-302783.434   123.270    13.00   17.90
-302407.477   131.026    20.63   21.55
-302031.523   140.243    24.52   21.56
-301655.570   145.256    13.34   24.23
-301279.620   145.179    -0.20   24.71
-300903.671   139.711   -14.55   25.47
-300527.724   129.684   -26.67   26.96
-300151.779   114.333   -40.83   15.63
-299775.836   106.816   -20.00    9.73
-299399.895   103.167    -9.71    7.63
-299023.956   102.432    -1.95    8.47
-298648.018   100.405    -5.39    7.87
-298272.083   100.649     0.65    9.69
-297896.149   102.205     4.14    9.41
-297520.218   103.719     4.03   12.02
-297144.288   106.564     7.57   14.68
-296768.360   108.128     4.16   13.99
-296392.253   110.194     5.49   13.69
-296015.948   111.154     2.55   14.41
-295639.645   110.865    -0.77   13.26
-295263.344   109.282    -4.21   13.11
-294887.045   110.447     3.10   18.66
-294510.748   116.872    17.07   27.43
-294134.452   121.405    12.05   30.70
-293758.159   117.564   -10.21   29.53
-293381.867   109.050   -22.63   24.83
-293005.577   102.629   -17.07   12.13
-292629.289   103.054     1.13   14.01
-292253.003   102.919    -0.36   16.70
-291876.719    99.784    -8.33   19.05
-291500.436    91.027   -23.27   16.83
-291124.156    84.543   -17.23   10.68
-290747.877    84.725     0.48    8.10
-290371.600    87.000     6.05    7.51
-289995.325    89.919     7.76    8.12
-289619.052    92.821     7.71    9.10
-289242.781    92.526    -0.78   10.96
-288866.512    97.368    12.87   13.44
-288490.244    99.026     4.41   16.70
-288113.978   100.846     4.84   16.45
-287737.715   102.973     5.65   14.92
-287361.453   102.632    -0.91   13.85
-286985.192    99.872    -7.34   11.13
-286608.934   101.083     3.22   11.11
-286232.678   102.105     2.72   13.26
-285856.423   100.622    -3.94   15.09
-285480.170   101.135     1.36   16.29
-285103.919    97.649    -9.27   15.61
-284727.670    92.250   -14.35   16.58
-284351.423    90.564    -4.48   17.19
-283975.177    89.475    -2.89   16.58
-283598.933    90.432     2.54   15.83
-283222.692    94.325    10.35   15.39
-282846.451    93.289    -2.75   16.39
-282470.213    89.385   -10.38   16.42
-282093.977    89.289    -0.25   16.76
-281717.742    85.462   -10.17   16.18
-281341.510    84.472    -2.63   15.37
-280965.279    82.947    -4.05   14.12
-280589.050    81.359    -4.22   13.57
-280212.822    82.743     3.68   13.94
-279836.597    80.897    -4.91   12.75
-279460.373    82.000     2.93   13.53
-279084.151    86.514    12.00   16.99
-278707.931    93.784    19.33   20.68
-278331.713    97.838    10.78   21.44
-277955.496   102.231    11.68   22.73
-277579.282   103.275     2.78   22.30
-277203.069   105.568     6.09   22.66
-276826.858   106.256     1.83   24.06
-276450.648   103.237    -8.03   23.98
-276074.441   102.763    -1.26   23.02
-275698.235   101.946    -2.17   20.17
-275322.031   101.650    -0.79   18.71
-274945.829   109.579    21.08   19.36
-274569.629   105.432   -11.02   19.76
-274193.430    99.632   -15.42   21.26
-273817.233   101.194     4.15   21.46
-273441.038    96.897   -11.42   17.27
-273064.845    96.846    -0.14   15.27
-272688.654    99.229     6.33   16.13
-272312.464    95.865    -8.94   14.94
-271936.276    95.676    -0.50   17.13
-271560.090    92.703    -7.90   19.34
-271183.905    89.325    -8.98   18.45
-270807.723    83.757   -14.80   11.98
-270431.542    88.026    11.35   15.93
-270055.363    92.895    12.94   18.78
-269679.186    95.923     8.05   17.03
-269303.010   102.892    18.53   19.07
-268926.836   104.175     3.41   19.95
-268550.664   109.974    15.42   19.01
-268174.494   110.667     1.84   19.03
-267798.325   106.378   -11.40   15.75
-267422.159   106.500     0.32   16.01
-267045.994   107.282     2.08   17.44
-266669.830   105.154    -5.66   15.98
-266293.669   105.294     0.37   15.23
-265917.509   105.081    -0.57   13.21
-265541.351   106.432     3.59   12.55
-265165.195   105.486    -2.51   12.85
-264789.040   105.744     0.68   13.96
-264412.887   105.342    -1.07   16.62
-264036.736    98.949   -17.00   18.30
-263660.587    94.538   -11.73   18.42
-263284.439    90.026   -12.00   16.91
-262908.294    86.135   -10.34   14.76
-262532.149    83.692    -6.49   15.37
-262156.007    78.103   -14.86   11.43
-261779.866    77.528    -1.53   11.88
-261403.727    83.622    16.20   14.69
-261027.590    84.351     1.94   14.60
-260651.455    87.081     7.26   14.70
-260275.321    87.718     1.69   15.60
-259899.189    83.303   -11.74   11.96
-259523.059    80.410    -7.69   13.85
-259146.930    79.553    -2.28   15.30
-258770.803    77.694    -4.94   12.96
-258394.678    82.179    11.92   15.80
-258018.554    90.324    21.66   15.33
-257642.432    92.846     6.71   15.50
-257266.312    91.026    -4.84   17.06
-256890.194    87.308    -9.89   17.87
-256514.077    78.946   -22.23   15.03
-256137.962    76.079    -7.62   13.95
-255761.849    71.500   -12.17   11.22
-255385.737    68.472    -8.05    8.27
-255009.628    67.405    -2.84    8.34
-254633.519    68.595     3.16   10.84
-254257.413    68.243    -0.93   11.82
-253881.308    65.676    -6.83   11.36
-253505.205    65.400    -0.73   12.55
-253129.104    64.525    -2.33   10.66
-252753.004    66.500     5.25   11.44
-252376.906    64.378    -5.64   12.85
-252000.809    55.564   -23.44   13.51
-251624.715    50.658   -13.05   14.53
-251248.622    47.895    -7.35   14.79
-250872.530    48.789     2.38   17.08
-250496.441    53.103    11.47   17.46
-250120.353    58.750    15.02   18.37
-249744.266    57.632    -2.97   15.54
-249368.182    59.750     5.63   15.08
-248992.099    57.371    -6.32   11.34
-248616.018    57.297    -0.20   11.03
-248239.938    57.135    -0.43   10.81
-247863.860    55.757    -3.67   11.19
-247487.784    55.297    -1.22   13.43
-247111.709    54.083    -3.23   13.64
-246735.636    53.949    -0.36   13.78
-246359.565    50.538    -9.07    8.01
-245983.495    49.054    -3.95    7.35
-245607.427    48.553    -1.33    6.84
-245231.361    50.158     4.27    7.39
-244855.296    53.513     8.92    9.81
-244479.233    56.459     7.84    9.70
-244103.171    60.641    11.12   11.95
-243727.112    65.778    13.66   11.64
-243351.053    66.237     1.22    9.87
-242974.997    66.158    -0.21    8.99
-242598.942    66.156    -0.00    9.20
-242222.889    63.462    -7.17    9.09
-241846.837    63.730     0.71   10.53
-241470.787    63.861     0.35   10.19
-241094.739    63.054    -2.15   10.10
-240718.692    63.000    -0.14    8.88
-240342.647    63.474     1.26    8.53
-239966.604    66.949     9.24   10.24
-239590.562    69.838     7.68   12.71
-239214.522    71.103     3.36   12.26
-238838.483    72.333     3.27   12.29
-238462.447    70.256    -5.52   13.08
-238086.411    68.459    -4.78   12.23
-237710.378    67.795    -1.77   13.11
-237334.345    65.054    -7.29   13.13
-236958.315    65.676     1.65   13.18
-236582.286    64.838    -2.23   14.25
-236206.259    63.125    -4.56   12.76
-235830.233    63.615     1.30   12.81
-235454.209    63.368    -0.66   13.23
-235078.187    60.472    -7.70   11.73
-234702.166    62.684     5.88   13.09
-234326.147    62.861     0.47   13.70
-233950.129    58.868   -10.62   12.52
-233574.113    60.949     5.53   12.15
-233198.099    62.378     3.80   11.96
-232822.086    60.842    -4.09   11.15
-232446.075    58.641    -5.85   13.29
-232070.065    55.667    -7.91   15.12
-231694.057    53.054    -6.95   14.31
-231318.051    54.205     3.06   16.54
-230942.046    57.351     8.37   18.74
-230566.043    59.722     6.31   19.30
-230190.041    64.459    12.60   18.80
-229814.041    71.412    18.49   15.71
-229438.042    73.795     6.34   12.62
-229062.045    70.821    -7.91   12.79
-228686.050    68.139    -7.13   12.80
-228310.056    72.128    10.61   14.83
-227934.064    76.889    12.66   15.47
-227558.073    81.605    12.54   13.21
-227182.084    87.590    15.92    6.46
-226806.097    88.351     2.03    4.15
-226430.111    86.289    -5.48    7.48
-226054.127    84.846    -3.84    8.55
-225678.144    84.825    -0.06    8.52
-225302.163    82.270    -6.80    9.96
-224926.183    82.487     0.58    9.75
-224550.205    81.205    -3.41   10.54
-224174.228    77.378   -10.18   14.55
-223798.253    78.432     2.80   10.86
-223422.280    77.278    -3.07   12.62
-223046.308    74.184    -8.23   16.21
-222670.338    72.175    -5.34   16.79
-222294.369    71.722    -1.20   15.22
-221918.401    67.975    -9.97   17.05
-221542.436    63.081   -13.02   17.59
-221166.217    55.658   -19.73   17.94
-220789.949    47.553   -21.54   19.77
-220413.683    43.316   -11.26   19.74
-220037.418    44.459     3.04   20.26
-219661.155    48.324    10.27   23.12
-219284.893    51.575     8.64   22.35
-218908.633    49.167    -6.40   22.37
-218532.375    45.513    -9.71   20.81
-218156.118    44.368    -3.04   21.08
-217779.862    45.500     3.01   21.80
-217403.608    54.811    24.75   22.85
-217027.356    62.806    21.25   19.22
-216651.105    66.359     9.44   16.93
-216274.856    72.513    16.36   13.21
-215898.608    74.892     6.32   11.29
-215522.362    69.050   -15.53   15.73
-215146.117    65.077   -10.56   16.87
-214769.874    64.632    -1.18   17.74
-214393.632    65.054     1.12   18.15
-214017.392    69.744    12.46   16.28
-213641.153    75.026    14.04   11.55
-213264.916    77.028     5.32    9.04
-212888.680    78.256     3.27    7.05
-212512.446    77.056    -3.19    6.46
-212136.213    76.051    -2.67    7.07
-211759.982    76.718     1.77    7.00
-211383.752    78.265     4.11    5.47
-211007.524    79.135     2.31    5.74
-210631.297    79.027    -0.29    5.95
-210255.072    79.649     1.65    4.66
-209878.848    79.487    -0.43    5.05
-209502.626    79.946     1.22    5.25
-209126.405    79.462    -1.29    5.93
-208750.186    73.615   -15.54   12.82
-208373.969    65.658   -21.15   17.50
-207997.752    62.297    -8.93   17.79
-207621.538    64.842     6.76   17.36
-207245.324    71.974    18.96   12.34
-206869.112    76.583    12.25    4.17
-206492.902    76.179    -1.07    4.05
-206116.693    76.306     0.34    2.70
-205740.486    74.895    -3.75    3.99
-205364.280    74.154    -1.97    4.48
-204988.076    73.062    -2.90    4.53
-204611.873    73.447     1.02    4.69
-204235.671    74.053     1.61    4.29
-203859.471    73.946    -0.28    5.02
-203483.273    74.077     0.35    5.22
-203107.076    71.757    -6.17    7.52
-202730.880    69.692    -5.49    7.90
-202354.686    69.026    -1.77    8.52
-201978.493    67.868    -3.08    9.28
-201602.302    67.730    -0.37    9.43
-201226.112    63.256   -11.89   12.96
-200849.924    61.237    -5.37   13.20
-200473.737    60.583    -1.74   13.12
-200097.551    64.676    10.88   13.19
-199721.367    68.757    10.85    9.40
-199345.185    68.541    -0.57    8.87
-198969.004    69.538     2.65    8.57
-198592.824    70.906     3.64    7.01
-198216.646    71.513     1.61    6.44
-197840.469    71.513     0.00    6.32
-197464.294    70.889    -1.66    6.79
-197088.120    68.000    -7.68    7.67
-196711.948    64.486    -9.34   10.85
-196335.777    63.308    -3.13   10.49
-195959.607    64.684     3.66   10.31
-195583.439    66.487     4.79   11.47
-195207.272    68.568     5.53   10.14
-194831.107    69.872     3.47    8.78
-194454.943    72.425     6.79    6.09
-194078.781    71.056    -3.64    7.32
-193702.620    68.243    -7.48    9.27
-193326.460    57.622   -28.24   20.11
-192950.302    44.568   -34.70   23.52
-192574.145    33.432   -29.60   21.19
-192197.990    24.629   -23.41   12.72
-191821.836    22.400    -5.92    6.13
-191445.683    22.077    -0.86    5.92
-191069.532    23.432     3.60    7.62
-190693.382    26.564     8.33    8.94
-190317.234    30.105     9.41    9.31
-189941.087    34.605    11.96    7.28
-189564.942    37.421     7.49    3.67
-189188.798    36.487    -2.48    4.82
-188812.655    34.757    -4.60    6.50
-188436.514    34.079    -1.80    6.02
-188060.374    34.051    -0.07    4.36
-187684.235    34.167     0.31    5.29
-187308.098    32.553    -4.29    5.93
-186931.962    30.730    -4.85    5.88
-186555.828    30.730     0.00    6.89
-186179.695    28.541    -5.82    6.01
-185803.564    26.250    -6.09    4.80
-185427.433    24.692    -4.14    3.11
-185051.305    21.725    -7.89    4.74
-184675.177    21.054    -1.78    5.49
-184299.051    21.350     0.79    6.28
-183922.927    21.079    -0.72    7.63
-183546.803    21.897     2.18    7.04
-183170.681    24.947     8.11   13.00
-182794.561    31.949    18.61   18.65
-182418.442    42.556    28.20   20.07
-182042.324    53.946    30.28   17.56
-181666.207    61.564    20.26   10.79
-181290.092    63.943     6.32    7.16
-180913.979    64.128     0.49    5.33
-180537.866    63.667    -1.23    5.19
-180161.755    61.361    -6.13    7.91
-179785.646    60.405    -2.54    8.42
-179409.538    59.194    -3.22    8.90
-179033.431    60.579     3.68    8.76
-178657.325    61.350     2.05    8.26
-178281.221    63.730     6.33    5.63
-177905.118    62.846    -2.35    4.72
-177529.017    61.447    -3.72    4.78
-177152.917    61.000    -1.19    6.38
-176776.818    60.595    -1.08    7.32
-176400.720    59.650    -2.51    9.23
-176024.624    59.368    -0.75    9.98
-175648.529    57.270    -5.58   11.93
-175272.436    53.784    -9.27   12.73
-174896.344    51.714    -5.50   13.97
-174520.253    50.103    -4.29   13.87
-174144.164    52.462     6.27   13.20
-173768.076    54.657     5.84   12.61
-173391.989    57.865     8.53    7.44
-173015.904    57.919     0.14    5.74
-172639.819    56.158    -4.68    6.28
-172263.737    55.500    -1.75    6.24
-171887.655    54.514    -2.62    7.29
-171511.575    50.632   -10.32   10.14
-171135.496    46.895    -9.94   11.48
-170759.419    41.821   -13.49   12.18
-170383.343    37.838   -10.59    9.27
-170007.268    35.375    -6.55    7.39
-169631.194    32.684    -7.16    4.90
-169255.122    31.111    -4.18    3.57
-168879.051    28.892    -5.90    4.58
-168502.981    25.889    -7.99    5.01
-168126.913    24.692    -3.18    4.77
-167750.846    23.615    -2.86    3.57
-167374.780    23.371    -0.65    3.95
-166998.716    22.282    -2.90    5.53
-166622.653    21.432    -2.26    5.46
-166246.591    20.889    -1.45    5.07
-165870.531    19.872    -2.70    5.67
-165494.471    21.211     3.56    6.49
-165118.414    26.564    14.24   11.09
-164742.357    32.368    15.43   12.76
-164366.302    38.900    17.37   11.92
-163990.248    44.243    14.21    8.29
-163614.195    46.725     6.60    7.35
-163238.143    47.385     1.75    7.56
-162862.093    47.111    -0.73    8.21
-162486.044    46.541    -1.52    8.53
-162109.997    46.973     1.15    7.59
-161733.950    48.757     4.74    7.61
-161357.905    50.846     5.56    7.75
-160981.861    51.892     2.78    8.23
-160605.819    52.641     1.99    7.69
-160229.778    51.842    -2.12    8.69
-159853.738    53.811     5.24    7.91
-159477.699    54.051     0.64    6.84
-159101.661    55.333     3.41    4.21
-158725.625    52.684    -7.04    5.39
-158349.590    50.111    -6.84    5.94
-157973.557    49.795    -0.84    5.45
-157597.524    50.568     2.05    5.02
-157221.493    51.974     3.74    4.02
-156845.463    53.154     3.14    3.11
-156469.435    52.771    -1.02    2.91
-156093.407    52.162    -1.62    4.22
-155717.381    51.784    -1.01    4.55
-155341.356    50.297    -3.95    4.71
-154965.333    49.351    -2.52    4.79
-154589.310    49.861     1.36    5.00
-154213.289    49.415    -1.19    4.07
-153837.269    49.000    -1.10    4.01
-153461.250    48.108    -2.37    4.14
-153085.233    47.684    -1.13    4.70
-152709.217    48.632     2.52    4.82
-152333.202    48.513    -0.32    5.67
-151957.188    48.778     0.70    6.15
-151581.176    49.333     1.48    5.40
-151205.164    48.417    -2.44    5.57
-150829.154    44.846    -9.50    8.13
-150453.146    44.077    -2.05    8.68
-150077.138    42.969    -2.95    8.40
-149701.132    43.892     2.46    8.14
-149325.126    47.243     8.91    3.68
-148949.123    47.486     0.65    3.73
-148573.120    46.237    -3.32    4.38
-148197.118    44.757    -3.94    5.71
-147821.118    45.795     2.76    6.42
-147445.119    45.718    -0.20    6.44
-147069.121    47.289     4.18    4.73
-146693.125    47.297     0.02    4.79
-146317.082    46.154    -3.04    4.41
-145940.840    45.513    -1.70    5.24
-145564.599    45.243    -0.72    5.00
-145188.359    46.487     3.31    5.52
-144812.120    46.811     0.86    5.52
-144435.883    44.405    -6.39    6.75
-144059.647    41.128    -8.71    7.59
-143683.412    37.969    -8.40    6.11
-143307.178    35.590    -6.32    5.44
-142930.945    35.692     0.27    5.68
-142554.714    37.556     4.95    5.74
-142178.484    37.205    -0.93    6.02
-141802.255    36.000    -3.20    7.06
-141426.027    34.615    -3.68    6.98
-141049.800    34.421    -0.52    7.08
-140673.575    35.946     4.05    6.77
-140297.350    37.730     4.74    5.57
-139921.127    38.974     3.31    4.89
-139544.905    40.026     2.79    4.85
-139168.685    40.694     1.78    4.58
-138792.465    40.947     0.67    3.19
-138416.247    40.921    -0.07    2.66
-138040.029    40.000    -2.45    3.35
-137663.813    39.595    -1.08    4.14
-137287.598    39.059    -1.42    4.76
-136911.385    37.282    -4.72    7.01
-136535.172    35.128    -5.73    8.30
-136158.961    32.778    -6.25    7.46
-135782.750    31.231    -4.11    7.52
-135406.541    31.778     1.45    5.10
-135030.333    31.789     0.03    4.79
-134654.127    32.154     0.97    5.29
-134277.921    32.342     0.50    5.19
-133901.717    33.514     3.11    5.08
-133525.513    33.692     0.48    6.14
-133149.311    31.975    -4.56    7.40
-132773.110    29.162    -7.48    8.40
-132396.910    28.462    -1.86    8.20
-132020.712    27.351    -2.95    8.00
-131644.514    27.757     1.08    8.23
-131268.318    28.270     1.37    8.12
-130892.123    28.514     0.65    7.61
-130515.928    28.744     0.61    6.94
-130139.735    25.250    -9.29    8.22
-129763.544    22.306    -7.83    7.47
-129387.353    23.641     3.55    9.01
-129011.163    28.526    12.99   10.16
-128634.975    32.763    11.26    9.34
-128258.787    36.949    11.13    4.93
-127882.601    37.947     2.65    3.79
-127506.416    38.361     1.10    3.69
-127130.232    38.684     0.86    2.76
-126754.049    38.250    -1.15    3.64
-126377.868    37.889    -0.96    3.69
-126001.687    37.795    -0.25    4.00
-125625.508    37.105    -1.83    3.55
-125249.329    36.892    -0.57    2.78
-124873.152    36.568    -0.86    2.83
-124496.976    35.649    -2.44    3.16
-124120.801    33.897    -4.66    5.23
-123744.627    29.795   -10.91    7.65
-123368.454    27.243    -6.78    7.75
-122992.282    25.800    -3.84    8.10
-122616.112    24.895    -2.41    7.96
-122239.942    26.816     5.11    8.07
-121863.774    26.865     0.13    7.96
-121487.607    29.051     5.81    7.22
-121111.441    30.895     4.90    7.57
-120735.275    32.722     4.86    6.94
-120359.111    32.000    -1.92    7.83
-119982.948    25.611   -16.98   11.99
-119606.787    22.462    -8.37   10.50
-119230.626    21.231    -3.27    8.83
-118854.466    22.294     2.83    8.78
-118478.308    25.649     8.92    5.18
-118102.150    26.541     2.37    4.44
-117725.994    26.081    -1.22    4.60
-117349.839    22.875    -8.52    7.66
-116973.684    20.432    -6.49    8.25
-116597.531    17.744    -7.15    8.20
-116221.379    16.564    -3.14    8.48
-115845.228    17.256     1.84    9.26
-115469.078    18.459     3.20    9.12
-115092.929    19.282     2.19    9.45
-114716.781    19.737     1.21    9.08
-114340.635    22.389     7.05    9.48
-113964.489    23.649     3.35    7.81
-113588.344    22.108    -4.10    6.35
-113212.201    20.921    -3.16    6.16
-112836.058    21.308     1.03    5.20
-112459.917    23.406     5.58    4.41
-112083.776    24.447     2.77    5.04
-111707.637    25.081     1.68    5.38
-111331.499    24.861    -0.58    5.60
-110955.362    23.667    -3.18    6.44
-110579.226    21.784    -5.01    6.33
-110203.090    21.590    -0.52    6.35
-109826.956    22.410     2.18    6.21
-109450.823    21.368    -2.77    6.16
-109074.691    20.973    -1.05    5.36
-108698.560    20.359    -1.63    5.73
-108322.430    22.154     4.77    6.92
-107946.302    24.778     6.98    7.82
-107570.174    28.649    10.29    7.56
-107194.047    32.135     9.27    5.06
-106817.921    33.000     2.30    3.77
-106441.796    33.263     0.70    3.72
-106065.673    32.912    -0.93    3.33
-105689.550    34.100     3.16    2.80
-105313.428    34.711     1.62    2.05
-104937.308    34.583    -0.34    2.90
-104561.188    35.026     1.18    2.96
-104185.070    36.000     2.59    2.96
-103808.952    35.763    -0.63    2.99
-103432.836    35.579    -0.49    3.13
-103056.720    35.154    -1.13    3.79
-102680.605    35.027    -0.34    3.32
-102304.492    35.816     2.10    2.86
-101928.379    35.775    -0.11    2.35
-101552.268    36.857     2.88    2.69
-101176.158    37.054     0.52    2.72
-100800.048    35.432    -4.31    5.48
-100423.940    34.216    -3.23    5.69
-100047.832    32.946    -3.38    6.33
 -99671.726    33.639     1.84    5.21
 -99295.620    34.525     2.36    3.00
 -98919.516    35.316     2.10    2.23
 -98543.412    35.486     0.45    2.12
 -98167.310    35.205    -0.75    2.17
 -97791.208    35.053    -0.41    2.29
 -97415.108    34.846    -0.55    2.07
 -97039.008    34.811    -0.09    1.82
 -96662.910    34.256    -1.47    1.98
 -96286.812    33.583    -1.79    2.31
 -95910.716    32.105    -3.93    2.97
 -95534.620    30.949    -3.08    2.43
 -95158.526    30.909    -0.11    2.65
 -94782.432    31.795     2.36    3.03
 -94406.339    32.595     2.13    2.45
 -94030.248    33.000     1.08    2.46
 -93654.157    33.027     0.07    2.19
 -93278.067    32.944    -0.22    2.35
 -92901.979    32.263    -1.81    3.24
 -92525.891    32.154    -0.29    3.33
 -92149.804    31.649    -1.34    3.72
 -91773.718    30.410    -3.29    4.02
 -91397.633    29.615    -2.11    4.08
 -91021.549    29.333    -0.75    4.32
 -90645.466    28.105    -3.27    4.66
 -90269.384    27.872    -0.62    6.09
 -89893.303    28.054     0.48    6.49
 -89517.223    28.432     1.01    6.52
 -89141.144    29.649     3.23    4.32
 -88765.066    29.031    -1.64    5.48
 -88388.989    28.410    -1.65    6.05
 -88012.912    26.658    -4.66    7.39
 -87636.837    25.444    -3.23    7.34
 -87260.763    25.676     0.61    6.39
 -86884.689    27.472     4.78    5.92
 -86508.617    29.158     4.48    3.47
 -86132.545    28.974    -0.49    4.49
 -85756.475    28.378    -1.58    4.67
 -85380.405    27.474    -2.41    4.84
 -85004.336    26.410    -2.83    4.53
 -84628.268    23.184    -8.58    5.84
 -84252.201    19.622    -9.47    6.24
 -83876.136    15.500   -10.96    6.44
 -83500.070    12.324    -8.44    5.93
 -83124.006    11.135    -3.16    6.50
 -82747.943    10.946    -0.50    6.85
 -82371.881    11.971     2.73    5.96
 -81995.820    13.256     3.42    5.91
 -81619.759    13.436     0.48    6.68
 -81243.700    13.556     0.32    6.83
 -80867.641    13.184    -0.99    8.16
 -80491.583    13.944     2.02    8.60
 -80115.527    11.946    -5.31    9.07
 -79739.471     8.462    -9.27    8.60
 -79363.416     7.000    -3.89    8.46
 -78987.362     7.000     0.00    8.21
 -78611.309     7.632     1.68    8.29
 -78235.257     8.175     1.45    8.42
 -77859.205     7.568    -1.62    8.42
 -77483.155     4.475    -8.22    6.07
 -77107.105     2.436    -5.42    2.72
 -76731.057     3.056     1.65    3.59
 -76355.009     7.081    10.70    8.28
 -75978.962    14.432    19.55   10.85
 -75602.916    20.526    16.21    8.83
 -75226.871    25.256    12.58    4.53
 -74850.827    24.778    -1.27    6.43
 -74474.784    23.175    -4.26    8.27
 -74098.742    18.421   -12.64   10.83
 -73722.700    12.595   -15.49   11.36
 -73346.659    10.053    -6.76   10.27
 -72970.620     7.410    -7.03    7.75
 -72594.581     9.553     5.70    8.26
 -72218.543    13.278     9.91    8.91
 -71842.506    15.000     4.58    8.11
 -71466.470    14.333    -1.77    7.99
 -71090.338    14.950     1.64    8.21
 -70714.127    14.487    -1.23    8.61
 -70337.916    14.667     0.48    8.35
 -69961.707    15.703     2.75    8.63
 -69585.498    18.514     7.47    7.73
 -69209.290    20.316     4.79    7.77
 -68833.083    20.436     0.32    7.11
 -68456.877    21.378     2.51    5.97
 -68080.672    21.700     0.85    5.15
 -67704.468    22.179     1.27    5.27
 -67328.264    24.132     5.19    5.41
 -66952.061    26.135     5.33    4.97
 -66575.860    27.410     3.39    4.90
 -66199.659    28.897     3.95    4.19
 -65823.459    28.250    -1.72    4.09
 -65447.259    27.487    -2.03    3.89
 -65071.061    27.333    -0.41    4.38
 -64694.863    26.342    -2.63    4.96
 -64318.667    26.795     1.20    4.86
 -63942.471    26.719    -0.20    5.18
 -63566.276    26.432    -0.76    5.46
 -63190.081    25.514    -2.44    5.90
 -62813.888    26.595     2.87    5.48
 -62437.695    27.256     1.76    4.72
 -62061.504    26.472    -2.08    5.33
 -61685.313    24.564    -5.07    7.06
 -61309.123    22.949    -4.29    6.92
 -60932.934    22.615    -0.89    7.10
 -60556.745    22.189    -1.13    6.76
 -60180.558    22.462     0.72    6.45
 -59804.371    22.769     0.82    5.89
 -59428.185    23.278     1.35    5.41
 -59052.000    24.526     3.32    4.32
 -58675.816    25.703     3.13    3.53
 -58299.632    25.595    -0.29    4.04
 -57923.449    24.282    -3.49    4.76
 -57547.268    22.000    -6.07    5.08
 -57171.087    19.795    -5.86    5.26
 -56794.906    18.308    -3.95    6.29
 -56418.727    16.833    -3.92    6.52
 -56042.548    14.718    -5.62    6.17
 -55666.371    13.027    -4.50    5.16
 -55290.194    13.000    -0.07    6.15
 -54914.017    11.789    -3.22    5.81
 -54537.842    11.632    -0.42    5.56
 -54161.667    13.237     4.27    6.19
 -53785.494    17.128    10.34    6.79
 -53409.321    18.947     4.84    6.43
 -53033.148    19.378     1.15    6.23
 -52656.977    19.486     0.29    6.57
 -52280.806    16.595    -7.69    7.13
 -51904.636    14.405    -5.82    6.03
 -51528.467    15.703     3.45    5.96
 -51152.299    16.794     2.90    5.48
 -50776.132    16.590    -0.54    4.73
 -50399.965    16.846     0.68    4.59
 -50023.799    15.861    -2.62    4.19
 -49647.634    15.718    -0.38    3.66
 -49271.469    15.811     0.25    2.59
 -48895.306    15.553    -0.69    2.86
 -48519.143    14.763    -2.10    2.78
 -48142.981    14.487    -0.73    3.27
 -47766.820    15.297     2.15    3.73
 -47390.659    16.342     2.78    3.36
 -47014.499    16.925     1.55    3.19
 -46638.340    17.944     2.71    1.76
 -46262.182    17.789    -0.41    1.95
 -45886.024    16.649    -3.03    3.29
 -45509.868    15.919    -1.94    3.53
 -45133.712    15.297    -1.65    3.75
 -44757.557    15.028    -0.72    4.05
 -44381.402    14.615    -1.10    4.08
 -44005.248    14.475    -0.37    4.44
 -43629.095    14.417    -0.16    5.13
 -43252.943    15.103     1.82    5.87
 -42876.792    14.421    -1.81    5.26
 -42500.641    13.436    -2.62    4.54
 -42124.491    11.842    -4.24    3.64
 -41748.342    11.436    -1.08    4.16
 -41372.193    12.611     3.12    6.01
 -40996.046    13.526     2.43    7.15
 -40619.899    13.821     0.78    7.71
 -40243.752    12.771    -2.79    8.02
 -39867.607    13.077     0.81    7.81
 -39491.462    12.132    -2.51    7.98
 -39115.318    13.405     3.39    9.00
 -38739.175    16.622     8.55    8.46
 -38363.032    18.806     5.81    7.18
 -37986.890    16.421    -6.34    8.47
 -37610.749    15.350    -2.85    9.01
 -37234.608    13.838    -4.02    8.59
 -36858.469    16.154     6.16    7.97
 -36482.330    20.316    11.06    5.65
 -36106.191    22.421     5.60    5.52
 -35730.054    23.784     3.62    4.58
 -35353.917    24.925     3.03    4.33
 -34977.781    25.684     2.02    3.91
 -34601.645    26.757     2.85    3.87
 -34225.511    28.108     3.59    3.73
 -33849.377    29.611     4.00    3.73
 -33473.243    29.795     0.49    3.87
 -33097.111    29.308    -1.30    4.34
 -32720.979    28.400    -2.41    4.29
 -32344.847    27.919    -1.28    3.95
 -31968.717    28.432     1.37    3.73
 -31592.587    29.459     2.73    3.06
 -31216.458    30.025     1.50    2.68
 -30840.330    30.243     0.58    2.51
 -30464.202    29.395    -2.26    2.74
 -30088.075    29.053    -0.91    2.31
 -29711.948    28.949    -0.28    2.35
 -29335.823    27.973    -2.59    3.25
 -28959.698    26.725    -3.32    4.18
 -28583.573    24.816    -5.08    4.13
 -28207.450    22.611    -5.86    3.58
 -27831.327    21.703    -2.42    2.98
 -27455.204    20.778    -2.46    2.11
 -27079.083    19.692    -2.89    3.17
 -26702.962    19.487    -0.55    3.78
 -26326.842    19.800     0.83    4.09
 -25950.722    19.385    -1.10    3.79
 -25574.603    19.838     1.20    2.02
 -25198.485    20.000     0.43    2.32
 -24822.367    20.077     0.20    2.23
 -24446.250    20.947     2.31    2.40
 -24070.134    21.308     0.96    2.25
 -23694.019    21.895     1.56    1.96
 -23317.904    22.410     1.37    1.94
 -22941.789    22.216    -0.52    1.99
 -22565.676    22.923     1.88    2.16
 -22189.563    22.436    -1.30    2.26
 -21813.451    21.778    -1.75    1.99
 -21437.339    21.595    -0.49    1.59
 -21061.228    22.216     1.65    1.77
 -20685.117    22.108    -0.29    1.71
 -20309.008    22.500     1.04    1.84
 -19932.899    22.778     0.74    1.93
 -19556.790    22.450    -0.87    1.71
 -19180.682    22.342    -0.29    1.71
 -18804.575    21.784    -1.48    1.81
 -18428.469    21.231    -1.47    2.42
 -18052.363    21.237     0.02    3.11
 -17676.258    23.000     4.69    3.95
 -17300.153    24.405     3.74    3.84
 -16924.049    21.231    -8.44    8.87
 -16547.946    18.865    -6.29    9.82
 -16171.843    18.231    -1.69    9.08
 -15795.741    14.100   -10.98   10.86
 -15419.640    11.441    -7.07   11.26
 -15043.539     5.108   -16.84    9.38
 -14667.438     0.000   -13.58    0.00
 -14291.339     0.000     0.00    0.00
 -13915.240     0.000     0.00    0.00
 -13539.141     0.000     0.00    0.00
 -13163.044     0.000     0.00    0.00
 -12786.947     0.000     0.00    0.00
 -12410.850     0.000     0.00    0.00
 -12034.754     0.921     2.45    3.64
 -11658.659     3.921     7.98    6.64
 -11282.564     7.282     8.94    7.00
 -10906.470    11.838    12.11    5.73
 -10530.376    14.718     7.66    2.86
 -10154.284    16.250     4.07    2.63
  -9778.191    17.744     3.97    1.76
  -9402.100    18.077     0.89    1.63
  -9026.008    18.531     1.21    1.74
  -8649.918    18.051    -1.28    2.05
  -8273.828    17.730    -0.85    2.34
  -7897.739    17.270    -1.22    2.41
  -7521.650    16.459    -2.16    2.12
  -7145.562    15.889    -1.52    1.62
  -6769.474    15.333    -1.48    1.63
  -6393.387    14.590    -1.98    2.15
  -6017.301    13.838    -2.00    1.94
  -5641.215    13.333    -1.34    2.09
  -5265.130    13.051    -0.75    1.89
  -4889.045    13.128     0.20    1.63
  -4512.961    13.486     0.95    2.22
  -4136.877    14.231     1.98    2.53
  -3760.794    15.243     2.69    3.31
  -3384.712    16.000     2.01    5.30
  -3008.630    15.243    -2.01    7.82
  -2632.549    12.625    -6.96   10.04
  -2256.468     8.231   -11.68   10.48
  -1880.388     3.842   -11.67    8.02
  -1504.309     0.500    -8.89    3.00
  -1128.230     0.000    -1.33    0.00
   -752.151     0.000     0.00    0.00
   -376.073     0.000     0.00    0.00
      0.004     0.000     0.00    0.00
    376.081     0.000     0.00    0.00
    752.157     0.000     0.00    0.00
   1128.233     0.359     0.95    2.24
   1504.308     2.146     4.75    6.13
   1880.382     6.649    11.97   10.17
   2256.456    10.538    10.34   12.03
   2632.530    15.974    14.45   12.24
   3008.603    21.216    13.94    9.87
   3384.675    24.676     9.20    4.90
   3760.747    25.143     1.24    3.01
   4136.913    25.026    -0.31    3.32
   4513.089    24.450    -1.53    2.91
   4889.266    24.222    -0.61    2.89
   5265.441    23.718    -1.34    3.12
   5641.616    23.167    -1.47    3.71
   6017.791    24.237     2.84    2.89
   6393.965    23.154    -2.88    4.06
   6770.138    22.395    -2.02    4.50
   7146.311    20.703    -4.50    4.68
   7522.483    18.921    -4.74    4.68
   7898.655    17.550    -3.64    4.44
   8274.827    16.167    -3.68    4.16
   8650.997    16.308     0.37    5.45
   9027.168    15.921    -1.03    5.57
   9403.337    15.108    -2.16    4.58
   9779.507    13.973    -3.02    4.40
  10155.676    12.778    -3.18    4.14
  10531.844    11.077    -4.52    3.61
  10908.012    10.075    -2.66    3.07
  11284.179     9.595    -1.28    3.46
  11660.346     8.975    -1.65    4.12
  12036.512     9.289     0.84    4.75
  12412.678     8.474    -2.17    4.68
  12788.843     7.162    -3.49    3.57
  13165.008     7.436     0.73    4.10
  13541.172     7.514     0.21    3.76
  13917.336     9.694     5.80    5.09
  14293.499    12.821     8.31    6.24
  14669.662    16.306     9.26    6.03
  15045.824    20.128    10.16    4.45
  15421.986    21.846     4.57    2.95
  15798.147    22.400     1.47    2.87
  16174.308    22.784     1.02    2.69
  16550.468    22.838     0.14    3.15
  16926.628    22.297    -1.44    3.25
  17302.788    21.282    -2.70    3.68
  17678.947    21.108    -0.46    4.00
  18055.105    19.684    -3.79    3.87
  18431.263    18.974    -1.89    3.70
  18807.421    18.474    -1.33    3.66
  19183.578    17.730    -1.98    3.91
  19559.734    17.179    -1.46    3.97
  19935.890    17.158    -0.06    4.38
  20312.046    16.861    -0.79    4.00
  20688.201    17.784     2.45    4.44
  21064.356    17.833     0.13    3.68
  21440.510    17.421    -1.10    4.12
  21816.664    17.410    -0.03    4.12
  22192.817    17.938     1.40    4.24
  22568.970    18.649     1.89    3.86
  22945.123    19.730     2.87    3.45
  23321.275    20.432     1.87    3.55
  23697.426    21.282     2.26    3.13
  24073.577    22.243     2.56    3.11
  24449.728    22.769     1.40    3.16
  24825.878    23.026     0.68    3.11
  25202.028    23.769     1.98    2.68
  25578.177    23.838     0.18    2.28
  25954.326    23.282    -1.48    3.00
  26330.475    22.658    -1.66    3.07
  26706.623    22.444    -0.57    3.29
  27082.770    20.405    -5.42    4.69
  27458.917    19.139    -3.37    4.55
  27835.064    18.297    -2.24    4.70
  28211.210    18.462     0.44    4.41
  28587.356    18.281    -0.48    4.45
  28963.501    17.385    -2.38    3.96
  29339.646    16.974    -1.09    2.83
  29715.791    15.583    -3.70    2.39
  30091.935    14.179    -3.73    2.99
  30468.079    12.216    -5.22    2.76
  30844.222    10.718    -3.98    2.35
  31220.365     9.500    -3.24    1.67
  31596.508     9.308    -0.51    1.36
  31972.650     9.486     0.48    1.50
  32348.791     9.500     0.04    1.57
  32724.933     9.575     0.20    1.57
  33101.073     9.600     0.07    1.75
  33477.214    10.216     1.64    1.97
  33853.354    10.514     0.79    1.92
  34229.493    10.757     0.65    1.94
  34605.633    10.622    -0.36    1.99
  34981.771    10.400    -0.59    1.87
  35357.910     9.975    -1.13    1.79
  35734.048     9.421    -1.47    1.85
  36110.186     8.892    -1.41    1.49
  36486.323     8.513    -1.01    1.50
  36862.460     8.789     0.74    1.65
  37238.596     9.289     1.33    1.83
  37614.732    10.486     3.18    2.59
  37990.868    11.923     3.82    3.06
  38367.003    13.583     4.41    3.33
  38743.138    15.237     4.40    3.48
  39119.273    16.725     3.96    3.05
  39495.407    17.559     2.22    2.51
  39871.541    18.077     1.38    3.30
  40247.674    19.595     4.03    4.18
  40623.807    22.108     6.68    4.64
  40999.940    24.865     7.33    3.97
  41376.072    26.944     5.53    3.10
  41752.204    27.949     2.67    2.15
  42128.336    28.462     1.36    2.22
  42504.467    28.432    -0.08    2.39
  42880.598    28.103    -0.88    2.50
  43256.728    27.923    -0.48    2.87
  43632.858    27.821    -0.27    2.88
  44008.988    26.842    -2.60    2.88
  44385.117    26.641    -0.53    2.85
  44761.246    26.417    -0.60    2.73
  45137.375    25.568    -2.26    3.02
  45513.503    24.730    -2.23    3.71
  45889.631    24.188    -1.44    3.75
  46265.759    23.769    -1.11    4.01
  46641.886    24.132     0.96    3.57
  47018.013    24.686     1.47    3.16
  47394.140    24.108    -1.54    3.29
  47770.266    24.000    -0.29    3.52
  48146.392    23.395    -1.61    3.13
  48522.517    23.154    -0.64    3.08
  48898.643    23.541     1.03    2.94
  49274.768    23.421    -0.32    2.14
  49650.892    23.000    -1.12    2.01
  50027.016    22.579    -1.12    2.06
  50403.140    22.568    -0.03    2.57
  50779.264    22.700     0.35    2.45
  51155.387    22.378    -0.86    2.56
  51531.510    21.486    -2.37    2.88
  51907.633    19.405    -5.53    2.96
  52283.755    17.257    -5.71    3.13
  52659.877    15.744    -4.02    3.23
  53035.998    14.718    -2.73    3.05
  53412.120    15.500     2.08    3.96
  53788.241    17.947     6.51    5.31
  54164.361    20.000     5.46    4.47
  54540.482    22.027     5.39    3.85
  54916.602    23.641     4.29    3.59
  55292.722    24.568     2.46    2.81
  55668.841    25.447     2.34    2.84
  56044.960    25.342    -0.28    3.03
  56421.079    25.600     0.69    3.30
  56797.198    25.486    -0.30    3.06
  57173.316    25.150    -0.89    2.74
  57549.434    24.872    -0.74    3.56
  57925.551    23.944    -2.47    4.54
  58301.669    23.784    -0.43    4.61
  58677.786    23.324    -1.22    4.55
  59053.903    22.816    -1.35    6.17
  59430.019    16.744   -16.14   11.20
  59806.135    10.944   -15.42   12.00
  60182.251     4.800   -16.34    9.99
  60558.367     0.026   -12.69    0.16
  60934.482     0.000    -0.07    0.00
  61310.597     0.000     0.00    0.00
  61686.712     0.000     0.00    0.00
  62062.826     0.000     0.00    0.00
  62438.941     0.000     0.00    0.00
  62815.054     0.000     0.00    0.00
  63191.168     0.000     0.00    0.00
  63567.282     0.000     0.00    0.00
  63943.395     0.000     0.00    0.00
  64319.508     0.000     0.00    0.00
  64695.620     0.000     0.00    0.00
  65071.732     0.000     0.00    0.00
  65447.844     0.000     0.00    0.00
  65823.956     0.000     0.00    0.00
  66200.068     0.222     0.59    1.05
  66576.179     4.902    12.44    8.75
  66952.290     9.769    12.94   10.62
  67328.401    15.000    13.91    9.74
  67704.511    18.811    10.13    6.28
  68080.622    19.342     1.41    4.66
  68456.732    19.205    -0.36    4.53
  68832.841    18.861    -0.91    3.83
  69208.951    18.923     0.16    3.38
  69585.060    19.583     1.76    3.14
  69961.169    20.051     1.24    2.81
  70337.278    19.641    -1.09    3.18
  70713.387    19.938     0.79    3.39
  71089.495    17.162    -7.38    5.15
  71465.603    15.081    -5.53    6.22
  71841.711    13.973    -2.95    6.58
  72217.818    13.763    -0.56    6.79
  72593.926    15.784     5.37    7.31
  72970.033    18.641     7.60    6.13
  73346.140    20.923     6.07    3.72
  73722.247    21.026     0.27    3.67
  74098.353    22.027     2.66    3.96
  74474.459    22.179     0.41    4.22
  74850.565    23.077     2.39    3.56
  75226.671    22.472    -1.61    4.07
  75602.777    20.763    -4.54    4.82
  75978.882    20.027    -1.96    4.77
  76354.987    19.622    -1.08    5.27
  76731.092    19.615    -0.02    4.91
  77107.197    19.656     0.11    5.18
  77483.301    18.718    -2.49    6.18
  77859.406    18.077    -1.70    6.24
  78235.510    17.528    -1.46    7.12
  78611.614    16.308    -3.24    7.72
  78987.729    15.027    -3.40    8.49
  79363.881    14.615    -1.09    8.16
  79740.034    13.395    -3.25    6.74
  80116.186    12.211    -3.15    5.71
  80492.338    10.757    -3.86    5.04
  80868.489     8.744    -5.35    4.37
  81244.641     6.385    -6.27    3.75
  81620.792     4.528    -4.94    2.40
  81996.943     3.892    -1.69    1.94
  82373.094     3.216    -1.80    1.25
  82749.245     3.243     0.07    1.21
  83125.396     3.378     0.36    1.38
  83501.546     3.324    -0.15    1.17
  83877.696     3.000    -0.86    1.24
  84253.846     2.821    -0.48    1.12
  84629.996     2.528    -0.78    1.11
  85006.146     2.333    -0.52    1.22
  85382.295     2.528     0.52    1.40
  85758.445     2.553     0.07    1.48
  86134.594     2.842     0.77    1.44
  86510.743     2.615    -0.60    1.43
  86886.892     2.730     0.30    1.43
  87263.040     2.658    -0.19    1.12
  87639.189     2.462    -0.52    1.02
  88015.337     2.639     0.47    1.25
  88391.486     2.500    -0.37    1.22
  88767.634     3.054     1.47    2.68
  89143.781     3.946     2.37    3.77
  89519.929     9.351    14.37    9.13
  89896.077    12.778     9.11    9.77
  90272.224    16.231     9.18    9.57
  90648.371    17.900     4.44    9.24
  91024.518    16.583    -3.50   10.19
  91400.665    11.725   -12.92    9.84
  91776.812     8.316    -9.06    8.00
  92152.959     7.538    -2.07    6.68
  92529.105     9.316     4.73    7.60
  92905.252    12.949     9.66    8.92
  93281.398    17.972    13.36    8.46
  93657.544    21.892    10.42    9.82
  94033.690    22.711     2.18    8.68
  94409.836    22.400    -0.83    9.76
  94785.982    22.179    -0.59    8.81
  95162.127    21.385    -2.11    8.32
  95538.273    25.056     9.76    7.67
  95914.418    25.568     1.36    7.34
  96290.563    23.622    -5.17    8.13
  96666.708    20.868    -7.32    8.55
  97042.853    18.100    -7.36    7.92
  97418.998    15.568    -6.73    8.28
  97795.143    16.282     1.90    8.72
  98171.287    18.263     5.27    8.98
  98547.432    18.789     1.40    9.72
  98923.576    19.162     0.99    9.60
  99299.720    14.975   -11.13   10.62
  99675.864    12.395    -6.86    9.32
 100052.008    10.162    -5.94    8.40
 100428.152    13.892     9.92    9.52
 100804.296    17.514     9.63    8.64
 101180.440    17.436    -0.21    8.62
 101556.583    17.897     1.23    9.42
 101932.727    15.771    -5.65   10.45
 102308.870    15.081    -1.84   11.32
 102685.014    13.486    -4.24   10.66
 103061.157    13.946     1.22   10.35
 103437.300    15.000     2.80   10.73
 103813.443    14.595    -1.08    9.97
 104189.586    12.395    -5.85    9.99
 104565.729    11.316    -2.87   10.58
 104941.871    10.795    -1.38    8.98
 105318.014    11.135     0.90    8.12
 105694.157    11.902     2.04    9.09
 106070.299    12.000     0.26    9.63
 106446.442     9.889    -5.61    9.74
 106822.584     8.000    -5.02    8.81
 107198.726     4.083   -10.41    3.62
 107574.868     4.730     1.72    4.56
 107951.011     6.744     5.35    7.51
 108327.153     9.294     6.78    9.71
 108703.295     9.872     1.54    9.68
 109079.436     8.184    -4.49    9.31
 109455.578     5.611    -6.84    6.52
 109831.720     3.513    -5.58    2.17
 110207.862     4.132     1.65    4.49
 110584.003     7.385     8.65    8.67
 110960.145     9.105     4.57   10.06
 111336.287    11.436     6.20   11.27
 111712.428    14.838     9.04   12.72
 112088.569    16.769     5.13   12.14
 112464.711    17.179     1.09   11.96
 112840.852    17.472     0.78   10.46
 113216.993    15.865    -4.27   10.13
 113593.135    12.703    -8.41    9.95
 113969.276    13.081     1.01    9.24
 114345.417    16.486     9.05   10.93
 114721.558    19.500     8.01   11.99
 115097.699    23.600    10.90   11.62
 115473.840    26.316     7.22   11.64
 115849.981    27.838     4.05   11.73
 116226.122    30.744     7.73   10.58
 116602.263    31.947     3.20    9.80
 116978.404    35.132     8.47    7.23
 117354.544    36.486     3.60    6.24
 117730.685    37.923     3.82    5.91
 118106.826    39.500     4.19    5.71
 118482.967    38.333    -3.10    7.15
 118859.107    37.128    -3.20    7.94
 119235.248    35.844    -3.41    7.29
 119611.389    34.973    -2.32    9.54
 119987.529    31.649    -8.84   12.53
 120363.670    28.595    -8.12   12.35
 120739.811    29.216     1.65   14.60
 121115.951    33.028    10.13   15.23
 121492.092    35.395     6.29   13.72
 121868.232    36.205     2.15   12.68
 122244.373    31.763   -11.81   14.81
 122620.514    24.000   -20.64   14.38
 122996.654    22.692    -3.48   14.66
 123372.795    22.487    -0.55   14.73
 123748.935    20.541    -5.18   14.32
 124125.076    23.538     7.97   16.02
 124501.216    26.971     9.12   17.89
 124877.357    27.519     1.46   18.27
