# NaN NaN NaN ;Mean Elev.(m), Avg Gradient(m/km), RMS Gradient(m/km) - SRTM1     
#   13.716  -1.377   5.288 ;Mean Elev.(m), Avg Gradient(m/km), RMS Gradient(m/km) - ASTER GDEM
#    7.329  -0.856   4.486 ;Mean Elev.(m), Avg Gradient(m/km), RMS Gradient(m/km) - GMTED2010 
 11 299.794153  -3.353875    16.524    16.524  2 52588.08537089 18.788
 12 299.792541  -3.354270    15.524    15.529  3 52623.08532720 46.292
 13 299.794343  -3.354018    16.848    16.848  2 52658.08534214 31.593
 15 299.794666  -3.354076    18.489    18.501  3 52728.08536397 32.390
 16 299.782908  -3.356644    20.889    20.890  3 52763.08537671 52.758
 17 299.797665  -3.352978    22.403    22.393  3 52798.08534739 44.249
 18 299.797074  -3.352713    22.527    22.527  2 52833.08541822 32.580
 19 299.798577  -3.352648    21.563    21.563  2 52868.08546064 30.041
 20 299.791639  -3.356024    17.775    17.812  3 52903.08547609 30.291
 21 299.790951  -3.354486    15.644    15.719  3 52938.08541398 21.682
 22 299.790857  -3.356254    14.031    14.043  3 52973.08544735 43.600
 23 299.787156  -3.356106    14.651    14.396  3 53008.08545631 25.059
 24 299.790064  -3.356624    16.406    16.584  3 53043.08541325 25.172
 25 299.787644  -3.356597    17.108    17.091  3 53078.08544628 45.909
 26 299.787038  -3.357205    19.205    19.254  3 53113.08541661 22.639
 27 299.788440  -3.356904    20.910    21.019  3 53148.08546164 25.175
 28 299.797324  -3.353259    21.278    21.362  3 53183.08546158 33.305
 29 299.791485  -3.355995    20.464    20.457  3 53218.08548528 39.352
 30 299.787914  -3.355762    18.363    18.376  3 53253.08546310 36.182
 31 299.786141  -3.357444    15.290    15.308  3 53288.08546363 46.439
 32 299.798914  -3.354113    14.040    14.040  2 53323.08543967 47.317
 33 299.797011  -3.353555    15.262    15.262  2 53358.08540448 21.294
 34 299.791232  -3.355007    16.529    16.529  2 53393.08542008 39.258
 35 299.795577  -3.353825    18.075    18.082  3 53428.08541467 46.680
 36 299.795330  -3.354287    20.307    20.307  2 53463.08543323 25.066
 37 299.784691  -3.355353    22.001    22.096  3 53498.08550464 27.337
 38 299.795064  -3.354458    22.392    22.392  2 53533.08548701 32.734
 39 299.785891  -3.355151    20.896    20.928  3 53568.08550561 26.657
 40 299.793324  -3.354764    17.006    17.006  2 53603.08545069 25.271
 41 299.789082  -3.355603    13.069    11.782  3 53638.08544892 22.611
 42 299.786799  -3.355133     9.409     9.400  3 53673.08546939 44.021
 43 299.797265  -3.352747    13.746    13.746  2 53708.08540090 47.875
 44 299.795116  -3.354447    15.798    15.812  3 53743.08531171 21.408
 45 299.797200  -3.354299    18.592    18.544  3 53778.08533856 28.779
 46 299.794509  -3.354480    20.586    20.602  3 53813.08531388 41.472
 47 299.789107  -3.354719    21.486    21.491  3 53848.08536997 31.359
 49 299.784428  -3.357021    22.490    22.453  3 53918.08545136 27.174
 50 299.783298  -3.356734    20.466    20.483  3 53953.08545465 27.205
 52 299.793229  -3.355114    13.936    15.850  3 54023.08543435 19.618
 53 299.799374  -3.353360    17.801    17.213  3 54058.08542653 30.234
 54 299.792472  -3.355250    13.722    15.584  3 54093.08540686 23.185
 55 299.793713  -3.353995    17.773    17.871  3 54128.08534459 27.859
 56 299.791089  -3.355522    17.723    17.723  2 54163.08537673 21.144
 57 299.792867  -3.355098    19.224    19.224  2 54198.08534645 49.184
 58 299.793068  -3.354661    21.408    21.408  2 54233.08539047 42.210
 59 299.793098  -3.354941    22.518    22.518  2 54268.08540958 44.408
 60 299.793307  -3.353884    22.047    22.066  3 54303.08541322 48.519
 61 299.792900  -3.354325    19.294    19.294  2 54338.08539859 45.062
 62 299.793665  -3.355127    13.599    13.599  2 54373.08534617 38.993
 63 299.791824  -3.355028    12.488    12.488  2 54408.08534381 33.066
 64 299.793955  -3.354980    14.763    14.763  2 54443.08530661 44.897
 65 299.793718  -3.354960    17.010    17.020  3 54478.08533308 36.888
 66 299.793961  -3.354190    19.025    19.054  3 54513.08532184 39.583
 67 299.792529  -3.355484    20.265    20.265  2 54548.08534666 26.221
 68 299.793642  -3.354699    21.506    21.519  3 54583.08531791 40.799
 69 299.793161  -3.355442    22.675    22.675  2 54618.08533836 48.262
 70 299.791230  -3.355927    22.722    22.730  3 54653.08534990 43.605
 71 299.792142  -3.355544    20.837    20.837  2 54688.08533947 41.507
 72 299.793731  -3.354071    16.320    16.320  2 54723.08529807 22.632
 73 299.791879  -3.355131    13.031    13.031  2 54758.08531503 38.693
 74 299.792198  -3.355424    14.026    14.026  2 54793.08529038 46.374
 75 299.792614  -3.354161    16.112    15.974  3 54828.08531350 24.305
 76 299.793469  -3.354475    18.746    18.746  2 54863.08528528 22.575
 77 299.791133  -3.355191    20.828    20.828  2 54898.08531289 31.586
 78 299.792247  -3.355496    22.335    22.453  3 54933.08527966 35.692
 79 299.792563  -3.355643    23.447    23.437  3 54968.08531474 32.305
 80 299.789711  -3.355640    24.166    24.144  3 55003.08533435 40.583
 81 299.793620  -3.354315    23.472    23.532  3 55038.08532099 29.404
 82 299.792142  -3.356045    21.431    21.345  3 55073.08530674 34.500
 83 299.792490  -3.355082    15.527    15.527  2 55108.08525335 24.897
 84 299.791352  -3.355423    11.936    11.936  2 55143.08525751 31.073
 85 299.793838  -3.354217    11.732    11.732  2 55178.08522550 26.742
 86 299.792356  -3.355644    16.026    16.026  2 55213.08525249 43.884
 87 299.793512  -3.354060    17.513    17.508  3 55248.08522610 51.174
 88 299.791636  -3.356197    18.205    18.576  3 55283.08524576 24.383
 89 299.790871  -3.354488    21.201    21.214  3 55318.08521664 46.999
 90 299.792118  -3.355455    22.297    22.298  3 55353.08521912 38.684
 91 299.791773  -3.356323    21.849    21.855  3 55388.08521575 51.165
 92 299.793081  -3.353889    19.141    19.125  3 55423.08523694 44.183
 93 299.792659  -3.354347    14.766    15.173  3 55458.08520929 23.632
