# NaN NaN NaN ;Mean Elev.(m), Avg Gradient(m/km), RMS Gradient(m/km) - SRTM1     
#    1.699  -0.942   5.101 ;Mean Elev.(m), Avg Gradient(m/km), RMS Gradient(m/km) - ASTER GDEM
#    0.688  -0.503   3.780 ;Mean Elev.(m), Avg Gradient(m/km), RMS Gradient(m/km) - GMTED2010 
  7 309.758800   0.287858     0.835     0.999 21 52443.05616604 38.753
  8 309.762101   0.295754     0.945     0.772 22 52478.05616221 36.821
  9 309.771947   0.315214     1.256     1.267 26 52513.05610768 40.913
 10 309.764616   0.300280     0.349    -0.103 21 52548.05614684 38.107
 11 309.768031   0.306267    -0.132    -0.816 23 52583.05614967 33.256
 12 309.763544   0.297273     1.116     0.734 22 52618.05612221 40.842
 13 309.772081   0.317247     0.675     1.369 26 52653.05609965 34.131
 14 309.766703   0.306336     1.035     0.106 22 52688.05609830 36.966
 15 309.765690   0.303883     0.920     1.099 23 52723.05614444 39.076
 16 309.757582   0.286858     1.736     2.108 21 52758.05616260 35.290
 17 309.767799   0.306032     1.332     1.443 23 52793.05611883 41.330
 18 309.769354   0.308517     1.651     1.553 23 52828.05618704 41.515
 19 309.770423   0.311613     1.416     1.071 24 52863.05623262 36.771
 20 309.764829   0.299385     1.208     1.048 22 52898.05626000 37.781
 21 309.763735   0.299296     2.509     2.326 22 52933.05620558 33.719
 22 309.766788   0.304665     1.333     1.089 23 52968.05621388 37.891
 24 309.762784   0.299753     3.130     3.160 22 53038.05618579 34.065
 25 309.764155   0.302352     1.366     1.027 23 53073.05621295 35.974
 26 309.763373   0.297833     1.250     1.467 22 53108.05618560 35.611
 27 309.764957   0.302896     1.570     1.433 23 53143.05622275 30.580
 28 309.767105   0.305884     0.997     1.052 23 53178.05624456 40.638
 29 309.764574   0.299285     1.640     1.566 22 53213.05626387 33.817
 30 309.766317   0.304216     0.709     0.422 23 53248.05623365 39.656
 31 309.763216   0.298109     0.677     0.326 22 53283.05622373 36.060
 32 309.768458   0.308144     3.389     3.408 23 53318.05622467 31.811
 33 309.769775   0.308933     0.744     1.131 23 53353.05619084 38.165
 34 309.765129   0.302855     1.511     1.204 23 53388.05618555 40.941
 35 309.770644   0.312339     2.334     2.470 24 53423.05618761 33.228
 36 309.768835   0.311681     0.786     1.132 24 53458.05619274 38.208
 37 309.760458   0.293806     1.928     1.626 22 53493.05627499 37.925
 38 309.769292   0.310443     1.084     0.721 23 53528.05625684 37.231
 39 309.761173   0.295100     1.260     0.639 21 53563.05628357 35.222
 40 309.768842   0.307833     2.641     2.890 23 53598.05622583 25.359
 41 309.763020   0.296821     0.070     0.216 22 53633.05621963 34.120
 42 309.762533   0.296913     0.640     0.686 22 53668.05624162 34.357
 43 309.769692   0.308998     3.474     3.479 23 53703.05618730 27.511
 44 309.769720   0.311381     0.773     0.140 24 53738.05609739 40.331
 45 309.770321   0.311062     0.513    -0.076 23 53773.05611029 34.401
 46 309.768607   0.308389     0.589     0.381 23 53808.05609688 31.448
 48 309.767963   0.308760     2.979     3.128 23 53878.05616651 37.487
 49 309.761155   0.295190     0.987     0.983 22 53913.05621710 32.927
 51 309.765327   0.302592     3.233     3.256 22 53983.05617350 19.571
 52 309.767628   0.303959    -0.918    -1.335 22 54018.05620320 34.794
 53 309.772289   0.315683    -2.854    -2.016 26 54053.05619875 28.406
 54 309.766913   0.307218     2.533     2.515 23 54088.05618881 29.431
 55 309.766383   0.303733    -1.768    -1.170 22 54123.05611137 34.291
 56 309.765645   0.303053     2.044     2.715 22 54158.05615151 21.425
 58 309.766452   0.300843    -1.299    -1.735 20 54228.05616297 31.258
 59 309.766684   0.303183     3.658     3.726 22 54263.05618264 22.943
 60 309.766761   0.304792    -2.116    -1.436 23 54298.05618766 30.047
 61 309.767209   0.306133    -2.169    -1.311 23 54333.05617744 26.529
 63 309.766500   0.305788    -0.414    -0.425 23 54403.05612053 29.974
 65 309.767669   0.307785     0.032     0.455 23 54473.05610653 28.731
 66 309.766351   0.305859    -0.196    -0.206 22 54508.05608824 33.733
 67 309.767140   0.306027     3.477     3.433 22 54543.05612056 31.102
 68 309.765896   0.305577    -0.039     0.219 23 54578.05609103 32.102
 69 309.766711   0.306230     0.306    -0.312 23 54613.05611188 31.267
 70 309.766196   0.302598     3.327     3.300 22 54648.05611766 21.666
 71 309.766334   0.303696     0.115     0.462 22 54683.05611840 32.465
 72 309.766702   0.305723     0.477     0.947 22 54718.05606635 33.521
 73 309.766160   0.303678     1.738     1.775 23 54753.05609104 21.469
 74 309.766151   0.304195     0.442     0.840 23 54788.05605595 34.524
 75 309.766595   0.305915     1.900     1.243 23 54823.05608602 22.650
 76 309.766510   0.306691     0.297     0.942 23 54858.05605284 34.623
 77 309.765365   0.302600     0.283     0.988 22 54893.05608761 36.083
 78 309.765211   0.302092     3.758     3.686 22 54928.05604947 19.664
 80 309.764203   0.301672     0.612     0.982 23 54998.05610824 36.200
 82 309.766976   0.303830     0.827     1.481 22 55068.05608621 36.770
 83 309.765462   0.300960     2.151     2.206 21 55103.05602417 18.598
 84 309.766514   0.304753     1.005     1.690 23 55138.05603261 32.354
 85 309.766483   0.304010     0.282     0.926 23 55173.05599359 40.892
 86 309.766305   0.304323     2.591     2.445 22 55208.05602744 18.557
 87 309.766033   0.301889     0.702     1.060 21 55243.05599745 42.755
 88 309.766043   0.303469     0.271     0.483 22 55278.05602064 39.693
 89 309.766096   0.304683     2.914     2.933 22 55313.05598430 23.039
 90 309.766905   0.303925     0.595     0.943 22 55348.05599176 40.791
 91 309.766141   0.303400     0.396     1.031 22 55383.05598172 44.379
 92 309.766453   0.306001     1.406     2.001 23 55418.05601093 41.404
 93 309.766624   0.305961    -0.028     0.978 23 55453.05599175 38.883
 94 309.767035   0.307493     2.724     2.855 23 55488.05591304 26.651
