# NaN NaN NaN ;Mean Elev.(m), Avg Gradient(m/km), RMS Gradient(m/km) - SRTM1     
#   70.899  -1.871  10.041 ;Mean Elev.(m), Avg Gradient(m/km), RMS Gradient(m/km) - ASTER GDEM
#   74.841  -2.270   8.088 ;Mean Elev.(m), Avg Gradient(m/km), RMS Gradient(m/km) - GMTED2010 
  7 289.602401  -3.813427    54.118    54.134  4 52448.61069323 36.031
  8 289.608472  -3.819527    69.402    69.435  4 52483.61068203 33.747
  9 289.612299  -3.821203    67.088    66.346  5 52518.61064153 25.842
 10 289.605389  -3.816349    65.186    63.648  3 52553.61069115 35.748
 11 289.611888  -3.820573    68.054    67.959  4 52588.61067409 26.006
 12 289.612722  -3.820735    69.474    69.471  4 52623.61062428 38.922
 13 289.612153  -3.822128    69.774    69.786  4 52658.61064405 43.365
 15 289.613945  -3.820206    70.624    70.620  4 52728.61066298 44.350
 16 289.603696  -3.815201    71.243    71.236  3 52763.61067410 40.794
 17 289.615076  -3.822787    71.793    71.787  4 52798.61065026 51.939
 18 289.615084  -3.821555    70.194    70.243  4 52833.61072012 33.455
 19 289.616704  -3.822111    65.459    65.457  4 52868.61076255 47.300
 20 289.610522  -3.821546    64.416    64.428  4 52903.61077509 42.140
 22 289.608895  -3.820040    68.817    68.832  4 52973.61074829 24.338
 23 289.606516  -3.817458    70.375    70.433  4 53008.61075548 37.036
 24 289.608075  -3.819663    66.898    66.317  5 53043.61071387 38.403
 25 289.606406  -3.818320    68.523    68.321  4 53078.61074722 48.731
 26 289.606024  -3.814603    69.913    69.989  3 53113.61071659 33.854
 27 289.606845  -3.819321    69.723    69.730  4 53148.61076258 33.670
 28 289.616271  -3.823274    69.620    69.633  4 53183.61076059 46.772
 29 289.610372  -3.820826    68.223    68.213  4 53218.61078493 42.104
 30 289.607490  -3.818889    68.726    68.843  4 53253.61076211 25.906
 31 289.604757  -3.814749    66.200    65.321  4 53288.61076432 38.327
 32 289.616975  -3.821802    68.482    68.503  4 53323.61074109 43.870
 33 289.615860  -3.822543    69.457    69.432  4 53358.61070480 28.308
 34 289.609504  -3.819618    69.264    69.257  4 53393.61072069 34.034
 35 289.614605  -3.820990    69.826    69.831  4 53428.61071500 50.134
 36 289.612699  -3.822224    69.955    69.958  4 53463.61073600 31.761
 37 289.604710  -3.815074    71.343    71.343  3 53498.61080330 46.860
 38 289.613441  -3.822707    68.285    68.278  4 53533.61078812 40.450
 39 289.605714  -3.816853    66.338    66.330  3 53568.61080434 37.724
 40 289.612291  -3.822021    62.910    62.923  4 53603.61075083 41.668
 41 289.607321  -3.820234    65.521    64.926  4 53638.61074910 20.709
 42 289.606041  -3.817303    66.003    65.981  4 53673.61076912 44.539
 43 289.616323  -3.822110    66.319    66.139  3 53708.61070081 47.525
 44 289.614548  -3.821711    68.264    68.260  4 53743.61061138 45.703
 45 289.615679  -3.820943    70.336    70.332  4 53778.61063913 40.964
 46 289.614229  -3.820938    70.775    70.791  4 53813.61061311 43.354
 47 289.607560  -3.819276    71.832    71.842  5 53848.61067086 48.203
 49 289.604196  -3.813979    67.197    67.184  3 53918.61075067 43.773
 50 289.603293  -3.814261    64.291    64.494  3 53953.61075319 20.699
 52 289.611379  -3.820774    64.850    64.837  4 54023.61073486 46.817
 53 289.617623  -3.821818    67.102    67.107  4 54058.61072783 47.319
 54 289.611560  -3.820004    69.559    69.555  4 54093.61070678 45.293
 55 289.611890  -3.820746    71.341    71.354  5 54128.61064552 49.147
 56 289.609778  -3.820471    67.598    67.692  5 54163.61067705 31.223
 57 289.611026  -3.820002    70.767    70.774  5 54198.61064805 48.506
 58 289.611767  -3.821577    71.417    71.416  5 54233.61069013 49.867
 59 289.612021  -3.820877    68.881    68.886  4 54268.61070957 46.597
 60 289.611891  -3.822047    66.088    66.134  4 54303.61071353 33.616
 61 289.612218  -3.820277    63.729    63.639  4 54338.61069793 35.998
 62 289.611955  -3.820316    63.502    63.501  4 54373.61064671 45.182
 63 289.610755  -3.819586    68.011    68.091  4 54408.61064381 19.958
 64 289.611753  -3.820286    68.523    68.511  4 54443.61060792 25.596
 65 289.612393  -3.820159    69.981    69.988  4 54478.61063353 49.032
 66 289.611935  -3.821123    69.392    69.384  5 54513.61062312 34.503
 67 289.611300  -3.820891    71.270    71.215  5 54548.61064697 50.146
 68 289.612442  -3.820681    71.358    71.357  4 54583.61061815 30.461
 69 289.611544  -3.821022    69.453    69.811  4 54618.61063899 31.603
 70 289.610078  -3.819426    68.489    68.529  4 54653.61065021 36.717
 71 289.611178  -3.820541    65.054    65.056  4 54688.61063881 47.884
 72 289.611915  -3.821529    62.257    62.289  4 54723.61059870 35.011
 73 289.610507  -3.820008    66.954    67.317  5 54758.61061534 32.524
 74 289.609930  -3.820303    66.502    66.465  5 54793.61059198 41.505
 75 289.611326  -3.820611    66.350    66.279  5 54828.61061349 39.046
 76 289.611622  -3.820652    70.152    70.346  4 54863.61058656 29.211
 77 289.609833  -3.819934    71.947    71.937  4 54898.61061353 48.118
 78 289.610699  -3.820931    72.203    72.216  4 54933.61057998 49.725
 79 289.611317  -3.821339    72.798    72.805  4 54968.61061440 49.212
 80 289.608590  -3.819369    71.476    71.505  5 55003.61063434 49.958
 81 289.612516  -3.820870    69.175    69.328  5 55038.61062098 36.452
 82 289.611088  -3.821034    65.825    65.383  5 55073.61060609 38.857
 83 289.610699  -3.820589    66.024    65.848  4 55108.61055398 31.265
 84 289.609776  -3.820788    68.472    68.925  4 55143.61055814 21.153
 85 289.611708  -3.821210    68.863    68.926  4 55178.61052678 35.375
 86 289.610885  -3.820491    68.707    69.051  5 55213.61055281 44.976
 87 289.611846  -3.821347    69.457    69.441  4 55248.61052705 44.145
 88 289.610134  -3.821343    69.982    69.992  4 55283.61054607 41.893
 89 289.610109  -3.819982    70.789    70.769  4 55318.61051631 50.012
 90 289.610821  -3.820787    69.991    69.991  4 55353.61051936 38.096
 91 289.609902  -3.819875    67.013    66.679  4 55388.61051671 42.148
 92 289.611879  -3.822156    64.553    63.461  4 55423.61053661 30.354
 93 289.612033  -3.821014    61.609    61.600  4 55458.61050832 32.340
