# NaN NaN NaN ;Mean Elev.(m), Avg Gradient(m/km), RMS Gradient(m/km) - SRTM1     
# NaN NaN NaN ;Mean Elev.(m), Avg Gradient(m/km), RMS Gradient(m/km) - ASTER GDEM
#    3.944   1.083   4.867 ;Mean Elev.(m), Avg Gradient(m/km), RMS Gradient(m/km) - GMTED2010 
  7     3.098 52444.55806164 24.54 309.114817  -0.036147  6.763
  7     3.053 52444.55806228 24.03 309.114087  -0.039457  6.763
  7     3.070 52444.55806293 23.39 309.113367  -0.042757  6.763
  8     1.147 52479.55805431 19.32 309.120690  -0.034563 15.960
  8     0.798 52479.55805495 18.97 309.119960  -0.037863 15.960
  8     0.637 52479.55805560 20.39 309.119240  -0.041173 15.960
  9     2.390 52514.55800106 24.40 309.131940  -0.035306 15.420
  9     2.361 52514.55800171 17.44 309.131220  -0.038616 15.420
  9     1.640 52514.55800235 17.94 309.130490  -0.041926 15.420
 10     2.440 52549.55804634 20.60 309.121687  -0.034876 27.502
 10     2.242 52549.55804699 17.28 309.120956  -0.038188 27.023
 10     2.322 52549.55804763 14.83 309.120236  -0.041488 27.023
 11     2.649 52584.55803142 21.29 309.131561  -0.034267  7.915
 11     2.489 52584.55803207 16.37 309.130841  -0.037577  7.915
 11     1.595 52584.55803271 15.48 309.130111  -0.040887  7.915
 12     2.125 52619.55801018 32.12 309.122642  -0.034358 15.871
 12     2.036 52619.55801082 25.67 309.121922  -0.037668 15.871
 12     1.591 52619.55801147 23.21 309.121192  -0.040968 15.871
 13     1.464 52654.55799561 33.46 309.132465  -0.035869  8.660
 13     1.363 52654.55799626 21.44 309.131745  -0.039179  8.660
 13     1.345 52654.55799690 17.90 309.131015  -0.042489  8.660
 14     2.654 52689.55799086 18.24 309.125200  -0.036997 21.254
 14     1.942 52689.55799151 19.30 309.124470  -0.040307 21.254
 15     3.610 52724.55803557 27.38 309.125722  -0.037171 12.688
 15     2.792 52724.55803621 20.80 309.125002  -0.040471 12.688
 16     1.052 52759.55805404 38.28 309.114367  -0.033686 13.910
 16     0.750 52759.55805469 34.85 309.113637  -0.036986 13.910
 16     0.687 52759.55805533 20.92 309.112917  -0.040296 13.910
 16     0.723 52759.55805598 23.21 309.112187  -0.043596 13.910
 17     1.629 52794.55800897 21.13 309.129786  -0.035475 26.387
 17     1.308 52794.55800961 22.07 309.129066  -0.038775 26.387
 17     1.501 52794.55801026 23.96 309.128334  -0.042087 20.424
 18     3.331 52829.55807588 40.81 309.131727  -0.034614 22.368
 18     3.584 52829.55807652 49.19 309.130997  -0.037924 22.368
 18     3.340 52829.55807717 53.62 309.130277  -0.041224 22.368
 19     2.376 52864.55812064 21.05 309.133273  -0.036186 17.587
 19     1.972 52864.55812129 17.97 309.132553  -0.039496 17.587
 19     1.532 52864.55812193 18.64 309.131823  -0.042796 17.587
 20     1.535 52899.55815005 17.22 309.123727  -0.036219 20.435
 20     1.353 52899.55815070 17.04 309.122997  -0.039519 20.435
 21     1.798 52934.55809357 20.01 309.122942  -0.035162 12.129
 21     1.481 52934.55809421 20.95 309.122212  -0.038472 12.129
 21     1.707 52934.55809486 21.56 309.121482  -0.041772 12.129
 22     1.892 52969.55810922 17.60 309.125477  -0.035122 10.100
 22     1.542 52969.55810987 18.80 309.124757  -0.038432 10.100
 22     0.994 52969.55811051 19.58 309.124027  -0.041732 10.100
 23     2.345 53004.55812747 35.20 309.119332  -0.033524  8.441
 23     2.306 53004.55812811 38.59 309.118602  -0.036824  8.441
 23     2.516 53004.55812876 39.82 309.117877  -0.040138  8.038
 24     1.658 53039.55807687 18.17 309.122175  -0.034176 19.578
 24     0.935 53039.55807751 17.07 309.121455  -0.037476 19.578
 24     0.840 53039.55807816 18.11 309.120721  -0.040788 19.103
 25     2.930 53074.55810795 17.24 309.122524  -0.034791 24.406
 25     2.322 53074.55810860 18.01 309.121794  -0.038091 24.406
 25     2.098 53074.55810924 18.00 309.121064  -0.041401 24.406
 26     2.502 53109.55807762 22.25 309.119454  -0.035125 18.716
 26     2.329 53109.55807826 18.07 309.118721  -0.038438 29.935
 26     2.227 53109.55807891 18.22 309.118001  -0.041738 29.935
 27     1.797 53144.55811881 16.60 309.123327  -0.036416 20.412
 27     0.851 53144.55811945 20.51 309.122597  -0.039726 20.412
 28     1.906 53179.55813341 22.48 309.128471  -0.035804 16.533
 28     1.469 53179.55813405 23.39 309.127751  -0.039114 16.533
 28     1.600 53179.55813470 28.07 309.127021  -0.042414 16.533
 29     2.823 53214.55815490 24.21 309.123837  -0.033825 23.890
 29     2.596 53214.55815555 18.57 309.123107  -0.037125 23.890
 29     2.712 53214.55815619 14.91 309.122387  -0.040435 23.890
 30     1.966 53249.55812517 17.17 309.125234  -0.037215 14.267
 30     1.572 53249.55812581 18.98 309.124514  -0.040530 23.613
 31     1.825 53284.55812058 20.96 309.120962  -0.034011 12.743
 31     1.531 53284.55812122 18.58 309.120242  -0.037311 12.743
 31     1.589 53284.55812187 13.78 309.119512  -0.040621 12.743
 32     1.663 53319.55810923 27.43 309.131468  -0.036137 24.300
 32     1.182 53319.55810987 20.16 309.130738  -0.039437 24.300
 32     1.413 53319.55811052 20.29 309.130018  -0.042747 24.300
 33     1.145 53354.55807629 22.28 309.131493  -0.034111 16.653
 33     1.131 53354.55807693 18.33 309.130763  -0.037411 16.653
 33     0.952 53354.55807758 18.56 309.130043  -0.040721 16.653
 34     2.325 53389.55808037 41.99 309.124810  -0.033958  9.023
 34     2.161 53389.55808102 36.58 309.124078  -0.037270 18.778
 34     2.380 53389.55808166 46.58 309.123358  -0.040570 18.778
 35     0.585 53424.55807924 45.71 309.131049  -0.036478 16.401
 35     0.664 53424.55807988 42.88 309.130325  -0.039791 19.671
 35     0.614 53424.55808053 31.10 309.129595  -0.043091 19.671
 36     1.889 53459.55808417 29.92 309.130937  -0.036806 17.547
 36     1.681 53459.55808482 21.25 309.130205  -0.040119 16.829
 37     2.401 53494.55816914 39.10 309.118162  -0.034949 14.511
 37     1.821 53494.55816978 27.79 309.117434  -0.038263 28.867
 37     1.439 53494.55817043 24.98 309.116704  -0.041563 28.867
 38     1.449 53529.55814414 21.17 309.131749  -0.035063 16.658
 38     1.457 53529.55814478 17.59 309.131029  -0.038373 16.658
 38     2.028 53529.55814543 16.90 309.130299  -0.041673 16.658
 39     1.888 53564.55817518 23.63 309.119590  -0.033625 23.954
 39     1.691 53564.55817583 18.21 309.118860  -0.036925 23.954
 39     1.461 53564.55817647 18.04 309.118137  -0.040238 28.574
 40     2.073 53599.55811725 23.85 309.128170  -0.037153 26.345
 40     2.118 53599.55811789 19.93 309.127449  -0.040458 24.590
 41     1.783 53634.55811345 16.93 309.121755  -0.034996 19.348
 41     0.663 53634.55811410 20.41 309.121023  -0.038308 22.944
 41     0.651 53634.55811474 21.27 309.120303  -0.041608 22.944
 42     2.116 53669.55813534 21.10 309.120312  -0.035350 17.038
 42     1.868 53669.55813598 16.07 309.119586  -0.038663 16.092
 42     1.824 53669.55813663 14.90 309.118856  -0.041963 16.092
 43     2.527 53704.55807293 15.40 309.131783  -0.034921 19.310
 43     0.911 53704.55807357 14.88 309.131053  -0.038221 19.310
 43     0.787 53704.55807422 16.60 309.130333  -0.041531 19.310
 44     1.463 53739.55798328 24.20 309.130585  -0.037124 16.085
 44     1.279 53739.55798392 20.97 309.129865  -0.040434 16.085
 45     2.260 53774.55800229 24.11 309.131241  -0.036361 19.182
 45     2.055 53774.55800293 15.27 309.130521  -0.039671 19.182
 45     2.023 53774.55800358 18.92 309.129791  -0.042971 19.182
 46     2.265 53809.55798595 17.71 309.128652  -0.036747 13.278
 46     1.558 53809.55798660 20.16 309.127932  -0.040047 13.278
 47     1.668 53844.55802718 26.13 309.123333  -0.034858 22.684
 47     1.386 53844.55802783 24.51 309.122603  -0.038158 22.684
 47     1.839 53844.55802847 27.47 309.121883  -0.041468 22.684
 48     2.378 53879.55805627 38.25 309.129509  -0.035254 21.878
 48     2.412 53879.55805692 25.86 309.128789  -0.038554 21.878
 48     2.381 53879.55805756 21.95 309.128060  -0.041867 23.116
 49     1.444 53914.55811200 22.78 309.119163  -0.033549 18.517
 49    -2.008 53914.55811265 26.77 309.118433  -0.036859 18.517
 49    -1.663 53914.55811329 26.15 309.117703  -0.040159 18.517
 50     1.961 53949.55812325 26.31 309.116751  -0.035217 20.950
 50     1.501 53949.55812389 21.57 309.116021  -0.038527 20.950
 50     1.262 53949.55812454 21.52 309.115291  -0.041827 20.950
 51     1.718 53984.55806142 17.51 309.125598  -0.034239 13.936
 51     1.410 53984.55806207 16.82 309.124868  -0.037549 13.936
 51     1.387 53984.55806271 17.55 309.124148  -0.040849 13.936
 52     2.221 54019.55809629 18.50 309.127319  -0.034615 12.872
 52     1.318 54019.55809694 21.26 309.126599  -0.037925 12.872
 52     1.227 54019.55809758 22.86 309.125869  -0.041225 12.872
 53     2.493 54054.55808741 32.03 309.134911  -0.035035 21.275
 53     2.220 54054.55808805 21.46 309.134191  -0.038345 21.275
 53     1.996 54054.55808870 15.83 309.133461  -0.041645 21.275
 54     1.058 54089.55807717 14.69 309.127612  -0.034367 12.267
 54     0.840 54089.55807781 16.39 309.126882  -0.037677 12.267
 54     0.658 54089.55807846 19.65 309.126162  -0.040977 12.267
 55     2.486 54124.55800186 20.59 309.127420  -0.034628 15.604
 55     1.790 54124.55800250 24.20 309.126688  -0.037941 15.742
 55     1.867 54124.55800315 22.12 309.125968  -0.041241 15.742
 56     1.630 54159.55804365 33.28 309.124986  -0.035586 18.932
 56     1.467 54159.55804430 21.57 309.124256  -0.038886 18.932
 56     1.498 54159.55804494 20.08 309.123531  -0.042198 21.580
 57     0.998 54194.55800483 42.77 309.126120  -0.037059 17.235
 57     0.937 54194.55800548 26.48 309.125390  -0.040369 17.235
 58     2.002 54229.55805540 32.04 309.125886  -0.036385 17.465
 58     1.852 54229.55805604 24.00 309.125166  -0.039695 17.465
 59     1.932 54264.55807338 24.48 309.126880  -0.034543 21.621
 59     1.827 54264.55807402 19.00 309.126150  -0.037843 21.621
 59     1.868 54264.55807466 22.38 309.125430  -0.041153 21.621
 60     2.095 54299.55807746 19.68 309.127649  -0.035022 22.439
 60     1.524 54299.55807810 22.54 309.126919  -0.038322 22.439
 60     1.455 54299.55807875 23.61 309.126199  -0.041632 22.439
 61     2.394 54334.55806751 25.07 309.127014  -0.035847 22.498
 61     2.172 54334.55806816 19.40 309.126294  -0.039157 22.498
 63     1.402 54404.55801198 21.27 309.125658  -0.036723  8.701
 63     1.194 54404.55801262 20.75 309.124928  -0.040023  8.701
 64     1.852 54439.55796875 24.11 309.126187  -0.034885  8.408
 64     1.509 54439.55796939 18.09 309.125467  -0.038185  8.408
 64     1.755 54439.55797004 19.51 309.124737  -0.041495  8.408
 65     0.723 54474.55799855 49.83 309.127593  -0.036723 16.680
 65     0.694 54474.55799920 39.09 309.126873  -0.040033 16.680
 66     2.156 54509.55798210 26.50 309.126629  -0.035545 14.939
 66     1.977 54509.55798274 22.88 309.125899  -0.038845 14.939
 66     2.067 54509.55798338 23.97 309.125179  -0.042155 14.939
 67     1.006 54544.55801243 41.79 309.126905  -0.035453 18.488
 67     0.878 54544.55801307 25.32 309.126175  -0.038753 18.488
 67     1.141 54544.55801372 20.08 309.125455  -0.042063 18.488
 68     1.395 54579.55798005 28.33 309.127277  -0.035147  9.971
 68     1.286 54579.55798070 24.99 309.126557  -0.038457  9.971
 68     1.205 54579.55798134 26.62 309.125827  -0.041767  9.971
 69     2.952 54614.55800232 20.38 309.127394  -0.035366 17.624
 69     2.751 54614.55800296 18.01 309.126664  -0.038666 17.624
 69     2.885 54614.55800361 24.09 309.125944  -0.041976 17.624
 70     2.174 54649.55801273 17.30 309.124781  -0.035502 20.526
 70     1.285 54649.55801337 19.25 309.124051  -0.038802 20.526
 70     1.330 54649.55801402 19.96 309.123321  -0.042112 20.526
 71     1.794 54684.55800856 22.09 309.126163  -0.035411 15.892
 71     1.909 54684.55800921 16.30 309.125433  -0.038721 15.892
 71     1.512 54684.55800985 25.30 309.124703  -0.042021 15.892
 72     2.481 54719.55795654 22.17 309.127824  -0.034710 20.370
 72     2.427 54719.55795719 24.35 309.127094  -0.038020 20.370
 72     2.447 54719.55795783 21.70 309.126374  -0.041320 20.370
 73     1.048 54754.55798282 17.24 309.125989  -0.034325  9.573
 73     0.784 54754.55798346 18.42 309.125269  -0.037635  9.573
 73     0.530 54754.55798411 22.50 309.124539  -0.040935  9.573
 74     1.963 54789.55795033 22.07 309.125600  -0.034083  7.653
 74     1.615 54789.55795098 15.58 309.124870  -0.037383  7.653
 74     1.668 54789.55795162 18.31 309.124150  -0.040693  7.653
 75     1.440 54824.55797799 20.97 309.126842  -0.035000 13.954
 75     1.300 54824.55797863 18.77 309.126122  -0.038310 13.954
 75     1.252 54824.55797927 22.75 309.125392  -0.041610 13.954
 76     0.987 54859.55794376 46.82 309.127425  -0.035832 19.796
 76     0.925 54859.55794440 38.27 309.126705  -0.039132 19.796
 77     2.506 54894.55798050 17.70 309.124267  -0.037120 19.722
 77     2.546 54894.55798114 17.38 309.123537  -0.040420 19.722
 78     1.140 54929.55794256 48.49 309.124634  -0.036039 22.542
 78     0.965 54929.55794320 26.14 309.123904  -0.039339 22.542
 79     2.325 54964.55797931 20.59 309.125790  -0.034585 22.640
 79     2.124 54964.55797995 17.90 309.125060  -0.037895 22.640
 79     1.941 54964.55798060 22.61 309.124340  -0.041195 22.640
 80     3.075 54999.55800037 40.87 309.123378  -0.035299 22.280
 80     2.893 54999.55800101 39.85 309.122658  -0.038609 22.280
 80     2.948 54999.55800166 46.14 309.121928  -0.041909 22.280
 81     1.471 55034.55798644 21.38 309.126642  -0.035926 13.441
 81     1.361 55034.55798708 19.47 309.125922  -0.039236 13.441
 82     2.060 55069.55797621 20.48 309.126289  -0.036601 19.584
 82     1.889 55069.55797686 19.62 309.125559  -0.039911 19.584
 83     1.847 55104.55791740 15.21 309.124542  -0.036468 19.765
 83     1.888 55104.55791805 14.18 309.123812  -0.039778 19.765
 84     0.742 55139.55792353 18.10 309.126396  -0.035004 10.439
 84     0.658 55139.55792418 20.67 309.125666  -0.038304 10.439
 84     0.710 55139.55792482 23.34 309.124946  -0.041614 10.439
 85     2.397 55174.55788414 40.39 309.127143  -0.036682 20.787
 85     2.388 55174.55788479 28.65 309.126413  -0.039982 20.787
 86     0.611 55209.55791941 27.62 309.125915  -0.036020 13.174
 86     0.582 55209.55792005 21.24 309.125195  -0.039330 13.174
 87     2.234 55244.55789117 17.03 309.125069  -0.036951 24.784
 87     1.491 55244.55789181 19.20 309.124339  -0.040261 24.784
 88     2.786 55279.55791227 30.57 309.125857  -0.033945 18.254
 88     2.895 55279.55791291 18.62 309.125127  -0.037245 18.254
 88     2.734 55279.55791356 18.77 309.124407  -0.040555 18.254
 89     1.141 55314.55787710 45.37 309.125588  -0.035978 28.942
 89     0.891 55314.55787775 30.33 309.124858  -0.039278 28.942
 90     1.725 55349.55788384 23.29 309.126619  -0.034640 15.978
 90     1.885 55349.55788448 17.31 309.125899  -0.037950 15.978
 90     1.706 55349.55788513 22.53 309.125169  -0.041250 15.978
 91     2.499 55384.55787665 20.63 309.124988  -0.035991 24.940
 91     2.332 55384.55787730 21.62 309.124258  -0.039291 24.940
 92     0.979 55419.55790197 38.06 309.127320  -0.034218 13.795
 92     0.944 55419.55790261 30.43 309.126590  -0.037528 13.795
 92     1.239 55419.55790326 20.11 309.125860  -0.040828 13.795
 93     2.088 55454.55788100 21.03 309.126239  -0.037215 17.825
 93     2.109 55454.55788164 19.21 309.125509  -0.040525 17.825
 94     1.234 55489.55780036 27.01 309.127404  -0.035860 10.417
 94     1.170 55489.55780101 25.41 309.126674  -0.039170 10.417
