# NaN NaN NaN ;Mean Elev.(m), Avg Gradient(m/km), RMS Gradient(m/km) - SRTM1     
#   34.597   0.128   5.780 ;Mean Elev.(m), Avg Gradient(m/km), RMS Gradient(m/km) - ASTER GDEM
#   39.540  -0.382   3.357 ;Mean Elev.(m), Avg Gradient(m/km), RMS Gradient(m/km) - GMTED2010 
  7    46.661 52458.60040988 26.61 293.519565  -2.391106 22.607
  7    46.282 52458.60041053 23.01 293.518845  -2.394406 22.607
  7    46.336 52458.60041117 23.65 293.518115  -2.397716 22.607
  7    46.524 52458.60041182 24.56 293.517385  -2.401016 22.607
  8    44.811 52493.60039093 21.64 293.525708  -2.389861 22.705
  8    44.386 52493.60039158 19.02 293.524978  -2.393161 22.705
  8    44.304 52493.60039222 21.37 293.524258  -2.396471 22.705
  8    44.619 52493.60039287 22.49 293.523528  -2.399771 22.705
  8    46.060 52493.60039351 24.42 293.522798  -2.403081 22.705
  9    42.625 52528.60037229 18.56 293.519722  -2.389504 29.300
  9    42.404 52528.60037294 14.26 293.518992  -2.392814 29.300
  9    43.246 52528.60037358 14.03 293.518262  -2.396114 29.300
  9    44.028 52528.60037423 15.50 293.517532  -2.399424 29.300
  9    44.474 52528.60037487 19.76 293.516812  -2.402724 29.300
 10    37.934 52563.60040607 49.48 293.524141  -2.388516 32.876
 10    37.958 52563.60040672 43.90 293.523411  -2.391816 32.876
 10    38.043 52563.60040736 38.54 293.522691  -2.395126 32.876
 10    37.790 52563.60040801 31.54 293.521961  -2.398426 32.876
 10    38.050 52563.60040865 35.25 293.521231  -2.401736 32.876
 11    43.108 52598.60042998 20.46 293.511239  -2.393036 29.291
 11    43.012 52598.60043062 18.92 293.510509  -2.396346 29.291
 11    43.299 52598.60043127 19.98 293.509789  -2.399646 29.291
 11    43.417 52598.60043191 34.85 293.509059  -2.402956 29.291
 12    44.618 52633.60037891 31.07 293.516509  -2.391536 27.276
 12    44.521 52633.60037955 30.57 293.515789  -2.394846 27.276
 12    44.741 52633.60038020 38.41 293.515059  -2.398146 27.276
 12    44.801 52633.60038084 44.61 293.514329  -2.401456 27.276
 13    44.799 52668.60039315 47.30 293.516670  -2.390338 32.294
 13    44.811 52668.60039379 44.93 293.515940  -2.393638 32.294
 13    44.835 52668.60039444 45.30 293.515210  -2.396948 32.294
 13    44.851 52668.60039508 43.93 293.514490  -2.400248 32.294
 13    44.793 52668.60039573 48.53 293.513760  -2.403558 32.294
 14    45.332 52703.60037248 44.91 293.524188  -2.388093 35.115
 14    45.263 52703.60037312 40.36 293.523458  -2.391403 35.115
 14    45.166 52703.60037377 41.85 293.522738  -2.394703 35.115
 14    45.239 52703.60037441 40.17 293.522008  -2.398013 35.115
 14    45.259 52703.60037506 48.87 293.521278  -2.401313 35.115
 16    46.977 52773.60036555 43.39 293.523437  -2.389927 24.892
 16    46.987 52773.60036619 43.03 293.522717  -2.393227 24.892
 16    46.894 52773.60036683 47.52 293.521982  -2.396535 32.505
 16    46.854 52773.60036748 50.59 293.521262  -2.399835 32.505
 16    46.875 52773.60036812 51.37 293.520532  -2.403145 32.505
 17    47.115 52808.60043448 33.67 293.515392  -2.392220 31.084
 17    46.887 52808.60043512 28.00 293.514672  -2.395530 31.084
 17    47.240 52808.60043577 31.23 293.513942  -2.398830 31.084
 17    47.298 52808.60043641 45.36 293.513212  -2.402140 31.084
 18    46.952 52843.60049141 49.76 293.518135  -2.390150 29.827
 18    47.026 52843.60049206 47.82 293.517405  -2.393460 29.827
 18    46.848 52843.60049270 46.64 293.516675  -2.396760 29.827
 18    46.840 52843.60049335 48.96 293.515945  -2.400070 29.827
 18    46.792 52843.60049399 50.67 293.515225  -2.403370 29.827
 19    42.953 52878.60052943 24.65 293.516907  -2.389273 21.077
 19    42.640 52878.60053007 17.46 293.516177  -2.392583 21.077
 19    42.150 52878.60053072 18.44 293.515447  -2.395883 21.077
 19    43.273 52878.60053136 20.29 293.514727  -2.399193 21.077
 19    42.280 52878.60053201 40.23 293.513997  -2.402493 21.077
 20    38.846 52913.60048748 31.75 293.524726  -2.389886 22.939
 20    38.591 52913.60048812 33.05 293.523996  -2.393196 22.939
 20    38.608 52913.60048877 33.60 293.523266  -2.396496 22.939
 20    38.902 52913.60048941 33.33 293.522546  -2.399806 22.939
 20    39.015 52913.60049006 33.50 293.521816  -2.403106 22.939
 21    40.357 52948.60044557 49.75 293.523633  -2.388369 26.247
 21    40.467 52948.60044621 48.25 293.522903  -2.391679 26.247
 21    40.347 52948.60044686 49.74 293.522173  -2.394979 26.247
 21    40.496 52948.60044750 51.37 293.521443  -2.398289 26.247
 21    40.434 52948.60044815 51.07 293.520723  -2.401589 26.247
 23    44.980 53018.60046961 22.89 293.519620  -2.389129 30.279
 23    44.623 53018.60047026 20.24 293.518890  -2.392439 30.279
 23    44.397 53018.60047090 20.85 293.518170  -2.395739 30.279
 23    44.729 53018.60047155 19.93 293.517440  -2.399049 30.279
 23    45.040 53018.60047219 23.75 293.516710  -2.402349 30.279
 24    40.620 53053.60045310 19.96 293.522146  -2.391153 34.863
 24    40.461 53053.60045375 21.73 293.521426  -2.394463 34.863
 24    40.608 53053.60045439 23.10 293.520696  -2.397763 34.863
 24    40.860 53053.60045503 29.25 293.519966  -2.401073 34.863
 25    44.264 53088.60049038 27.65 293.510435  -2.390865 36.504
 25    43.911 53088.60049102 25.06 293.509705  -2.394165 36.504
 25    44.199 53088.60049166 24.11 293.508975  -2.397475 36.504
 25    44.236 53088.60049231 43.88 293.508255  -2.400775 36.504
 26    45.735 53123.60045993 27.46 293.518568  -2.391154 37.120
 26    45.284 53123.60046058 24.25 293.517838  -2.394464 37.120
 26    45.165 53123.60046122 22.25 293.517108  -2.397764 37.120
 26    45.500 53123.60046187 22.60 293.516378  -2.401074 37.120
 27    45.378 53158.60051846 27.22 293.511752  -2.391225 26.814
 27    44.947 53158.60051911 21.30 293.511022  -2.394535 26.814
 27    44.839 53158.60051975 20.19 293.510292  -2.397835 26.814
 27    45.296 53158.60052040 23.40 293.509572  -2.401145 26.814
 28    45.229 53193.60051252 45.21 293.522488  -2.390370 32.239
 28    45.264 53193.60051316 48.77 293.521768  -2.393670 32.239
 28    45.277 53193.60051381 48.77 293.521038  -2.396980 32.239
 28    45.248 53193.60051445 50.47 293.520308  -2.400280 32.239
 28    45.199 53193.60051510 51.47 293.519588  -2.403590 32.239
 29    43.344 53228.60050729 23.83 293.523000  -2.390178 13.573
 29    43.379 53228.60050793 24.18 293.522270  -2.393488 13.573
 29    43.504 53228.60050858 24.94 293.521540  -2.396788 13.573
 29    43.562 53228.60050922 25.44 293.520820  -2.400098 13.573
 29    43.702 53228.60050987 28.10 293.520090  -2.403398 13.573
 30    41.143 53263.60047985 47.45 293.516265  -2.390973 22.902
 30    41.239 53263.60048049 48.55 293.515545  -2.394273 22.902
 30    41.186 53263.60048114 51.22 293.514815  -2.397583 22.902
 30    41.092 53263.60048178 49.64 293.514085  -2.400883 22.902
 31    42.728 53298.60052169 17.38 293.508903  -2.390574 18.356
 31    42.146 53298.60052233 11.13 293.508173  -2.393884 18.356
 31    41.709 53298.60052298 12.44 293.507443  -2.397184 18.356
 31    40.948 53298.60052362 13.88 293.506723  -2.400494 18.356
 32    42.679 53333.60049243 26.80 293.518722  -2.389781 24.811
 32    42.150 53333.60049308 20.84 293.517992  -2.393081 24.811
 32    42.964 53333.60049372 16.88 293.517272  -2.396391 24.811
 32    42.951 53333.60049437 19.06 293.516542  -2.399691 24.811
 32    43.040 53333.60049501 24.96 293.515812  -2.403001 24.811
 33    44.238 53368.60043451 21.86 293.521744  -2.388482 18.928
 33    43.865 53368.60043515 18.58 293.521014  -2.391782 18.928
 33    43.711 53368.60043580 18.67 293.520294  -2.395092 18.928
 33    43.845 53368.60043644 17.87 293.519561  -2.398398 27.960
 33    44.285 53368.60043709 19.51 293.518841  -2.401708 27.960
 34    43.372 53403.60046540 27.14 293.518869  -2.390839 15.474
 34    43.251 53403.60046605 24.93 293.518145  -2.394143 29.840
 34    43.379 53403.60046669 34.30 293.517415  -2.397453 29.840
 34    43.499 53403.60046734 47.49 293.516685  -2.400753 29.840
 35    45.059 53438.60045331 25.06 293.520145  -2.388955 22.386
 35    44.937 53438.60045396 21.39 293.519425  -2.392265 22.386
 35    44.586 53438.60045460 20.34 293.518690  -2.395571 26.652
 35    44.837 53438.60045525 21.69 293.517970  -2.398881 26.652
 35    45.142 53438.60045589 26.25 293.517240  -2.402181 26.652
 36    45.858 53473.60051145 29.97 293.514143  -2.391365 34.071
 36    45.424 53473.60051210 22.24 293.513413  -2.394665 34.071
 36    45.435 53473.60051274 21.46 293.512693  -2.397975 34.071
 36    45.696 53473.60051339 25.14 293.511963  -2.401275 34.071
 37    46.684 53508.60053436 47.31 293.517066  -2.391462 23.817
 37    46.672 53508.60053500 45.43 293.516336  -2.394772 23.817
 37    46.709 53508.60053564 44.88 293.515615  -2.398078 28.958
 37    46.752 53508.60053629 48.13 293.514885  -2.401388 28.958
 38    45.226 53543.60054626 29.46 293.514645  -2.390526 31.758
 38    44.723 53543.60054690 22.16 293.513915  -2.393836 31.758
 38    44.949 53543.60054755 21.53 293.513185  -2.397136 31.758
 38    45.114 53543.60054819 25.72 293.512465  -2.400446 31.758
 39    40.589 53578.60052889 23.73 293.516910  -2.392285 17.846
 39    40.835 53578.60052953 32.78 293.516190  -2.395595 17.846
 39    40.720 53578.60053018 30.11 293.515453  -2.398900 22.287
 39    40.939 53578.60053082 44.39 293.514733  -2.402210 22.287
 40    36.663 53613.60048155 44.14 293.516123  -2.390062  9.186
 40    36.624 53613.60048220 38.62 293.515403  -2.393372  9.186
 40    36.633 53613.60048284 47.87 293.514669  -2.396678 17.992
 40    36.763 53613.60048349 46.62 293.513949  -2.399988 17.992
 40    36.819 53613.60048413 47.64 293.513219  -2.403288 17.992
 41    35.110 53648.60048758 21.74 293.520475  -2.390796  3.466
 41    35.415 53648.60048822 21.82 293.519745  -2.394106  3.466
 41    35.940 53648.60048886 22.62 293.519021  -2.397409 17.283
 41    36.179 53648.60048951 24.74 293.518291  -2.400719 17.283
 41    36.285 53648.60049015 25.87 293.517561  -2.404019 17.283
 42    40.676 53683.60050290 33.86 293.512762  -2.392416 11.355
 42    40.869 53683.60050354 39.05 293.512042  -2.395721 18.303
 42    41.093 53683.60050419 39.80 293.511312  -2.399031 18.303
 42    40.882 53683.60050483 44.52 293.510582  -2.402331 18.303
 43    39.740 53718.60042942 21.62 293.521813  -2.391603 11.495
 43    39.735 53718.60043007 24.65 293.521093  -2.394913 11.495
 43    39.875 53718.60043071 25.21 293.520358  -2.398219 24.793
 43    40.009 53718.60043136 26.52 293.519638  -2.401529 24.793
 44    42.487 53753.60035044 46.69 293.525630  -2.389401 12.195
 44    42.532 53753.60035108 44.02 293.524900  -2.392711 12.195
 44    42.507 53753.60035173 48.35 293.524173  -2.396015 29.976
 44    42.641 53753.60035237 49.78 293.523443  -2.399325 29.976
 44    42.616 53753.60035302 52.68 293.522713  -2.402625 29.976
 45    45.698 53788.60038044 39.87 293.523234  -2.388799 14.892
 45    45.439 53788.60038109 38.84 293.522504  -2.392109 14.892
 45    45.562 53788.60038173 40.54 293.521785  -2.395414 31.007
 45    45.605 53788.60038238 45.75 293.521055  -2.398724 31.007
 45    45.623 53788.60038302 46.11 293.520325  -2.402024 31.007
 46    45.785 53823.60033552 28.57 293.522707  -2.389734 27.208
 46    45.383 53823.60033616 22.73 293.521977  -2.393044 27.208
 46    45.339 53823.60033681 21.56 293.521247  -2.396348 35.799
 46    45.500 53823.60033745 23.15 293.520517  -2.399658 35.799
 46    45.772 53823.60033810 28.21 293.519797  -2.402958 35.799
 47    46.809 53858.60042852 45.76 293.514863  -2.389941 31.944
 47    46.775 53858.60042917 39.44 293.514133  -2.393241 31.944
 47    46.853 53858.60042981 46.59 293.513413  -2.396551 31.944
 47    46.850 53858.60043046 52.79 293.512683  -2.399851 31.944
 47    46.796 53858.60043110 52.42 293.511953  -2.403161 31.944
 48    46.314 53893.60044345 28.64 293.522377  -2.389225 32.547
 48    45.958 53893.60044409 21.47 293.521647  -2.392535 32.547
 48    45.587 53893.60044474 22.50 293.520917  -2.395835 32.547
 48    46.040 53893.60044538 23.01 293.520197  -2.399145 32.547
 48    46.183 53893.60044603 26.99 293.519467  -2.402445 32.547
 49    42.618 53928.60050125 40.29 293.508463  -2.390336 18.725
 49    42.314 53928.60050190 29.90 293.507733  -2.393636 18.725
 49    42.179 53928.60050254 20.78 293.507013  -2.396946 18.725
 49    43.770 53928.60050318 20.39 293.506283  -2.400246 18.725
 49    44.342 53928.60050383 20.62 293.505553  -2.403556 18.725
 50    38.476 53963.60048299 45.52 293.511927  -2.391044 16.275
 50    38.421 53963.60048363 35.68 293.511197  -2.394354 16.275
 50    38.142 53963.60048428 25.91 293.510467  -2.397654 16.275
 50    38.383 53963.60048492 25.46 293.509747  -2.400964 16.275
 51    44.028 53998.60043190 16.05 293.521427  -2.388595 12.119
 51    36.462 53998.60043254 18.34 293.520697  -2.391895 12.119
 51    36.753 53998.60043319 20.15 293.519967  -2.395205 12.119
 51    36.795 53998.60043383 26.43 293.519247  -2.398505 12.119
 51    37.210 53998.60043448 27.11 293.518517  -2.401815 12.119
 52    42.272 54033.60048038 15.84 293.521298  -2.389681 14.596
 52    38.815 54033.60048102 15.39 293.520568  -2.392991 14.596
 52    38.994 54033.60048167 17.81 293.519838  -2.396291 14.596
 52    38.979 54033.60048231 18.01 293.519118  -2.399601 14.596
 52    39.128 54033.60048296 29.16 293.518388  -2.402901 14.596
 54    44.050 54103.60043204 20.17 293.518323  -2.390969 21.744
 54    43.852 54103.60043269 18.55 293.517593  -2.394269 21.744
 54    43.919 54103.60043333 19.21 293.516863  -2.397579 21.744
 54    44.136 54103.60043398 18.98 293.516143  -2.400889 21.744
 55    45.808 54138.60040400 25.44 293.518352  -2.389576 20.199
 55    45.512 54138.60040465 21.95 293.517622  -2.392876 20.199
 55    45.381 54138.60040529 20.25 293.516902  -2.396186 20.199
 55    45.691 54138.60040593 21.25 293.516172  -2.399486 20.199
 55    45.853 54138.60040658 23.66 293.515442  -2.402796 20.199
 56    43.529 54173.60041056 19.25 293.518095  -2.390169 34.937
 56    43.132 54173.60041120 18.50 293.517375  -2.393479 34.937
 56    43.518 54173.60041185 19.73 293.516645  -2.396779 34.937
 56    43.949 54173.60041249 21.12 293.515915  -2.400089 34.937
 56    44.396 54173.60041314 24.59 293.515195  -2.403389 34.937
 57    45.950 54208.60041001 28.88 293.517090  -2.390723 34.464
 57    45.606 54208.60041065 26.48 293.516360  -2.394023 34.464
 57    46.014 54208.60041130 31.46 293.515630  -2.397333 34.464
 57    46.058 54208.60041194 38.02 293.514910  -2.400633 34.464
 58    46.789 54243.60044106 30.37 293.519236  -2.389510 30.677
 58    46.298 54243.60044170 25.63 293.518506  -2.392810 30.677
 58    46.235 54243.60044235 25.92 293.517786  -2.396120 30.677
 58    46.523 54243.60044299 25.99 293.517056  -2.399420 30.677
 58    46.772 54243.60044363 32.66 293.516326  -2.402730 30.677
 59    45.708 54278.60045428 45.97 293.519086  -2.389085 20.562
 59    45.502 54278.60045492 50.17 293.518365  -2.392387 36.841
 59    45.545 54278.60045556 51.28 293.517635  -2.395697 36.841
 59    45.571 54278.60045621 51.88 293.516905  -2.398997 36.841
 59    45.611 54278.60045685 47.93 293.516185  -2.402307 36.841
 60    41.446 54313.60045469 24.35 293.520102  -2.391150 18.619
 60    41.456 54313.60045533 23.94 293.519382  -2.394460 18.619
 60    41.663 54313.60045598 24.46 293.518652  -2.397760 18.619
 60    41.790 54313.60045662 27.03 293.517922  -2.401070 18.619
 61    37.025 54348.60042525 44.29 293.519258  -2.391439 28.040
 61    36.947 54348.60042590 46.65 293.518528  -2.394739 28.040
 61    36.910 54348.60042654 48.80 293.517808  -2.398049 28.040
 61    36.850 54348.60042719 49.65 293.517078  -2.401349 28.040
 62    38.013 54383.60039237 50.79 293.519547  -2.389991 27.189
 62    38.078 54383.60039302 49.23 293.518817  -2.393301 27.189
 62    38.162 54383.60039366 47.62 293.518087  -2.396601 27.189
 62    38.126 54383.60039431 52.01 293.517367  -2.399911 27.189
 62    38.030 54383.60039495 50.18 293.516637  -2.403211 27.189
 63    41.223 54418.60037467 26.38 293.518729  -2.389163 14.548
 63    41.340 54418.60037532 24.69 293.518009  -2.392463 14.548
 63    41.240 54418.60037596 27.86 293.517279  -2.395773 14.548
 63    41.443 54418.60037660 27.79 293.516549  -2.399073 14.548
 63    41.686 54418.60037725 28.87 293.515829  -2.402383 14.548
 64    43.019 54453.60036319 18.62 293.518508  -2.391936 23.684
 64    42.806 54453.60036384 19.84 293.517788  -2.395236 23.684
 64    42.981 54453.60036448 20.05 293.517058  -2.398546 23.684
 64    43.477 54453.60036513 21.34 293.516328  -2.401846 23.684
 65    45.122 54488.60037320 27.60 293.520449  -2.388669 29.886
 65    44.974 54488.60037385 23.42 293.519719  -2.391969 29.886
 65    44.740 54488.60037449 22.76 293.518999  -2.395279 29.886
 65    44.973 54488.60037514 22.64 293.518269  -2.398579 29.886
 65    45.196 54488.60037578 26.53 293.517539  -2.401889 29.886
 66    44.752 54523.60037610 20.86 293.519991  -2.391179 21.691
 66    44.695 54523.60037675 21.67 293.519261  -2.394479 21.691
 66    44.831 54523.60037739 21.12 293.518541  -2.397789 21.691
 66    44.938 54523.60037804 22.41 293.517811  -2.401089 21.691
 67    45.748 54558.60038298 23.97 293.518515  -2.391716 34.771
 67    45.355 54558.60038363 21.03 293.517785  -2.395026 34.771
 67    45.437 54558.60038427 20.44 293.517065  -2.398326 34.771
 67    45.909 54558.60038492 26.06 293.516335  -2.401636 34.771
 68    46.479 54593.60037186 31.82 293.518117  -2.391351 27.906
 68    46.303 54593.60037250 31.50 293.517387  -2.394661 27.906
 68    46.656 54593.60037315 39.84 293.516657  -2.397961 27.906
 68    46.667 54593.60037379 45.26 293.515937  -2.401271 27.906
 69    46.195 54628.60038692 50.60 293.518193  -2.390434 28.353
 69    46.034 54628.60038757 47.29 293.517463  -2.393744 28.353
 69    46.042 54628.60038821 53.03 293.516733  -2.397044 28.353
 69    46.027 54628.60038886 49.79 293.516013  -2.400354 28.353
 69    46.032 54628.60038950 49.61 293.515283  -2.403654 28.353
 70    43.810 54663.60039377 48.37 293.516773  -2.389842 25.941
 70    43.931 54663.60039441 50.91 293.516053  -2.393142 25.941
 70    43.939 54663.60039506 50.18 293.515323  -2.396452 25.941
 70    43.899 54663.60039570 52.10 293.514593  -2.399752 25.941
 70    43.853 54663.60039635 49.23 293.513873  -2.403062 25.941
 71    42.456 54698.60036670 16.91 293.520609  -2.390272 18.509
 71    42.111 54698.60036734 16.59 293.519889  -2.393582 18.509
 71    43.142 54698.60036799 17.29 293.519159  -2.396882 18.509
 71    43.942 54698.60036863 17.72 293.518429  -2.400192 18.509
 71    44.345 54698.60036928 20.99 293.517709  -2.403492 18.509
 72    39.297 54733.60035199 35.22 293.517999  -2.392065 11.295
 72    39.155 54733.60035264 37.21 293.517269  -2.395365 11.295
 72    39.306 54733.60035328 37.17 293.516539  -2.398675 11.295
 72    39.434 54733.60035393 36.42 293.515819  -2.401975 11.295
 73    39.345 54768.60034685 29.32 293.519821  -2.388822 21.367
 73    39.483 54768.60034749 35.94 293.519091  -2.392132 21.367
 73    39.437 54768.60034813 42.77 293.518371  -2.395432 21.367
 73    39.432 54768.60034878 42.75 293.517641  -2.398742 21.367
 73    39.499 54768.60034942 32.70 293.516911  -2.402042 21.367
 74    41.739 54803.60034551 52.95 293.517141  -2.391059 24.826
 74    41.773 54803.60034615 52.08 293.516411  -2.394359 24.826
 74    41.844 54803.60034680 52.14 293.515681  -2.397669 24.826
 74    41.862 54803.60034744 52.79 293.514961  -2.400969 24.826
 75    41.336 54838.60034005 47.50 293.519485  -2.388958 29.592
 75    41.170 54838.60034070 53.59 293.518755  -2.392268 29.592
 75    41.252 54838.60034134 50.59 293.518035  -2.395568 29.592
 75    41.375 54838.60034198 48.98 293.517305  -2.398878 29.592
 75    41.218 54838.60034263 52.92 293.516575  -2.402178 29.592
 76    45.889 54873.60034536 41.36 293.517958  -2.389981 23.253
 76    45.460 54873.60034600 26.31 293.517238  -2.393291 23.253
 76    45.521 54873.60034665 26.40 293.516508  -2.396591 23.253
 76    45.844 54873.60034729 37.14 293.515778  -2.399901 23.253
 76    45.875 54873.60034794 49.47 293.515048  -2.403201 23.253
 77    47.015 54908.60034707 40.55 293.517391  -2.389551 29.323
 77    46.626 54908.60034771 30.05 293.516661  -2.392861 29.323
 77    46.619 54908.60034836 29.84 293.515941  -2.396161 29.323
 77    47.015 54908.60034900 35.31 293.515211  -2.399471 29.323
 77    46.999 54908.60034964 41.35 293.514481  -2.402771 29.323
 78    47.418 54943.60033709 33.30 293.517592  -2.389339 23.849
 78    47.235 54943.60033773 28.28 293.516862  -2.392649 23.849
 78    46.989 54943.60033838 27.42 293.516132  -2.395949 23.849
 78    47.350 54943.60033902 27.84 293.515412  -2.399259 23.849
 78    47.386 54943.60033967 37.97 293.514682  -2.402559 23.849
 79    47.454 54978.60036473 41.04 293.517847  -2.389349 34.456
 79    47.339 54978.60036538 37.39 293.517117  -2.392659 34.456
 79    46.903 54978.60036602 35.04 293.516387  -2.395959 34.456
 79    46.649 54978.60036667 31.56 293.515667  -2.399269 34.456
 79    47.610 54978.60036731 30.44 293.514937  -2.402569 34.456
 80    47.187 55013.60037102 31.46 293.517874  -2.392167 29.957
 80    46.863 55013.60037167 30.99 293.517154  -2.395467 29.957
 80    47.202 55013.60037231 31.30 293.516424  -2.398777 29.957
 80    47.279 55013.60037296 37.55 293.515694  -2.402077 29.957
 81    45.009 55048.60036299 45.32 293.519771  -2.389106 26.938
 81    45.048 55048.60036363 47.50 293.519041  -2.392416 26.938
 81    45.097 55048.60036428 47.43 293.518321  -2.395716 26.938
 81    45.148 55048.60036492 47.47 293.517591  -2.399026 26.938
 81    45.203 55048.60036557 49.13 293.516861  -2.402326 26.938
 82    40.893 55083.60033277 41.86 293.519428  -2.389218 27.857
 82    40.723 55083.60033341 38.70 293.518708  -2.392528 27.857
 82    40.627 55083.60033405 29.04 293.517978  -2.395828 27.857
 82    40.970 55083.60033470 31.56 293.517248  -2.399138 27.857
 82    40.896 55083.60033534 35.31 293.516528  -2.402438 27.857
 83    37.954 55118.60029585 19.40 293.519553  -2.391269 20.239
 83    41.205 55118.60029650 19.34 293.518823  -2.394579 20.239
 83    38.703 55118.60029714 22.84 293.518093  -2.397879 20.239
 83    38.943 55118.60029779 26.96 293.517373  -2.401189 20.239
 84    38.229 55153.60029194 46.72 293.517847  -2.390354 17.677
 84    38.236 55153.60029258 48.78 293.517117  -2.393664 17.677
 84    38.204 55153.60029322 44.47 293.516397  -2.396964 17.677
 84    38.171 55153.60029387 35.87 293.515667  -2.400274 17.677
 84    37.550 55153.60029451 30.11 293.514937  -2.403574 17.677
 85    43.158 55188.60028415 18.03 293.517511  -2.391273 19.184
 85    42.966 55188.60028480 15.09 293.516781  -2.394573 19.184
 85    43.019 55188.60028544 15.73 293.516061  -2.397883 19.184
 85    42.902 55188.60028609 17.64 293.515331  -2.401183 19.184
 86    43.455 55223.60029144 51.71 293.518208  -2.390150 25.238
 86    43.419 55223.60029209 50.87 293.517488  -2.393450 25.238
 86    43.388 55223.60029273 50.15 293.516758  -2.396760 25.238
 86    43.385 55223.60029338 52.52 293.516028  -2.400060 25.238
 86    43.466 55223.60029402 48.19 293.515308  -2.403370 25.238
 87    44.356 55258.60027987 52.31 293.519528  -2.389507 31.664
 87    44.272 55258.60028051 51.99 293.518798  -2.392807 31.664
 87    44.301 55258.60028116 49.85 293.518068  -2.396117 31.664
 87    44.291 55258.60028180 52.01 293.517348  -2.399417 31.664
 87    44.282 55258.60028245 51.63 293.516618  -2.402727 31.664
 88    44.586 55293.60027757 22.08 293.518978  -2.389537 30.225
 88    44.317 55293.60027821 18.30 293.518258  -2.392847 30.225
 88    44.163 55293.60027886 18.82 293.517528  -2.396147 30.225
 88    44.371 55293.60027950 19.11 293.516798  -2.399457 30.225
 88    44.524 55293.60028015 21.42 293.516078  -2.402757 30.225
 89    46.213 55328.60026307 31.28 293.516257  -2.392200 33.552
 89    46.197 55328.60026372 35.43 293.515537  -2.395500 33.552
 89    46.244 55328.60026436 43.17 293.514807  -2.398810 33.552
 89    46.340 55328.60026501 48.65 293.514077  -2.402110 33.552
 90    45.464 55363.60025834 20.43 293.518556  -2.391802 28.388
 90    45.091 55363.60025899 20.60 293.517836  -2.395102 28.388
 90    45.352 55363.60025963 22.31 293.517106  -2.398412 28.388
 90    45.726 55363.60026028 25.45 293.516376  -2.401712 28.388
 91    41.744 55398.60026707 37.03 293.518160  -2.390768 18.983
 91    41.747 55398.60026772 45.74 293.517430  -2.394078 18.983
 91    41.548 55398.60026836 44.45 293.516700  -2.397378 18.983
 91    41.712 55398.60026900 34.12 293.515970  -2.400688 18.983
 92    37.082 55433.60027349 27.07 293.520727  -2.390283 13.705
 92    36.886 55433.60027414 25.66 293.519997  -2.393593 13.705
 92    36.947 55433.60027478 25.31 293.519277  -2.396893 13.705
 92    36.959 55433.60027543 26.09 293.518547  -2.400203 13.705
 92    37.404 55433.60027607 28.97 293.517817  -2.403503 13.705
 93    35.623 55468.60023035 26.36 293.520392  -2.389006 22.600
 93    35.258 55468.60023099 22.39 293.519672  -2.392316 22.600
 93    35.346 55468.60023164 23.03 293.518942  -2.395616 22.600
 93    35.713 55468.60023228 25.58 293.518212  -2.398926 22.600
 93    35.997 55468.60023293 27.35 293.517492  -2.402226 22.600
