# NaN NaN NaN ;Mean Elev.(m), Avg Gradient(m/km), RMS Gradient(m/km) - SRTM1     
#   30.624  -0.101   4.465 ;Mean Elev.(m), Avg Gradient(m/km), RMS Gradient(m/km) - ASTER GDEM
#   29.353  -0.225   3.735 ;Mean Elev.(m), Avg Gradient(m/km), RMS Gradient(m/km) - GMTED2010 
  6    39.418 52420.59650304 42.64 294.842009  -2.893466 24.475
  6    39.339 52420.59650368 42.21 294.841279  -2.896776 24.475
  6    39.220 52420.59650433 39.56 294.840548  -2.900078 24.865
  6    39.216 52420.59650497 43.27 294.839818  -2.903388 24.865
  6    39.216 52420.59650562 43.82 294.839098  -2.906688 24.865
  6    39.202 52420.59650626 39.67 294.838368  -2.909998 24.865
  6    39.181 52420.59650691 34.16 294.837638  -2.913298 24.865
  6    39.161 52420.59650755 34.33 294.836908  -2.916608 24.865
  7    39.475 52455.59652683 50.74 294.841873  -2.894293 42.217
  7    39.303 52455.59652747 50.91 294.841143  -2.897593 42.217
  7    39.300 52455.59652812 50.68 294.840413  -2.900903 42.217
  7    39.299 52455.59652876 52.76 294.839693  -2.904203 42.217
  7    39.306 52455.59652941 50.73 294.838963  -2.907513 42.217
  7    39.300 52455.59653005 42.97 294.838233  -2.910813 42.217
  7    39.306 52455.59653070 47.61 294.837503  -2.914123 42.217
  7    39.316 52455.59653134 42.39 294.836783  -2.917423 42.217
  8    37.431 52490.59650321 27.50 294.848484  -2.905756 25.540
  8    37.301 52490.59650386 23.58 294.847754  -2.909066 25.540
  8    37.208 52490.59650450 21.85 294.847034  -2.912366 25.540
  8    37.097 52490.59650515 21.97 294.846304  -2.915676 25.540
  8    37.072 52490.59650579 22.35 294.845574  -2.918976 25.540
  8    37.107 52490.59650644 22.30 294.844854  -2.922286 25.540
  8    37.312 52490.59650708 24.67 294.844124  -2.925586 25.540
 10    34.468 52560.59652969 15.63 294.843008  -2.896035 20.357
 10    34.119 52560.59653034 18.98 294.842278  -2.899335 20.357
 10    29.533 52560.59653098 19.34 294.841548  -2.902645 20.357
 10    29.612 52560.59653163 17.72 294.840828  -2.905945 20.357
 10    29.672 52560.59653227 16.79 294.840098  -2.909255 20.357
 10    29.297 52560.59653292 16.75 294.839368  -2.912555 20.357
 10    29.702 52560.59653356 15.68 294.838638  -2.915865 20.357
 10    35.064 52560.59653421 20.84 294.837918  -2.919165 20.357
 11    33.292 52595.59653601 42.54 294.840553  -2.882212 22.431
 11    33.296 52595.59653666 45.52 294.839823  -2.885522 22.431
 11    33.278 52595.59653730 41.54 294.839103  -2.888822 22.431
 11    33.234 52595.59653795 42.32 294.838373  -2.892132 22.431
 11    33.232 52595.59653859 40.55 294.837643  -2.895432 22.431
 11    33.182 52595.59653924 41.45 294.836913  -2.898742 22.431
 11    33.171 52595.59653988 45.88 294.836193  -2.902042 22.431
 11    33.180 52595.59654053 47.62 294.835463  -2.905352 22.431
 11    33.156 52595.59654117 41.56 294.834733  -2.908652 22.431
 11    33.146 52595.59654182 42.44 294.834013  -2.911962 22.431
 12    35.273 52630.59647439 41.96 294.845053  -2.900886 11.471
 12    35.245 52630.59647504 44.28 294.844320  -2.904188 17.620
 12    35.225 52630.59647568 44.95 294.843600  -2.907498 17.620
 12    35.232 52630.59647632 47.31 294.842870  -2.910798 17.620
 12    35.235 52630.59647697 45.12 294.842140  -2.914108 17.620
 12    35.241 52630.59647761 38.42 294.841410  -2.917408 17.620
 12    35.181 52630.59647826 38.29 294.840680  -2.920718 17.620
 15    36.656 52735.59650783 20.83 294.847352  -2.902943 11.900
 15    36.443 52735.59650847 19.14 294.846622  -2.906253 11.900
 15    36.151 52735.59650912 17.53 294.845892  -2.909553 11.900
 15    36.022 52735.59650976 18.45 294.845172  -2.912863 11.900
 15    36.265 52735.59651041 18.47 294.844442  -2.916163 11.900
 15    36.464 52735.59651105 19.73 294.843712  -2.919473 11.900
 15    36.629 52735.59651170 21.28 294.842992  -2.922773 11.900
 15    36.427 52735.59651234 23.79 294.842262  -2.926083 11.900
 17    39.332 52805.59653056 46.68 294.842449  -2.896705 21.885
 17    39.393 52805.59653121 47.47 294.841719  -2.900005 21.885
 17    39.270 52805.59653185 44.46 294.840999  -2.903315 21.885
 17    39.197 52805.59653250 44.86 294.840264  -2.906616 26.239
 17    39.201 52805.59653314 43.72 294.839544  -2.909926 26.239
 17    39.188 52805.59653379 39.73 294.838814  -2.913226 26.239
 17    39.243 52805.59653443 39.90 294.838084  -2.916536 26.239
 18    39.186 52840.59659133 40.09 294.844847  -2.897561 20.886
 18    39.159 52840.59659197 36.57 294.844117  -2.900861 20.886
 18    39.187 52840.59659262 35.32 294.843387  -2.904171 20.886
 18    38.953 52840.59659326 33.54 294.842657  -2.907471 20.886
 18    38.774 52840.59659391 32.17 294.841937  -2.910781 20.886
 18    38.707 52840.59659455 32.43 294.841204  -2.914082 17.149
 18    38.945 52840.59659520 31.80 294.840474  -2.917392 17.149
 18    39.044 52840.59659584 32.26 294.839754  -2.920692 17.149
 19    36.315 52875.59663021 23.44 294.843833  -2.896527 11.097
 19    36.159 52875.59663085 21.11 294.843103  -2.899837 11.097
 19    35.537 52875.59663150 20.91 294.842373  -2.903137 11.097
 19    35.298 52875.59663214 20.69 294.841643  -2.906447 11.097
 19    35.197 52875.59663279 21.32 294.840923  -2.909747 11.097
 19    35.342 52875.59663343 22.97 294.840193  -2.913057 11.097
 19    35.451 52875.59663408 25.94 294.839461  -2.916359 25.325
 19    35.453 52875.59663472 28.31 294.838741  -2.919669 25.325
 20    30.608 52910.59660001 42.82 294.848991  -2.905641 11.335
 20    30.450 52910.59660065 41.95 294.848261  -2.908941 11.335
 20    30.527 52910.59660130 38.61 294.847531  -2.912251 11.335
 20    30.407 52910.59660194 31.71 294.846811  -2.915551 11.335
 20    30.524 52910.59660259 24.54 294.846081  -2.918861 11.335
 20    30.469 52910.59660323 23.56 294.845351  -2.922161 11.335
 20    30.535 52910.59660388 26.68 294.844631  -2.925471 11.335
 21    31.314 52945.59654527 22.56 294.848334  -2.904156 17.221
 21    31.277 52945.59654592 21.81 294.847604  -2.907466 17.221
 21    31.197 52945.59654656 18.11 294.846874  -2.910766 17.221
 21    30.979 52945.59654721 18.72 294.846154  -2.914076 17.221
 21    30.740 52945.59654785 17.17 294.845418  -2.917376 14.013
 21    34.602 52945.59654849 13.03 294.844698  -2.920686 14.013
 21    34.619 52945.59654914 18.84 294.843968  -2.923986 14.013
 23    34.433 53015.59658640 19.67 294.842856  -2.896603 20.887
 23    34.536 53015.59658705 19.07 294.842126  -2.899903 20.887
 23    34.601 53015.59658769 18.28 294.841396  -2.903213 20.887
 23    34.525 53015.59658834 20.09 294.840676  -2.906513 20.887
 23    34.722 53015.59658898 20.41 294.839946  -2.909823 20.887
 23    34.835 53015.59658963 20.62 294.839216  -2.913123 20.887
 23    34.850 53015.59659027 21.50 294.838486  -2.916433 20.887
 23    35.202 53015.59659091 23.30 294.837766  -2.919733 20.887
 24    34.015 53050.59656239 19.29 294.845270  -2.898618 11.237
 24    33.053 53050.59656303 19.47 294.844540  -2.901918 11.237
 24    32.113 53050.59656368 20.40 294.843810  -2.905228 11.237
 24    31.889 53050.59656432 19.16 294.843080  -2.908528 11.237
 24    31.808 53050.59656497 17.88 294.842360  -2.911838 11.237
 24    31.997 53050.59656561 15.50 294.841630  -2.915138 11.237
 24    31.895 53050.59656626 15.17 294.840900  -2.918448 11.237
 24    35.214 53050.59656690 15.86 294.840170  -2.921748 11.237
 25    34.488 53085.59659517 38.65 294.840372  -2.879859 16.026
 25    34.485 53085.59659582 38.88 294.839652  -2.883169 16.026
 25    34.385 53085.59659646 36.01 294.838922  -2.886469 16.026
 25    34.319 53085.59659711 29.99 294.838192  -2.889779 16.026
 25    34.157 53085.59659775 25.65 294.837472  -2.893079 16.026
 25    33.983 53085.59659840 25.15 294.836742  -2.896389 16.026
 25    33.861 53085.59659904 24.13 294.836012  -2.899689 16.026
 25    33.882 53085.59659969 22.82 294.835282  -2.902999 16.026
 25    34.209 53085.59660033 21.40 294.834562  -2.906299 16.026
 25    34.437 53085.59660098 27.94 294.833832  -2.909609 16.026
 26    36.821 53120.59656785 39.56 294.842210  -2.895759 18.931
 26    36.781 53120.59656849 40.37 294.841480  -2.899069 18.931
 26    36.780 53120.59656914 42.04 294.840750  -2.902369 18.931
 26    36.773 53120.59656978 44.29 294.840020  -2.905679 18.931
 26    36.725 53120.59657043 45.03 294.839300  -2.908979 18.931
 26    36.655 53120.59657107 41.66 294.838570  -2.912289 18.931
 26    36.678 53120.59657172 45.21 294.837840  -2.915589 18.931
 27    36.932 53155.59662005 22.60 294.840086  -2.887609  5.044
 27    36.706 53155.59662070 21.98 294.839356  -2.890919  5.044
 27    36.580 53155.59662134 21.94 294.838626  -2.894219  5.044
 27    36.550 53155.59662199 21.83 294.837896  -2.897529  5.044
 27    36.453 53155.59662263 22.14 294.837176  -2.900829  5.044
 27    36.727 53155.59662327 21.92 294.836446  -2.904139  5.044
 27    36.932 53155.59662392 22.90 294.835716  -2.907439  5.044
 27    37.144 53155.59662456 29.12 294.834986  -2.910749  5.044
 28    36.883 53190.59661386 51.71 294.848380  -2.903612 22.031
 28    36.852 53190.59661450 50.75 294.847650  -2.906922 22.031
 28    36.900 53190.59661515 43.39 294.846930  -2.910222 22.031
 28    36.646 53190.59661579 42.62 294.846200  -2.913532 22.031
 28    36.640 53190.59661644 39.63 294.845471  -2.916833 18.432
 28    36.618 53190.59661708 40.03 294.844741  -2.920143 18.432
 28    36.813 53190.59661773 44.53 294.844021  -2.923443 18.432
 28    36.811 53190.59661837 47.90 294.843291  -2.926753 18.432
 29    36.433 53225.59662104 22.75 294.846609  -2.900120 17.156
 29    36.329 53225.59662168 18.11 294.845889  -2.903420 17.156
 29    35.884 53225.59662233 17.63 294.845159  -2.906730 17.156
 29    35.541 53225.59662297 16.74 294.844429  -2.910030 17.156
 29    35.854 53225.59662362 15.86 294.843699  -2.913340 17.156
 29    35.801 53225.59662426 16.19 294.842979  -2.916640 17.156
 29    35.977 53225.59662491 18.04 294.842249  -2.919950 17.156
 29    36.079 53225.59662555 22.13 294.841519  -2.923250 17.156
 30    36.547 53260.59659387 14.56 294.841993  -2.891747 12.942
 30    35.585 53260.59659452 15.91 294.841273  -2.895057 12.942
 30    34.169 53260.59659516 15.98 294.840543  -2.898357 12.942
 30    32.863 53260.59659580 16.43 294.839813  -2.901667 12.942
 30    32.253 53260.59659645 16.42 294.839093  -2.904967 12.942
 30    32.307 53260.59659709 16.39 294.838363  -2.908277 12.942
 30    34.223 53260.59659774 14.81 294.837633  -2.911577 12.942
 30    34.533 53260.59659838 14.78 294.836913  -2.914887 12.942
 31    32.055 53295.59662060 18.23 294.840887  -2.873013 22.161
 31    31.951 53295.59662124 14.96 294.840167  -2.876313 22.161
 31    35.524 53295.59662189 15.32 294.839437  -2.879623 22.161
 31    35.724 53295.59662253 16.57 294.838705  -2.882925 10.253
 31    31.627 53295.59662318 17.68 294.837975  -2.886235 10.253
 31    31.620 53295.59662382 18.59 294.837255  -2.889535 10.253
 31    31.224 53295.59662447 21.05 294.836525  -2.892845 10.253
 31    31.432 53295.59662511 20.76 294.835795  -2.896145 10.253
 31    31.370 53295.59662575 21.68 294.835065  -2.899455 10.253
 31    31.661 53295.59662640 20.78 294.834345  -2.902755 10.253
 31    31.768 53295.59662704 24.67 294.833615  -2.906065 10.253
 31    31.825 53295.59662769 29.05 294.832885  -2.909365 10.253
 32    34.146 53330.59659813 13.62 294.844711  -2.898578 16.823
 32    33.471 53330.59659877 12.27 294.843981  -2.901888 16.823
 32    32.577 53330.59659942 15.99 294.843261  -2.905188 16.823
 32    32.521 53330.59660006 13.82 294.842531  -2.908498 16.823
 32    32.464 53330.59660070 13.43 294.841801  -2.911798 16.823
 32    32.534 53330.59660135 12.84 294.841071  -2.915108 16.823
 32    34.661 53330.59660199 12.40 294.840351  -2.918408 16.823
 32    34.960 53330.59660264 17.35 294.839621  -2.921718 16.823
 33    34.390 53365.59654706 15.30 294.847080  -2.900496 11.879
 33    34.538 53365.59654771 14.78 294.846350  -2.903796 11.879
 33    34.479 53365.59654835 13.69 294.845620  -2.907106 11.879
 33    34.399 53365.59654900 14.73 294.844890  -2.910406 11.879
 33    34.369 53365.59654964 13.92 294.844170  -2.913716 11.879
 33    34.405 53365.59655029 13.13 294.843440  -2.917016 11.879
 33    34.820 53365.59655093 13.49 294.842710  -2.920326 11.879
 33    34.913 53365.59655158 16.70 294.841990  -2.923626 11.879
 34    34.121 53400.59657193 46.43 294.843686  -2.896067 30.342
 34    34.114 53400.59657257 48.19 294.842956  -2.899367 30.342
 34    34.024 53400.59657322 50.98 294.842226  -2.902677 30.342
 34    33.958 53400.59657386 49.67 294.841506  -2.905977 30.342
 34    33.960 53400.59657451 51.91 294.840776  -2.909287 30.342
 34    33.944 53400.59657515 52.24 294.840046  -2.912587 30.342
 34    33.896 53400.59657579 47.58 294.839316  -2.915897 30.342
 34    33.902 53400.59657644 44.74 294.838596  -2.919197 30.342
 35    35.696 53435.59656264 20.00 294.845688  -2.900876 10.666
 35    35.675 53435.59656329 19.90 294.844958  -2.904186 10.666
 35    35.538 53435.59656393 20.54 294.844238  -2.907486 10.666
 35    35.391 53435.59656457 22.73 294.843508  -2.910796 10.666
 35    35.404 53435.59656522 21.41 294.842778  -2.914096 10.666
 35    35.576 53435.59656586 21.00 294.842048  -2.917406 10.666
 35    35.791 53435.59656651 24.30 294.841328  -2.920706 10.666
 35    35.850 53435.59656715 24.92 294.840598  -2.924016 10.666
 36    37.011 53470.59660819 46.39 294.842321  -2.892943 22.680
 36    36.886 53470.59660883 43.88 294.841591  -2.896253 22.680
 36    36.676 53470.59660948 39.69 294.840871  -2.899553 22.680
 36    36.495 53470.59661012 36.92 294.840141  -2.902863 22.680
 36    36.324 53470.59661076 36.63 294.839411  -2.906163 22.680
 36    36.463 53470.59661141 33.09 294.838681  -2.909473 22.680
 36    36.347 53470.59661205 32.52 294.837961  -2.912773 22.680
 36    36.347 53470.59661270 30.83 294.837231  -2.916083 22.680
 37    38.401 53505.59664541 48.29 294.841682  -2.892452 15.995
 37    38.347 53505.59664605 48.73 294.840952  -2.895752 15.995
 37    38.342 53505.59664669 48.96 294.840222  -2.899062 15.995
 37    38.318 53505.59664734 49.09 294.839494  -2.902365 19.050
 37    38.289 53505.59664798 50.15 294.838764  -2.905675 19.050
 37    38.171 53505.59664863 44.54 294.838044  -2.908975 19.050
 37    38.171 53505.59664927 44.32 294.837314  -2.912285 19.050
 37    38.188 53505.59664992 42.63 294.836584  -2.915585 19.050
 38    37.663 53540.59664829 23.48 294.842177  -2.895988 22.801
 38    37.651 53540.59664893 22.08 294.841447  -2.899298 22.801
 38    37.374 53540.59664958 22.22 294.840727  -2.902598 22.801
 38    37.378 53540.59665022 22.23 294.839997  -2.905908 22.801
 38    37.580 53540.59665087 21.97 294.839267  -2.909208 22.801
 38    37.786 53540.59665151 21.21 294.838537  -2.912518 22.801
 38    37.639 53540.59665216 21.90 294.837817  -2.915818 22.801
 39    34.657 53575.59664082 43.39 294.842354  -2.893695 25.558
 39    34.768 53575.59664147 43.91 294.841634  -2.896995 25.558
 39    34.646 53575.59664211 43.16 294.840904  -2.900305 25.558
 39    34.667 53575.59664276 42.09 294.840174  -2.903605 25.558
 39    34.778 53575.59664340 42.08 294.839444  -2.906915 25.558
 39    34.616 53575.59664404 43.91 294.838724  -2.910215 25.558
 39    34.639 53575.59664469 43.02 294.837994  -2.913525 25.558
 39    34.715 53575.59664533 41.95 294.837264  -2.916825 25.558
 40    28.556 53610.59659205 42.36 294.842888  -2.895983 29.442
 40    28.477 53610.59659270 38.38 294.842168  -2.899293 29.442
 40    28.491 53610.59659334 41.24 294.841438  -2.902593 29.442
 40    28.501 53610.59659398 42.74 294.840708  -2.905903 29.442
 40    28.421 53610.59659463 36.79 294.839978  -2.909203 29.442
 40    28.361 53610.59659527 42.77 294.839258  -2.912513 29.442
 40    28.359 53610.59659592 43.52 294.838528  -2.915813 29.442
 40    28.345 53610.59659656 42.73 294.837798  -2.919123 29.442
 41    26.875 53645.59659598 43.21 294.844233  -2.897458 21.562
 41    26.805 53645.59659662 48.94 294.843503  -2.900758 21.562
 41    26.792 53645.59659727 46.21 294.842783  -2.904068 21.562
 41    26.830 53645.59659791 42.97 294.842053  -2.907368 21.562
 41    26.824 53645.59659855 40.20 294.841323  -2.910678 21.562
 41    26.779 53645.59659920 36.30 294.840593  -2.913978 21.562
 41    26.595 53645.59659984 32.16 294.839863  -2.917288 21.562
 41    26.594 53645.59660049 29.25 294.839143  -2.920588 21.562
 42    30.363 53680.59661110 48.00 294.841048  -2.887046 17.096
 42    30.273 53680.59661175 49.49 294.840322  -2.890348 24.294
 42    30.205 53680.59661239 45.30 294.839592  -2.893658 24.294
 42    30.195 53680.59661304 42.33 294.838862  -2.896958 24.294
 42    30.142 53680.59661368 39.15 294.838142  -2.900268 24.294
 42    29.899 53680.59661433 35.27 294.837412  -2.903568 24.294
 42    29.995 53680.59661497 33.21 294.836682  -2.906878 24.294
 42    30.272 53680.59661562 38.58 294.835952  -2.910178 24.294
 42    30.192 53680.59661626 44.14 294.835232  -2.913488 24.294
 43    31.545 53715.59654127 36.34 294.847133  -2.900420 21.737
 43    31.446 53715.59654192 41.41 294.846403  -2.903720 21.737
 43    31.417 53715.59654256 41.63 294.845673  -2.907030 21.737
 43    31.373 53715.59654321 40.95 294.844943  -2.910330 21.737
 43    31.350 53715.59654385 39.05 294.844223  -2.913640 21.737
 43    31.218 53715.59654450 31.17 294.843493  -2.916940 21.737
 43    31.092 53715.59654514 27.11 294.842763  -2.920250 21.737
 43    31.475 53715.59654579 32.01 294.842043  -2.923550 21.737
 44    33.318 53750.59645904 15.99 294.847923  -2.904515 12.602
 44    33.071 53750.59645969 16.19 294.847193  -2.907815 12.602
 44    32.901 53750.59646033 17.61 294.846463  -2.911125 12.602
 44    32.824 53750.59646098 16.02 294.845733  -2.914425 12.602
 44    32.661 53750.59646162 14.94 294.845003  -2.917735 12.602
 44    32.969 53750.59646226 14.01 294.844283  -2.921035 12.602
 44    34.858 53750.59646291 14.08 294.843553  -2.924345 12.602
 45    36.023 53785.59648875 45.28 294.847454  -2.901172 17.735
 45    36.107 53785.59648940 40.95 294.846724  -2.904482 17.735
 45    35.916 53785.59649004 41.17 294.846004  -2.907782 17.735
 45    35.927 53785.59649069 41.41 294.845274  -2.911092 17.735
 45    36.014 53785.59649133 42.34 294.844544  -2.914392 17.735
 45    36.060 53785.59649198 41.33 294.843814  -2.917702 17.735
 45    36.071 53785.59649262 40.24 294.843094  -2.921002 17.735
 45    36.025 53785.59649327 38.26 294.842364  -2.924312 17.735
 46    36.712 53820.59644656 43.06 294.847197  -2.900791 10.018
 46    36.784 53820.59644721 43.40 294.846467  -2.904091 10.018
 46    36.613 53820.59644785 43.90 294.845747  -2.907396 19.211
 46    36.648 53820.59644850 41.43 294.845017  -2.910706 19.211
 46    36.700 53820.59644914 44.26 294.844287  -2.914006 19.211
 46    36.712 53820.59644979 40.87 294.843557  -2.917316 19.211
 46    36.595 53820.59645043 35.48 294.842837  -2.920616 19.211
 46    36.551 53820.59645107 37.75 294.842107  -2.923926 19.211
 47    37.898 53855.59653041 38.39 294.841241  -2.891419 14.812
 47    37.869 53855.59653105 35.20 294.840511  -2.894729 14.812
 47    37.861 53855.59653170 40.11 294.839779  -2.898031 29.869
 47    37.873 53855.59653234 41.37 294.839059  -2.901341 29.869
 47    37.846 53855.59653299 38.72 294.838329  -2.904641 29.869
 47    37.745 53855.59653363 34.00 294.837599  -2.907951 29.869
 47    37.631 53855.59653428 33.89 294.836869  -2.911251 29.869
 47    37.801 53855.59653492 42.14 294.836149  -2.914561 29.869
 48    38.657 53890.59654329 47.02 294.848642  -2.905070 16.259
 48    38.704 53890.59654393 40.04 294.847912  -2.908370 16.259
 48    38.652 53890.59654458 36.62 294.847182  -2.911680 16.259
 48    38.439 53890.59654522 35.67 294.846462  -2.914980 16.259
 48    38.060 53890.59654586 33.66 294.845732  -2.918290 16.259
 48    38.000 53890.59654651 33.69 294.845002  -2.921590 16.259
 48    38.172 53890.59654715 32.08 294.844272  -2.924900 16.259
 49    36.167 53925.59659110 50.50 294.850953  -2.820178 42.964
 49    36.034 53925.59659174 53.79 294.850223  -2.823488 42.964
 49    35.991 53925.59659239 52.21 294.849503  -2.826788 42.964
 49    35.980 53925.59659303 52.68 294.848773  -2.830098 42.964
 49    35.973 53925.59659561 47.84 294.845865  -2.843320 50.159
 49    35.979 53925.59659626 53.90 294.845135  -2.846620 50.159
 49    35.991 53925.59659690 54.27 294.844405  -2.849930 50.159
 49    36.000 53925.59659755 52.51 294.843685  -2.853230 50.159
 49    36.007 53925.59659819 52.62 294.842955  -2.856540 50.159
 49    36.016 53925.59659884 52.52 294.842225  -2.859840 50.159
 49    36.016 53925.59659948 50.91 294.841495  -2.863150 50.159
 49    36.022 53925.59660012 52.10 294.840775  -2.866450 50.159
 49    36.022 53925.59660077 52.17 294.840045  -2.869760 50.159
 49    36.013 53925.59660141 50.91 294.839315  -2.873060 50.159
 49    35.886 53925.59660206 52.20 294.838585  -2.876370 50.159
 49    35.871 53925.59660270 52.96 294.837865  -2.879670 50.159
 49    35.866 53925.59660335 51.76 294.837135  -2.882980 50.159
 49    35.851 53925.59660399 53.94 294.836405  -2.886280 50.159
 49    35.851 53925.59660464 51.56 294.835675  -2.889590 50.159
 49    35.849 53925.59660528 49.39 294.834955  -2.892890 50.159
 49    35.838 53925.59660593 49.93 294.834225  -2.896200 50.159
 49    35.817 53925.59660657 45.56 294.833495  -2.899502 18.596
 49    35.816 53925.59660722 43.98 294.832765  -2.902812 18.596
 49    35.822 53925.59660786 41.96 294.832045  -2.906112 18.596
 50    31.401 53960.59659201 34.13 294.839876  -2.886546 12.939
 50    31.398 53960.59659265 32.18 294.839146  -2.889846 12.939
 50    31.304 53960.59659330 39.06 294.838426  -2.893156 12.939
 50    31.335 53960.59659394 35.07 294.837696  -2.896456 12.939
 50    31.090 53960.59659459 30.64 294.836966  -2.899766 12.939
 50    31.157 53960.59659523 29.61 294.836241  -2.903068 18.270
 50    31.201 53960.59659588 31.50 294.835511  -2.906378 18.270
 50    31.328 53960.59659652 39.63 294.834781  -2.909678 18.270
 51    28.502 53995.59653144 43.26 294.845964  -2.900259 26.820
 51    28.539 53995.59653208 46.09 294.845234  -2.903559 26.820
 51    28.562 53995.59653273 45.85 294.844504  -2.906869 26.820
 51    28.583 53995.59653337 43.95 294.843774  -2.910169 26.820
 51    28.422 53995.59653402 37.91 294.843054  -2.913479 26.820
 51    28.368 53995.59653466 33.54 294.842324  -2.916779 26.820
 51    28.503 53995.59653531 43.40 294.841594  -2.920089 26.820
 51    28.385 53995.59653595 43.75 294.840864  -2.923389 26.820
 52    29.547 54030.59658754 30.73 294.845431  -2.901370 11.094
 52    29.441 54030.59658818 25.48 294.844701  -2.904680 11.094
 52    29.368 54030.59658883 21.34 294.843981  -2.907980 11.094
 52    29.345 54030.59658947 19.74 294.843251  -2.911290 11.094
 52    29.324 54030.59659012 18.72 294.842521  -2.914590 11.094
 52    29.162 54030.59659076 17.60 294.841791  -2.917900 11.094
 52    34.849 54030.59659141 16.93 294.841071  -2.921200 11.094
 54    34.656 54100.59654448 49.72 294.843898  -2.899426 12.152
 54    34.598 54100.59654513 45.61 294.843168  -2.902736 12.152
 54    34.522 54100.59654577 48.71 294.842444  -2.906041 22.568
 54    34.527 54100.59654642 50.00 294.841714  -2.909351 22.568
 54    34.653 54100.59654706 49.52 294.840984  -2.912651 22.568
 54    34.581 54100.59654771 42.40 294.840264  -2.915961 22.568
 54    34.559 54100.59654835 46.46 294.839534  -2.919261 22.568
 55    36.483 54135.59650663 51.50 294.843898  -2.898321 27.331
 55    36.253 54135.59650728 47.58 294.843178  -2.901631 27.331
 55    36.276 54135.59650792 48.30 294.842448  -2.904931 27.331
 55    36.277 54135.59650857 51.05 294.841718  -2.908241 27.331
 55    36.293 54135.59650921 49.70 294.840988  -2.911541 27.331
 55    36.323 54135.59650986 43.33 294.840268  -2.914851 27.331
 55    36.341 54135.59651050 47.15 294.839538  -2.918151 27.331
 55    36.360 54135.59651114 42.35 294.838808  -2.921461 27.331
 57    36.818 54205.59651093 29.44 294.843300  -2.896707 13.423
 57    36.758 54205.59651158 27.28 294.842570  -2.900017 13.423
 57    36.568 54205.59651222 27.15 294.841850  -2.903317 13.423
 57    36.379 54205.59651287 29.67 294.841120  -2.906627 13.423
 57    36.308 54205.59651351 29.39 294.840390  -2.909927 13.423
 57    36.360 54205.59651416 28.14 294.839660  -2.913237 13.423
 57    36.046 54205.59651480 28.65 294.838940  -2.916537 13.423
 57    36.428 54205.59651545 28.40 294.838210  -2.919847 13.423
 58    38.160 54240.59654456 26.78 294.844837  -2.898553 18.230
 58    38.035 54240.59654521 22.96 294.844107  -2.901853 18.230
 58    37.731 54240.59654585 23.39 294.843377  -2.905163 18.230
 58    37.439 54240.59654650 23.15 294.842657  -2.908463 18.230
 58    37.503 54240.59654714 21.49 294.841927  -2.911773 18.230
 58    37.502 54240.59654779 22.35 294.841197  -2.915073 18.230
 58    37.774 54240.59654843 22.89 294.840467  -2.918383 18.230
 58    37.897 54240.59654908 27.63 294.839747  -2.921683 18.230
 59    38.216 54275.59656056 51.14 294.844781  -2.897538 21.826
 59    38.213 54275.59656120 50.04 294.844051  -2.900838 21.826
 59    38.301 54275.59656185 48.27 294.843321  -2.904148 21.826
 59    38.328 54275.59656249 50.01 294.842601  -2.907448 21.826
 59    38.170 54275.59656314 46.61 294.841871  -2.910758 21.826
 59    38.157 54275.59656378 45.52 294.841141  -2.914058 21.826
 59    38.169 54275.59656443 37.25 294.840411  -2.917368 21.826
 59    38.035 54275.59656507 35.27 294.839691  -2.920668 21.826
 61    29.234 54345.59653738 38.12 294.844894  -2.901451 13.692
 61    29.220 54345.59653802 35.60 294.844164  -2.904751 13.692
 61    29.171 54345.59653867 40.41 294.843434  -2.908061 13.692
 61    29.175 54345.59653931 40.59 294.842714  -2.911361 13.692
 61    29.188 54345.59653996 38.91 294.841984  -2.914671 13.692
 61    29.142 54345.59654060 38.71 294.841254  -2.917971 13.692
 61    29.098 54345.59654124 39.10 294.840534  -2.921281 13.692
 62    28.279 54380.59649857 35.36 294.844214  -2.898717  9.728
 62    28.179 54380.59649922 32.63 294.843494  -2.902017  9.728
 62    28.363 54380.59649986 32.33 294.842764  -2.905327  9.728
 62    28.387 54380.59650051 30.67 294.842034  -2.908627  9.728
 62    28.229 54380.59650115 29.62 294.841304  -2.911937  9.728
 62    28.032 54380.59650179 28.02 294.840584  -2.915237  9.728
 62    28.234 54380.59650244 28.59 294.839854  -2.918547  9.728
 62    35.006 54380.59650308 26.07 294.839124  -2.921847  9.728
 63    31.810 54415.59648592 55.08 294.843989  -2.899079 22.293
 63    31.804 54415.59648656 44.31 294.843259  -2.902379 22.293
 63    31.817 54415.59648721 41.24 294.842539  -2.905689 22.293
 63    31.751 54415.59648785 32.93 294.841809  -2.908989 22.293
 63    31.673 54415.59648850 29.03 294.841079  -2.912299 22.293
 63    31.646 54415.59648914 28.36 294.840359  -2.915599 22.293
 63    31.688 54415.59648979 35.08 294.839629  -2.918909 22.293
 64    33.991 54450.59646655 47.21 294.843740  -2.898419 24.387
 64    34.003 54450.59646719 44.96 294.843010  -2.901729 24.387
 64    33.979 54450.59646784 47.59 294.842280  -2.905029 24.387
 64    33.959 54450.59646848 45.39 294.841550  -2.908339 24.387
 64    33.864 54450.59646913 36.77 294.840830  -2.911639 24.387
 64    33.597 54450.59646977 36.03 294.840100  -2.914949 24.387
 64    33.977 54450.59647042 35.29 294.839370  -2.918249 24.387
 64    34.012 54450.59647106 34.98 294.838640  -2.921559 24.387
 65    35.380 54485.59648195 37.21 294.845227  -2.901354 11.897
 65    35.403 54485.59648260 36.37 294.844507  -2.904664 11.897
 65    35.509 54485.59648324 38.70 294.843777  -2.907964 11.897
 65    35.684 54485.59648389 42.57 294.843047  -2.911274 11.897
 65    35.642 54485.59648453 45.23 294.842318  -2.914576 16.396
 65    35.531 54485.59648517 38.21 294.841588  -2.917886 16.396
 65    35.532 54485.59648582 39.16 294.840868  -2.921186 16.396
 66    35.827 54520.59648029 20.96 294.844834  -2.900036  8.801
 66    35.725 54520.59648094 20.51 294.844104  -2.903346  8.801
 66    35.619 54520.59648158 20.37 294.843374  -2.906646  8.801
 66    35.313 54520.59648223 21.74 294.842654  -2.909956  8.801
 66    35.346 54520.59648287 20.01 294.841922  -2.913257 18.931
 66    35.171 54520.59648352 21.56 294.841192  -2.916567 18.931
 66    35.531 54520.59648416 20.45 294.840472  -2.919867 18.931
 67    38.902 54555.59649187 20.41 294.844457  -2.897687  9.952
 67    36.932 54555.59649252 19.61 294.843737  -2.900997  9.952
 67    36.772 54555.59649316 20.36 294.843007  -2.904297  9.952
 67    36.624 54555.59649381 21.59 294.842277  -2.907607  9.952
 67    36.493 54555.59649445 20.85 294.841547  -2.910907  9.952
 67    36.638 54555.59649510 20.30 294.840827  -2.914217  9.952
 67    36.623 54555.59649574 21.05 294.840097  -2.917517  9.952
 67    36.855 54555.59649639 21.68 294.839367  -2.920827  9.952
 68    37.523 54590.59647529 22.35 294.844127  -2.897080 14.890
 68    37.626 54590.59647593 21.58 294.843397  -2.900390 14.890
 68    37.200 54590.59647658 21.23 294.842667  -2.903690 14.890
 68    36.946 54590.59647722 20.18 294.841937  -2.907000 14.890
 68    36.880 54590.59647787 20.47 294.841217  -2.910300 14.890
 68    36.735 54590.59647851 20.91 294.840487  -2.913610 14.890
 68    37.144 54590.59647915 20.94 294.839757  -2.916911 24.094
 68    37.481 54590.59647980 23.77 294.839027  -2.920221 24.094
 69    38.261 54625.59649282 48.40 294.843629  -2.900224 16.811
 69    38.344 54625.59649346 47.53 294.842899  -2.903524 16.811
 69    38.397 54625.59649411 46.21 294.842179  -2.906834 16.811
 69    38.325 54625.59649475 45.58 294.841449  -2.910134 16.811
 69    38.239 54625.59649540 47.40 294.840719  -2.913444 16.811
 69    38.168 54625.59649604 43.79 294.839992  -2.916744 15.195
 69    38.196 54625.59649669 41.19 294.839262  -2.920054 15.195
 70    36.990 54660.59649988 39.75 294.842739  -2.895537 12.639
 70    36.995 54660.59650052 34.49 294.842019  -2.898837 12.639
 70    36.956 54660.59650117 34.04 294.841289  -2.902147 12.639
 70    36.853 54660.59650181 34.76 294.840559  -2.905447 12.639
 70    36.679 54660.59650246 34.26 294.839829  -2.908757 12.639
 70    36.742 54660.59650310 34.12 294.839109  -2.912057 12.639
 70    37.020 54660.59650375 34.72 294.838379  -2.915367 12.639
 70    36.983 54660.59650439 36.77 294.837650  -2.918670 19.954
 71    33.428 54695.59647828 46.03 294.845315  -2.898543 17.765
 71    33.291 54695.59647893 43.56 294.844585  -2.901843 17.765
 71    33.356 54695.59647957 42.62 294.843865  -2.905153 17.765
 71    33.339 54695.59648022 42.73 294.843135  -2.908453 17.765
 71    33.352 54695.59648086 43.71 294.842405  -2.911763 17.765
 71    33.301 54695.59648151 46.04 294.841675  -2.915063 17.765
 71    33.216 54695.59648215 42.00 294.840955  -2.918373 17.765
 71    33.189 54695.59648280 44.15 294.840225  -2.921673 17.765
 72    29.273 54730.59645622 28.01 294.843848  -2.900201  7.299
 72    29.232 54730.59645687 27.08 294.843118  -2.903501  7.299
 72    29.029 54730.59645751 27.79 294.842388  -2.906811  7.299
 72    28.958 54730.59645816 27.41 294.841658  -2.910111  7.299
 72    28.847 54730.59645880 27.95 294.840938  -2.913421  7.299
 72    28.521 54730.59645945 28.32 294.840206  -2.916721 17.677
 72    28.733 54730.59646009 25.96 294.839486  -2.920031 17.677
 73    30.392 54765.59645733 22.51 294.844289  -2.897529  8.604
 73    30.177 54765.59645798 22.72 294.843569  -2.900829  8.604
 73    30.013 54765.59645862 22.14 294.842839  -2.904139  8.604
 73    30.037 54765.59645927 23.21 294.842109  -2.907439  8.604
 73    30.055 54765.59645991 22.41 294.841379  -2.910749  8.604
 73    30.120 54765.59646056 22.83 294.840659  -2.914049  8.604
 73    30.295 54765.59646120 23.75 294.839929  -2.917359  8.604
 73    30.237 54765.59646185 26.02 294.839200  -2.920661 14.061
 74    34.177 54800.59644917 14.14 294.843351  -2.896680 12.046
 74    33.652 54800.59644981 14.11 294.842621  -2.899980 12.046
 74    32.322 54800.59645046 15.57 294.841891  -2.903290 12.046
 74    32.238 54800.59645110 14.57 294.841161  -2.906590 12.046
 74    32.104 54800.59645175 14.32 294.840441  -2.909900 12.046
 74    32.183 54800.59645239 12.46 294.839708  -2.913202 21.189
 74    32.178 54800.59645304 11.55 294.838988  -2.916512 21.189
 74    35.408 54800.59645368 12.73 294.838258  -2.919812 21.189
 75    34.921 54835.59644870 16.56 294.843913  -2.898903  7.977
 75    33.456 54835.59644934 17.14 294.843193  -2.902203  7.977
 75    32.945 54835.59644999 18.72 294.842463  -2.905513  7.977
 75    32.816 54835.59645063 18.87 294.841733  -2.908813  7.977
 75    32.910 54835.59645127 17.62 294.841003  -2.912123  7.977
 75    32.864 54835.59645192 17.66 294.840283  -2.915423  7.977
 75    33.145 54835.59645256 16.08 294.839553  -2.918733  7.977
 76    36.528 54870.59644766 42.71 294.843992  -2.898757 12.862
 76    36.332 54870.59644831 44.78 294.843262  -2.902057 12.862
 76    36.387 54870.59644895 43.81 294.842542  -2.905367 12.862
 76    36.480 54870.59644960 46.25 294.841809  -2.908667 18.015
 76    36.450 54870.59645024 46.97 294.841079  -2.911977 18.015
 76    36.424 54870.59645088 44.42 294.840359  -2.915277 18.015
 76    36.361 54870.59645153 43.36 294.839629  -2.918587 18.015
 76    36.250 54870.59645217 37.18 294.838899  -2.921887 18.015
 77    37.168 54905.59645665 22.62 294.843115  -2.895069 10.616
 77    37.267 54905.59645730 20.94 294.842395  -2.898379 10.616
 77    37.215 54905.59645794 21.42 294.841665  -2.901679 10.616
 77    36.821 54905.59645859 21.49 294.840935  -2.904989 10.616
 77    37.106 54905.59645923 20.76 294.840205  -2.908289 10.616
 77    37.228 54905.59645988 19.80 294.839485  -2.911599 10.616
 77    37.274 54905.59646052 20.20 294.838755  -2.914899 10.616
 77    37.427 54905.59646117 21.15 294.838025  -2.918209 10.616
 78    38.852 54940.59643886 26.72 294.843360  -2.899813 22.376
 78    38.714 54940.59643950 22.24 294.842630  -2.903123 22.376
 78    38.346 54940.59644015 23.49 294.841910  -2.906423 22.376
 78    38.387 54940.59644079 22.28 294.841180  -2.909733 22.376
 78    38.407 54940.59644144 24.55 294.840450  -2.913033 22.376
 78    38.048 54940.59644208 32.02 294.839720  -2.916343 22.376
 78    38.581 54940.59644273 31.05 294.839000  -2.919643 22.376
 79    39.541 54975.59646842 28.03 294.843249  -2.898539 29.699
 79    39.323 54975.59646907 26.86 294.842519  -2.901839 29.699
 79    39.191 54975.59646971 26.95 294.841789  -2.905149 29.699
 79    38.906 54975.59647036 26.44 294.841069  -2.908449 29.699
 79    39.201 54975.59647100 26.80 294.840339  -2.911759 29.699
 79    39.266 54975.59647165 28.02 294.839610  -2.915060 30.013
 79    39.463 54975.59647229 30.23 294.838880  -2.918370 30.013
 80    39.722 55010.59647974 28.83 294.843304  -2.898732 28.418
 80    39.493 55010.59648038 26.96 294.842584  -2.902032 28.418
 80    39.206 55010.59648103 28.57 294.841854  -2.905342 28.418
 80    39.098 55010.59648167 29.81 294.841124  -2.908642 28.418
 80    39.489 55010.59648232 26.62 294.840404  -2.911952 28.418
 80    39.614 55010.59648296 28.59 294.839674  -2.915252 28.418
 80    39.860 55010.59648361 29.32 294.838944  -2.918562 28.418
 81    38.578 55045.59647010 50.81 294.844676  -2.898259 21.144
 81    38.648 55045.59647074 47.39 294.843956  -2.901559 21.144
 81    38.718 55045.59647138 49.42 294.843226  -2.904869 21.144
 81    38.672 55045.59647203 51.41 294.842496  -2.908169 21.144
 81    38.607 55045.59647267 50.31 294.841766  -2.911479 21.144
 81    38.522 55045.59647332 48.66 294.841046  -2.914779 21.144
 81    38.490 55045.59647396 39.52 294.840316  -2.918089 21.144
 81    38.532 55045.59647461 41.60 294.839587  -2.921392 14.049
 82    34.125 55080.59644484 40.82 294.844779  -2.898582 14.328
 82    33.873 55080.59644549 37.06 294.844049  -2.901882 14.328
 82    33.943 55080.59644613 36.65 294.843329  -2.905192 14.328
 82    33.861 55080.59644678 37.80 294.842599  -2.908492 14.328
 82    33.900 55080.59644742 41.39 294.841869  -2.911802 14.328
 82    33.879 55080.59644807 39.81 294.841139  -2.915102 14.328
 82    33.904 55080.59644871 38.91 294.840419  -2.918412 14.328
 82    33.934 55080.59644936 37.75 294.839689  -2.921712 14.328
 83    29.520 55115.59640289 35.74 294.844519  -2.898067 13.026
 83    29.545 55115.59640354 37.06 294.843789  -2.901377 13.026
 83    29.535 55115.59640418 34.81 294.843059  -2.904677 13.026
 83    29.418 55115.59640482 35.86 294.842329  -2.907987 13.026
 83    29.561 55115.59640547 38.17 294.841609  -2.911287 13.026
 83    29.453 55115.59640611 37.37 294.840879  -2.914597 13.026
 83    29.488 55115.59640676 43.30 294.840147  -2.917898 14.608
 83    29.500 55115.59640740 40.32 294.839427  -2.921208 14.608
 84    29.167 55150.59640188 41.79 294.843123  -2.898409 15.924
 84    29.104 55150.59640252 39.98 294.842403  -2.901709 15.924
 84    29.001 55150.59640317 40.17 294.841673  -2.905019 15.924
 84    29.002 55150.59640381 39.25 294.840943  -2.908319 15.924
 84    28.967 55150.59640445 40.25 294.840213  -2.911629 15.924
 84    28.966 55150.59640510 46.12 294.839493  -2.914929 15.924
 84    28.949 55150.59640574 43.99 294.838763  -2.918239 15.924
 85    34.251 55185.59638710 15.85 294.843635  -2.897154 13.103
 85    33.282 55185.59638775 16.42 294.842905  -2.900454 13.103
 85    32.903 55185.59638839 18.40 294.842175  -2.903764 13.103
 85    32.849 55185.59638904 18.01 294.841455  -2.907064 13.103
 85    32.826 55185.59638968 17.64 294.840725  -2.910374 13.103
 85    32.690 55185.59639033 18.30 294.839992  -2.913675 18.205
 85    32.797 55185.59639097 16.78 294.839272  -2.916985 18.205
 85    32.803 55185.59639162 16.81 294.838542  -2.920285 18.205
 86    34.356 55220.59640007 42.59 294.843524  -2.897325 21.485
 86    34.268 55220.59640072 41.50 294.842804  -2.900625 21.485
 86    34.187 55220.59640136 41.83 294.842074  -2.903935 21.485
 86    34.136 55220.59640201 36.17 294.841344  -2.907235 21.485
 86    33.971 55220.59640265 32.32 294.840624  -2.910545 21.485
 86    33.952 55220.59640330 28.30 294.839894  -2.913845 21.485
 86    34.203 55220.59640394 30.87 294.839164  -2.917155 21.485
 86    34.156 55220.59640459 30.83 294.838437  -2.920456 22.778
 87    35.396 55255.59638357 18.69 294.845071  -2.898119 11.426
 87    35.048 55255.59638422 15.95 294.844341  -2.901429 11.426
 87    34.808 55255.59638486 16.30 294.843621  -2.904729 11.426
 87    34.714 55255.59638551 16.74 294.842891  -2.908039 11.426
 87    34.685 55255.59638615 17.12 294.842159  -2.911341 18.483
 87    34.728 55255.59638680 16.88 294.841439  -2.914651 18.483
 87    34.995 55255.59638744 18.17 294.840709  -2.917951 18.483
 87    34.974 55255.59638809 16.71 294.839979  -2.921261 18.483
 88    35.799 55290.59638847 28.64 294.843790  -2.898397 12.952
 88    35.575 55290.59638912 19.33 294.843060  -2.901697 12.952
 88    35.444 55290.59638976 19.06 294.842340  -2.905007 12.952
 88    35.273 55290.59639041 18.94 294.841610  -2.908307 12.952
 88    35.404 55290.59639105 17.58 294.840880  -2.911617 12.952
 88    35.640 55290.59639169 18.19 294.840150  -2.914917 12.952
 88    35.628 55290.59639234 19.71 294.839430  -2.918227 12.952
 88    35.719 55290.59639298 19.66 294.838700  -2.921527 12.952
 89    37.687 55325.59636807 33.28 294.843200  -2.894026 10.546
 89    37.623 55325.59636871 29.60 294.842470  -2.897336 10.546
 89    37.352 55325.59636936 30.52 294.841750  -2.900636 10.546
 89    37.320 55325.59637000 32.37 294.841020  -2.903946 10.546
 89    37.314 55325.59637065 32.83 294.840290  -2.907246 10.546
 89    37.258 55325.59637129 32.68 294.839570  -2.910556 10.546
 89    37.319 55325.59637194 32.59 294.838840  -2.913856 10.546
 89    37.732 55325.59637258 33.30 294.838110  -2.917166 10.546
 90    38.147 55360.59636626 28.04 294.843874  -2.896942 15.352
 90    38.039 55360.59636690 21.33 294.843144  -2.900242 15.352
 90    37.590 55360.59636755 22.74 294.842414  -2.903552 15.352
 90    37.528 55360.59636819 22.27 294.841684  -2.906852 15.352
 90    36.072 55360.59636884 28.20 294.840964  -2.910162 15.352
 90    37.644 55360.59636948 26.36 294.840234  -2.913462 15.352
 90    37.897 55360.59637013 26.97 294.839504  -2.916772 15.352
 90    37.894 55360.59637077 31.19 294.838777  -2.920073 24.975
 91    36.493 55395.59637154 16.45 294.843958  -2.897319 16.064
 91    36.257 55395.59637218 14.08 294.843228  -2.900629 16.064
 91    35.764 55395.59637283 14.56 294.842498  -2.903929 16.064
 91    35.391 55395.59637347 13.94 294.841768  -2.907239 16.064
 91    35.188 55395.59637411 13.34 294.841048  -2.910539 16.064
 91    35.235 55395.59637476 13.74 294.840318  -2.913849 16.064
 91    35.277 55395.59637540 14.65 294.839586  -2.917151 22.194
 91    35.514 55395.59637605 16.94 294.838856  -2.920461 22.194
 92    30.473 55430.59638204 30.24 294.844893  -2.901739  6.692
 92    30.222 55430.59638268 30.96 294.844173  -2.905039  6.692
 92    30.128 55430.59638333 31.68 294.843443  -2.908349  6.692
 92    29.971 55430.59638397 34.55 294.842713  -2.911649  6.692
 92    30.087 55430.59638462 32.48 294.841983  -2.914959  6.692
 92    30.271 55430.59638526 31.31 294.841263  -2.918259  6.692
 92    30.293 55430.59638591 31.25 294.840533  -2.921569  6.692
 93    26.858 55465.59634380 45.70 294.845401  -2.901773 19.918
 93    26.806 55465.59634444 47.09 294.844681  -2.905083 19.918
 93    26.699 55465.59634509 43.18 294.843951  -2.908383 19.918
 93    26.724 55465.59634573 42.46 294.843221  -2.911693 19.918
 93    26.756 55465.59634638 43.40 294.842491  -2.914993 19.918
 93    26.718 55465.59634702 46.10 294.841771  -2.918303 19.918
 93    26.758 55465.59634767 45.45 294.841041  -2.921603 19.918
