-133744.814    47.043     0.00    3.54
-133368.626    47.840     2.12    2.80
-132992.436    49.017     3.13    2.85
-132616.245    50.506     3.96    3.01
-132240.052    51.192     1.82    3.15
-131863.858    51.705     1.37    2.90
-131487.662    52.732     2.73    3.08
-131111.465    52.678    -0.14    3.33
-130735.266    53.497     2.18    3.49
-130359.066    53.653     0.41    5.06
-129982.864    52.294    -3.61    5.79
-129606.661    50.948    -3.58    6.26
-129230.456    48.551    -6.37    4.94
-128854.250    46.718    -4.87    3.59
-128478.042    45.140    -4.19    3.27
-128101.832    43.921    -3.24    3.19
-127725.621    42.551    -3.64    3.55
-127349.409    40.469    -5.53    4.06
-126973.195    38.718    -4.66    3.59
-126596.979    38.679    -0.10    3.89
-126220.762    40.074     3.71    4.64
-125844.544    41.781     4.54    4.43
-125468.324    43.705     5.11    3.95
-125092.102    44.705     2.66    3.28
-124715.879    45.002     0.79    3.69
-124339.654    44.636    -0.97    3.71
-123963.428    44.586    -0.13    4.38
-123587.200    45.021     1.15    5.68
-123210.970    45.246     0.60    5.54
-122834.739    45.115    -0.35    5.54
-122458.507    45.350     0.62    4.54
-122082.273    46.269     2.44    4.37
-121706.037    45.246    -2.72    5.08
-121329.800    45.392     0.39    5.55
-120953.561    44.813    -1.54    5.93
-120577.321    43.029    -4.74    6.23
-120201.079    41.867    -3.09    5.29
-119824.836    40.163    -4.53    3.94
-119448.591    39.140    -2.72    3.01
-119072.344    38.371    -2.04    2.88
-118696.096    37.506    -2.30    2.78
-118319.991    36.948    -1.48    2.53
-117944.060    36.300    -1.73    2.77
-117568.128    35.955    -0.92    2.78
-117192.194    35.142    -2.16    3.03
-116816.258    34.165    -2.60    2.86
-116440.321    32.139    -5.39    3.84
-116064.383    29.955    -5.81    3.84
-115688.442    28.730    -3.26    3.69
-115312.500    28.165    -1.50    3.44
-114936.557    28.917     2.00    4.00
-114560.612    30.192     3.39    4.25
-114184.665    30.813     1.65    4.91
-113808.717    31.624     2.16    5.78
-113432.767    32.886     3.36    5.82
-113056.816    33.525     1.70    5.90
-112680.863    34.679     3.07    5.50
-112304.908    36.192     4.02    5.31
-111928.952    35.692    -1.33    5.16
-111552.994    36.867     3.13    4.52
-111177.035    36.624    -0.65    4.27
-110801.074    36.967     0.91    4.31
-110425.111    37.624     1.75    5.36
-110049.147    38.797     3.12    5.20
-109673.181    39.797     2.66    5.43
-109297.214    41.592     4.77    5.42
-108921.245    43.246     4.40    4.83
-108545.274    44.867     4.31    5.92
-108169.302    46.807     5.16    6.32
-107793.328    47.705     2.39    6.05
-107417.353    50.813     8.27    7.20
-107041.375    54.489     9.78    8.30
-106665.397    58.271    10.06    8.07
-106289.416    62.115    10.22    6.60
-105913.434    62.108    -0.02    6.40
-105537.451    60.781    -3.53    6.95
-105161.466    58.323    -6.54    8.94
-104785.479    56.275    -5.45    7.60
-104409.490    57.115     2.23    7.93
-104033.500    60.345     8.59    6.93
-103657.508    61.140     2.11    5.99
-103281.515    61.955     2.17    6.39
-102905.520    59.704    -5.98    7.21
-102529.523    57.608    -5.57    7.26
-102153.525    55.942    -4.43    7.70
-101777.525    53.397    -6.77    6.97
-101401.523    51.963    -3.81    7.05
-101025.520    51.570    -1.05    6.96
-100649.515    54.327     7.33    6.14
-100273.509    56.111     4.74    6.85
 -99897.500    59.297     8.47    5.40
 -99521.491    61.435     5.69    5.50
 -99145.479    62.892     3.87    4.92
 -98769.466    62.448    -1.18    5.24
 -98393.451    61.165    -3.41    5.27
 -98017.435    58.297    -7.63    5.70
 -97641.417    57.192    -2.94    6.12
 -97265.397    55.718    -3.92    6.28
 -96889.375    52.942    -7.38    7.78
 -96513.352    51.397    -4.11    6.69
 -96137.327    50.219    -3.13    4.56
 -95761.301    50.269     0.13    3.72
 -95385.273    50.730     1.23    3.38
 -95009.243    48.363    -6.29    4.27
 -94633.211    47.813    -1.46    4.51
 -94257.178    47.678    -0.36    4.44
 -93881.143    48.244     1.51    4.27
 -93505.107    48.560     0.84    3.42
 -93129.069    47.303    -3.34    3.88
 -92753.029    45.192    -5.61    4.88
 -92376.987    43.063    -5.66    5.09
 -92000.944    42.192    -2.32    5.39
 -91624.899    40.516    -4.46    5.61
 -91248.852    39.402    -2.96    5.88
 -90872.804    39.499     0.26    6.43
 -90496.754    35.442   -10.79    8.22
 -90120.702    29.628   -15.46   10.86
 -89744.649    24.219   -14.38   11.20
 -89368.594    20.086   -10.99   10.28
 -88992.537    16.345    -9.95    6.38
 -88616.478    16.160    -0.49    3.51
 -88240.418    17.921     4.68    3.04
 -87864.356    17.489    -1.15    3.46
 -87488.292    16.651    -2.23    3.72
 -87112.227    16.269    -1.02    3.77
 -86736.160    16.002    -0.71    3.49
 -86360.091    14.884    -2.97    5.80
 -85984.021    10.320   -12.14    8.40
 -85607.948     5.294   -13.36    8.34
 -85231.874     2.165    -8.32    6.83
 -84855.799     2.730     1.50    6.98
 -84479.721     5.320     6.89    7.86
 -84103.642     8.664     8.89    7.55
 -83727.562     8.981     0.84    7.16
 -83351.479     8.786    -0.52    8.19
 -82975.395    11.327     6.76    9.32
 -82599.309    15.269    10.48    8.69
 -82223.221    20.504    13.92    2.80
 -81847.131    21.089     1.56    1.86
 -81471.040    21.115     0.07    1.63
 -81094.947    20.831    -0.76    1.66
 -80718.853    20.653    -0.47    1.60
 -80342.756    20.246    -1.08    1.67
 -79966.658    19.243    -2.67    2.27
 -79590.558    18.481    -2.03    2.58
 -79214.457    16.560    -5.11    4.43
 -78838.353    16.007    -1.47    4.60
 -78462.248    16.243     0.63    4.25
 -78086.141    15.867    -1.00    4.50
 -77710.032    15.894     0.07    4.29
 -77333.922    15.489    -1.08    4.87
 -76957.810    16.718     3.27    5.15
 -76581.696    18.327     4.28    4.57
 -76205.580    21.624     8.77    4.25
 -75829.463    23.103     3.93    6.29
 -75453.344    25.679     6.85    5.68
 -75077.223    27.653     5.25    4.90
 -74701.100    27.331    -0.86    5.58
 -74324.975    28.345     2.70    5.95
 -73948.849    28.948     1.60    6.27
 -73572.721    29.297     0.93    5.72
 -73196.591    30.402     2.94    3.84
 -72820.460    29.704    -1.85    3.77
 -72444.326    27.705    -5.32    3.55
 -72068.191    27.217    -1.30    3.32
 -71692.054    26.742    -1.26    3.69
 -71315.916    24.692    -5.45    5.10
 -70939.775    23.850    -2.24    5.21
 -70563.633    22.597    -3.33    4.94
 -70187.489    23.300     1.87    5.98
 -69811.343    24.570     3.38    5.62
 -69435.195    26.249     4.46    3.81
 -69059.046    26.842     1.58    4.58
 -68682.895    28.038     3.18    4.64
 -68306.742    27.813    -0.60    5.07
 -67930.587    26.833    -2.61    6.12
 -67554.430    24.246    -6.88    6.10
 -67178.272    22.665    -4.20    6.68
 -66802.112    21.089    -4.19    6.94
 -66425.950    19.987    -2.93    6.70
 -66049.786    18.969    -2.70    6.05
 -65673.620    20.060     2.90    6.81
 -65297.453    20.320     0.69    5.69
 -64921.284    20.164    -0.41    4.93
 -64545.113    19.448    -1.90    3.77
 -64168.940    18.624    -2.19    4.55
 -63792.765    17.921    -1.87    4.78
 -63416.589    17.597    -0.86    6.15
 -63040.410    16.053    -4.11    8.67
 -62664.230    16.961     2.41   10.04
 -62288.048    19.992     8.06   11.45
 -61911.864    21.165     3.12   10.65
 -61535.679    22.067     2.40   11.83
 -61159.491    18.718    -8.90   13.58
 -60783.302    11.499   -19.19   12.86
 -60407.111     5.732   -15.33    9.76
 -60030.918     2.910    -7.50    8.63
 -59654.723     2.108    -2.13    8.00
 -59278.527     1.732    -1.00    5.89
 -58902.328     2.402     1.78    5.57
 -58526.128     1.506    -2.38    5.48
 -58149.926    -0.398    -5.06    4.95
 -57773.722    -2.424    -5.38    4.08
 -57397.516    -3.419    -2.65    3.11
 -57021.308    -4.781    -3.62    0.16
 -56645.099    -4.808    -0.07    0.00
 -56268.888    -4.624     0.49    0.39
 -55892.674    -4.333     0.77    0.51
 -55516.459    -4.052     0.75    0.43
 -55140.243    -3.834     0.58    0.16
 -54764.024    -3.703     0.35    0.39
 -54387.803    -3.677     0.07    0.58
 -54011.581    -3.700    -0.06    0.88
 -53635.356    -3.808    -0.29    1.13
 -53259.130    -3.572     0.63    1.65
 -52882.902    -2.919     1.73    2.01
 -52506.672    -2.376     1.44    2.05
 -52130.440    -0.808     4.17    3.42
 -51754.207     0.243     2.79    4.38
 -51377.971     2.884     7.02    4.92
 -51001.734     5.277     6.36    4.04
 -50625.494     6.435     3.08    3.44
 -50249.253     6.084    -0.93    3.15
 -49873.010     5.840    -0.65    2.41
 -49496.765     5.448    -1.04    2.84
 -49120.518     5.489     0.11    4.01
 -48744.270     6.243     2.00    4.65
 -48368.019     7.063     2.18    6.07
 -47991.767     7.576     1.36    6.07
 -47615.512     7.408    -0.45    7.08
 -47239.256     5.617    -4.76    8.32
 -46862.998     3.192    -6.45    8.09
 -46486.738     0.192    -7.97    6.59
 -46110.476    -0.781    -2.59    4.95
 -45734.212    -1.031    -0.66    3.25
 -45357.947    -1.282    -0.67    3.36
 -44981.679    -1.219     0.17    3.19
 -44605.409    -1.433    -0.57    2.55
 -44229.138     0.481     5.09    3.53
 -43852.865     2.850     6.29    3.94
 -43476.589     5.247     6.37    4.25
 -43100.625     7.807     6.81    3.30
 -42724.726     9.056     3.32    2.72
 -42348.825     8.987    -0.19    2.75
 -41972.922     9.833     2.25    2.96
 -41597.017     9.744    -0.24    3.29
 -41221.111     9.165    -1.54    3.17
 -40845.202     9.935     2.05    3.35
 -40469.292     9.961     0.07    3.54
 -40093.379    11.192     3.27    4.15
 -39717.465    12.678     3.95    4.15
 -39341.549    13.300     1.65    4.86
 -38965.630    12.975    -0.86    5.16
 -38589.710    12.551    -1.13    5.19
 -38213.788    11.633    -2.44    4.63
 -37837.864    12.992     3.61    4.18
 -37461.939    13.771     2.07    4.25
 -37086.011    15.469     4.52    4.15
 -36710.081    17.063     4.24    3.21
 -36334.149    17.273     0.56    2.84
 -35958.216    16.192    -2.88    3.14
 -35582.280    15.244    -2.52    2.38
 -35206.343    15.063    -0.48    1.95
 -34830.403    15.138     0.20    1.84
 -34454.462    15.718     1.54    1.62
 -34078.519    16.042     0.86    1.66
 -33702.573    16.581     1.43    1.52
 -33326.626    16.759     0.48    1.41
 -32950.677    16.570    -0.50    1.52
 -32574.726    17.002     1.15    2.21
 -32198.773    17.300     0.79    2.93
 -31822.818    17.763     1.23    2.89
 -31446.861    18.267     1.34    2.38
 -31070.902    18.007    -0.69    1.67
 -30694.941    17.354    -1.74    2.05
 -30318.978    17.192    -0.43    2.10
 -29943.013    16.586    -1.61    2.21
 -29567.046    16.139    -1.19    2.18
 -29191.077    16.651     1.36    2.36
 -28815.107    17.063     1.10    2.50
 -28439.134    17.525     1.23    3.42
 -28063.159    18.166     1.70    3.70
 -27687.183    17.417    -1.99    4.36
 -27311.204    18.306     2.37    4.25
 -26935.223    17.354    -2.53    5.14
 -26559.241    15.516    -4.89    5.34
 -26183.256    14.192    -3.52    6.59
 -25807.269    13.570    -1.65    5.88
 -25431.281    11.469    -5.59    5.27
 -25055.290    11.166    -0.81    4.66
 -24679.298    12.115     2.52    4.77
 -24303.303    12.975     2.29    4.82
 -23927.307    15.060     5.54    4.38
 -23551.308    15.823     2.03    4.11
 -23175.308    16.294     1.25    4.06
 -22799.305    16.084    -0.56    3.98
 -22423.301    15.756    -0.87    4.26
 -22047.294    14.469    -3.42    4.67
 -21671.286    12.679    -4.76    4.19
 -21295.275    11.371    -3.48    4.03
 -20919.263     9.910    -3.88    3.93
 -20543.248     9.628    -0.75    3.16
 -20167.231     9.570    -0.15    2.29
 -19791.213    10.192     1.65    2.11
 -19415.192    11.002     2.16    2.20
 -19039.170    11.692     1.83    2.78
 -18663.145    13.428     4.62    2.96
 -18287.119    14.807     3.67    2.64
 -17911.090    16.462     4.40    2.21
 -17535.059    17.115     1.74    1.90
 -17159.027    17.474     0.95    1.75
 -16782.992    17.217    -0.68    1.83
 -16406.955    16.165    -2.80    1.94
 -16030.916    15.269    -2.38    1.91
 -15654.876    15.111    -0.42    2.05
 -15278.833    15.586     1.27    2.07
 -14902.788    15.718     0.35    2.23
 -14526.741    16.067     0.93    2.18
 -14150.692    16.320     0.67    2.12
 -13774.641    16.271    -0.13    2.14
 -13398.588    16.136    -0.36    2.28
 -13022.533    17.063     2.47    2.59
 -12646.476    18.025     2.56    2.99
 -12270.417    19.345     3.51    3.46
 -11894.356    20.850     4.00    2.91
 -11518.292    21.678     2.20    2.60
 -11142.227    21.140    -1.43    3.09
 -10766.160    21.115    -0.07    2.73
 -10390.090    20.858    -0.68    2.69
 -10014.019    20.719    -0.37    2.41
  -9637.945    21.628     2.41    2.85
  -9261.870    23.192     4.16    2.07
  -8885.792    23.244     0.14    2.08
  -8509.712    18.084   -13.72    9.85
  -8133.631    10.919   -19.05   11.60
  -7757.547     4.320   -17.55    9.47
  -7381.461    -0.519   -12.87    1.47
  -7005.373    -0.336     0.49    1.86
  -6629.283     0.345     1.81    3.00
  -6253.191     1.053     1.88    3.68
  -5877.097     1.063     0.03    3.56
  -5501.000     1.115     0.14    3.38
  -5124.902     0.840    -0.73    2.95
  -4748.802     0.639    -0.54    2.93
  -4372.699     0.961     0.86    3.26
  -3996.594     0.967     0.02    3.93
  -3620.488     0.219    -1.99    3.14
  -3244.379     0.089    -0.34    3.15
  -2868.268    -0.387    -1.27    1.94
  -2492.155    -0.646    -0.69    0.99
  -2116.040    -0.403     0.65    1.76
  -1739.923    -0.336     0.18    1.73
  -1363.804    -0.501    -0.44    1.28
   -987.683    -0.258     0.64    1.65
   -611.559    -0.376    -0.31    1.41
   -235.434    -0.526    -0.40    1.05
    140.694    -0.531    -0.01    1.09
    516.824     0.507     2.76    3.89
    892.956     1.858     3.59    5.39
   1269.089     3.192     3.54    5.78
   1645.226     4.639     3.85    6.15
   2021.364     4.192    -1.19    5.56
   2397.504     5.867     4.45    5.87
   2773.646     5.678    -0.50    5.86
   3149.791     5.267    -1.09    5.47
   3525.937     6.007     1.97    5.63
   3902.086     7.025     2.71    6.10
   4278.237     8.381     3.60    5.27
   4654.390    10.219     4.89    4.93
   5030.545     8.718    -3.99    6.14
   5406.702     6.242    -6.58    7.13
   5782.862     5.327    -2.43    7.43
   6159.023     2.742    -6.87    6.10
   6535.187     1.350    -3.70    4.04
   6911.353     0.850    -1.33    2.57
   7287.520     0.376    -1.26    2.35
   7663.691     0.192    -0.49    2.25
   8039.863    -0.256    -1.19    1.66
   8416.037     0.469     1.93    3.28
   8792.213     2.807     6.21    5.20
   9168.392     4.497     4.49    5.31
   9544.573     4.842     0.92    4.96
   9920.756     5.807     2.57    4.88
  10296.941     7.942     5.67    6.77
  10673.128     8.678     1.96    6.74
  11049.317     9.025     0.92    6.40
  11425.509     6.507    -6.69    6.36
  11801.702     5.833    -1.79    5.61
  12177.898     7.002     3.11    5.81
  12554.096     8.967     5.22    5.24
  12930.296     9.269     0.80    3.19
  13306.499     9.297     0.08    3.74
  13682.703     8.732    -1.50    3.79
  14058.910     7.474    -3.35    4.48
  14435.118     7.422    -0.14    5.10
  14811.329     7.275    -0.39    5.46
  15187.542     9.012     4.62    5.38
  15563.758    11.164     5.72    5.02
  15939.975    11.474     0.82    4.07
  16316.195    11.038    -1.16    3.93
  16692.417     9.809    -3.27    3.49
  17068.641     8.516    -3.44    3.58
  17444.867     7.894    -1.65    4.02
  17821.095     7.867    -0.07    3.89
  18197.326     9.192     3.52    4.31
  18573.559     9.858     1.77    4.28
  18949.794     9.166    -1.84    4.17
  19326.031     9.038    -0.34    4.43
  19702.270     6.428    -6.94    4.87
  20078.511     5.165    -3.36    3.59
  20454.755     5.718     1.47    3.88
  20831.001     8.115     6.37    5.00
  21207.249    10.775     7.07    3.61
  21583.500    12.166     3.70    2.80
  21959.752    11.775    -1.04    3.16
  22336.007    11.376    -1.06    3.32
  22712.264    10.294    -2.87    2.25
  23088.523     9.535    -2.02    1.99
  23464.784    10.350     2.16    2.64
  23841.048    11.086     1.96    3.04
  24217.313    11.002    -0.22    3.26
  24593.581    10.884    -0.31    2.98
  24969.852    10.327    -1.48    2.99
  25346.124    10.525     0.53    2.87
  25722.399    11.012     1.29    2.88
  26098.675    12.294     3.41    3.19
  26474.954    13.975     4.47    3.22
  26851.236    14.730     2.01    4.01
  27227.519    14.858     0.34    4.28
  27603.805    14.759    -0.26    4.32
  27980.093    14.243    -1.37    4.03
  28356.383    14.462     0.58    3.05
  28732.676    13.597    -2.30    3.20
  29108.970    13.602     0.01    3.90
  29485.267    13.567    -0.09    4.09
  29861.566    14.012     1.18    3.65
  30237.868    14.166     0.41    4.05
  30614.171    14.664     1.32    3.65
  30990.477    15.781     2.97    3.13
  31366.785    16.247     1.24    3.00
  31743.005    17.140     2.37    2.75
  32118.859    18.007     2.31    2.30
  32494.715    17.435    -1.52    3.92
  32870.573    14.139    -8.77    6.73
  33246.434    10.807    -8.86    7.37
  33622.297     7.756    -8.12    6.37
  33998.162     6.543    -3.23    6.26
  34374.030     7.507     2.57    5.89
  34749.899     9.113     4.27    4.77
  35125.771     9.948     2.22    4.60
  35501.645    11.462     4.03    4.31
  35877.522    12.160     1.86    4.49
  36253.401    13.884     4.59    5.36
  36629.282    13.448    -1.16    6.61
  37005.165    13.581     0.35    6.58
  37381.050    13.781     0.53    6.95
  37756.938    13.192    -1.57    7.34
  38132.828    13.704     1.36    6.98
  38508.721    12.560    -3.04    7.06
  38884.615    12.525    -0.09    6.19
  39260.512    10.597    -5.13    5.06
  39636.411     9.448    -3.06    5.69
  40012.313    11.342     5.04    5.94
  40388.217    12.664     3.52    6.08
  40764.123    14.894     5.93    5.37
  41140.031    17.354     6.54    3.70
  41515.942    18.624     3.38    2.73
  41891.854    19.408     2.09    1.67
  42267.770    19.706     0.79    1.56
  42643.687    19.192    -1.37    1.78
  43019.607    19.192     0.00    2.04
  43395.529    18.678    -1.37    2.12
  43771.453    17.781    -2.39    2.21
  44147.380    16.597    -3.15    2.23
  44523.309    15.902    -1.85    2.19
  44899.240    14.850    -2.80    2.85
  45275.174    13.730    -2.98    3.16
  45651.109    13.084    -1.72    3.24
  46027.048    12.823    -0.69    3.17
  46402.988    12.717    -0.28    2.98
  46778.931    13.497     2.08    2.14
  47154.876    13.060    -1.16    1.98
  47530.823    12.597    -1.23    1.77
  47906.773    13.029     1.15    1.85
  48282.725    14.138     2.95    1.99
  48658.679    15.081     2.51    2.59
  49034.636    16.730     4.39    2.62
  49410.595    17.961     3.27    2.23
  49786.556    19.084     2.99    2.00
  50162.520    19.935     2.27    1.96
  50538.486    20.271     0.89    1.85
  50914.454    21.294     2.72    1.64
  51290.425    21.756     1.23    1.41
  51666.398    22.192     1.16    1.26
  52042.373    22.358     0.44    1.18
  52418.351    22.060    -0.79    1.32
  52794.331    21.935    -0.33    1.31
  53170.313    21.906    -0.08    1.30
  53546.298    21.602    -0.81    1.33
  53922.285    21.354    -0.66    1.19
  54298.274    21.408     0.14    1.18
  54674.266    21.165    -0.65    1.30
  55050.260    20.692    -1.26    2.29
  55426.256    19.833    -2.28    3.25
  55802.255    19.192    -1.70    3.35
  56178.256    19.462     0.72    3.42
  56554.260    19.467     0.01    3.45
  56930.265    19.323    -0.38    3.11
  57306.274    17.833    -3.96    3.72
  57682.284    17.218    -1.63    3.44
  58058.297    16.961    -0.68    3.05
  58434.312    17.914     2.53    3.31
  58810.330    19.651     4.62    3.27
  59186.350    21.089     3.82    2.56
  59562.372    21.677     1.56    1.90
  59938.397    21.653    -0.06    2.45
  60314.424    22.012     0.95    2.65
  60690.453    22.803     2.10    3.42
  61066.485    24.651     4.92    4.02
  61442.519    26.053     3.73    3.98
  61818.556    27.586     4.08    3.72
  62194.595    28.972     3.69    2.72
  62570.636    29.597     1.66    2.62
  62946.680    29.833     0.63    2.70
  63322.726    29.165    -1.77    2.97
  63698.775    28.756    -1.09    3.16
  64074.826    28.002    -2.00    2.77
  64450.879    28.442     1.17    2.79
  64826.935    29.300     2.28    2.65
  65202.993    28.867    -1.15    2.32
  65579.053    27.759    -2.95    3.46
  65955.116    25.906    -4.93    4.22
  66331.182    26.063     0.42    4.14
  66707.249    27.243     3.14    4.46
  67083.319    29.049     4.80    3.92
  67459.392    31.408     6.27    2.79
  67835.467    30.914    -1.31    3.88
  68211.544    30.797    -0.31    4.43
  68587.624    31.617     2.18    4.48
  68963.706    32.165     1.46    4.04
  69339.791    33.165     2.66    2.92
  69715.877    33.007    -0.42    2.78
  70091.967    32.961    -0.12    2.47
  70468.059    33.246     0.76    2.72
  70844.153    33.867     1.65    2.43
  71220.250    34.086     0.58    2.49
  71596.349    34.029    -0.15    2.20
  71972.450    33.597    -1.15    2.02
  72348.554    33.497    -0.27    1.79
  72724.660    34.294     2.12    1.90
  73100.769    35.038     1.98    1.95
  73476.880    35.081     0.11    1.65
  73852.994    36.034     2.53    1.98
  74229.110    36.029    -0.01    2.39
  74605.229    36.376     0.92    2.63
  74981.350    39.242     7.62    6.68
  75357.473    43.056    10.14    9.46
  75733.599    46.955    10.36    9.13
  76109.727    49.876     7.77    7.45
  76485.858    50.422     1.45    6.43
  76861.991    49.273    -3.06    6.74
  77238.127    49.867     1.58    7.55
  77614.265    48.345    -4.04    7.61
  77990.406    46.597    -4.65    8.73
  78366.549    44.786    -4.81    7.89
  78742.694    42.840    -5.17    6.42
  79118.842    43.704     2.30    6.55
  79494.992    46.961     8.66    6.30
  79871.145    49.820     7.60    5.57
  80247.300    51.987     5.76    5.23
  80623.458    52.489     1.34    5.58
  80999.619    53.219     1.94    5.81
  81375.781    52.756    -1.23    6.34
  81751.946    53.455     1.86    6.51
  82128.114    54.910     3.87    6.49
  82504.284    54.928     0.05    6.37
  82880.457    54.542    -1.03    6.86
  83256.632    52.408    -5.67    7.34
  83632.810    50.492    -5.09    7.86
  84008.990    47.422    -8.16    8.32
  84385.172    43.497   -10.43    7.60
  84761.357    41.624    -4.98    7.43
  85137.545    39.759    -4.96    5.87
  85513.735    38.975    -2.08    4.37
  85889.927    39.063     0.23    4.08
  86266.122    39.363     0.80    3.21
  86642.320    41.320     5.20    4.16
  87018.520    42.823     4.00    5.41
  87394.722    44.831     5.34    5.70
  87770.927    45.448     1.64    5.51
  88147.134    45.089    -0.95    5.69
  88523.344    46.371     3.41    5.21
  88899.557    46.759     1.03    5.03
  89275.772    47.551     2.10    5.23
  89651.989    48.462     2.42    5.31
  90028.209    48.756     0.78    5.28
  90404.432    49.792     2.75    5.10
  90780.657    51.775     5.27    5.78
  91156.884    53.705     5.13    6.56
  91533.114    55.543     4.88    6.67
  91909.347    57.300     4.67    6.09
  92285.582    57.086    -0.57    5.56
  92661.820    56.219    -2.30    4.53
  93038.060    58.117     5.04    5.13
  93414.302    59.218     2.93    5.11
  93790.548    60.570     3.59    4.91
  94166.795    62.884     6.15    5.19
  94543.046    63.718     2.22    4.88
  94919.298    63.928     0.56    4.27
  95295.554    63.797    -0.35    5.39
  95671.812    62.653    -3.04    5.31
  96048.072    62.948     0.78    5.25
  96424.335    63.448     1.33    5.00
  96800.600    66.042     6.89    5.52
  97176.868    68.649     6.93    5.45
  97553.139    71.327     7.12    5.37
  97929.412    74.435     8.26    4.77
  98305.688    76.489     5.46    5.30
  98681.966    78.300     4.81    4.77
  99058.247    79.303     2.67    4.17
  99434.530    78.367    -2.49    4.32
  99810.816    77.884    -1.28    4.59
 100187.104    77.138    -1.98    4.31
 100563.395    77.935     2.12    3.95
 100939.689    78.507     1.52    3.99
 101315.985    79.243     1.95    4.34
 101692.283    79.624     1.01    4.25
 102068.584    80.063     1.17    5.21
 102444.888    80.219     0.41    5.30
 102821.195    80.665     1.18    6.70
 103197.504    80.367    -0.79    7.09
 103573.815    78.633    -4.61    6.80
 103950.129    78.217    -1.10    6.99
 104326.446    76.975    -3.30    5.98
 104702.765    77.029     0.14    4.68
 105079.087    77.381     0.93    4.56
 105455.411    77.525     0.38    4.77
 105831.738    77.833     0.82    4.64
 106208.068    77.704    -0.34    4.73
 106584.400    78.560     2.27    5.22
 106960.438    79.781     3.25    5.49
 107336.261    81.781     5.32    5.45
 107712.086    81.063    -1.91    5.32
 108087.914    81.408     0.92    4.83
 108463.745    81.166    -0.64    4.75
 108839.578    80.164    -2.67    5.42
 109215.413    80.692     1.40    5.31
 109591.251    81.271     1.54    5.98
 109967.092    82.504     3.28    4.89
 110342.936    81.653    -2.26    5.15
 110718.782    79.597    -5.47    5.56
 111094.630    77.247    -6.25    6.15
 111470.481    73.489   -10.00    5.61
 111846.335    72.247    -3.30    5.33
 112222.192    71.718    -1.41    6.03
 112598.051    73.063     3.58    5.97
 112973.912    74.111     2.79    5.10
 113349.777    72.910    -3.20    4.71
 113725.643    72.807    -0.27    4.46
 114101.513    71.910    -2.39    4.59
 114477.385    69.921    -5.29    4.41
 114853.260    68.243    -4.47    4.52
 115229.137    66.921    -3.52    4.43
 115605.017    65.948    -2.59    3.97
 115980.899    65.534    -1.10    4.30
 116356.785    65.348    -0.49    4.29
 116732.672    63.884    -3.89    4.32
 117108.563    63.323    -1.49    4.68
 117484.456    63.165    -0.42    5.40
 117860.351    62.327    -2.23    5.60
 118236.250    61.053    -3.39    5.78
 118612.151    58.428    -6.98    6.87
 118988.054    56.474    -5.20    6.11
 119363.961    57.029     1.48    6.84
 119739.869    58.653     4.32    6.89
 120115.781    60.499     4.91    5.46
 120491.695    60.781     0.75    4.74
 120867.612    60.164    -1.64    4.31
 121243.531    60.269     0.28    4.39
 121619.453    60.219    -0.13    4.07
 121995.378    59.928    -0.77    4.19
 122371.305    56.678    -8.65    6.94
 122747.236    52.317   -11.60    8.98
 123123.168    48.525   -10.09    7.87
 123499.104    47.507    -2.71    6.78
 123875.042    49.636     5.66    7.21
 124250.982    53.679    10.75    5.93
 124626.926    56.886     8.53    4.50
 125002.872    58.884     5.31    4.92
 125378.820    59.833     2.52    4.68
 125754.772    60.570     1.96    4.28
 126130.726    59.850    -1.92    4.87
 126506.682    59.807    -0.11    5.48
 126882.642    59.942     0.36    5.79
 127258.604    59.408    -1.42    5.82
 127634.568    59.807     1.06    5.50
 128010.536    61.113     3.47    5.00
 128386.506    61.570     1.22    5.17
 128762.478    62.597     2.73    5.28
 129138.454    64.162     4.16    4.54
 129514.432    65.345     3.15    5.07
 129890.413    66.942     4.25    4.53
 130266.396    68.497     4.14    4.32
 130642.382    70.371     4.98    5.77
 131018.371    74.247    10.31    7.39
 131394.363    77.345     8.24    7.84
 131770.357    80.987     9.68    7.51
 132146.354    81.651     1.77    6.80
 132522.353    81.876     0.60    7.56
 132898.356    81.756    -0.32    7.29
 133274.361    81.942     0.49    6.84
 133650.369    81.219    -1.92    6.33
 134026.379    81.961     1.97    6.23
 134402.392    84.928     7.89    6.94
 134778.408    86.354     3.79    6.88
 135154.427    84.813    -4.10    7.61
 135530.448    85.249     1.16    7.17
 135906.472    83.961    -3.43    6.15
 136282.499    85.617     4.40    5.51
 136658.528    88.894     8.72    6.90
 137034.560    90.320     3.79    7.45
 137410.595    93.525     8.52    6.83
 137786.633    94.876     3.59    6.28
 138162.673    93.756    -2.98    6.24
 138538.716    92.560    -3.18    6.79
 138914.762    89.955    -6.93    6.65
 139290.810    89.397    -1.48    6.91
 139666.862    90.142     1.98    7.07
 140042.915    92.029     5.02    6.80
 140418.972    89.667    -6.28    7.94
 140795.032    85.269   -11.70    9.07
 141171.094    80.219   -13.43    9.51
 141547.159    78.273    -5.17    7.40
 141923.226    78.525     0.67    7.91
 142299.297    80.422     5.05    8.52
 142675.370    83.517     8.23    8.49
 143051.446    85.664     5.71    8.96
 143427.524    84.492    -3.12    9.32
 143803.606    83.840    -1.73    8.14
 144179.690    82.981    -2.28    8.17
 144555.777    82.730    -0.67    7.01
 144931.867    82.192    -1.43    6.77
 145307.959    80.218    -5.25    7.00
 145684.054    79.902    -0.84    7.17
 146060.152    77.567    -6.21    6.89
 146436.253    77.273    -0.78    5.97
 146812.356    77.142    -0.35    6.31
 147188.463    77.007    -0.36    6.32
 147564.572    77.692     1.82    5.83
 147940.683    75.921    -4.71    7.05
 148316.798    72.747    -8.44    7.77
 148692.915    70.935    -4.82    7.59
 149069.035    69.167    -4.70    8.15
 149445.158    68.111    -2.81    7.87
 149821.284    66.067    -5.43    7.10
 150197.412    64.692    -3.66    7.30
 150573.543    63.744    -2.52    6.73
 150949.677    61.192    -6.79    6.36
 151325.814    59.730    -3.89    5.62
 151701.954    59.271    -1.22    6.33
 152078.096    58.840    -1.14    6.25
 152454.241    60.525     4.48    8.13
 152830.389    63.636     8.27    8.57
 153206.540    64.992     3.60    7.23
 153582.693    64.294    -1.85    7.13
 153958.850    63.081    -3.23    7.61
 154335.009    61.624    -3.87    7.12
 154711.171    62.136     1.36    7.22
 155087.336    63.858     4.58    7.07
 155463.503    66.392     6.73    7.00
 155839.674    66.813     1.12    6.62
 156215.847    68.017     3.20    6.43
 156592.023    67.602    -1.10    6.81
 156968.201    67.481    -0.32    6.48
 157344.383    67.928     1.19    5.75
 157720.567    68.961     2.74    5.69
 158096.755    69.833     2.32    5.64
 158472.945    71.858     5.38    5.29
 158849.138    72.961     2.93    5.75
 159225.333    72.553    -1.08    6.17
 159601.532    72.367    -0.49    6.41
 159977.733    71.089    -3.40    6.62
 160353.937    70.363    -1.93    6.46
 160730.144    68.840    -4.05    5.46
 161106.354    67.867    -2.59    5.22
 161482.567    67.376    -1.31    5.57
 161858.782    65.628    -4.65    5.89
 162235.001    64.759    -2.31    5.84
 162611.222    64.392    -0.98    6.54
 162987.446    61.935    -6.53    6.79
 163363.673    60.981    -2.54    6.61
 163739.902    60.786    -0.52    7.32
 164116.135    61.551     2.03    8.24
 164492.370    62.499     2.52    7.30
 164868.608    61.442    -2.81    7.30
 165244.850    62.089     1.72    6.91
 165621.093    61.331    -2.02    6.36
 165997.340    62.551     3.24    6.46
 166373.590    63.115     1.50    5.82
 166749.842    63.662     1.46    5.92
 167126.098    63.921     0.69    5.93
 167502.356    65.192     3.38    5.27
 167878.617    64.981    -0.56    4.95
 168254.881    65.428     1.19    4.42
 168631.148    66.331     2.40    4.09
 169007.418    67.448     2.97    4.38
 169383.690    68.704     3.34    3.75
 169759.966    69.063     0.95    3.99
 170136.244    69.084     0.05    3.78
 170512.525    68.376    -1.88    3.38
 170888.809    67.243    -3.01    3.96
 171265.096    65.303    -5.16    4.66
 171641.386    65.063    -0.64    4.13
 172017.679    64.719    -0.91    3.72
 172393.974    65.551     2.21    3.48
 172770.273    65.551     0.00    3.22
 173146.574    65.035    -1.37    3.17
 173522.878    64.350    -1.82    3.13
 173899.185    64.408     0.15    2.71
 174275.495    63.894    -1.36    2.56
 174651.808    63.217    -1.80    2.98
 175028.124    62.084    -3.01    3.76
 175404.443    60.628    -3.87    3.70
 175780.764    59.910    -1.91    4.11
 176157.089    59.771    -0.37    4.40
 176533.416    59.665    -0.28    5.07
 176909.747    59.602    -0.17    5.39
 177286.080    58.679    -2.45    4.76
 177662.416    58.381    -0.79    4.07
 178038.755    59.115     1.95    2.94
 178415.097    58.273    -2.24    3.16
 178791.442    57.115    -3.08    3.34
 179167.790    56.140    -2.59    2.86
 179544.141    55.410    -1.94    2.61
 179920.494    55.345    -0.17    2.91
 180296.851    54.297    -2.79    3.85
 180673.210    54.597     0.80    4.18
 181049.573    53.935    -1.76    4.17
 181425.938    54.247     0.83    4.41
 181802.306    54.833     1.56    4.16
 182178.110    54.294    -1.43    3.31
 182553.891    53.705    -1.57    3.02
 182929.675    53.499    -0.55    2.82
 183305.462    54.063     1.50    2.63
 183681.252    51.987    -5.53    4.52
 184057.045    49.867    -5.64    5.93
 184432.841    48.345    -4.05    5.56
 184808.639    48.813     1.24    4.78
 185184.441    50.007     3.18    4.58
 185560.246    51.402     3.71    4.07
 185936.053    50.942    -1.23    4.12
 186311.864    49.499    -3.84    5.13
 186687.677    48.350    -3.06    5.81
 187063.493    47.275    -2.86    6.26
 187439.313    45.345    -5.13    5.60
 187815.135    46.442     2.92    5.96
 188190.960    48.294     4.93    5.64
 188566.788    49.987     4.50    3.74
 188942.620    49.435    -1.47    4.66
 189318.454    49.507     0.19    4.80
 189694.291    49.987     1.27    5.17
 190070.131    50.987     2.66    4.54
 190445.974    51.516     1.41    3.54
 190821.819    51.507    -0.02    3.13
 191197.668    51.246    -0.70    2.99
 191573.520    51.029    -0.58    2.79
 191949.375    50.975    -0.14    2.50
 192325.233    50.817    -0.42    2.74
 192701.093    50.371    -1.19    2.39
 193076.957    50.576     0.55    2.23
 193452.824    50.414    -0.43    1.46
 193828.693    49.910    -1.34    1.76
 194204.566    49.543    -0.98    2.08
 194580.442    49.166    -1.00    2.32
 194956.320    48.639    -1.40    2.73
 195332.202    48.665     0.07    3.11
 195708.086    47.902    -2.03    2.99
 196083.974    47.704    -0.53    2.70
 196459.864    48.289     1.56    1.95
 196835.758    47.570    -1.91    2.70
 197211.654    46.007    -4.16    4.59
 197587.554    43.007    -7.98    7.41
 197963.456    39.435    -9.50    8.47
 198339.362    34.948   -11.94    7.77
 198715.270    31.456    -9.29    3.40
 199091.182    31.166    -0.77    3.39
 199467.096    31.987     2.18    3.22
 199843.014    32.025     0.10    2.63
 200218.934    31.807    -0.58    2.29
 200594.858    32.462     1.74    2.29
 200970.784    35.269     7.47    4.60
 201346.714    37.271     5.33    4.46
 201722.646    39.910     7.02    3.52
 202098.582    41.624     4.56    2.98
 202474.520    42.602     2.60    2.88
 202850.462    42.892     0.77    3.11
 203226.406    42.636    -0.68    3.09
 203602.354    43.192     1.48    2.56
 203978.304    43.705     1.37    2.88
 204354.258    42.975    -1.94    2.84
 204730.215    43.111     0.36    3.29
 205106.174    43.677     1.51    3.70
 205482.137    43.592    -0.23    4.04
 205858.103    43.858     0.71    4.08
 206234.072    44.138     0.74    4.10
 206610.043    44.602     1.24    3.75
 206986.018    45.300     1.86    3.54
 207361.996    45.928     1.67    2.83
 207737.977    46.113     0.49    2.77
 208113.961    45.910    -0.54    2.69
 208489.948    45.435    -1.26    2.93
 208865.938    44.961    -1.26    3.15
 209241.931    44.267    -1.85    2.89
 209617.927    44.608     0.91    3.26
 209993.927    45.560     2.53    3.13
 210369.929    47.435     4.99    3.31
 210745.934    49.138     4.53    3.15
 211121.943    50.975     4.89    3.51
 211497.954    52.414     3.83    3.46
 211873.968    53.892     3.93    3.69
 212249.986    55.063     3.12    3.29
 212626.007    56.381     3.50    4.65
 213002.030    60.756    11.64    9.30
 213378.057    64.007     8.65   10.62
 213754.087    70.981    18.55   11.09
 214130.120    76.928    15.82    8.53
 214506.156    81.217    11.41    6.91
 214882.195    80.435    -2.08    7.02
 215258.237    78.192    -5.97    8.34
 215634.282    74.167   -10.70    7.98
 216010.330    70.414    -9.98    6.59
 216386.381    70.586     0.46    6.16
 216762.436    69.327    -3.35    6.34
 217138.493    68.165    -3.09    6.76
 217514.554    66.705    -3.88    7.56
 217890.617    64.692    -5.35    7.49
 218266.684    65.267     1.53    7.52
 218642.754    67.474     5.87    7.84
 219018.827    68.867     3.71    8.08
 219394.903    71.063     5.84    7.91
 219770.982    74.056     7.96    7.65
 220147.064    75.448     3.70    8.14
 220523.150    77.269     4.84    7.99
 220899.238    78.525     3.34    7.45
 221275.330    78.813     0.77    6.41
 221651.424    79.007     0.52    6.27
 222027.522    79.679     1.79    5.89
 222403.623    81.331     4.39    7.08
 222779.727    80.858    -1.26    6.63
 223155.834    79.840    -2.71    6.59
 223531.944    80.192     0.93    6.98
 223908.057    78.056    -5.68    6.88
 224284.174    76.303    -4.66    7.89
 224660.293    73.807    -6.64    7.16
 225036.416    73.867     0.16    7.16
 225412.542    72.981    -2.35    6.59
 225788.670    73.442     1.22    7.25
 226164.803    74.113     1.78    7.65
 226540.938    73.115    -2.65    7.14
 226917.076    71.371    -4.64    6.98
 227293.217    68.525    -7.57    6.51
 227669.362    66.025    -6.65    6.43
 228045.510    64.613    -3.75    6.29
 228421.660    65.192     1.54    6.21
 228797.814    69.108    10.41    7.18
 229173.971    70.653     4.11    6.58
 229550.132    71.271     1.64    6.21
 229926.295    71.246    -0.07    7.66
 230302.461    69.165    -5.53    8.77
 230678.631    67.719    -3.84    8.85
 231054.804    67.730     0.03    8.67
 231430.980    68.717     2.62    8.28
 231807.159    69.894     3.13    8.46
 232183.341    71.042     3.05    8.29
 232559.527    73.744     7.18    7.88
 232935.715    76.320     6.85    6.86
 233311.907    77.294     2.59    6.77
 233688.102    79.115     4.84    6.97
 234064.300    80.747     4.34    7.82
 234440.501    81.876     3.00    6.98
 234816.706    85.140     8.68    7.70
 235192.913    88.469     8.85    7.78
 235569.124    89.858     3.69    7.49
 235945.338    91.294     3.82    7.78
 236321.555    92.002     1.88    6.79
 236697.775    93.354     3.59    6.79
 237073.999    92.651    -1.87    7.74
 237450.225    93.807     3.07    7.27
 237826.455    94.292     1.29    7.56
 238202.688    95.138     2.25    6.98
 238578.924    91.917    -8.56    8.07
 238955.164    90.376    -4.10    8.79
 239331.406    90.560     0.49    8.57
 239707.652    90.002    -1.48    8.04
 240083.901    90.345     0.91    7.59
 240460.153    90.244    -0.27    6.98
 240836.408    89.386    -2.28    6.79
 241212.667    86.850    -6.74    7.10
 241588.928    86.858     0.02    6.76
 241965.193    87.884     2.73    7.71
 242341.461    88.422     1.43    7.50
 242717.733    89.327     2.40    7.83
 243094.007    89.354     0.07    9.44
 243470.285    86.678    -7.11    9.53
 243846.566    86.781     0.27    9.41
 244222.850    86.617    -0.44    9.13
 244599.137    87.138     1.38    8.49
 244975.428    89.917     7.39    8.38
 245351.722    90.823     2.41    7.65
 245728.019    91.639     2.17    8.64
 246104.319    91.759     0.32    8.72
 246480.622    90.525    -3.28    9.69
 246856.929    90.823     0.79    9.28
 247233.239    90.164    -1.75    8.87
 247609.552    91.858     4.50    8.39
 247985.868    95.525     9.74    6.74
 248362.188    96.089     1.50    6.94
 248738.511    96.499     1.09    6.00
 249114.837    97.963     3.89    5.35
 249491.166    99.002     2.76    5.55
 249867.499    99.570     1.51    5.17
 250243.834   101.850     6.06    7.01
 250620.173   104.867     8.02    8.22
 250996.516   108.029     8.40    8.59
 251372.861   109.899     4.97    8.11
 251749.210   111.576     4.46    8.71
 252125.562   110.034    -4.10    9.62
 252501.917   107.975    -5.47   11.11
 252878.275   104.243    -9.92   10.23
 253254.637   101.012    -8.58    8.66
 253631.002    97.692    -8.82    6.64
 254007.370    95.345    -6.23    5.86
 254383.742    93.275    -5.50    6.09
 254760.117    90.910    -6.29    5.77
 255136.495    89.474    -3.82    6.70
 255512.876    87.343    -5.66    6.22
 255889.261    84.192    -8.37    7.10
 256265.648    81.759    -6.46    7.13
 256642.039    81.297    -1.23    5.68
 257018.211    81.823     1.40    5.34
 257393.953    82.705     2.35    5.34
 257769.698    85.320     6.96    6.23
 258145.446    88.063     7.30    6.23
 258521.198    90.602     6.76    6.71
 258896.953    92.408     4.81    5.91
 259272.711    94.350     5.17    4.73
 259648.473    93.576    -2.06    5.43
 260024.238    91.136    -6.49    6.23
 260400.006    87.910    -8.59    5.96
 260775.777    84.442    -9.23    6.43
 261151.552    82.560    -5.01    6.08
 261527.330    82.269    -0.78    6.59
 261903.111    81.317    -2.53    5.77
 262278.896    82.381     2.83    4.96
 262654.684    84.376     5.31    4.36
 263030.475    85.029     1.74    4.09
 263406.269    87.166     5.69    4.37
 263782.067    88.803     4.36    4.26
 264157.868    89.756     2.54    4.64
 264533.672    91.781     5.39    5.64
 264909.479    94.987     8.53    5.59
 265285.290    95.516     1.41    5.34
 265661.104    95.192    -0.86    5.20
 266036.922    93.910    -3.41    5.29
 266412.743    90.803    -8.27    3.98
 266788.567    86.628   -11.11    7.75
 267164.394    82.029   -12.24    8.34
 267540.225    80.086    -5.17    7.52
 267916.059    78.987    -2.93    6.02
 268291.896    78.848    -0.37    5.37
 268667.737    80.029     3.14    5.89
 269043.581    82.327     6.11    6.96
 269419.428    83.705     3.67    7.60
 269795.279    84.961     3.34    8.46
 270171.132    86.543     4.21    8.79
 270546.990    86.704     0.43    7.82
 270922.850    87.525     2.18    7.77
 271298.714    87.551     0.07    7.70
 271674.581    87.462    -0.24    7.63
 272050.452    88.642     3.14    8.23
 272426.326    90.639     5.31    7.99
 272802.203    91.886     3.32    6.65
 273178.083    92.902     2.70    6.41
 273553.967    92.246    -1.75    5.18
 273929.854    92.323     0.21    4.89
 274305.745    92.474     0.40    4.52
 274681.639    92.442    -0.09    4.16
 275057.536    94.797     6.27    5.19
 275433.437    96.435     4.36    5.02
 275809.341    97.002     1.51    5.76
 276185.248    97.448     1.19    5.79
 276561.159    97.692     0.65    5.64
 276937.073    98.807     2.97    5.93
 277312.990    99.063     0.68    7.75
 277688.911    98.474    -1.57    8.74
 278064.835    97.192    -3.41    8.50
 278440.762    96.417    -2.06    8.42
 278816.693    95.323    -2.91    7.57
 279192.627    96.025     1.87    7.21
 279568.564    96.381     0.95    7.56
 279944.505    96.975     1.58    7.47
 280320.450    97.955     2.61    7.05
 280696.397    99.807     4.93    5.87
 281072.348   101.504     4.51    5.80
 281448.303   102.876     3.65    6.29
 281824.260   104.327     3.86    6.54
 282200.221   106.056     4.60    6.43
 282576.186   107.294     3.29    6.39
 282952.154   107.192    -0.27    6.81
 283328.125   106.371    -2.18    6.19
 283704.100   106.397     0.07    5.85
 284080.078   105.525    -2.32    5.13
 284456.059   104.489    -2.76    5.50
 284832.044   102.422    -5.50    5.66
 285208.032   102.192    -0.61    6.58
 285584.024   102.886     1.85    7.13
 285960.019   104.489     4.26    7.11
 286336.017   108.894    11.72    7.19
 286712.019   110.692     4.78    6.69
 287088.024   112.115     3.78    5.88
 287464.033   113.098     2.61    6.01
 287840.045   113.692     1.58    6.21
 288216.060   115.086     3.71    6.01
 288592.079   114.651    -1.16    6.91
 288968.101   115.320     1.78    6.59
 289344.127   115.570     0.67    7.25
 289720.156   114.910    -1.76    7.24
 290096.188   116.345     3.82    7.24
 290472.224   116.166    -0.48    7.18
 290848.264   116.867     1.87    6.09
 291224.306   119.371     6.66    5.09
 291600.352   120.613     3.30    5.23
 291976.402   121.858     3.31    5.20
 292352.455   123.381     4.05    5.05
 292728.511   125.084     4.53    5.21
 293104.571   125.850     2.04    4.90
 293480.635   127.320     3.91    4.89
 293856.701   128.910     4.23    4.87
 294232.771   129.928     2.71    4.87
 294608.845   132.297     6.30    5.36
 294984.922   134.327     5.40    5.65
 295361.003   136.422     5.57    6.17
 295737.086   138.029     4.27    6.38
 296113.174   139.910     5.00    5.85
 296489.265   141.474     4.16    6.08
 296865.359   143.397     5.11    5.11
 297241.457   145.219     4.84    5.56
 297617.558   146.935     4.56    5.33
 297993.662   148.551     4.30    4.81
 298369.770   150.442     5.03    4.27
 298745.882   151.192     1.99    4.53
 299121.997   151.139    -0.14    5.00
 299498.115   151.219     0.21    4.97
 299874.237   151.858     1.70    5.36
 300250.363   153.504     4.38    5.29
 300626.491   156.481     7.92    6.51
 301002.624   159.218     7.28    7.80
 301378.760   162.678     9.20    7.12
 301754.899   166.987    11.46    7.80
 302131.041   169.435     6.51    6.59
 302507.188   173.192     9.99    7.03
 302883.337   191.063    47.52   34.66
 303259.490   206.858    41.99   40.91
 303635.647   241.402    91.84   50.36
 304011.807   277.499    95.97   56.31
 304387.971   314.704    98.91   78.54
 304764.138   333.053    48.78   81.90
 305140.308   357.111    63.96   77.10
 305516.482   360.481     8.96   70.54
 305892.660   346.975   -35.91   56.78
 306268.841   361.063    37.45   58.31
 306645.026   362.879     4.83   57.74
 307021.214   370.884    21.28   55.97
 307397.405   365.704   -13.77   57.22
 307773.600   337.275   -75.58   59.85
 308149.799   310.063   -72.34   49.62
 308526.001   299.138   -29.04   41.11
 308902.206   297.294    -4.90   38.73
 309278.415   311.602    38.03   50.85
 309654.628   337.613    69.14   63.78
 310030.844   365.350    73.73   57.74
 310407.063   378.448    34.82   48.93
 310783.286   376.781    -4.43   49.46
 311159.513   352.636   -64.18   44.15
 311535.743   337.813   -39.40   38.02
 311911.977   317.165   -54.88   40.86
 312288.214   300.840   -43.39   42.56
 312664.455   278.376   -59.71   33.14
 313040.699   263.707   -38.99   26.76
 313416.947   250.781   -34.36   28.22
 313793.198   239.038   -31.21   30.39
 314169.453   225.858   -35.03   30.49
 314545.711   203.628   -59.09   27.71
 314921.973   183.192   -54.32   22.55
 315298.238   167.422   -41.91   22.58
 315674.507   151.987   -41.03   14.83
 316050.780   141.376   -28.20    9.85
 316427.056   135.534   -15.53    5.09
 316803.335   132.833    -7.18    3.71
 317179.618   131.997    -2.22    3.96
 317555.905   131.570    -1.13    4.37
 317932.195   129.718    -4.92    4.48
 318308.489   126.771    -7.83    5.47
 318684.786   124.002    -7.36    5.29
 319061.087   120.597    -9.05    4.36
 319437.391   117.986    -6.94    3.62
 319813.699   117.534    -1.20    4.45
 320190.011   117.032    -1.34    4.91
