-261969.251    58.250     0.00    3.77
-261592.927    59.107     2.28    3.60
-261216.606    59.363     0.68    3.91
-260840.286    58.742    -1.65    4.63
-260463.970    58.271    -1.25    4.72
-260087.656    56.337    -5.14    5.42
-259711.345    50.050   -16.71   10.00
-259335.036    47.417    -7.00   10.10
-258958.729    47.875     1.22    9.73
-258582.425    50.553     7.12    9.50
-258206.124    54.607    10.77    5.95
-257829.825    50.580   -10.70    8.45
-257453.529    48.621    -5.20    9.29
-257077.235    48.876     0.68    8.91
-256700.944    51.952     8.18    8.84
-256324.655    56.517    12.13    6.09
-255948.369    59.234     7.22    4.13
-255572.085    60.794     4.15    3.27
-255195.803    59.218    -4.19    5.53
-254819.525    57.465    -4.66    6.11
-254443.248    56.255    -3.22    6.01
-254066.975    55.929    -0.87    5.62
-253690.703    57.771     4.90    4.61
-253314.435    60.050     6.06    4.62
-252938.168    61.228     3.13    3.60
-252561.905    61.876     1.72    3.62
-252185.643    61.645    -0.61    4.18
-251809.384    60.904    -1.97    3.82
-251433.128    61.904     2.66    3.06
-251056.874    62.958     2.80    3.45
-250680.623    62.978     0.05    3.53
-250304.374    63.106     0.34    3.45
-249928.128    62.961    -0.39    3.11
-249551.884    63.542     1.54    3.29
-249175.642    63.985     1.18    3.11
-248799.403    63.544    -1.17    2.94
-248423.167    63.004    -1.44    2.64
-248046.933    62.587    -1.11    2.75
-247670.701    61.745    -2.24    2.83
-247294.472    61.376    -0.98    3.32
-246918.246    60.725    -1.73    4.20
-246542.022    60.201    -1.39    4.87
-246165.800    60.950     1.99    5.68
-245789.581    62.850     5.05    6.43
-245413.364    64.989     5.69    4.56
-245037.150    66.174     3.15    2.68
-244660.938    65.417    -2.01    2.33
-244284.728    65.376    -0.11    2.19
-243908.521    66.260     2.35    2.26
-243532.317    66.634     0.99    1.87
-243156.115    66.775     0.38    1.77
-242779.915    66.403    -0.99    2.10
-242403.718    66.471     0.18    1.99
-242027.524    66.771     0.80    2.08
-241651.331    66.927     0.41    1.64
-241275.141    66.429    -1.32    2.00
-240898.954    65.526    -2.40    2.36
-240522.769    64.773    -2.00    2.34
-240146.587    64.688    -0.23    2.63
-239770.407    64.550    -0.37    2.59
-239394.229    64.350    -0.53    2.63
-239018.054    64.450     0.27    2.63
-238641.881    64.174    -0.73    1.99
-238265.711    63.580    -1.58    2.45
-237889.543    62.634    -2.51    3.00
-237513.377    61.429    -3.20    2.75
-237137.214    60.961    -1.24    2.58
-236761.054    60.675    -0.76    2.14
-236384.895    60.414    -0.69    1.94
-236008.740    60.607     0.51    2.29
-235632.586    59.978    -1.67    3.28
-235256.435    60.587     1.62    3.64
-234880.287    61.587     2.66    3.77
-234504.140    60.794    -2.11    4.97
-234127.997    59.388    -3.74    5.52
-233751.855    60.211     2.19    6.38
-233375.716    60.696     1.29    6.69
-232999.580    62.619     5.11    6.07
-232623.446    63.793     3.12    4.64
-232247.314    63.120    -1.79    3.59
-231871.185    62.336    -2.08    2.90
-231495.058    62.745     1.09    3.10
-231118.933    62.797     0.14    3.09
-230742.811    61.794    -2.67    2.68
-230366.691    61.386    -1.08    2.87
-229990.574    61.286    -0.27    3.03
-229614.459    61.066    -0.58    3.16
-229238.346    60.850    -0.57    2.97
-228862.236    60.797    -0.14    2.43
-228486.128    61.517     1.91    3.03
-228110.023    62.282     2.04    2.93
-227733.920    62.670     1.03    3.03
-227357.819    61.517    -3.07    4.04
-226981.721    57.824    -9.82    6.38
-226605.625    53.670   -11.05    6.98
-226229.531    51.975    -4.51    7.51
-225853.440    53.228     3.33    8.26
-225477.351    55.012     4.74    8.57
-225101.264    57.769     7.33    6.87
-224725.180    60.139     6.30    4.42
-224349.099    59.931    -0.55    4.05
-223973.019    56.901    -8.06    6.80
-223596.942    53.517    -9.00    6.87
-223220.867    50.297    -8.56    5.99
-222844.795    49.034    -3.36    4.65
-222468.725    49.645     1.62    3.58
-222092.658    50.286     1.70    3.92
-221716.592    51.661     3.66    3.06
-221340.529    51.824     0.43    3.25
-220964.469    51.417    -1.08    3.25
-220588.411    50.773    -1.71    3.58
-220212.355    50.414    -0.95    3.16
-219836.301    50.194    -0.59    2.92
-219460.250    50.619     1.13    3.23
-219084.201    51.350     1.94    2.82
-218708.155    51.012    -0.90    1.99
-218332.110    50.747    -0.70    2.25
-217956.069    49.796    -2.53    3.21
-217580.029    48.209    -4.22    3.88
-217203.992    47.593    -1.64    4.31
-216827.957    48.228     1.69    4.54
-216451.925    49.218     2.63    4.36
-216075.894    50.158     2.50    3.53
-215699.866    50.106    -0.14    2.66
-215323.841    50.093    -0.04    2.31
-214947.818    50.286     0.51    2.22
-214571.797    49.796    -1.30    2.83
-214195.778    50.066     0.72    3.28
-213819.762    50.139     0.19    3.55
-213443.748    50.506     0.98    3.48
-213067.736    51.517     2.69    3.38
-212691.727    52.440     2.46    3.01
-212315.720    53.239     2.13    2.16
-211939.715    53.081    -0.42    2.36
-211563.713    52.489    -1.57    2.66
-211187.712    52.132    -0.95    3.10
-210811.715    51.139    -2.64    3.17
-210435.719    50.417    -1.92    2.82
-210059.726    49.742    -1.80    2.80
-209683.735    49.440    -0.80    2.46
-209307.746    50.200     2.02    2.63
-208931.760    49.850    -0.93    3.48
-208555.776    50.245     1.05    4.53
-208179.794    50.376     0.35    4.44
-207803.815    50.877     1.33    4.26
-207427.837    52.526     4.39    3.58
-207051.862    52.968     1.18    2.67
-206675.890    53.593     1.66    2.69
-206299.919    53.927     0.89    2.66
-205923.951    53.961     0.09    3.10
-205547.986    54.363     1.07    2.66
-205172.022    54.072    -0.77    2.81
-204796.061    53.337    -1.96    3.24
-204420.102    52.692    -1.72    3.87
-204044.145    51.799    -2.38    4.40
-203668.191    49.039    -7.34    6.05
-203292.238    46.158    -7.66    5.66
-202916.289    44.313    -4.91    4.65
-202540.341    43.044    -3.38    3.38
-202164.396    43.903     2.28    3.19
-201788.452    44.066     0.44    2.77
-201412.512    43.688    -1.01    2.32
-201036.573    42.390    -3.45    2.76
-200660.637    40.964    -3.79    3.68
-200284.702    39.050    -5.09    3.62
-199908.771    38.055    -2.65    2.82
-199532.841    37.796    -0.69    3.04
-199156.914    37.593    -0.54    3.35
-198780.989    38.363     2.05    4.31
-198405.066    37.771    -1.58    3.84
-198029.145    39.619     4.92    4.34
-197653.227    40.619     2.66    4.83
-197277.310    41.066     1.19    4.74
-196901.397    40.981    -0.23    4.11
-196525.485    40.465    -1.37    3.49
-196149.575    39.794    -1.78    3.51
-195773.668    39.773    -0.06    3.56
-195397.763    39.012    -2.02    4.63
-195021.861    36.931    -5.54    5.44
-194645.960    33.282    -9.71    6.04
-194270.062    30.905    -6.32    5.70
-193894.166    31.081     0.47    6.04
-193518.272    33.000     5.11    6.36
-193142.380    33.066     0.18    5.81
-192766.491    33.388     0.86    5.51
-192390.604    32.797    -1.57    5.31
-192014.719    31.568    -3.27    4.90
-191638.836    30.455    -2.96    4.51
-191262.736    30.311    -0.38    4.28
-190886.413    30.239    -0.19    5.36
-190510.093    32.087     4.91    5.93
-190133.774    31.978    -0.29    6.35
-189757.458    31.221    -2.01    6.73
-189381.145    31.517     0.78    6.45
-189004.833    30.218    -3.45    6.49
-188628.524    28.553    -4.43    5.46
-188252.217    27.931    -1.65    4.83
-187875.912    27.128    -2.13    4.25
-187499.609    27.158     0.08    3.94
-187123.308    27.923     2.03    3.86
-186747.010    28.877     2.53    3.73
-186370.714    28.773    -0.28    3.69
-185994.420    28.955     0.48    2.96
-185618.128    28.613    -0.91    2.47
-185241.839    27.580    -2.75    2.96
-184865.551    27.075    -1.34    3.34
-184489.266    27.201     0.34    3.66
-184112.983    27.526     0.86    3.94
-183736.702    28.245     1.91    2.88
-183360.423    28.405     0.43    2.42
-182984.147    28.158    -0.66    2.54
-182607.873    29.311     3.07    2.87
-182231.601    30.128     2.17    3.06
-181855.331    30.309     0.48    2.55
-181479.063    30.174    -0.36    2.56
-181102.797    28.981    -3.17    3.74
-180726.534    27.950    -2.74    4.74
-180350.272    27.877    -0.19    4.61
-179974.013    27.132    -1.98    4.62
-179597.756    25.850    -3.41    5.39
-179221.502    25.824    -0.07    4.74
-178845.249    23.120    -7.19    6.20
-178468.999    22.850    -0.72    7.15
-178092.750    24.876     5.39    8.28
-177716.504    25.794     2.44    8.43
-177340.260    26.877     2.88    7.39
-176964.018    24.017    -7.60    7.52
-176587.779    23.055    -2.56    6.87
-176211.541    23.876     2.18    6.78
-175835.306    25.144     3.37    7.03
-175459.072    27.147     5.32    5.67
-175082.841    27.607     1.22    5.60
-174706.612    25.850    -4.67    5.97
-174330.385    23.593    -6.00    6.72
-173954.161    23.336    -0.68    6.19
-173577.938    24.004     1.77    5.02
-173201.718    24.286     0.75    4.67
-172825.499    25.363     2.86    4.12
-172449.283    26.174     2.16    2.51
-172073.069    25.850    -0.86    2.10
-171696.857    24.876    -2.59    2.31
-171320.647    23.044    -4.87    3.92
-170944.440    22.255    -2.10    4.81
-170568.234    22.600     0.92    5.16
-170192.031    23.336     1.96    5.17
-169815.830    24.670     3.55    3.44
-169439.630    25.100     1.14    2.06
-169063.433    23.903    -3.18    1.83
-168687.238    23.060    -2.24    2.20
-168311.045    22.600    -1.22    1.95
-167934.855    21.670    -2.47    2.25
-167558.666    21.823     0.41    2.37
-167182.480    21.696    -0.34    2.28
-166806.295    21.824     0.34    2.10
-166430.113    21.876     0.14    2.43
-166053.933    21.139    -1.96    2.44
-165677.755    20.747    -1.04    2.30
-165301.579    20.568    -0.48    1.96
-164925.405    19.405    -3.09    1.54
-164549.233    18.553    -2.27    1.96
-164173.063    17.742    -2.16    2.00
-163796.895    17.309    -1.15    1.45
-163420.730    17.324     0.04    1.47
-163044.566    18.078     2.01    1.86
-162668.405    19.000     2.45    2.67
-162292.246    19.376     1.00    2.91
-161916.089    20.211     2.22    3.02
-161539.933    20.106    -0.28    3.07
-161163.780    19.742    -0.97    2.42
-160787.629    19.771     0.08    1.98
-160411.480    20.034     0.70    1.83
-160035.334    19.978    -0.15    1.47
-159659.189    20.120     0.38    1.56
-159283.046    20.060    -0.16    1.66
-158906.906    20.300     0.64    2.05
-158530.767    21.450     3.06    2.82
-158154.631    21.877     1.14    3.06
-157778.496    22.607     1.94    3.09
-157402.364    22.120    -1.29    3.19
-157026.234    20.958    -3.09    2.83
-156650.105    20.961     0.01    2.98
-156273.979    21.400     1.17    2.53
-155897.855    22.666     3.37    3.46
-155521.733    23.958     3.44    3.01
-155145.613    26.183     5.92    5.97
-154769.495    28.376     5.83    8.77
-154393.379    30.245     4.97   12.26
-154017.265    35.613    14.27   14.62
-153641.153    39.747    10.99   14.93
-153265.044    46.572    18.15   11.29
-152888.936    50.192     9.62    4.26
-152512.830    49.325    -2.31    5.15
-152136.726    45.907    -9.09    6.39
-151760.625    45.534    -0.99    6.97
-151384.525    46.228     1.85    7.78
-151008.428    48.336     5.61    6.95
-150632.332    50.607     6.04    2.55
-150256.239    50.211    -1.05    3.63
-149880.147    45.670   -12.07    7.91
-149504.058    45.722     0.14    8.21
-149127.970    46.218     1.32    8.34
-148751.885    46.773     1.47    7.13
-148375.802    48.593     4.84    4.74
-147999.720    49.286     1.84    4.22
-147623.641    49.796     1.36    2.80
-147247.563    50.029     0.62    3.09
-146871.488    50.378     0.93    3.02
-146495.415    50.850     1.26    2.89
-146119.344    51.613     2.03    2.79
-145743.274    51.944     0.88    2.35
-145367.207    52.158     0.57    2.30
-144991.142    52.093    -0.17    2.09
-144615.078    51.739    -0.94    2.21
-144239.017    51.282    -1.21    3.09
-143862.958    49.822    -3.88    3.58
-143486.901    49.218    -1.61    3.81
-143110.845    48.225    -2.64    3.83
-142734.792    49.309     2.88    2.98
-142358.741    49.209    -0.27    2.38
-141982.692    48.568    -1.70    2.98
-141606.644    49.183     1.64    3.30
-141230.599    49.390     0.55    3.73
-140854.556    49.952     1.49    3.71
-140478.514    52.336     6.34    2.52
-140102.475    53.120     2.08    2.65
-139726.438    53.904     2.08    2.37
-139350.402    54.456     1.47    1.80
-138974.369    54.311    -0.38    2.15
-138598.337    54.132    -0.48    2.63
-138222.308    53.683    -1.19    2.97
-137846.280    52.444    -3.29    3.44
-137470.255    51.628    -2.17    3.12
-137094.231    50.955    -1.79    3.04
-136718.210    51.234     0.74    3.05
-136342.190    50.931    -0.81    3.12
-135966.172    50.639    -0.78    3.54
-135590.157    51.376     1.96    4.03
-135214.143    51.113    -0.70    4.46
-134838.131    51.634     1.38    4.81
-134462.121    51.525    -0.29    4.97
-134086.114    50.553    -2.59    5.27
-133710.108    50.201    -0.93    4.88
-133334.104    49.607    -1.58    4.98
-132958.102    50.078     1.25    4.63
-132582.102    50.542     1.23    3.58
-132206.104    50.491    -0.14    2.92
-131830.107    49.600    -2.37    3.50
-131454.113    46.139    -9.20    4.56
-131078.121    43.128    -8.01    4.45
-130702.131    40.008    -8.30    4.59
-130326.142    36.517    -9.29    4.53
-129950.156    33.066    -9.18    5.57
-129574.171    28.692   -11.63    5.79
-129198.189    26.087    -6.93    5.06
-128822.208    28.825     7.28    8.83
-128446.229    34.444    14.95   10.60
-128070.252    39.670    13.90    9.08
-127694.277    44.260    12.21    5.27
-127318.304    45.322     2.82    4.65
-126942.333    47.580     6.00    4.21
-126566.364    49.378     4.78    3.71
-126190.397    50.311     2.48    3.56
-125814.432    51.568     3.34    3.34
-125438.469    52.211     1.71    2.96
-125062.507    53.000     2.10    3.21
-124686.548    53.417     1.11    2.50
-124310.590    52.796    -1.65    2.39
-123934.634    52.429    -0.98    2.78
-123558.680    51.955    -1.26    3.29
-123182.729    52.613     1.75    3.17
-122806.779    53.192     1.54    3.55
-122430.830    53.525     0.89    2.78
-122054.884    53.517    -0.02    2.79
-121678.940    52.525    -2.64    3.28
-121302.998    51.429    -2.92    3.92
-120927.057    46.767   -12.40    9.17
-120551.119    42.390   -11.64   10.37
-120175.182    38.933    -9.20   10.49
-119799.247    36.218    -7.22    9.08
-119423.314    35.500    -1.91    7.37
-119047.383    35.390    -0.29    7.74
-118671.454    39.000     9.60    9.61
-118295.527    43.008    10.66   10.26
-117919.601    47.666    12.39    7.95
-117543.678    51.113     9.17    2.67
-117167.756    50.850    -0.70    4.49
-116791.836    50.166    -1.82    4.75
-116415.918    49.878    -0.77    4.81
-116039.677    50.491     1.63    4.18
-115663.385    50.905     1.10    3.56
-115287.095    51.696     2.10    3.12
-114910.806    51.696     0.00    2.76
-114534.519    50.461    -3.28    3.03
-114158.234    49.012    -3.85    3.59
-113781.951    48.350    -1.76    3.45
-113405.670    47.745    -1.61    3.67
-113029.391    47.234    -1.36    3.68
-112653.114    45.877    -3.61    5.69
-112276.838    43.100    -7.38    7.36
-111900.565    42.824    -0.73    7.62
-111524.293    44.955     5.66    7.49
-111148.023    48.309     8.91    6.51
-110771.755    51.081     7.37    2.90
-110395.489    51.593     1.36    2.87
-110019.224    51.989     1.05    2.32
-109642.962    52.029     0.11    1.90
-109266.701    52.128     0.26    2.06
-108890.442    52.087    -0.11    1.94
-108514.185    52.337     0.67    2.16
-108137.930    52.350     0.03    2.30
-107761.677    51.634    -1.90    2.44
-107385.425    49.929    -4.53    4.37
-107009.176    46.985    -7.82    7.33
-106632.928    44.260    -7.24    7.23
-106256.682    44.120    -0.37    7.37
-105880.438    45.722     4.26    7.31
-105504.195    49.619    10.36    4.69
-105127.955    50.927     3.48    3.95
-104751.716    51.526     1.59    3.31
-104375.479    50.388    -3.02    3.49
-103999.244    49.388    -2.66    3.51
-103623.011    48.211    -3.13    2.87
-103246.780    47.593    -1.64    2.77
-102870.550    47.715     0.32    2.25
-102494.322    48.218     1.34    2.16
-102118.096    48.927     1.88    2.65
-101741.872    49.881     2.54    2.62
-101365.650    50.465     1.55    2.57
-100989.430    50.978     1.36    2.78
-100613.211    51.336     0.95    2.14
-100236.994    52.363     2.73    2.19
 -99860.779    53.336     2.59    1.91
 -99484.566    53.260    -0.20    1.80
 -99108.354    53.542     0.75    1.72
 -98732.145    53.166    -1.00    1.77
 -98355.937    53.087    -0.21    1.51
 -97979.731    52.876    -0.56    1.86
 -97603.526    52.645    -0.61    2.12
 -97227.324    52.526    -0.32    2.27
 -96851.123    52.403    -0.33    2.88
 -96474.924    50.877    -4.06    4.28
 -96098.727    50.120    -2.01    4.79
 -95722.532    49.417    -1.87    4.57
 -95346.338    49.256    -0.43    4.35
 -94970.146    50.465     3.21    3.82
 -94593.956    51.465     2.66    2.10
 -94217.768    51.517     0.14    2.14
 -93841.582    51.440    -0.20    2.24
 -93465.397    51.183    -0.68    2.24
 -93089.214    51.311     0.34    2.13
 -92713.033    50.850    -1.23    2.23
 -92336.854    51.106     0.68    2.02
 -91960.676    51.363     0.68    2.13
 -91584.500    51.311    -0.14    2.37
 -91208.326    51.533     0.59    2.69
 -90832.154    51.711     0.47    2.70
 -90455.983    51.403    -0.82    2.96
 -90079.815    51.553     0.40    2.93
 -89703.648    49.066    -6.61    4.14
 -89327.482    46.742    -6.18    4.62
 -88951.319    44.936    -4.80    4.46
 -88575.157    44.175    -2.02    4.12
 -88198.997    41.568    -6.93    5.90
 -87822.839    39.201    -6.29    6.79
 -87446.682    39.593     1.04    7.42
 -87070.528    40.989     3.71    7.44
 -86694.375    44.560     9.50    6.43
 -86318.223    47.209     7.04    4.09
 -85942.074    48.414     3.20    3.68
 -85565.926    48.985     1.52    3.02
 -85189.780    49.429     1.18    2.69
 -84813.636    49.517     0.23    1.94
 -84437.493    49.201    -0.84    1.75
 -84061.352    49.337     0.36    1.70
 -83685.213    49.526     0.50    2.25
 -83309.076    50.093     1.51    2.54
 -82932.940    50.715     1.65    2.36
 -82556.806    51.489     2.06    2.43
 -82180.674    52.106     1.64    2.50
 -81804.543    52.075    -0.08    2.83
 -81428.415    51.688    -1.03    3.03
 -81052.288    50.900    -2.09    2.51
 -80676.162    50.455    -1.18    2.19
 -80300.039    50.491     0.10    2.24
 -79923.917    51.309     2.18    2.33
 -79547.796    51.901     1.57    2.29
 -79171.678    50.822    -2.87    3.47
 -78795.561    50.390    -1.15    4.69
 -78419.446    48.981    -3.75    5.83
 -78043.333    48.107    -2.32    6.04
 -77667.221    48.055    -0.14    6.16
 -77291.111    49.260     3.20    4.60
 -76915.003    50.688     3.80    3.30
 -76538.896    51.958     3.38    2.63
 -76162.791    51.715    -0.65    2.50
 -75786.688    52.034     0.85    2.50
 -75410.587    52.125     0.24    2.46
 -75034.487    52.471     0.92    2.15
 -74658.389    52.670     0.53    2.33
 -74282.292    52.508    -0.43    2.25
 -73906.198    52.113    -1.05    2.95
 -73530.105    50.282    -4.87    4.35
 -73154.013    47.700    -6.87    6.57
 -72777.924    46.403    -3.45    6.41
 -72401.836    45.961    -1.17    6.50
 -72025.749    47.336     3.66    6.38
 -71649.665    49.711     6.31    3.37
 -71273.582    48.952    -2.02    3.83
 -70897.500    47.901    -2.80    3.97
 -70521.421    47.678    -0.59    3.94
 -70145.343    47.580    -0.26    3.79
 -69769.267    47.661     0.22    3.78
 -69393.192    45.796    -4.96    4.21
 -69017.119    41.775   -10.69    6.76
 -68641.048    38.390    -9.00    7.61
 -68264.978    32.376   -15.99    8.17
 -67888.910    27.192   -13.79    7.46
 -67512.844    27.927     1.95   11.03
 -67136.779    34.174    16.61   14.86
 -66760.716    39.200    13.36   13.64
 -66384.655    44.560    14.25    8.31
 -66008.595    45.017     1.21    5.15
 -65632.537    43.796    -3.25    4.73
 -65256.481    43.767    -0.08    5.04
 -64880.426    43.747    -0.05    5.75
 -64504.373    44.517     2.05    5.33
 -64128.321    43.879    -1.69    5.12
 -63752.271    43.403    -1.27    4.92
 -63376.223    43.607     0.54    4.47
 -63000.177    43.405    -0.54    4.34
 -62624.132    43.363    -0.11    4.10
 -62248.088    43.955     1.58    3.78
 -61872.047    45.799     4.90    3.51
 -61496.007    47.158     3.61    3.39
 -61119.968    48.491     3.55    3.44
 -60743.931    50.255     4.69    2.85
 -60367.896    51.191     2.49    2.54
 -59991.863    51.491     0.80    2.01
 -59615.831    51.100    -1.04    2.63
 -59239.801    50.120    -2.61    2.82
 -58863.772    48.580    -4.10    2.96
 -58487.745    47.417    -3.09    3.74
 -58111.719    46.440    -2.60    4.01
 -57735.696    45.450    -2.63    4.70
 -57359.673    44.234    -3.23    5.04
 -56983.653    43.797    -1.16    4.80
 -56607.634    43.378    -1.12    4.72
 -56231.616    43.978     1.60    4.23
 -55855.601    44.587     1.62    3.10
 -55479.586    44.587     0.00    2.91
 -55103.574    43.666    -2.45    3.72
 -54727.563    41.491    -5.78    5.28
 -54351.553    35.553   -15.79    9.12
 -53975.546    29.209   -16.87   10.10
 -53599.539    22.500   -17.84    7.36
 -53223.535    19.933    -6.83    4.90
 -52847.532    21.688     4.67    6.68
 -52471.530    28.471    18.04    9.90
 -52095.531    34.309    15.53    8.99
 -51719.532    37.471     8.41    6.37
 -51343.536    38.489     2.71    5.44
 -50967.541    39.775     3.42    5.17
 -50591.547    40.034     0.69    5.02
 -50215.555    40.499     1.24    4.66
 -49839.565    40.824     0.87    3.82
 -49463.576    41.692     2.31    3.32
 -49087.589    41.876     0.49    2.85
 -48711.603    41.985     0.29    2.38
 -48335.619    42.260     0.73    1.96
 -47959.637    42.683     1.13    1.75
 -47583.656    42.799     0.31    2.06
 -47207.676    43.132     0.89    2.46
 -46831.699    43.350     0.58    2.92
 -46455.722    43.120    -0.61    3.45
 -46079.748    42.580    -1.44    4.42
 -45703.775    42.336    -0.65    4.14
 -45327.803    42.985     1.73    3.73
 -44951.833    43.628     1.71    3.91
 -44575.865    44.955     3.53    3.13
 -44199.898    46.106     3.06    1.97
 -43823.932    46.166     0.16    2.23
 -43447.969    45.850    -0.84    2.61
 -43072.006    45.929     0.21    2.71
 -42696.046    45.645    -0.76    2.72
 -42320.086    44.363    -3.41    4.12
 -41944.129    42.978    -3.68    4.09
 -41568.173    41.822    -3.07    4.14
 -41192.149    41.978     0.41    3.97
 -40815.885    41.670    -0.82    3.38
 -40439.622    42.006     0.89    3.10
 -40063.361    42.209     0.54    3.14
 -39687.102    42.120    -0.24    3.40
 -39310.844    42.147     0.07    3.17
 -38934.587    43.534     3.69    3.15
 -38558.333    44.183     1.73    2.99
 -38182.079    44.286     0.27    2.75
 -37805.827    44.978     1.84    1.88
 -37429.577    44.607    -0.99    1.94
 -37053.328    43.927    -1.81    1.91
 -36677.081    43.158    -2.04    2.26
 -36300.835    41.799    -3.61    3.22
 -35924.591    41.769    -0.08    3.39
 -35548.348    41.747    -0.06    3.67
 -35172.107    42.309     1.49    3.52
 -34795.867    43.034     1.93    2.41
 -34419.629    43.174     0.37    2.37
 -34043.392    42.975    -0.53    2.46
 -33667.157    43.337     0.96    2.36
 -33290.923    43.455     0.31    2.54
 -32914.691    43.100    -0.94    2.41
 -32538.460    42.747    -0.94    2.85
 -32162.231    42.655    -0.24    2.84
 -31786.003    42.850     0.52    2.04
 -31409.777    42.440    -1.09    2.00
 -31033.552    42.661     0.59    1.75
 -30657.329    42.297    -0.97    1.86
 -30281.107    42.440     0.38    2.22
 -29904.887    42.465     0.07    2.20
 -29528.668    41.742    -1.92    3.13
 -29152.451    41.363    -1.01    3.58
 -28776.235    40.718    -1.71    4.11
 -28400.021    40.769     0.13    4.39
 -28023.808    40.147    -1.65    4.17
 -27647.597    39.072    -2.86    4.59
 -27271.387    36.747    -6.18    5.72
 -26895.179    35.725    -2.72    6.26
 -26518.972    34.878    -2.25    6.36
 -26142.766    33.440    -3.82    6.14
 -25766.562    33.267    -0.46    6.86
 -25390.360    33.034    -0.62    7.75
 -25014.159    33.850     2.17    8.07
 -24637.959    34.139     0.77    7.87
 -24261.761    35.245     2.94    6.66
 -23885.565    36.113     2.31    5.07
 -23509.369    35.450    -1.76    5.26
 -23133.176    34.282    -3.10    6.38
 -22756.983    33.100    -3.14    6.96
 -22380.793    31.981    -2.97    8.18
 -22004.603    29.489    -6.63    9.59
 -21628.415    29.931     1.18    8.90
 -21252.229    29.878    -0.14    9.12
 -20876.044    28.376    -3.99   10.03
 -20499.860    28.250    -0.34   10.93
 -20123.678    27.390    -2.28   11.31
 -19747.498    25.650    -4.63   11.50
 -19371.318    24.534    -2.97   11.80
 -18995.141    23.218    -3.50   10.83
 -18618.964    21.218    -5.32   10.23
 -18242.789    17.465    -9.98    9.85
 -17866.616    14.245    -8.56    8.69
 -17490.444    12.767    -3.93    6.24
 -17114.273    15.670     7.72    9.76
 -16738.104    21.517    15.54   11.84
 -16361.936    25.075     9.46   11.82
 -15985.770    28.568     9.29   10.75
 -15609.605    31.072     6.66    7.87
 -15233.442    34.174     8.25    5.85
 -14857.280    35.553     3.66    5.64
 -14481.119    37.745     5.83    4.52
 -14104.960    38.517     2.05    4.28
 -13728.802    39.796     3.40    3.17
 -13352.646    39.975     0.48    3.15
 -12976.491    40.337     0.96    3.43
 -12600.337    40.745     1.08    3.36
 -12224.185    39.526    -3.24    4.94
 -11848.034    40.209     1.82    3.75
 -11471.885    39.645    -1.50    4.14
 -11095.737    38.072    -4.18    5.92
 -10719.591    35.055    -8.02    8.11
 -10343.446    30.794   -11.33    8.63
  -9967.302    29.060    -4.61    8.96
  -9591.160    27.542    -4.04    8.94
  -9215.019    26.100    -3.83    7.61
  -8838.879    25.147    -2.53    6.68
  -8462.741    22.455    -7.16    7.76
  -8086.604    16.931   -14.69    9.66
  -7710.469    14.081    -7.58    8.88
  -7334.335    12.066    -5.36    6.08
  -6958.203     8.593    -9.23    7.13
  -6582.071     8.209    -1.02    7.36
  -6205.942     8.978     2.05    7.62
  -5829.813    11.417     6.49    7.97
  -5453.686    14.004     6.88    7.01
  -5077.560    12.311    -4.50    8.08
  -4701.436     9.767    -6.77    8.11
  -4325.313     8.797    -2.58    7.67
  -3949.192     8.147    -1.73    6.02
  -3573.072     9.039     2.37    6.42
  -3196.953    10.568     4.06    6.24
  -2820.835    12.069     3.99    6.76
  -2444.719    10.029    -5.42    8.17
  -2068.605     6.696    -8.86    7.73
  -1692.491     4.600    -5.57    6.62
  -1316.379     2.055    -6.77    4.16
   -940.269     0.958    -2.92    2.79
   -564.159     0.183    -2.06    1.36
   -188.051    -0.124    -0.82    0.16
    188.055     0.113     0.63    0.86
    564.160     1.192     2.87    3.12
    940.264     5.158    10.54    7.92
   1316.367    10.799    15.00   10.41
   1692.468    16.322    14.69    9.46
   2068.568    21.661    14.19    4.75
   2444.666    22.012     0.93    3.98
   2820.763    20.715    -3.45    4.55
   3196.859    17.850    -7.62    5.91
   3572.953    15.879    -5.24    5.55
   3949.046    14.593    -3.42    3.80
   4325.138    15.004     1.09    3.41
   4701.229    15.961     2.55    3.34
   5077.318    16.209     0.66    3.98
   5453.406    15.526    -1.82    4.38
   5829.492    15.508    -0.05    4.23
   6205.577    15.692     0.49    4.45
   6581.661    15.799     0.28    4.32
   6957.743    15.120    -1.80    4.29
   7333.824    14.455    -1.77    3.96
   7709.904    14.100    -0.94    3.84
   8085.983    15.017     2.44    4.72
   8462.060    15.309     0.78    4.91
   8838.136    15.796     1.29    5.02
   9214.210    16.471     1.80    5.01
   9590.284    17.661     3.16    4.04
   9966.356    16.683    -2.60    3.11
  10342.426    16.350    -0.89    3.27
  10718.496    15.952    -1.06    3.25
  11094.564    15.526    -1.14    3.13
  11470.630    15.440    -0.23    2.68
  11846.696    15.034    -1.08    2.35
  12222.760    15.481     1.19    2.80
  12598.823    16.336     2.27    3.01
  12974.884    16.645     0.82    3.29
  13350.944    17.489     2.24    3.04
  13727.003    18.429     2.50    2.66
  14103.061    18.440     0.03    2.49
  14479.117    17.878    -1.49    2.39
  14855.172    17.132    -1.99    2.47
  15231.226    16.012    -2.98    1.83
  15607.279    15.471    -1.44    1.59
  15983.330    15.363    -0.29    1.79
  16359.380    15.767     1.07    1.95
  16735.428    16.029     0.70    1.80
  17111.476    16.265     0.63    1.63
  17487.522    16.147    -0.31    1.76
  17863.567    15.542    -1.61    1.67
  18239.610    15.271    -0.72    1.88
  18615.652    15.337     0.18    1.99
  18991.693    14.526    -2.16    1.80
  19367.733    14.670     0.39    1.78
  19743.772    14.661    -0.03    1.87
  20119.809    14.282    -1.01    1.56
  20495.845    13.985    -0.79    1.69
  20871.880    13.497    -1.30    2.00
  21247.913    13.183    -0.83    2.07
  21623.945    12.388    -2.11    2.15
  21999.976    11.936    -1.20    2.54
  22376.006    10.526    -3.75    2.97
  22752.034    10.239    -0.76    3.21
  23128.061    11.245     2.67    3.93
  23504.087    11.900     1.74    3.99
  23880.112    12.363     1.23    3.56
  24256.135    13.218     2.27    3.89
  24632.157    13.745     1.40    3.36
  25008.178    14.087     0.91    3.61
  25384.198    15.147     2.82    4.37
  25760.216    15.375     0.61    4.64
  26136.234    17.034     4.41    4.87
  26512.250    17.607     1.52    4.76
  26888.264    18.823     3.23    4.23
  27264.278    18.421    -1.07    4.50
  27640.290    17.901    -1.38    4.54
  28016.301    15.978    -5.11    4.48
  28392.311    14.544    -3.81    4.35
  28768.320    13.403    -3.04    3.70
  29144.327    13.211    -0.51    3.19
  29520.333    13.218     0.02    3.58
  29896.338    13.725     1.35    4.17
  30272.342    13.553    -0.46    3.76
  30648.344    14.481     2.47    3.48
  31024.345    15.429     2.52    3.66
  31400.346    15.725     0.79    3.78
  31776.344    15.093    -1.68    4.25
  32152.342    15.025    -0.18    4.41
  32528.338    14.850    -0.47    4.38
  32904.334    14.228    -1.65    4.21
  33280.328    14.039    -0.50    3.94
  33656.320    14.688     1.73    4.04
  34032.453    14.613    -0.20    3.57
  34408.686    14.696     0.22    3.43
  34784.918    14.017    -1.81    3.72
  35161.148    13.876    -0.37    3.90
  35537.377    13.218    -1.75    3.47
  35913.606    12.961    -0.68    3.44
  36289.833    13.087     0.33    4.17
  36666.058    13.004    -0.22    4.77
  37042.283    13.876     2.32    5.06
  37418.506    15.309     3.81    5.69
  37794.728    16.927     4.30    5.47
  38170.949    19.155     5.92    4.43
  38547.169    19.800     1.71    4.02
  38923.388    18.799    -2.66    3.85
  39299.605    17.793    -2.67    3.83
  39675.822    16.688    -2.94    3.72
  40052.037    16.526    -0.43    3.70
  40428.251    15.661    -2.30    3.49
  40804.464    15.639    -0.06    3.40
  41180.675    15.878     0.63    2.74
  41556.886    15.600    -0.74    2.83
  41933.095    15.388    -0.56    3.32
  42309.303    14.336    -2.80    3.71
  42685.510    13.747    -1.57    3.77
  43061.716    11.534    -5.88    4.60
  43437.920     8.534    -7.97    5.46
  43814.124     5.878    -7.06    4.93
  44190.326     3.696    -5.80    3.03
  44566.527     2.933    -2.03    0.37
  44942.727     3.158     0.60    0.66
  45318.926     3.952     2.11    1.60
  45695.124     5.225     3.38    2.27
  46071.320     6.363     3.03    2.80
  46447.516     7.417     2.80    3.23
  46823.710     8.174     2.01    3.28
  47199.903     8.139    -0.09    3.34
  47576.095     7.688    -1.20    3.32
  47952.286     6.978    -1.89    3.05
  48328.475     6.311    -1.77    2.77
  48704.664     5.271    -2.77    2.55
  49080.851     4.192    -2.87    1.94
  49457.038     6.166     5.25    6.88
  49833.223    13.952    20.70   13.85
  50209.407    23.201    24.59   14.27
  50585.590    29.978    18.01    9.65
  50961.771    34.683    12.51    3.07
  51337.952    34.952     0.72    2.66
  51714.131    34.158    -2.11    2.95
  52090.310    33.506    -1.73    3.11
  52466.487    32.568    -2.49    2.87
  52842.663    31.985    -1.55    2.81
  53218.838    32.147     0.43    2.79
  53595.012    32.081    -0.18    3.11
  53971.185    31.933    -0.39    3.20
  54347.357    31.927    -0.02    3.26
  54723.527    31.773    -0.41    3.21
  55099.697    30.715    -2.81    2.71
  55475.865    31.183     1.25    2.91
  55852.032    31.876     1.84    2.49
  56228.198    30.747    -3.00    3.54
  56604.363    30.390    -0.95    3.68
  56980.527    29.429    -2.56    3.41
  57356.690    29.255    -0.46    2.63
  57732.852    29.742     1.29    2.08
  58109.013    30.390     1.72    2.26
  58485.172    30.912     1.39    1.88
  58861.331    30.722    -0.51    2.47
  59237.488    30.568    -0.41    2.36
  59613.644    30.517    -0.14    2.24
  59989.799    31.106     1.57    2.00
  60365.954    30.822    -0.76    2.31
  60742.107    30.517    -0.81    2.34
  61118.259    30.429    -0.23    2.36
  61494.409    30.499     0.19    2.30
  61870.559    31.796     3.45    2.04
  62246.708    32.183     1.03    2.29
  62622.856    32.700     1.37    2.14
  62999.002    33.120     1.12    1.88
  63375.148    33.491     0.99    1.84
  63751.292    33.661     0.45    1.96
  64127.435    34.471     2.16    2.15
  64503.578    34.769     0.79    2.85
  64879.719    35.164     1.05    3.02
  65255.859    34.696    -1.24    3.45
  65631.998    33.525    -3.11    3.40
  66008.136    33.499    -0.07    3.08
  66384.273    33.363    -0.36    2.90
  66760.409    33.433     0.19    2.74
  67136.544    33.613     0.48    2.24
  67512.678    33.696     0.22    2.12
  67888.811    33.481    -0.57    2.31
  68264.942    33.155    -0.87    2.32
  68641.073    32.955    -0.53    2.31
  69017.203    32.625    -0.88    1.99
  69393.331    31.794    -2.21    2.38
  69769.459    31.004    -2.10    2.93
  70145.585    28.587    -6.43    4.62
  70521.711    27.444    -3.04    4.07
  70897.835    27.363    -0.22    4.59
  71273.958    29.239     4.99    4.68
  71650.081    31.106     4.97    4.10
  72026.202    31.550     1.18    3.90
  72402.322    31.255    -0.78    4.35
  72778.442    31.325     0.19    4.77
  73154.560    31.034    -0.77    4.17
  73530.677    31.718     1.82    3.70
  73906.793    33.336     4.30    1.76
  74282.908    33.286    -0.13    1.65
  74659.023    33.661     1.00    1.87
  75035.136    33.822     0.43    2.34
  75411.248    33.429    -1.05    3.63
  75787.359    33.628     0.53    3.88
  76163.469    34.081     1.20    3.86
  76539.578    34.670     1.57    2.99
  76915.686    35.183     1.36    2.26
  77291.793    34.769    -1.10    2.54
  77667.899    35.093     0.86    2.39
  78044.004    35.066    -0.07    2.30
  78420.108    35.100     0.09    2.17
  78796.211    34.823    -0.74    2.06
  79172.313    34.587    -0.63    2.01
  79548.414    34.271    -0.84    2.00
  79924.514    34.060    -0.56    2.15
  80300.613    34.201     0.37    2.12
  80676.711    33.645    -1.48    2.27
  81052.808    33.060    -1.55    2.35
  81428.904    33.128     0.18    1.97
  81804.999    33.336     0.55    1.89
  82181.093    32.989    -0.92    2.03
  82557.186    33.234     0.65    2.23
  82933.279    32.747    -1.30    2.33
  83309.370    32.069    -1.80    2.51
  83685.460    31.580    -1.30    3.28
  84061.549    31.147    -1.15    3.56
  84437.637    30.499    -1.72    3.44
  84813.724    23.747   -17.95   11.68
  85189.811    17.666   -16.17   14.23
  85565.896     9.260   -22.35   13.04
  85941.980     0.901   -22.23    3.63
  86318.063     0.363    -1.43    3.65
  86694.146     0.363     0.00    4.70
  87070.227     0.952     1.57    6.13
  87446.308    -0.176    -3.00    4.67
  87822.387    -0.761    -1.55    4.02
  88198.466    -1.853    -2.90    0.97
  88574.543    -1.511     0.91    2.17
  88950.620    -0.907     1.61    3.05
  89326.695     0.132     2.76    3.45
  89702.770     2.214     5.53    7.45
  90078.844     8.388    16.42   12.52
  90454.917    14.350    15.85   12.41
  90830.988    20.489    16.32   10.42
  91207.059    25.645    13.71    5.82
  91583.129    27.201     4.14    5.76
  91959.198    19.619   -20.16   12.54
  92335.266    13.060   -17.44   13.28
  92711.333     6.901   -16.38    8.88
  93087.400     4.958    -5.17    4.16
  93463.465     7.981     8.04    5.91
  93839.529     9.850     4.97    6.09
  94215.593    11.822     5.24    5.62
  94591.655    13.634     4.82    5.39
  94967.716    15.039     3.74    4.51
  95343.777    16.228     3.16    2.59
  95719.837    15.282    -2.52    3.73
  96095.895    13.221    -5.48    5.52
  96471.953    10.600    -6.97    5.86
  96848.010     9.087    -4.02    4.97
  97224.066     8.093    -2.64    5.18
  97600.121     8.978     2.35    5.21
  97976.175    10.429     3.86    5.59
  98352.229    12.087     4.41    5.47
  98728.281    15.039     7.85    2.87
  99104.332    17.004     5.22    2.51
  99480.383    18.933     5.13    3.77
  99856.432    22.218     8.74    5.75
 100232.481    26.300    10.85    7.01
 100608.529    30.244    10.49    5.98
 100984.576    32.363     5.64    3.63
 101360.622    32.201    -0.43    3.40
 101736.667    31.066    -3.02    3.28
 102112.711    29.580    -3.95    3.29
 102488.754    29.433    -0.39    3.32
 102864.796    29.004    -1.14    3.35
 103240.838    27.901    -2.93    4.39
 103616.879    28.455     1.47    4.85
 103992.918    30.692     5.95    6.05
 104368.957    34.722    10.72    6.32
 104744.995    38.363     9.68    5.07
 105121.032    40.580     5.90    3.50
 105497.068    41.081     1.33    2.64
 105873.103    40.544    -1.43    2.00
 106249.138    40.508    -0.10    2.12
 106625.171    40.297    -0.56    1.97
 107001.204    40.506     0.56    1.84
 107377.236    40.414    -0.25    2.14
 107753.267    40.324    -0.24    2.02
 108129.297    40.715     1.04    2.04
 108505.326    40.850     0.36    1.70
 108881.354    40.878     0.07    1.86
 109257.548    40.903     0.07    2.04
 109633.753    40.403    -1.33    2.14
 110009.957    40.282    -0.32    2.02
 110386.160    40.286     0.01    2.44
 110762.362    40.645     0.95    2.56
 111138.563    40.132    -1.36    3.81
 111514.764    37.012    -8.29    8.22
 111890.963    34.517    -6.63    9.56
 112267.162    33.742    -2.06    8.58
 112643.360    33.958     0.57    8.18
 113019.557    36.363     6.39    7.79
 113395.753    39.062     7.17    4.08
 113771.949    40.670     4.28    3.07
 114148.143    41.132     1.23    3.15
 114524.337    41.628     1.32    3.01
 114900.530    43.081     3.86    3.01
 115276.722    43.600     1.38    2.60
 115652.913    44.218     1.64    2.29
 116029.103    44.593     1.00    2.14
 116405.293    43.985    -1.62    3.00
 116781.481    43.534    -1.20    3.23
 117157.669    43.209    -0.86    3.24
 117533.856    44.150     2.50    3.16
 117910.042    44.580     1.14    2.58
 118286.228    44.286    -0.78    2.85
 118662.412    43.773    -1.36    3.30
 119038.596    42.878    -2.38    3.18
 119414.779    42.796    -0.22    3.79
 119790.961    42.822     0.07    3.57
 120167.142    43.218     1.05    3.93
 120543.322    44.106     2.36    3.68
 120919.502    44.128     0.06    3.75
 121295.681    43.388    -1.97    4.06
 121671.859    43.147    -0.64    3.56
 122048.036    43.499     0.93    3.30
 122424.212    42.876    -1.65    3.54
 122800.388    42.376    -1.33    3.53
 123176.563    40.282    -5.57    2.75
 123552.737    39.390    -2.37    2.05
 123928.910    39.050    -0.91    2.33
 124305.082    38.183    -2.30    2.27
 124681.254    37.500    -1.82    2.49
 125057.424    36.166    -3.55    2.82
 125433.594    34.905    -3.35    3.15
 125809.764    33.093    -4.82    3.59
 126185.932    32.715    -1.01    3.92
 126562.100    32.985     0.72    4.13
 126938.266    34.491     4.00    3.71
 127314.432    35.958     3.90    2.23
 127690.598    35.725    -0.62    2.20
 128066.762    35.465    -0.69    2.23
 128442.926    35.008    -1.22    2.40
 128819.089    36.012     2.67    3.61
 129195.251    37.799     4.75    3.71
 129571.412    39.034     3.28    3.11
 129947.573    40.072     2.76    3.22
 130323.732    39.696    -1.00    3.42
 130699.891    39.794     0.26    3.62
 131076.050    39.718    -0.20    4.36
 131452.207    40.081     0.96    4.23
 131828.364    40.032    -0.13    4.07
 132204.520    39.309    -1.92    3.88
 132580.675    39.174    -0.36    3.58
 132956.829    39.661     1.29    3.44
 133332.983    40.034     0.99    3.46
 133709.136    40.655     1.65    3.18
 134085.288    40.747     0.24    3.32
 134461.440    40.696    -0.14    3.36
 134837.590    40.670    -0.07    3.26
 135213.740    40.580    -0.24    3.64
 135589.889    40.824     0.65    3.46
 135966.038    41.081     0.68    2.80
 136342.185    42.155     2.86    2.07
 136718.332    41.286    -2.31    3.78
 137094.479    37.655    -9.65    6.38
 137470.624    32.797   -12.92    9.19
 137846.769    25.773   -18.67    9.27
 138222.913    20.537   -13.92    6.49
 138599.056    19.139    -3.72    5.17
 138975.198    21.455     6.16    8.78
 139351.340    26.444    13.26   10.71
 139727.481    33.978    20.03   10.19
 140103.621    38.228    11.30    6.82
 140479.761    38.927     1.86    6.16
 140855.900    39.132     0.55    6.41
 141232.038    38.639    -1.31    6.00
 141608.175    38.850     0.56    5.84
 141984.312    39.773     2.45    5.89
 142360.448    40.824     2.79    6.61
 142736.583    40.628    -0.52    7.59
 143112.718    41.553     2.46    8.07
 143488.852    39.769    -4.74    7.60
 143864.985    39.147    -1.65    6.67
 144241.117    40.255     2.95    6.13
 144617.249    40.725     1.25    5.91
 144993.380    41.645     2.45    5.19
 145369.510    41.517    -0.34    4.44
 145745.640    42.517     2.66    2.97
 146121.769    43.619     2.93    3.08
 146497.897    44.363     1.98    3.51
 146874.024    45.797     3.81    3.38
 147250.151    46.797     2.66    2.78
 147626.277    47.234     1.16    2.91
 148002.403    47.985     2.00    2.94
 148378.527    48.797     2.16    3.30
 148754.651    49.275     1.27    2.78
 149130.775    49.544     0.72    2.32
 149506.897    48.904    -1.70    2.17
 149883.019    47.823    -2.87    1.67
 150259.140    48.066     0.65    4.01
 150635.261    55.363    19.40   17.36
 151011.381    62.600    19.24   20.29
 151387.500    63.325     1.93   18.68
 151763.619    64.568     3.30   17.11
 152139.737    62.526    -5.43   15.32
 152515.854    58.645   -10.32    9.39
 152891.970    55.363    -8.72    8.18
 153268.086    51.350   -10.67    6.42
 153644.201    49.234    -5.62    6.26
 154020.316    47.645    -4.23    4.13
 154396.430    46.794    -2.26    2.45
 154772.543    47.797     2.67    2.28
 155148.656    48.593     2.12    2.33
 155524.767    49.183     1.57    2.46
 155900.879    49.670     1.30    2.30
 156276.989    49.390    -0.74    2.62
 156653.099    49.012    -1.01    2.67
 157029.208    48.309    -1.87    1.80
 157405.317    48.683     0.99    1.75
 157781.425    48.517    -0.44    1.88
 158157.532    48.874     0.95    2.09
 158533.639    48.688    -0.50    2.19
 158909.745    48.286    -1.07    2.39
 159285.850    47.955    -0.88    2.14
 159661.955    47.055    -2.39    1.82
 160038.059    46.309    -1.98    2.51
 160414.163    46.183    -0.34    2.50
 160790.266    46.390     0.55    2.57
 161166.368    47.147     2.01    2.50
 161542.469    46.769    -1.01    2.22
 161918.570    46.026    -1.97    2.07
 162294.671    45.952    -0.20    1.87
 162670.770    46.106     0.41    1.87
 163046.869    46.307     0.53    1.56
 163422.968    45.958    -0.93    1.59
 163799.066    45.904    -0.14    1.65
 164175.163    45.955     0.14    1.67
 164551.259    46.650     1.85    2.61
 164927.355    47.417     2.04    3.39
 165303.451    46.613    -2.14    4.56
 165679.545    45.060    -4.13    5.77
 166055.639    43.797    -3.36    5.42
 166431.733    45.174     3.66    5.53
 166807.826    46.200     2.73    5.26
 167183.918    48.271     5.51    3.45
 167560.010    47.499    -2.05    3.64
 167936.101    46.444    -2.80    3.90
 168312.191    44.794    -4.39    3.66
 168688.281    43.619    -3.12    3.41
 169064.370    43.029    -1.57    2.68
 169440.459    42.793    -0.63    2.50
 169816.547    42.455    -0.90    2.31
 170192.635    42.661     0.55    2.16
 170568.722    42.961     0.80    2.44
 170944.808    43.722     2.02    3.53
 171320.894    44.607     2.35    3.10
 171696.979    45.337     1.94    2.76
 172073.063    45.403     0.17    2.60
 172449.147    45.175    -0.61    2.42
 172825.230    45.147    -0.07    2.44
 173201.313    43.875    -3.38    3.25
 173577.395    42.234    -4.36    3.87
 173953.477    40.767    -3.90    3.29
 174329.558    41.417     1.73    3.65
 174705.639    42.201     2.08    3.90
 175081.719    43.336     3.02    4.98
 175457.798    43.593     0.68    5.96
 175833.877    44.044     1.20    5.92
 176209.955    44.286     0.64    5.66
 176586.033    44.534     0.66    4.36
 176962.110    45.239     1.87    2.91
 177338.186    44.414    -2.19    3.19
 177714.262    43.952    -1.23    3.08
 178090.337    44.034     0.22    3.08
 178466.412    43.517    -1.38    2.94
 178842.487    43.799     0.75    3.11
 179218.560    42.444    -3.60    4.15
 179594.634    40.132    -6.15    5.49
 179970.706    37.625    -6.67    5.23
 180346.778    36.507    -2.97    4.83
 180722.850    35.931    -1.53    4.14
 181098.921    36.039     0.29    3.74
 181474.991    37.336     3.45    3.07
 181851.061    37.255    -0.22    3.00
 182227.130    36.878    -1.00    3.00
 182603.199    36.094    -2.08    2.99
 182979.268    35.901    -0.51    3.49
 183355.335    36.417     1.37    3.56
 183731.403    37.455     2.76    3.41
 184107.501    37.613     0.42    3.03
 184483.677    38.440     2.20    2.41
 184859.852    39.066     1.67    2.17
 185236.027    39.081     0.04    1.84
 185612.202    38.461    -1.65    2.44
 185988.376    38.311    -0.40    2.34
 186364.549    38.824     1.36    2.42
 186740.722    39.600     2.06    2.69
 187116.895    40.012     1.10    2.19
 187493.067    39.742    -0.72    2.34
 187869.238    38.985    -2.01    2.19
 188245.409    38.218    -2.04    2.64
 188621.579    37.580    -1.70    2.96
 188997.749    35.670    -5.08    3.64
 189373.918    33.311    -6.27    4.60
 189750.087    31.255    -5.47    4.19
 190126.255    31.008    -0.66    3.85
 190502.423    32.055     2.78    4.55
 190878.591    34.004     5.18    4.71
 191254.757    36.093     5.55    3.99
 191630.924    37.564     3.91    4.16
 192007.090    38.937     3.65    4.18
