# NaN NaN NaN ;Mean Elev.(m), Avg Gradient(m/km), RMS Gradient(m/km) - SRTM1     
#    0.012  -0.023   3.358 ;Mean Elev.(m), Avg Gradient(m/km), RMS Gradient(m/km) - ASTER GDEM
#    0.082  -0.836   6.125 ;Mean Elev.(m), Avg Gradient(m/km), RMS Gradient(m/km) - GMTED2010 
  8 309.097569   0.089545     0.097     0.625 48 52497.05808897 32.530
  9 309.092530   0.087853     2.230     2.312 49 52532.05807536 14.693
 10 309.098887   0.090793    -0.311     0.414 47 52567.05809883 33.392
 11 309.090651   0.087632    -0.288     0.433 48 52602.05810461 35.248
 12 309.092706   0.086979     2.202     2.474 48 52637.05807196 17.167
 13 309.093526   0.088873    -0.542     0.214 48 52672.05807590 37.216
 14 309.095600   0.089258     0.134     0.872 48 52707.05807752 34.891
 15 309.091071   0.087545     2.325     2.343 48 52742.05810879 14.230
 16 309.097652   0.090999    -0.094     0.680 47 52777.05805132 34.843
 17 309.092063   0.086859     2.182     2.204 49 52812.05812964 15.183
 18 309.093701   0.089579    -0.104     0.622 48 52847.05818480 29.946
 19 309.092105   0.088201    -0.115     0.661 48 52882.05822112 33.319
 20 309.096729   0.089885     2.413     2.435 47 52917.05817827 12.334
 21 309.099269   0.091536    -1.119    -0.234 47 52952.05813971 34.316
 22 309.101450   0.093975     0.631     0.656 47 52987.05815554 32.911
 23 309.098608   0.092099     2.427     2.472 48 53022.05814415 15.219
 24 309.100775   0.091762     0.202     0.287 47 53057.05813566 39.760
 25 309.088076   0.084560    -0.313     1.630 48 53092.05817216 20.517
 26 309.097413   0.091545     1.564     1.625 48 53127.05814423 26.559
 27 309.089517   0.085691    -1.945     0.038 48 53162.05820699 32.202
 28 309.095910   0.090472     2.370     2.394 48 53197.05820681 14.691
 29 309.100920   0.092107    -0.661     0.198 48 53232.05818629 36.671
 30 309.093561   0.089416     0.082     0.659 48 53267.05815502 30.395
 31 309.087153   0.083464     2.089     2.123 48 53302.05820756 17.325
 32 309.094357   0.088779    -0.836    -0.307 49 53337.05817845 32.819
 33 309.096569   0.091304     0.820     0.980 48 53372.05811442 27.684
 35 309.095281   0.088575     0.563     0.682 48 53442.05813665 29.228
 36 309.089973   0.086692     1.821     2.113 48 53477.05820646 15.408
 37 309.094581   0.087432     0.254     0.589 48 53512.05821933 28.077
 38 309.090666   0.085282     0.985     1.019 48 53547.05823663 26.527
 39 309.094542   0.090361     2.192     2.211 48 53582.05820765 15.064
 40 309.092324   0.086750    -1.139    -0.296 48 53617.05816249 34.464
 41 309.095562   0.087827     0.512     0.706 48 53652.05817966 30.283
 42 309.091209   0.086960     1.570     1.697 49 53687.05818333 20.203
 43 309.097331   0.090698    -0.309     0.121 47 53722.05810943 33.540
 44 309.101528   0.092911     1.281     1.439 48 53757.05804192 20.145
 45 309.098737   0.090413     0.992     1.479 48 53792.05806654 20.504
 46 309.098952   0.091761     0.604     0.814 48 53827.05803146 27.965
 47 309.091731   0.088057     1.676     2.292 48 53862.05811874 17.488
 48 309.095395   0.090382    -1.227    -0.266 48 53897.05814036 37.405
 49 309.085870   0.084111     0.739     1.238 48 53932.05818887 27.183
 50 309.089298   0.086025     0.963     1.172 48 53967.05816371 23.541
 51 309.097273   0.090502    -1.226    -0.599 47 54002.05812844 35.188
 52 309.097153   0.091159     0.371     0.242 48 54037.05816724 26.202
 53 309.096227   0.090053     1.235     1.432 47 54072.05816098 15.151
 54 309.093746   0.089997    -0.733    -0.150 48 54107.05811132 35.027
 55 309.094239   0.090285     1.467     1.633 48 54142.05809594 16.542
 56 309.094317   0.088410    -0.218     0.382 48 54177.05809315 32.439
 57 309.093806   0.088343    -0.131     0.837 49 54212.05810232 26.305
 58 309.094025   0.090232     2.169     2.183 48 54247.05813253 13.612
 60 309.096456   0.089978     1.177     1.400 48 54317.05814021 19.528
 61 309.095109   0.090681     0.396     0.501 48 54352.05810670 31.252
 62 309.096243   0.088387    -0.781     0.008 48 54387.05807931 39.944
 63 309.094762   0.088383     1.661     1.699 48 54422.05805582 14.415
 64 309.095661   0.090698     0.290     0.548 48 54457.05805317 32.620
 65 309.095727   0.090237     0.276     0.647 48 54492.05805847 32.363
 66 309.096593   0.090929     2.144     2.172 48 54527.05806583 16.095
 67 309.094842   0.088030     0.117     0.472 48 54562.05806626 35.670
 68 309.094556   0.089362     1.741     1.737 48 54597.05806197 18.877
 69 309.093850   0.088407     0.613     0.969 49 54632.05807499 28.165
 70 309.093444   0.088688    -0.313     0.268 48 54667.05808074 35.867
 71 309.096435   0.088882     1.683     1.762 48 54702.05804810 13.773
 72 309.094977   0.089084     0.563     0.657 48 54737.05804151 35.592
 73 309.096248   0.089239    -0.363     0.399 48 54772.05802844 38.021
 74 309.094367   0.087458     2.037     2.069 48 54807.05803428 12.917
 75 309.095266   0.089692    -0.477     0.284 48 54842.05802544 37.880
 76 309.094027   0.088063     1.229     1.331 48 54877.05803649 26.434
 77 309.093514   0.088717     2.199     2.211 48 54912.05802964 13.716
 78 309.093117   0.088847    -0.411     0.247 48 54947.05802949 36.398
 79 309.093448   0.088494     2.353     2.368 48 54982.05805545 19.556
 80 309.094990   0.089502     0.630     0.811 48 55017.05805493 35.525
 81 309.095870   0.089384    -0.470     0.362 48 55052.05805010 35.668
 82 309.094508   0.088172     2.044     2.126 48 55087.05801393 13.569
 83 309.096138   0.090211    -0.502     0.173 48 55122.05798483 36.028
 84 309.093938   0.089286     0.061     0.637 48 55157.05797391 36.542
 85 309.094447   0.088774     2.383     2.424 48 55192.05797442 13.011
 86 309.093951   0.089996    -0.022     0.314 48 55227.05797532 37.610
 87 309.095524   0.090466     1.452     1.657 48 55262.05796974 26.303
 89 309.093518   0.087028     0.240     0.765 48 55332.05794987 36.893
 90 309.095329   0.089830     2.426     2.498 48 55367.05794236 14.651
 91 309.095046   0.089218    -0.953     0.038 47 55402.05795625 37.264
 92 309.096580   0.089017    -0.037     0.555 48 55437.05795997 37.673
 93 309.095567   0.089518     2.181     2.247 48 55472.05791012 13.761
