# NaN NaN NaN ;Mean Elev.(m), Avg Gradient(m/km), RMS Gradient(m/km) - SRTM1     
#    0.163   0.049   2.674 ;Mean Elev.(m), Avg Gradient(m/km), RMS Gradient(m/km) - ASTER GDEM
#    1.619   0.008   1.873 ;Mean Elev.(m), Avg Gradient(m/km), RMS Gradient(m/km) - GMTED2010 
  7 305.064469  -2.155621     9.497     9.596 21 52469.56844140 38.131
  8 305.065189  -2.154728     6.708     6.847 20 52504.56842653 40.520
  9 305.069271  -2.154248     7.301     7.491 19 52539.56840970 33.134
 10 305.062419  -2.157122     5.209     4.871 21 52574.56845444 26.846
 12 305.066033  -2.154968     5.969     6.250 21 52644.56840542 37.509
 15 305.055443  -2.159633     8.919     9.002 22 52749.56845570 41.618
 16 305.064538  -2.155689     9.384     9.526 21 52784.56839643 45.105
 17 305.064565  -2.155759     9.339     9.483 20 52819.56847250 42.990
 18 305.069001  -2.153031     8.643     8.886 19 52854.56852054 38.347
 20 305.065910  -2.154563     5.839     5.859 20 52924.56850798 23.130
 21 305.073597  -2.152450     5.162     5.007 18 52959.56847441 23.814
 22 305.067723  -2.154022     5.680     5.219 19 52994.56850690 22.055
 23 305.069268  -2.152436     6.065     6.162 19 53029.56847025 40.335
 24 305.072316  -2.151847     7.500     7.712 19 53064.56847770 41.494
 25 305.061589  -2.157070     8.641     8.742 22 53099.56848829 39.582
 26 305.074668  -2.149694     9.295     9.495 18 53134.56847632 41.968
 28 305.065202  -2.155090     8.421     8.588 21 53204.56854852 38.957
 29 305.072895  -2.152028     7.740     8.010 19 53239.56851578 37.064
 30 305.068484  -2.154056     6.626     6.475 19 53274.56848051 22.711
 31 305.062187  -2.155950     5.788     5.268 21 53309.56853276 20.327
 32 305.067079  -2.154955     5.649     5.312 20 53344.56849869 25.837
 33 305.070144  -2.154214     6.008     6.230 19 53379.56844638 37.250
 34 305.072787  -2.151722     6.904     6.978 18 53414.56847483 40.876
 35 305.067724  -2.154020     8.432     8.652 19 53449.56846722 41.767
 37 305.068758  -2.154456     9.575     9.800 19 53519.56854909 28.706
 38 305.059000  -2.159123     8.848     9.072 22 53554.56857337 38.864
 39 305.073490  -2.152472     7.796     7.895 18 53589.56851694 31.157
 40 305.059500  -2.157431     6.065     5.548 22 53624.56849621 24.741
 41 305.064503  -2.155420     4.674     3.941 20 53659.56852260 23.443
 42 305.065905  -2.155992     4.576     4.276 20 53694.56849882 25.052
 43 305.071114  -2.151993     5.424     5.298 19 53729.56842085 28.452
 44 305.074698  -2.150099     7.479     7.525 18 53764.56838443 45.869
 45 305.071771  -2.152313     9.036     9.268 19 53799.56839122 43.993
 46 305.068162  -2.154347    10.165    10.192 19 53834.56839072 47.118
 47 305.065760  -2.154192    10.358    10.673 20 53869.56845286 40.827
 48 305.064949  -2.154706    10.204    10.379 20 53904.56848695 37.840
 49 305.055792  -2.159534     9.227     9.278 22 53939.56852182 38.127
 50 305.063930  -2.156277     7.828     7.873 21 53974.56848074 36.812
 51 305.068801  -2.153169     5.830     5.451 19 54009.56847421 25.561
 52 305.073578  -2.150438     4.893     4.515 18 54044.56849319 25.956
 53 305.067113  -2.154402     5.370     5.084 20 54079.56848738 33.069
 54 305.067733  -2.153075     6.633     6.621 20 54114.56842260 41.536
 56 305.067616  -2.153972     8.485     8.735 19 54184.56841347 42.245
 57 305.065882  -2.154563     9.144     9.474 20 54219.56844283 43.128
 58 305.066388  -2.155936     9.777    10.006 20 54254.56846742 38.671
 59 305.069291  -2.153461     9.420     9.694 19 54289.56847030 41.549
 60 305.069254  -2.153566     8.632     8.827 19 54324.56846760 41.567
 61 305.069034  -2.152965     7.042     6.995 20 54359.56842200 33.501
 62 305.068222  -2.154432     5.300     4.805 20 54394.56840815 23.900
 63 305.069410  -2.152955     5.475     5.213 19 54429.56837246 29.288
 64 305.068803  -2.153487     6.205     5.964 20 54464.56838732 32.489
 65 305.069091  -2.153029     7.565     7.969 20 54499.56838352 44.329
 66 305.069153  -2.153471     8.886     9.130 19 54534.56840156 43.457
 67 305.068980  -2.153250    10.221    10.227 19 54569.56838640 46.036
 68 305.066902  -2.155019    10.103    10.322 20 54604.56839620 42.077
 69 305.066482  -2.155052    10.218    10.384 20 54639.56840672 42.939
 70 305.066132  -2.154969     9.149     9.441 20 54674.56840890 38.635
 71 305.069967  -2.153848     7.860     8.039 19 54709.56836588 37.467
 72 305.066859  -2.155146     6.291     6.138 20 54744.56837621 25.338
 73 305.069043  -2.153727     5.554     5.485 19 54779.56834990 26.072
 74 305.067597  -2.154250     6.370     5.980 20 54814.56836882 28.078
 76 305.066315  -2.153484     8.816     9.029 20 54884.56837295 44.587
 77 305.065674  -2.154643    10.092    10.307 21 54919.56835050 44.398
 78 305.066588  -2.153727    10.681    10.961 20 54954.56836699 38.460
 79 305.064269  -2.155942    10.908    11.173 20 54989.56839184 40.496
 80 305.069053  -2.153135    10.578    10.546 19 55024.56838265 39.218
 81 305.068086  -2.153678     9.596     9.680 20 55059.56837693 37.571
 82 305.067526  -2.153839     7.978     8.013 19 55094.56833017 35.194
 83 305.067032  -2.154678     5.790     5.154 20 55129.56831940 28.901
 84 305.068573  -2.153551     5.359     5.600 19 55164.56829169 19.963
 85 305.066345  -2.155772     6.413     6.544 20 55199.56831101 25.850
 86 305.066972  -2.154597     7.458     7.629 20 55234.56829768 37.433
 87 305.067501  -2.154401     7.804     8.094 19 55269.56830513 41.719
 88 305.069368  -2.154124     9.007     9.196 19 55304.56827716 43.781
 89 305.067714  -2.154490     9.609     9.836 19 55339.56827731 43.675
 90 305.068447  -2.153892     9.448     9.609 20 55374.56826906 42.026
 91 305.069295  -2.152519     8.434     8.500 19 55409.56828995 43.906
 92 305.068350  -2.153889     7.115     7.041 20 55444.56828575 36.233
 93 305.069670  -2.152488     5.669     5.380 19 55479.56822208 26.359
