# NaN NaN NaN ;Mean Elev.(m), Avg Gradient(m/km), RMS Gradient(m/km) - SRTM1     
#   24.476   0.787   7.295 ;Mean Elev.(m), Avg Gradient(m/km), RMS Gradient(m/km) - ASTER GDEM
#   23.365   0.182   4.791 ;Mean Elev.(m), Avg Gradient(m/km), RMS Gradient(m/km) - GMTED2010 
  7 296.072195  -3.816824    40.546    40.581  3 52452.59272303 24.127
  8 296.080208  -3.818010    33.258    33.261  4 52487.59270387 32.524
  9 296.078462  -3.816848    31.048    31.029  4 52522.59267535 42.010
 10 296.073973  -3.816337    29.773    29.778  3 52557.59272616 17.690
 11 296.073503  -3.816826    27.182    27.156  4 52592.59272315 31.991
 12 296.085841  -3.818501    29.610    29.497  5 52627.59264233 36.565
 13 296.077058  -3.818315    29.926    29.979  4 52662.59268607 26.124
 14 296.081974  -3.817080    29.494    29.468  4 52697.59266210 27.301
 15 296.086674  -3.817506    31.256    31.217  5 52732.59268425 38.596
 16 296.075169  -3.816874    32.861    32.855  4 52767.59269259 32.806
 17 296.079135  -3.815909    34.246    34.307  4 52802.59270503 41.410
 18 296.080660  -3.817874    34.427    34.411  5 52837.59277011 46.458
 19 296.080628  -3.816906    32.196    32.196  5 52872.59281015 48.362
 20 296.081988  -3.817359    28.601    28.958  5 52907.59279784 35.375
 21 296.085243  -3.816511    26.707    26.208  5 52942.59272474 36.148
 23 296.075704  -3.816960    28.939    28.810  3 53012.59278243 26.714
 24 296.077631  -3.817067    28.806    28.813  4 53047.59275056 25.199
 25 296.072048  -3.817531    28.544    28.677  3 53082.59278577 26.791
 26 296.074191  -3.817517    31.473    31.487  3 53117.59275565 35.990
 27 296.073236  -3.817254    31.933    32.052  3 53152.59280519 25.619
 28 296.086039  -3.817354    32.099    32.189  6 53187.59279243 39.252
 29 296.080777  -3.816371    31.536    31.568  4 53222.59281345 37.313
 30 296.074553  -3.817812    27.965    28.001  4 53257.59278973 30.328
 31 296.070644  -3.817399    28.681    28.686  3 53292.59280855 28.111
 32 296.081334  -3.816919    28.282    28.447  5 53327.59278224 28.723
 33 296.082831  -3.818318    28.800    28.737  5 53362.59273738 25.409
 34 296.077704  -3.815701    29.110    29.103  4 53397.59275851 30.300
 35 296.081547  -3.817836    30.283    30.307  4 53432.59275015 41.249
 36 296.077801  -3.816972    31.779    31.771  4 53467.59278623 43.407
 37 296.073212  -3.817235    33.037    33.125  3 53502.59283725 27.894
 38 296.078825  -3.816450    33.463    33.469  4 53537.59283074 44.706
 39 296.074061  -3.817749    31.158    31.217  3 53572.59283453 25.638
 40 296.078831  -3.816457    27.096    27.149  4 53607.59278291 35.833
 41 296.076736  -3.817246    21.804    21.764  4 53642.59278427 39.454
 42 296.073440  -3.817511    23.446    23.396  4 53677.59280334 33.886
 43 296.082476  -3.818359    28.331    28.680  5 53712.59273208 32.495
 44 296.082671  -3.816116    28.910    28.799  5 53747.59264426 32.376
 45 296.082836  -3.817611    30.344    30.350  4 53782.59267546 31.846
 46 296.082627  -3.816942    31.456    31.537  4 53817.59263998 35.601
 47 296.074295  -3.817292    32.712    32.660  3 53852.59271420 35.753
 48 296.087281  -3.817516    33.742    33.803  5 53887.59272007 39.910
 49 296.069132  -3.817460    32.055    32.069  3 53922.59279117 31.658
 50 296.071111  -3.817006    28.761    28.634  4 53957.59278552 27.624
 51 296.081811  -3.816678    24.271    24.318  5 53992.59270957 32.866
 52 296.079797  -3.817969    30.066    30.071  4 54027.59277296 12.091
 53 296.083555  -3.817226    30.055    29.901  5 54062.59276656 12.079
 54 296.078981  -3.816390    29.096    29.077  4 54097.59273612 22.035
 55 296.079478  -3.815917    30.504    30.562  4 54132.59268847 36.291
 56 296.077692  -3.816952    29.823    29.827  4 54167.59270995 28.954
 57 296.078352  -3.816764    31.130    31.171  4 54202.59269217 33.996
 58 296.080059  -3.817063    33.047    33.077  5 54237.59272730 44.680
 59 296.079902  -3.816842    33.560    33.515  5 54272.59274678 45.349
 60 296.079412  -3.817622    31.839    31.876  4 54307.59274915 31.789
 61 296.080770  -3.816554    29.643    29.371  5 54342.59272828 34.917
 62 296.079001  -3.816737    24.318    22.906  4 54377.59268425 32.998
 64 296.078464  -3.818418    28.517    28.462  4 54447.59265007 31.967
 66 296.079852  -3.817067    30.486    30.500  4 54517.59266374 34.430
 67 296.079146  -3.816837    31.794    31.833  4 54552.59268087 35.414
 68 296.079210  -3.817710    32.570    32.559  4 54587.59265911 32.545
 69 296.078790  -3.817312    33.304    33.337  4 54622.59267778 34.688
 70 296.077526  -3.816461    32.649    32.681  4 54657.59268680 32.273
 71 296.079604  -3.815904    29.803    29.764  4 54692.59266915 35.935
 72 296.079433  -3.818301    23.682    23.757  4 54727.59264012 29.426
 73 296.077820  -3.818537    28.316    28.256  4 54762.59264779 15.073
 74 296.078111  -3.816219    27.567    26.796  4 54797.59263295 34.330
 75 296.078369  -3.818477    28.668    28.346  4 54832.59263703 20.661
 76 296.079542  -3.816434    30.515    30.614  4 54867.59262922 35.614
 77 296.076977  -3.817514    32.210    32.198  4 54902.59264714 31.899
 78 296.079603  -3.817226    33.890    33.900  4 54937.59261861 45.195
 79 296.079313  -3.815901    34.665    34.729  4 54972.59265119 42.722
 80 296.077109  -3.818410    35.323    35.347  4 55007.59266882 42.760
 81 296.079669  -3.817407    34.357    34.397  5 55042.59265698 41.919
 82 296.079287  -3.817212    30.698    30.675  5 55077.59263629 39.632
 83 296.079117  -3.817151    27.953    28.711  5 55112.59259013 35.757
 84 296.077318  -3.818007    29.444    29.641  4 55147.59259138 24.130
 85 296.078745  -3.817043    28.948    28.893  5 55182.59257005 33.324
 86 296.078024  -3.817579    29.302    29.254  4 55217.59258808 20.990
 87 296.080131  -3.817950    29.536    29.541  4 55252.59256677 28.007
 88 296.078330  -3.816469    30.392    30.409  4 55287.59257846 33.197
 89 296.077297  -3.817559    32.471    32.500  4 55322.59255479 35.946
 90 296.078093  -3.817119    33.208    33.198  4 55357.59255442 42.491
 91 296.078515  -3.816658    31.755    31.814  4 55392.59255636 34.139
 92 296.079893  -3.817068    27.129    27.134  4 55427.59257009 46.028
 93 296.081161  -3.816683    29.367    29.046  5 55462.59253533 32.796
