# NaN NaN NaN ;Mean Elev.(m), Avg Gradient(m/km), RMS Gradient(m/km) - SRTM1     
#   30.959  -0.275   6.473 ;Mean Elev.(m), Avg Gradient(m/km), RMS Gradient(m/km) - ASTER GDEM
#   30.199   0.858   6.300 ;Mean Elev.(m), Avg Gradient(m/km), RMS Gradient(m/km) - GMTED2010 
  6    42.046 52441.09952762 50.41 294.568300  -2.522135 42.140
  6    42.122 52441.09952827 52.72 294.567580  -2.518835 42.140
  6    42.147 52441.09952891 51.57 294.566850  -2.515525 42.140
  6    41.959 52441.09952956 52.25 294.566120  -2.512225 42.140
  6    41.981 52441.09953020 52.80 294.565400  -2.508915 42.140
  6    42.007 52441.09953084 52.86 294.564670  -2.505615 42.140
  6    42.025 52441.09953149 51.66 294.563940  -2.502305 42.140
  7    40.459 52476.09952500 50.19 294.572319  -2.518830 30.200
  7    40.684 52476.09952564 53.49 294.571589  -2.515530 30.200
  7    40.583 52476.09952629 50.25 294.570869  -2.512220 30.200
  7    40.606 52476.09952693 53.54 294.570139  -2.508920 30.200
  7    40.543 52476.09952758 48.32 294.569409  -2.505610 30.200
  7    40.617 52476.09952822 49.20 294.568679  -2.502310 30.200
  7    40.589 52476.09952887 49.98 294.567959  -2.499000 30.200
  8    38.817 52511.09947925 35.49 294.580794  -2.507765 16.119
  8    38.739 52511.09947990 36.81 294.580064  -2.504465 16.119
  8    38.408 52511.09948054 39.41 294.579334  -2.501155 16.119
  8    38.543 52511.09948119 39.58 294.578614  -2.497855 16.119
  8    38.761 52511.09948183 41.10 294.577884  -2.494545 16.119
  8    38.834 52511.09948248 42.45 294.577154  -2.491245 16.119
  9    34.787 52546.09949875 46.73 294.577983  -2.511927 20.695
  9    34.770 52546.09949939 51.32 294.577253  -2.508617 20.695
  9    34.692 52546.09950004 49.53 294.576523  -2.505317 20.695
  9    34.572 52546.09950068 52.60 294.575793  -2.502007 20.695
  9    34.683 52546.09950133 48.73 294.575073  -2.498707 20.695
  9    34.687 52546.09950197 52.43 294.574343  -2.495407 20.695
 10    34.712 52581.09952083 16.41 294.576094  -2.513891 14.820
 10    34.775 52581.09952147 16.58 294.575364  -2.510581 14.820
 10    34.649 52581.09952212 16.05 294.574644  -2.507281 14.820
 10    34.500 52581.09952276 17.69 294.573914  -2.503971 14.820
 10    34.686 52581.09952341 17.98 294.573184  -2.500671 14.820
 10    35.364 52581.09952405 19.77 294.572464  -2.497361 14.820
 11    37.729 52616.09949004 51.21 294.573267  -2.517418 21.427
 11    37.970 52616.09949068 49.71 294.572537  -2.514108 21.427
 11    37.864 52616.09949133 48.73 294.571817  -2.510808 21.427
 11    37.727 52616.09949197 38.62 294.571087  -2.507498 21.427
 11    37.401 52616.09949262 40.18 294.570357  -2.504198 21.427
 11    37.782 52616.09949326 40.35 294.569637  -2.500888 21.427
 11    37.906 52616.09949391 43.97 294.568907  -2.497588 21.427
 12    38.952 52651.09946859 55.74 294.581277  -2.508319 33.310
 12    38.990 52651.09946924 51.51 294.580557  -2.505019 33.310
 12    38.979 52651.09946988 50.55 294.579827  -2.501709 33.310
 12    38.898 52651.09947053 52.27 294.579097  -2.498409 33.310
 12    38.944 52651.09947117 53.13 294.578377  -2.495099 33.310
 12    39.019 52651.09947182 50.98 294.577647  -2.491799 33.310
 13    37.973 52686.09945825 37.90 294.579481  -2.511302 14.180
 13    38.110 52686.09945889 38.81 294.578751  -2.507992 14.180
 13    37.934 52686.09945954 40.85 294.578021  -2.504692 14.180
 13    37.936 52686.09946018 40.57 294.577301  -2.501382 14.180
 13    37.973 52686.09946083 43.14 294.576571  -2.498082 14.180
 13    37.892 52686.09946147 44.04 294.575841  -2.494772 14.180
 13    37.899 52686.09946212 45.07 294.575111  -2.491472 14.180
 14    39.698 52721.09950771 46.70 294.575677  -2.514781 25.998
 14    39.402 52721.09950836 52.52 294.574947  -2.511471 25.998
 14    39.431 52721.09950900 54.01 294.574217  -2.508171 25.998
 14    39.474 52721.09950965 49.91 294.573497  -2.504861 25.998
 14    39.507 52721.09951029 51.30 294.572767  -2.501561 25.998
 14    39.523 52721.09951093 51.19 294.572037  -2.498251 25.998
 14    39.571 52721.09951158 52.79 294.571307  -2.494951 25.998
 15    39.027 52756.09952869 26.72 294.567200  -2.527130 23.258
 15    39.279 52756.09952934 28.18 294.566480  -2.523820 23.258
 15    39.631 52756.09952998 29.81 294.565750  -2.520520 23.258
 15    39.806 52756.09953063 32.78 294.565020  -2.517210 23.258
 15    39.942 52756.09953127 33.22 294.564300  -2.513910 23.258
 15    40.075 52756.09953192 32.66 294.563570  -2.510600 23.258
 15    40.682 52756.09953256 34.17 294.562840  -2.507300 23.258
 16    41.706 52791.09948164 43.96 294.576758  -2.509942 20.094
 16    41.794 52791.09948229 42.94 294.576028  -2.506642 20.094
 16    41.751 52791.09948293 44.27 294.575298  -2.503332 20.094
 16    41.688 52791.09948358 42.80 294.574578  -2.500032 20.094
 16    41.821 52791.09948422 43.76 294.573848  -2.496722 20.094
 16    41.848 52791.09948486 45.26 294.573118  -2.493422 20.094
 17    41.611 52826.09955065 24.59 294.578932  -2.510096 23.584
 17    41.171 52826.09955129 24.65 294.578202  -2.506796 23.584
 17    40.531 52826.09955194 25.94 294.577472  -2.503486 23.584
 17    40.816 52826.09955258 25.86 294.576752  -2.500186 23.584
 17    41.116 52826.09955323 25.44 294.576022  -2.496876 23.584
 17    41.396 52826.09955387 25.09 294.575292  -2.493576 23.584
 18    39.775 52861.09959641 45.89 294.580424  -2.509108 21.940
 18    39.854 52861.09959706 35.46 294.579694  -2.505808 21.940
 18    39.718 52861.09959770 26.19 294.578964  -2.502498 21.940
 18    39.522 52861.09959835 23.23 294.578244  -2.499198 21.940
 18    38.534 52861.09959899 25.13 294.577514  -2.495888 21.940
 18    39.391 52861.09959964 21.30 294.576784  -2.492588 21.940
 19    35.223 52896.09962565 38.78 294.574530  -2.515369 19.744
 19    35.232 52896.09962629 40.21 294.573810  -2.512069 19.744
 19    35.069 52896.09962694 42.08 294.573080  -2.508759 19.744
 19    35.103 52896.09962758 43.46 294.572350  -2.505459 19.744
 19    35.125 52896.09962823 46.04 294.571630  -2.502149 19.744
 19    35.236 52896.09962887 43.37 294.570900  -2.498849 19.744
 19    35.386 52896.09962952 50.14 294.570170  -2.495539 19.744
 20    34.378 52931.09957338 39.61 294.573738  -2.516606 17.771
 20    34.447 52931.09957402 39.06 294.573008  -2.513296 17.771
 20    34.375 52931.09957467 37.90 294.572288  -2.509996 17.771
 20    34.360 52931.09957531 38.58 294.571558  -2.506686 17.771
 20    34.273 52931.09957596 39.72 294.570828  -2.503386 17.771
 20    34.393 52931.09957660 41.82 294.570108  -2.500076 17.771
 20    34.320 52931.09957724 44.10 294.569378  -2.496776 17.771
 21    36.273 52966.09957101 13.27 294.578551  -2.508848 12.929
 21    35.855 52966.09957166 13.68 294.577831  -2.505548 12.929
 21    35.992 52966.09957230 13.88 294.577101  -2.502238 12.929
 21    36.521 52966.09957294 14.73 294.576371  -2.498938 12.929
 21    37.152 52966.09957359 15.54 294.575641  -2.495628 12.929
 21    37.628 52966.09957423 15.52 294.574921  -2.492328 12.929
 22    34.776 53001.09959950 20.21 294.571157  -2.520190 18.896
 22    34.751 53001.09960014 23.39 294.570427  -2.516890 18.896
 22    35.366 53001.09960079 23.76 294.569707  -2.513580 18.896
 22    35.689 53001.09960143 23.39 294.568977  -2.510280 18.896
 22    36.142 53001.09960208 23.43 294.568247  -2.506970 18.896
 22    36.657 53001.09960272 22.70 294.567527  -2.503670 18.896
 22    36.647 53001.09960337 27.71 294.566797  -2.500360 18.896
 23    38.233 53036.09954971 48.27 294.573871  -2.516647 37.896
 23    38.257 53036.09955036 51.80 294.573151  -2.513347 37.896
 23    38.295 53036.09955100 53.03 294.572421  -2.510037 37.896
 23    38.328 53036.09955165 50.70 294.571691  -2.506737 37.896
 23    38.360 53036.09955229 49.95 294.570971  -2.503427 37.896
 23    38.393 53036.09955294 49.72 294.570241  -2.500127 37.896
 23    38.369 53036.09955358 54.10 294.569511  -2.496817 37.896
 24    35.829 53071.09957166 21.60 294.576046  -2.512977 10.856
 24    35.717 53071.09957231 21.87 294.575326  -2.509667 10.856
 24    35.625 53071.09957295 22.67 294.574596  -2.506367 10.856
 24    35.535 53071.09957360 22.91 294.573866  -2.503057 10.856
 24    35.664 53071.09957424 21.95 294.573136  -2.499757 10.856
 24    37.611 53071.09957489 21.27 294.572416  -2.496447 10.856
 25    38.779 53106.09955081 28.27 294.573270  -2.515656 13.109
 25    38.974 53106.09955145 28.37 294.572550  -2.512356 13.109
 25    38.951 53106.09955210 29.32 294.571820  -2.509046 13.109
 25    38.975 53106.09955274 29.41 294.571090  -2.505746 13.109
 25    39.148 53106.09955339 30.20 294.570370  -2.502436 13.109
 25    39.323 53106.09955403 31.95 294.569640  -2.499136 13.109
 26    39.911 53141.09957935 54.42 294.576960  -2.512073 33.518
 26    40.110 53141.09958000 53.57 294.576240  -2.508773 33.518
 26    40.010 53141.09958064 53.30 294.575510  -2.505463 33.518
 26    39.952 53141.09958129 53.15 294.574780  -2.502163 33.518
 26    39.985 53141.09958193 53.63 294.574060  -2.498853 33.518
 26    40.040 53141.09958258 53.08 294.573330  -2.495553 33.518
 28    39.777 53211.09962781 24.84 294.574562  -2.514533 19.003
 28    39.542 53211.09962845 18.13 294.573832  -2.511223 19.003
 28    39.232 53211.09962910 18.67 294.573102  -2.507923 19.003
 28    39.056 53211.09962974 20.10 294.572372  -2.504613 19.003
 28    39.186 53211.09963038 21.50 294.571652  -2.501313 19.003
 28    39.411 53211.09963103 22.88 294.570922  -2.498003 19.003
 29    36.182 53246.09959641 49.50 294.577034  -2.510794 28.482
 29    36.149 53246.09959705 50.71 294.576304  -2.507494 28.482
 29    36.160 53246.09959770 51.76 294.575584  -2.504184 28.482
 29    36.203 53246.09959834 50.92 294.574854  -2.500884 28.482
 29    36.210 53246.09959899 51.00 294.574124  -2.497574 28.482
 29    36.194 53246.09959963 48.49 294.573394  -2.494274 28.482
 30    34.960 53281.09958071 41.58 294.574960  -2.515732 24.018
 30    35.100 53281.09958136 52.05 294.574230  -2.512422 24.018
 30    35.004 53281.09958200 51.37 294.573510  -2.509122 24.018
 30    34.956 53281.09958265 45.60 294.572780  -2.505812 24.018
 30    34.905 53281.09958329 34.32 294.572050  -2.502512 24.018
 30    34.852 53281.09958394 24.76 294.571320  -2.499202 24.018
 30    37.736 53281.09958458 20.05 294.570600  -2.495902 24.018
 31    35.653 53316.09959344 47.55 294.577165  -2.511524 14.686
 31    35.520 53316.09959409 42.57 294.576445  -2.508224 14.686
 31    35.604 53316.09959473 42.31 294.575715  -2.504914 14.686
 31    35.462 53316.09959538 38.87 294.574985  -2.501614 14.686
 31    35.508 53316.09959602 34.83 294.574265  -2.498304 14.686
 31    35.090 53316.09959667 33.12 294.573535  -2.495004 14.686
 32    37.449 53351.09955919 49.64 294.579890  -2.510496 27.112
 32    37.371 53351.09955984 53.26 294.579170  -2.507196 27.112
 32    37.514 53351.09956048 52.05 294.578440  -2.503886 27.112
 32    37.528 53351.09956113 50.19 294.577710  -2.500586 27.112
 32    37.385 53351.09956177 52.48 294.576990  -2.497276 27.112
 32    37.423 53351.09956241 52.66 294.576260  -2.493976 27.112
 33    37.524 53386.09954331 46.67 294.576338  -2.513272 20.605
 33    37.558 53386.09954395 48.46 294.575608  -2.509962 20.605
 33    37.559 53386.09954460 47.21 294.574888  -2.506662 20.605
 33    37.614 53386.09954524 43.93 294.574158  -2.503352 20.605
 33    37.475 53386.09954589 42.75 294.573428  -2.500052 20.605
 33    37.560 53386.09954653 41.07 294.572698  -2.496742 20.605
 34    37.720 53421.09954786 50.90 294.582731  -2.506705 22.187
 34    37.668 53421.09954850 51.87 294.582011  -2.503395 22.187
 34    37.911 53421.09954915 51.76 294.581281  -2.500095 22.187
 34    37.973 53421.09954979 50.85 294.580551  -2.496785 22.187
 34    37.966 53421.09955044 50.49 294.579821  -2.493485 22.187
 34    37.949 53421.09955108 50.14 294.579101  -2.490175 22.187
 35    39.436 53456.09955306 20.43 294.579473  -2.508707 11.415
 35    39.321 53456.09955370 19.93 294.578743  -2.505397 11.415
 35    38.858 53456.09955435 22.20 294.578023  -2.502097 11.415
 35    38.928 53456.09955499 22.44 294.577293  -2.498787 11.415
 35    39.030 53456.09955564 23.33 294.576563  -2.495487 11.415
 35    39.161 53456.09955628 23.53 294.575833  -2.492177 11.415
 36    40.602 53491.09963634 28.12 294.570623  -2.520814 12.554
 36    40.601 53491.09963699 28.05 294.569903  -2.517514 12.554
 36    40.420 53491.09963763 29.19 294.569173  -2.514204 12.554
 36    40.368 53491.09963828 29.95 294.568443  -2.510904 12.554
 36    40.457 53491.09963892 31.03 294.567723  -2.507594 12.554
 36    40.580 53491.09963957 34.31 294.566993  -2.504294 12.554
 36    40.666 53491.09964021 35.30 294.566263  -2.500984 12.554
 37    40.353 53526.09962165 19.71 294.579331  -2.508542 22.008
 37    39.777 53526.09962230 21.86 294.578601  -2.505242 22.008
 37    39.681 53526.09962294 24.13 294.577881  -2.501932 22.008
 37    40.103 53526.09962359 25.01 294.577151  -2.498632 22.008
 37    40.294 53526.09962423 25.90 294.576421  -2.495322 22.008
 37    40.610 53526.09962488 26.85 294.575691  -2.492022 22.008
 38    39.314 53561.09964808 20.70 294.570630  -2.518361 17.361
 38    39.175 53561.09964872 20.43 294.569910  -2.515061 17.361
 38    38.941 53561.09964936 21.31 294.569180  -2.511751 17.361
 38    38.977 53561.09965001 20.88 294.568450  -2.508451 17.361
 38    39.032 53561.09965065 22.92 294.567730  -2.505141 17.361
 38    39.238 53561.09965130 25.63 294.567000  -2.501841 17.361
 39    38.352 53596.09958771 18.40 294.581002  -2.510620  7.474
 39    32.969 53596.09958835 17.99 294.580272  -2.507320  7.474
 39    33.072 53596.09958900 17.47 294.579552  -2.504010  7.474
 39    33.073 53596.09958964 17.16 294.578822  -2.500710  7.474
 39    34.402 53596.09959029 16.91 294.578092  -2.497400  7.474
 39    33.031 53596.09959093 17.69 294.577362  -2.494100  7.474
 39    37.413 53596.09959158 17.61 294.576642  -2.490790  7.474
 40    33.203 53631.09958081 12.29 294.572811  -2.518067 13.560
 40    34.513 53631.09958145 12.44 294.572081  -2.514757 13.560
 40    34.177 53631.09958210 13.71 294.571351  -2.511457 13.560
 40    34.724 53631.09958274 14.11 294.570621  -2.508147 13.560
 40    34.815 53631.09958338 18.39 294.569901  -2.504847 13.560
 40    34.793 53631.09958403 25.18 294.569171  -2.501537 13.560
 40    37.349 53631.09958467 26.07 294.568441  -2.498237 13.560
 41    29.792 53666.09960390 20.06 294.573197  -2.516883 15.416
 41    30.226 53666.09960455 20.41 294.572477  -2.513583 15.416
 41    33.895 53666.09960519 22.30 294.571747  -2.510273 15.416
 41    30.208 53666.09960583 22.75 294.571017  -2.506973 15.416
 41    34.918 53666.09960648 20.73 294.570297  -2.503663 15.416
 41    34.808 53666.09960712 24.53 294.569567  -2.500363 15.416
 41    37.596 53666.09960777 21.37 294.568837  -2.497053 15.416
 42    35.435 53701.09955602 18.89 294.578978  -2.510132  9.143
 42    35.384 53701.09955666 19.62 294.578258  -2.506832  9.143
 42    35.444 53701.09955731 19.49 294.577528  -2.503522  9.143
 42    35.452 53701.09955795 19.32 294.576798  -2.500222  9.143
 42    35.262 53701.09955860 20.68 294.576078  -2.496912  9.143
 42    35.376 53701.09955924 20.10 294.575348  -2.493612  9.143
 43    35.747 53736.09946660 39.77 294.580425  -2.508776 12.543
 43    35.536 53736.09946725 29.71 294.579705  -2.505476 12.543
 43    35.418 53736.09946789 26.84 294.578975  -2.502166 12.543
 43    35.265 53736.09946854 27.07 294.578245  -2.498866 12.543
 43    35.111 53736.09946918 26.41 294.577525  -2.495556 12.543
 43    35.483 53736.09946983 24.41 294.576795  -2.492256 12.543
 44    37.544 53771.09947068 23.79 294.581324  -2.507083  9.155
 44    37.147 53771.09947133 25.24 294.580594  -2.503773  9.155
 44    37.261 53771.09947197 23.93 294.579874  -2.500473  9.155
 44    37.228 53771.09947262 23.74 294.579144  -2.497163  9.155
 44    37.471 53771.09947326 22.81 294.578414  -2.493863  9.155
 44    37.680 53771.09947390 21.61 294.577684  -2.490553  9.155
 45    39.454 53806.09946153 49.09 294.579883  -2.510840 33.646
 45    39.370 53806.09946217 55.38 294.579153  -2.507530 33.646
 45    39.506 53806.09946282 50.48 294.578423  -2.504230 33.646
 45    39.459 53806.09946346 50.62 294.577703  -2.500920 33.646
 45    39.397 53806.09946411 50.93 294.576973  -2.497620 33.646
 45    39.439 53806.09946475 50.21 294.576243  -2.494310 33.646
 45    39.448 53806.09946540 36.60 294.575523  -2.491010 33.646
 47    41.407 53876.09952951 35.39 294.578193  -2.509849 12.626
 47    41.111 53876.09953015 33.84 294.577463  -2.506549 12.626
 47    40.821 53876.09953079 34.92 294.576743  -2.503239 12.626
 47    40.879 53876.09953144 35.64 294.576013  -2.499939 12.626
 47    41.123 53876.09953208 35.31 294.575283  -2.496629 12.626
 47    41.361 53876.09953273 37.23 294.574553  -2.493329 12.626
 48    38.812 53911.09957687 18.32 294.571739  -2.518186 20.673
 48    38.823 53911.09957752 18.08 294.571019  -2.514876 20.673
 48    38.870 53911.09957816 18.58 294.570289  -2.511576 20.673
 48    39.164 53911.09957881 21.59 294.569559  -2.508266 20.673
 48    39.340 53911.09957945 24.32 294.568839  -2.504966 20.673
 48    39.485 53911.09958010 27.04 294.568109  -2.501656 20.673
 48    39.563 53911.09958074 32.22 294.567379  -2.498356 20.673
 49    36.022 53946.09959504 51.71 294.569033  -2.520380 31.774
 49    35.978 53946.09959569 50.90 294.568303  -2.517070 31.774
 49    36.036 53946.09959633 49.23 294.567573  -2.513770 31.774
 49    36.061 53946.09959698 47.43 294.566853  -2.510460 31.774
 49    35.942 53946.09959762 43.08 294.566123  -2.507160 31.774
 49    36.054 53946.09959826 44.84 294.565393  -2.503850 31.774
 50    32.816 53981.09954108 44.43 294.575143  -2.514311 22.713
 50    32.791 53981.09954172 41.68 294.574413  -2.511001 22.713
 50    32.790 53981.09954237 42.97 294.573683  -2.507701 22.713
 50    32.825 53981.09954301 43.18 294.572963  -2.504391 22.713
 50    32.898 53981.09954366 47.52 294.572233  -2.501091 22.713
 50    32.894 53981.09954430 50.32 294.571503  -2.497781 22.713
 51    32.184 54016.09956367 50.51 294.578010  -2.509616 26.339
 51    31.612 54016.09956431 52.71 294.577280  -2.506306 26.339
 51    31.375 54016.09956496 52.54 294.576560  -2.503006 26.339
 51    31.416 54016.09956560 50.79 294.575830  -2.499696 26.339
 51    31.504 54016.09956625 38.46 294.575100  -2.496396 26.339
 51    31.385 54016.09956689 44.13 294.574370  -2.493086 26.339
 52    33.204 54051.09956337 48.92 294.583317  -2.507574 21.977
 52    33.127 54051.09956402 47.96 294.582597  -2.504264 21.977
 52    32.998 54051.09956466 46.05 294.581867  -2.500964 21.977
 52    33.132 54051.09956530 42.75 294.581137  -2.497654 21.977
 52    33.108 54051.09956595 44.31 294.580417  -2.494354 21.977
 52    32.992 54051.09956659 39.93 294.579687  -2.491044 21.977
 53    37.326 54086.09955471 34.21 294.577187  -2.510878 15.783
 53    36.809 54086.09955536 33.77 294.576457  -2.507578 15.783
 53    36.702 54086.09955600 35.32 294.575737  -2.504268 15.783
 53    36.876 54086.09955665 36.05 294.575007  -2.500968 15.783
 53    37.183 54086.09955729 42.89 294.574277  -2.497658 15.783
 53    37.061 54086.09955794 40.34 294.573557  -2.494358 15.783
 54    39.490 54121.09948067 24.78 294.576253  -2.511826 12.786
 54    39.149 54121.09948132 20.81 294.575523  -2.508516 12.786
 54    38.905 54121.09948196 22.14 294.574793  -2.505216 12.786
 54    38.728 54121.09948261 22.37 294.574073  -2.501906 12.786
 54    38.882 54121.09948325 22.41 294.573343  -2.498606 12.786
 54    39.168 54121.09948390 23.75 294.572613  -2.495296 12.786
 55    39.219 54156.09951384 38.51 294.576167  -2.513833 12.975
 55    38.974 54156.09951448 36.25 294.575447  -2.510523 12.975
 55    38.699 54156.09951513 37.54 294.574717  -2.507223 12.975
 55    38.690 54156.09951577 38.48 294.573987  -2.503913 12.975
 55    38.868 54156.09951642 36.42 294.573267  -2.500613 12.975
 55    39.009 54156.09951706 35.90 294.572537  -2.497303 12.975
 56    38.951 54191.09947800 26.41 294.576723  -2.512550 13.203
 56    38.392 54191.09947865 27.44 294.576003  -2.509250 13.203
 56    38.620 54191.09947929 25.77 294.575273  -2.505940 13.203
 56    38.886 54191.09947994 27.44 294.574543  -2.502640 13.203
 56    39.072 54191.09948058 27.16 294.573823  -2.499330 13.203
 56    39.268 54191.09948122 33.50 294.573093  -2.496030 13.203
 57    40.665 54226.09952531 26.66 294.575830  -2.512141 17.097
 57    40.130 54226.09952596 25.61 294.575100  -2.508841 17.097
 57    40.100 54226.09952660 26.91 294.574380  -2.505531 17.097
 57    40.305 54226.09952725 26.30 294.573650  -2.502231 17.097
 57    40.384 54226.09952789 26.83 294.572920  -2.498921 17.097
 57    40.560 54226.09952854 27.93 294.572190  -2.495621 17.097
 58    41.374 54261.09954570 49.41 294.576864  -2.512084 23.878
 58    41.292 54261.09954634 49.53 294.576134  -2.508784 23.878
 58    41.367 54261.09954699 48.75 294.575414  -2.505474 23.878
 58    41.173 54261.09954763 46.51 294.574684  -2.502174 23.878
 58    41.233 54261.09954828 47.16 294.573954  -2.498864 23.878
 58    41.248 54261.09954892 47.63 294.573224  -2.495564 23.878
 59    39.783 54296.09954952 45.26 294.577468  -2.512430 10.392
 59    39.904 54296.09955017 42.23 294.576738  -2.509130 10.392
 59    39.824 54296.09955081 42.11 294.576018  -2.505820 10.392
 59    39.773 54296.09955146 41.85 294.575288  -2.502520 10.392
 59    39.659 54296.09955210 38.40 294.574558  -2.499210 10.392
 59    39.793 54296.09955275 39.54 294.573828  -2.495910 10.392
 60    34.882 54331.09954113 45.01 294.578436  -2.512254 22.927
 60    35.014 54331.09954177 31.87 294.577706  -2.508944 22.927
 60    34.805 54331.09954242 40.55 294.576976  -2.505644 22.927
 60    34.866 54331.09954306 43.44 294.576256  -2.502334 22.927
 60    35.367 54331.09954371 32.58 294.575526  -2.499034 22.927
 60    34.786 54331.09954435 43.64 294.574796  -2.495724 22.927
 60    34.965 54331.09954500 44.86 294.574066  -2.492424 22.927
 61    32.462 54366.09948468 23.71 294.576570  -2.512315 14.406
 61    33.694 54366.09948533 21.90 294.575850  -2.509015 14.406
 61    34.545 54366.09948597 21.73 294.575120  -2.505705 14.406
 61    35.320 54366.09948662 21.54 294.574390  -2.502405 14.406
 61    35.293 54366.09948726 26.30 294.573670  -2.499095 14.406
 61    32.142 54366.09948791 31.96 294.572940  -2.495795 14.406
 62    32.644 54401.09948330 21.71 294.577895  -2.511336 20.511
 62    33.214 54401.09948395 21.42 294.577175  -2.508026 20.511
 62    32.410 54401.09948459 21.98 294.576445  -2.504726 20.511
 62    35.162 54401.09948524 18.68 294.575715  -2.501416 20.511
 62    35.418 54401.09948588 19.41 294.574995  -2.498116 20.511
 62    33.162 54401.09948652 23.97 294.574265  -2.494806 20.511
 63    36.943 54436.09944053 34.44 294.576370  -2.511082 14.130
 63    36.868 54436.09944118 34.33 294.575650  -2.507772 14.130
 63    36.776 54436.09944182 35.62 294.574920  -2.504472 14.130
 63    36.860 54436.09944247 35.47 294.574190  -2.501162 14.130
 63    36.929 54436.09944311 33.99 294.573470  -2.497862 14.130
 63    37.093 54436.09944376 39.26 294.572740  -2.494552 14.130
 64    37.377 54471.09946788 25.46 294.578757  -2.509624 12.256
 64    37.297 54471.09946853 27.07 294.578027  -2.506324 12.256
 64    37.272 54471.09946917 27.41 294.577297  -2.503014 12.256
 64    37.289 54471.09946982 28.93 294.576577  -2.499714 12.256
 64    37.489 54471.09947046 31.82 294.575847  -2.496404 12.256
 64    37.592 54471.09947111 30.01 294.575117  -2.493104 12.256
 65    39.136 54506.09945348 24.51 294.576784  -2.511089  7.400
 65    39.089 54506.09945412 24.94 294.576054  -2.507779  7.400
 65    39.018 54506.09945477 25.09 294.575324  -2.504479  7.400
 65    38.978 54506.09945541 25.48 294.574604  -2.501169  7.400
 65    39.098 54506.09945606 25.61 294.573874  -2.497869  7.400
 65    39.220 54506.09945670 27.64 294.573144  -2.494559  7.400
 66    40.024 54541.09948225 50.96 294.578147  -2.511166 18.454
 66    40.101 54541.09948289 48.86 294.577417  -2.507866 18.454
 66    39.827 54541.09948354 34.52 294.576687  -2.504556 18.454
 66    40.007 54541.09948418 35.38 294.575957  -2.501256 18.454
 66    39.673 54541.09948483 34.14 294.575237  -2.497946 18.454
 66    39.848 54541.09948547 34.46 294.574507  -2.494646 18.454
 67    40.541 54576.09945514 32.93 294.576903  -2.511711  9.655
 67    40.076 54576.09945578 32.56 294.576183  -2.508401  9.655
 67    40.070 54576.09945643 32.92 294.575453  -2.505101  9.655
 67    40.091 54576.09945707 33.14 294.574723  -2.501791  9.655
 67    40.198 54576.09945772 32.39 294.574003  -2.498491  9.655
 67    40.360 54576.09945836 32.40 294.573273  -2.495181  9.655
 68    41.218 54611.09947450 28.31 294.577174  -2.512095 14.308
 68    41.043 54611.09947515 23.16 294.576444  -2.508795 14.308
 68    40.632 54611.09947579 21.14 294.575714  -2.505485 14.308
 68    40.330 54611.09947644 22.16 294.574984  -2.502185 14.308
 68    40.495 54611.09947708 20.98 294.574264  -2.498875 14.308
 68    40.814 54611.09947772 21.74 294.573534  -2.495575 14.308
 69    40.507 54646.09948171 34.28 294.575969  -2.510635 19.300
 69    40.136 54646.09948236 22.94 294.575239  -2.507335 19.300
 69    39.695 54646.09948300 22.11 294.574509  -2.504025 19.300
 69    40.196 54646.09948365 21.99 294.573779  -2.500725 19.300
 69    40.315 54646.09948429 22.91 294.573059  -2.497415 19.300
 69    40.248 54646.09948494 25.09 294.572329  -2.494115 19.300
 70    37.695 54681.09948243 45.67 294.576535  -2.513039 28.432
 70    37.456 54681.09948308 48.98 294.575815  -2.509729 28.432
 70    37.420 54681.09948372 50.89 294.575085  -2.506429 28.432
 70    37.408 54681.09948437 50.68 294.574355  -2.503119 28.432
 70    37.442 54681.09948501 50.67 294.573625  -2.499819 28.432
 70    37.558 54681.09948566 51.04 294.572905  -2.496509 28.432
 71    32.787 54716.09943257 50.87 294.577417  -2.510808 19.995
 71    32.622 54716.09943322 50.55 294.576697  -2.507498 19.995
 71    32.692 54716.09943386 49.98 294.575967  -2.504198 19.995
 71    32.727 54716.09943451 45.82 294.575237  -2.500888 19.995
 71    32.765 54716.09943515 45.30 294.574517  -2.497588 19.995
 71    32.791 54716.09943580 44.70 294.573787  -2.494278 19.995
 72    33.826 54751.09945382 47.03 294.576401  -2.512294 18.769
 72    33.146 54751.09945447 31.15 294.575681  -2.508994 18.769
 72    32.977 54751.09945511 23.85 294.574951  -2.505684 18.769
 72    37.612 54751.09945575 22.07 294.574221  -2.502384 18.769
 72    38.432 54751.09945640 22.26 294.573501  -2.499074 18.769
 72    38.726 54751.09945704 23.04 294.572771  -2.495774 18.769
 73    35.732 54786.09942111 16.77 294.576952  -2.511233 12.192
 73    36.283 54786.09942176 15.77 294.576232  -2.507923 12.192
 73    36.822 54786.09942240 17.93 294.575502  -2.504623 12.192
 73    37.617 54786.09942305 19.01 294.574772  -2.501313 12.192
 73    38.386 54786.09942369 18.30 294.574052  -2.498013 12.192
 73    35.423 54786.09942434 31.49 294.573322  -2.494703 12.192
 74    37.475 54821.09944713 52.53 294.577510  -2.511991 23.860
 74    37.415 54821.09944777 50.41 294.576780  -2.508691 23.860
 74    37.494 54821.09944842 52.31 294.576050  -2.505381 23.860
 74    37.441 54821.09944906 48.07 294.575320  -2.502081 23.860
 74    37.342 54821.09944971 43.00 294.574600  -2.498771 23.860
 74    37.342 54821.09945035 52.22 294.573870  -2.495471 23.860
 75    38.720 54856.09941782 47.05 294.577606  -2.512027 27.227
 75    38.788 54856.09941847 44.75 294.576886  -2.508717 27.227
 75    38.675 54856.09941911 44.78 294.576156  -2.505417 27.227
 75    38.682 54856.09941975 51.12 294.575426  -2.502107 27.227
 75    38.732 54856.09942040 54.73 294.574696  -2.498807 27.227
 75    38.771 54856.09942104 52.56 294.573976  -2.495497 27.227
 76    40.125 54891.09945075 25.72 294.575178  -2.511537 22.044
 76    39.867 54891.09945139 27.36 294.574448  -2.508237 22.044
 76    39.754 54891.09945204 28.32 294.573718  -2.504927 22.044
 76    40.119 54891.09945268 29.10 294.572988  -2.501627 22.044
 76    40.202 54891.09945333 32.28 294.572268  -2.498317 22.044
 76    40.433 54891.09945397 40.84 294.571538  -2.495017 22.044
 77    41.472 54926.09941575 23.38 294.575505  -2.513796 26.163
 77    41.354 54926.09941639 19.57 294.574775  -2.510496 26.163
 77    40.687 54926.09941704 20.70 294.574055  -2.507186 26.163
 77    41.044 54926.09941768 22.00 294.573325  -2.503886 26.163
 77    41.344 54926.09941833 26.61 294.572595  -2.500576 26.163
 77    41.442 54926.09941897 35.92 294.571875  -2.497276 26.163
 78    41.792 54961.09944970 28.91 294.575696  -2.512733 23.692
 78    41.301 54961.09945034 31.55 294.574966  -2.509433 23.692
 78    41.542 54961.09945099 30.75 294.574236  -2.506123 23.692
 78    41.793 54961.09945163 29.71 294.573506  -2.502823 23.692
 78    41.944 54961.09945227 32.01 294.572786  -2.499513 23.692
 78    42.096 54961.09945292 37.67 294.572056  -2.496213 23.692
 79    42.702 54996.09947099 51.50 294.574329  -2.512899 30.624
 79    42.718 54996.09947164 51.23 294.573599  -2.509599 30.624
 79    42.729 54996.09947228 43.27 294.572869  -2.506289 30.624
 79    42.719 54996.09947293 34.16 294.572139  -2.502989 30.624
 79    42.419 54996.09947357 31.31 294.571419  -2.499679 30.624
 79    42.675 54996.09947422 44.77 294.570689  -2.496379 30.624
 80    41.663 55031.09946054 34.18 294.576014  -2.511342 17.366
 80    41.650 55031.09946118 34.82 294.575284  -2.508042 17.366
 80    41.695 55031.09946183 34.41 294.574554  -2.504732 17.366
 80    41.719 55031.09946247 36.67 294.573824  -2.501432 17.366
 80    41.811 55031.09946312 35.66 294.573104  -2.498122 17.366
 80    41.899 55031.09946376 42.09 294.572374  -2.494822 17.366
 81    38.782 55066.09945103 21.80 294.577028  -2.510070 12.824
 81    38.362 55066.09945167 22.07 294.576298  -2.506770 12.824
 81    38.698 55066.09945232 22.92 294.575568  -2.503460 12.824
 81    39.057 55066.09945296 24.38 294.574838  -2.500160 12.824
 81    39.059 55066.09945361 28.95 294.574118  -2.496850 12.824
 81    39.182 55066.09945425 39.40 294.573388  -2.493550 12.824
 82    35.345 55101.09939195 19.78 294.575429  -2.513887 18.144
 82    38.378 55101.09939260 19.28 294.574699  -2.510587 18.144
 82    38.986 55101.09939324 18.72 294.573979  -2.507277 18.144
 82    39.091 55101.09939389 20.01 294.573249  -2.503977 18.144
 82    39.610 55101.09939453 21.48 294.572519  -2.500667 18.144
 82    38.906 55101.09939518 34.50 294.571799  -2.497367 18.144
 83    33.584 55136.09939608 24.79 294.576635  -2.510176  8.449
 83    33.351 55136.09939672 23.51 294.575905  -2.506876  8.449
 83    34.462 55136.09939736 23.81 294.575175  -2.503566  8.449
 83    38.215 55136.09939801 24.34 294.574445  -2.500266  8.449
 83    33.865 55136.09939865 32.65 294.573725  -2.496956  8.449
 83    39.015 55136.09939930 32.25 294.572995  -2.493656  8.449
 84    34.365 55171.09935854 45.79 294.577211  -2.511635 11.245
 84    34.398 55171.09935918 43.18 294.576491  -2.508325 11.245
 84    34.259 55171.09935983 40.39 294.575761  -2.505025 11.245
 84    34.166 55171.09936047 40.55 294.575031  -2.501715 11.245
 84    34.159 55171.09936112 35.78 294.574311  -2.498415 11.245
 84    34.295 55171.09936176 40.19 294.573581  -2.495105 11.245
 85    37.985 55206.09938962 26.50 294.576881  -2.512664  7.098
 85    38.013 55206.09939026 26.80 294.576161  -2.509364  7.098
 85    38.114 55206.09939091 27.02 294.575431  -2.506054  7.098
 85    38.044 55206.09939155 27.62 294.574701  -2.502754  7.098
 85    38.161 55206.09939220 26.86 294.573981  -2.499444  7.098
 85    38.465 55206.09939284 29.34 294.573251  -2.496144  7.098
 86    38.158 55241.09936387 42.07 294.576299  -2.513806 17.755
 86    38.161 55241.09936451 34.42 294.575569  -2.510506 17.755
 86    38.054 55241.09936516 31.21 294.574849  -2.507196 17.755
 86    38.051 55241.09936580 32.01 294.574119  -2.503896 17.755
 86    38.037 55241.09936645 35.53 294.573389  -2.500586 17.755
 86    38.189 55241.09936709 41.69 294.572669  -2.497286 17.755
 86    38.692 55241.09936774 40.43 294.571939  -2.493976 17.755
 87    38.295 55276.09938339 21.21 294.576073  -2.510814 13.629
 87    38.136 55276.09938403 22.42 294.575343  -2.507514 13.629
 87    38.087 55276.09938468 22.94 294.574613  -2.504204 13.629
 87    38.408 55276.09938532 23.26 294.573893  -2.500904 13.629
 87    38.519 55276.09938597 27.38 294.573163  -2.497594 13.629
 87    38.656 55276.09938661 35.84 294.572433  -2.494294 13.629
 88    40.172 55311.09934908 54.96 294.576895  -2.512169 30.080
 88    40.347 55311.09934972 52.06 294.576175  -2.508859 30.080
 88    40.287 55311.09935037 51.42 294.575445  -2.505559 30.080
 88    40.134 55311.09935101 44.31 294.574715  -2.502249 30.080
 88    40.170 55311.09935166 37.25 294.573995  -2.498949 30.080
 88    40.151 55311.09935230 47.35 294.573265  -2.495639 30.080
 89    40.881 55346.09935354 27.58 294.577175  -2.510105 15.750
 89    40.508 55346.09935418 26.94 294.576445  -2.506795 15.750
 89    40.307 55346.09935483 27.43 294.575715  -2.503495 15.750
 89    40.429 55346.09935547 26.30 294.574995  -2.500185 15.750
 89    40.862 55346.09935612 27.10 294.574265  -2.496885 15.750
 89    40.950 55346.09935676 43.88 294.573535  -2.493575 15.750
 90    39.814 55381.09934558 42.93 294.576394  -2.510312 14.656
 90    39.785 55381.09934622 43.62 294.575664  -2.507012 14.656
 90    39.865 55381.09934687 39.62 294.574934  -2.503702 14.656
 90    39.771 55381.09934751 39.30 294.574204  -2.500402 14.656
 90    39.735 55381.09934816 43.36 294.573484  -2.497092 14.656
 90    39.789 55381.09934880 45.03 294.572754  -2.493792 14.656
 91    35.640 55416.09937221 49.59 294.577319  -2.512420 20.839
 91    35.607 55416.09937286 48.67 294.576599  -2.509120 20.839
 91    35.668 55416.09937350 50.53 294.575869  -2.505810 20.839
 91    35.674 55416.09937415 50.32 294.575139  -2.502510 20.839
 91    35.672 55416.09937479 50.92 294.574419  -2.499200 20.839
 91    35.680 55416.09937544 50.75 294.573689  -2.495900 20.839
 92    29.398 55451.09935662 45.37 294.577759  -2.512612 13.204
 92    29.585 55451.09935726 43.74 294.577039  -2.509302 13.204
 92    29.360 55451.09935791 42.23 294.576309  -2.506002 13.204
 92    29.519 55451.09935855 34.20 294.575579  -2.502692 13.204
 92    28.399 55451.09935919 31.53 294.574849  -2.499392 13.204
 92    27.619 55451.09935984 32.17 294.574129  -2.496082 13.204
 92    27.505 55451.09936048 30.40 294.573399  -2.492782 13.204
 93    28.181 55486.09928027 15.20 294.577784  -2.511802  8.466
 93    34.099 55486.09928092 14.74 294.577054  -2.508502  8.466
 93    34.916 55486.09928156 14.60 294.576334  -2.505192  8.466
 93    35.849 55486.09928221 16.53 294.575604  -2.501892  8.466
 93    36.128 55486.09928285 17.45 294.574874  -2.498582  8.466
 93    38.052 55486.09928350 21.13 294.574154  -2.495282  8.466
