# NaN NaN NaN ;Mean Elev.(m), Avg Gradient(m/km), RMS Gradient(m/km) - SRTM1     
#   30.624  -0.101   4.465 ;Mean Elev.(m), Avg Gradient(m/km), RMS Gradient(m/km) - ASTER GDEM
#   29.353  -0.225   3.735 ;Mean Elev.(m), Avg Gradient(m/km), RMS Gradient(m/km) - GMTED2010 
  6 294.839458  -2.905037    39.244    39.254  8 52420.59650529 41.137
  7 294.839326  -2.905858    39.326    39.305  8 52455.59652909 49.782
  8 294.846304  -2.915671    37.218    37.204  7 52490.59650515 23.943
 10 294.840461  -2.907600    31.433    30.449  8 52560.59653195 18.079
 11 294.837281  -2.897087    33.217    33.219 10 52595.59653891 43.777
 12 294.842868  -2.910802    35.233    35.235  7 52630.59647632 43.949
 15 294.844805  -2.914513    36.382    36.437  8 52735.59651008 20.352
 17 294.840268  -2.906620    39.261    39.246  7 52805.59653250 44.638
 18 294.842297  -2.909127    38.994    39.046  8 52840.59659358 35.284
 19 294.841284  -2.908098    35.594    35.634  8 52875.59663246 23.967
 20 294.846808  -2.915556    30.503    30.525  7 52910.59660194 38.036
 21 294.846149  -2.914071    32.104    32.612  7 52945.59654721 19.473
 23 294.840309  -2.908168    34.713    34.715  8 53015.59658866 20.622
 24 294.842720  -2.910183    32.748    32.135  8 53050.59656464 18.243
 25 294.837104  -2.894734    34.221    34.234 10 53085.59659808 33.414
 26 294.840024  -2.905674    36.745    36.749  7 53120.59656978 43.086
 27 294.837536  -2.899179    36.753    36.712  8 53155.59662231 23.934
 28 294.845835  -2.915183    36.770    36.832  8 53190.59661611 47.165
 29 294.844066  -2.911685    35.987    35.991  8 53225.59662329 19.200
 30 294.839453  -2.903317    34.060    33.636  8 53260.59659613 15.724
 31 294.836888  -2.891189    32.315    31.788 12 53295.59662414 22.037
 32 294.842166  -2.910148    33.417    33.292  8 53330.59660038 14.327
 33 294.844531  -2.912061    34.539    34.607  8 53365.59654932 14.612
 34 294.841139  -2.907632    33.990    33.990  8 53400.59657418 49.648
 35 294.843143  -2.912446    35.615    35.631  8 53435.59656490 22.248
 36 294.839776  -2.904513    36.569    36.617  8 53470.59661044 40.600
 37 294.839132  -2.904019    38.278    38.294  8 53505.59664766 47.774
 38 294.839995  -2.905903    37.581    37.646  7 53540.59665022 22.203
 39 294.839811  -2.905260    34.686    34.668  8 53575.59664308 43.004
 40 294.840345  -2.907553    28.439    28.441  8 53610.59659431 41.802
 41 294.841686  -2.909023    26.762    26.734  8 53645.59659823 43.476
 42 294.838139  -2.900267    30.171    30.156  9 53680.59661368 44.434
 43 294.844584  -2.911985    31.364    31.351  8 53715.59654353 38.496
 44 294.845737  -2.914430    33.229    33.020  7 53750.59646098 15.714
 45 294.844909  -2.912742    36.018    36.024  8 53785.59649101 41.800
 46 294.844652  -2.912356    36.664    36.644  8 53820.59644882 42.073
 47 294.838692  -2.902990    37.815    37.834  8 53855.59653267 38.959
 48 294.846458  -2.914985    38.384    38.439  7 53890.59654522 40.300
 49 294.840407  -2.868105    35.945    35.918 24 53925.59660045 51.708
 50 294.837330  -2.898112    31.277    31.285  8 53960.59659426 35.468
 51 294.843414  -2.911824    28.483    28.475  8 53995.59653369 43.501
 52 294.843249  -2.911285    30.148    29.361  7 54030.59658947 24.445
 54 294.841716  -2.909346    34.585    34.582  7 54100.59654642 48.135
 55 294.841355  -2.909891    36.326    36.297  8 54135.59650889 48.584
 57 294.840755  -2.908277    36.458    36.381  8 54205.59651319 28.607
 58 294.842290  -2.910118    37.755    37.658  8 54240.59654682 24.365
 59 294.842234  -2.909103    38.199    38.178  8 54275.59656282 47.857
 61 294.842711  -2.911366    29.175    29.175  7 54345.59653931 39.023
 62 294.841671  -2.910282    29.089    28.253  8 54380.59650083 31.312
 63 294.841809  -2.908994    31.741    31.751  7 54415.59648785 47.220
 64 294.841190  -2.909989    33.923    33.978  8 54450.59646880 43.785
 65 294.843047  -2.911270    35.526    35.471  7 54485.59648389 40.755
 66 294.842650  -2.909952    35.505    35.466  7 54520.59648223 20.842
 67 294.841914  -2.909257    36.980    36.748  8 54555.59649413 20.781
 68 294.841577  -2.908650    37.192    37.179  8 54590.59647754 21.575
 69 294.841447  -2.910137    38.276    38.285  7 54625.59649475 46.259
 70 294.840196  -2.907103    36.902    36.964  8 54660.59650213 35.847
 71 294.842770  -2.910108    33.309    33.308  8 54695.59648054 44.094
 72 294.841664  -2.910116    28.942    28.954  7 54730.59645816 27.561
 73 294.841746  -2.909095    30.166    30.080  8 54765.59645959 23.378
 74 294.840803  -2.908246    33.033    32.734  8 54800.59645143 13.849
 75 294.841735  -2.908818    33.294    33.160  7 54835.59645063 17.627
 76 294.841446  -2.910322    36.402    36.431  8 54870.59644992 44.379
 77 294.840572  -2.906639    37.188    37.230  8 54905.59645891 21.124
 78 294.841178  -2.909728    38.477    38.438  7 54940.59644079 27.761
 79 294.841065  -2.908454    39.270    39.294  7 54975.59647036 27.806
 80 294.841127  -2.908647    39.497    39.553  7 55010.59648167 28.516
 81 294.842133  -2.909826    38.596    38.600  8 55045.59647235 48.790
 82 294.842234  -2.910147    33.927    33.899  8 55080.59644710 39.091
 83 294.841970  -2.909638    29.502    29.516  8 55115.59640515 38.742
 84 294.840945  -2.908324    29.022    29.035  7 55150.59640381 42.357
 85 294.841088  -2.908720    33.050    32.840  8 55185.59638936 17.364
 86 294.840982  -2.908891    34.154    34.178  8 55220.59640233 38.488
 87 294.842526  -2.909690    34.918    34.829  8 55255.59638583 17.160
 88 294.841245  -2.909962    35.560    35.602  8 55290.59639073 22.058
 89 294.840657  -2.905596    37.451    37.386  8 55325.59637032 32.311
 90 294.841324  -2.908508    37.601    37.478  8 55360.59636851 27.028
 91 294.841407  -2.908890    35.640    35.582  8 55395.59637379 14.895
 92 294.842715  -2.911654    30.206    30.246  7 55430.59638397 31.996
 93 294.843223  -2.911688    26.760    26.762  7 55465.59634573 45.060
