# NaN NaN NaN ;Mean Elev.(m), Avg Gradient(m/km), RMS Gradient(m/km) - SRTM1     
#   50.409   0.335   7.000 ;Mean Elev.(m), Avg Gradient(m/km), RMS Gradient(m/km) - ASTER GDEM
#   52.182  -0.030   3.290 ;Mean Elev.(m), Avg Gradient(m/km), RMS Gradient(m/km) - GMTED2010 
  7    59.042 52445.60663086 27.64 291.119837  -3.444858 34.528
  7    58.715 52445.60663150 25.55 291.119117  -3.448157 26.646
  7    59.132 52445.60663215 25.17 291.118387  -3.451467 26.646
  7    59.430 52445.60663279 30.59 291.117657  -3.454767 26.646
  8    56.452 52480.60662288 28.86 291.125638  -3.446127 27.179
  8    56.665 52480.60662353 31.55 291.124910  -3.449426 17.349
  8    56.855 52480.60662417 33.97 291.124180  -3.452736 17.349
  9    53.951 52515.60657245 25.58 291.135651  -3.445044 29.916
  9    54.796 52515.60657309 25.72 291.134921  -3.448354 29.916
  9    54.014 52515.60657374 32.00 291.134191  -3.451654 29.916
 10    50.274 52550.60661943 26.90 291.125364  -3.444339 18.017
 10    50.473 52550.60662008 28.97 291.124634  -3.447639 18.017
 10    50.679 52550.60662072 28.62 291.123904  -3.450949 18.017
 10    51.047 52550.60662137 38.63 291.123174  -3.454249 18.017
 11    54.523 52585.60659301 24.53 291.138700  -3.445115 26.846
 11    55.142 52585.60659366 23.53 291.137980  -3.448415 26.846
 11    55.508 52585.60659430 27.03 291.137250  -3.451725 26.846
 11    57.319 52585.60659495 31.10 291.136520  -3.455025 26.846
 12    56.698 52620.60657540 22.14 291.128256  -3.446021 30.321
 12    56.901 52620.60657604 20.44 291.127526  -3.449321 30.321
 12    57.416 52620.60657669 21.83 291.126796  -3.452631 30.321
 15    58.249 52725.60660335 28.23 291.131504  -3.445084 19.760
 15    58.035 52725.60660400 26.57 291.130774  -3.448394 19.760
 15    58.390 52725.60660464 26.79 291.130044  -3.451694 19.760
 16    58.802 52760.60662048 25.18 291.119870  -3.444384 32.366
 16    58.514 52760.60662112 24.80 291.119150  -3.447684 32.366
 16    58.637 52760.60662177 24.38 291.118420  -3.450994 32.366
 16    58.906 52760.60662241 25.86 291.117687  -3.454295 29.220
 17    59.094 52795.60657756 28.18 291.135376  -3.445956 33.459
 17    59.291 52795.60657821 27.33 291.134652  -3.449254 36.445
 17    59.622 52795.60657885 29.29 291.133922  -3.452564 36.445
 18    59.139 52830.60664391 32.57 291.137191  -3.444575 23.691
 18    59.044 52830.60664455 31.24 291.136461  -3.447885 23.691
 18    59.154 52830.60664520 32.57 291.135736  -3.451183 34.552
 18    59.263 52830.60664584 39.85 291.135006  -3.454493 34.552
 19    54.661 52865.60668780 19.77 291.139411  -3.444422 21.848
 19    55.405 52865.60668844 21.51 291.138681  -3.447722 21.848
 19    55.527 52865.60668909 29.04 291.137951  -3.451032 21.848
 19    55.806 52865.60668973 29.03 291.137229  -3.454330 33.857
 20    50.609 52900.60671683 26.97 291.129367  -3.444213 11.129
 20    50.422 52900.60671747 25.94 291.128637  -3.447513 11.129
 20    50.347 52900.60671812 25.69 291.127917  -3.450823 11.129
 20    51.168 52900.60671876 24.49 291.127181  -3.454122 18.051
 21    53.991 52935.60665903 15.34 291.128780  -3.444526 17.071
 21    53.642 52935.60665967 15.61 291.128050  -3.447826 17.071
 21    55.353 52935.60666032 16.43 291.127320  -3.451136 17.071
 21    55.671 52935.60666096 17.49 291.126600  -3.454436 17.071
 22    53.721 52970.60668033 24.82 291.129462  -3.444981 18.713
 22    53.837 52970.60668097 26.52 291.128732  -3.448291 18.713
 22    54.018 52970.60668162 26.47 291.128002  -3.451591 18.713
 23    56.995 53005.60669611 29.72 291.123786  -3.446970 22.751
 23    57.454 53005.60669675 37.82 291.123056  -3.450280 22.751
 23    57.548 53005.60669740 48.26 291.122326  -3.453580 22.751
 24    54.603 53040.60664636 27.86 291.126842  -3.446060 12.821
 24    54.805 53040.60664700 29.44 291.126112  -3.449360 12.821
 24    54.857 53040.60664765 31.31 291.125382  -3.452670 12.821
 25    55.428 53075.60667882 28.24 291.126917  -3.444675  9.605
 25    54.993 53075.60667946 28.96 291.126187  -3.447975  9.605
 25    54.959 53075.60668011 28.59 291.125457  -3.451285  9.605
 25    56.455 53075.60668075 27.45 291.124737  -3.454585  9.605
 26    57.346 53110.60664867 20.26 291.123968  -3.445262 26.269
 26    56.670 53110.60664932 21.06 291.123238  -3.448562 26.269
 26    57.076 53110.60664996 20.77 291.122508  -3.451872 26.269
 26    57.547 53110.60665061 21.50 291.121778  -3.455172 26.269
 27    56.948 53145.60669074 25.16 291.127571  -3.445481 19.593
 27    57.202 53145.60669139 22.44 291.126851  -3.448791 19.593
 27    57.606 53145.60669203 23.42 291.126121  -3.452091 19.593
 28    56.716 53180.60670047 27.24 291.134606  -3.443594 21.347
 28    56.620 53180.60670111 26.75 291.133876  -3.446894 21.347
 28    56.741 53180.60670176 28.21 291.133156  -3.450204 21.347
 28    57.001 53180.60670240 28.61 291.132418  -3.453502 40.427
 29    56.073 53215.60672362 26.97 291.128366  -3.446327 14.631
 29    56.018 53215.60672426 27.56 291.127638  -3.449626 14.513
 29    56.402 53215.60672491 27.70 291.126918  -3.452936 14.513
 30    54.649 53250.60669856 16.24 291.128533  -3.445369 15.293
 30    54.373 53250.60669920 16.68 291.127803  -3.448669 15.293
 30    56.000 53250.60669985 16.32 291.127073  -3.451979 15.293
 31    53.614 53285.60669297 16.55 291.124503  -3.445318 15.917
 31    52.609 53285.60669361 17.38 291.123773  -3.448628 15.917
 31    52.480 53285.60669426 20.13 291.123048  -3.451926 16.906
 31    54.185 53285.60669490 17.51 291.122318  -3.455236 16.906
 32    54.372 53320.60667286 19.57 291.138405  -3.445308 31.262
 32    55.607 53320.60667351 19.66 291.137675  -3.448608 31.262
 32    56.015 53320.60667415 23.54 291.136945  -3.451918 31.262
 32    57.305 53320.60667480 29.65 291.136215  -3.455218 31.262
 33    56.810 53355.60664176 32.95 291.137004  -3.444964 19.452
 33    56.778 53355.60664241 30.34 291.136284  -3.448264 19.452
 33    57.049 53355.60664305 32.08 291.135554  -3.451574 19.452
 33    57.100 53355.60664370 36.68 291.134824  -3.454874 19.452
 34    56.396 53390.60665175 24.20 291.128976  -3.445226 29.371
 34    56.694 53390.60665240 22.92 291.128246  -3.448526 29.371
 34    56.884 53390.60665304 24.06 291.127516  -3.451836 29.371
 35    56.590 53425.60664882 24.35 291.135731  -3.444994 35.012
 35    57.066 53425.60664946 24.62 291.135001  -3.448304 35.012
 35    57.363 53425.60665011 26.45 291.134271  -3.451604 35.012
 36    57.640 53460.60665638 26.36 291.135729  -3.443927 38.197
 36    57.671 53460.60665702 24.24 291.134999  -3.447237 38.197
 36    57.997 53460.60665767 26.95 291.134269  -3.450537 38.197
 36    58.281 53460.60665831 40.32 291.133539  -3.453847 38.197
 37    59.038 53495.60673926 35.94 291.122404  -3.447127 21.738
 37    59.133 53495.60673991 36.83 291.121674  -3.450427 21.738
 37    59.260 53495.60674055 37.69 291.120944  -3.453737 21.738
 38    56.356 53530.60671475 22.43 291.136456  -3.443607 31.810
 38    56.232 53530.60671540 21.03 291.135726  -3.446907 31.810
 38    56.683 53530.60671604 22.68 291.135006  -3.450217 31.810
 38    56.903 53530.60671669 29.34 291.134269  -3.453515 37.999
 39    54.314 53565.60674387 33.82 291.124056  -3.446373 15.850
 39    54.474 53565.60674451 35.65 291.123326  -3.449683 15.850
 39    54.638 53565.60674516 36.85 291.122596  -3.452983 15.850
 40    49.613 53600.60668617 35.11 291.133144  -3.445409 16.229
 40    49.656 53600.60668681 40.16 291.132414  -3.448709 16.229
 40    49.763 53600.60668746 46.45 291.131684  -3.452019 16.229
 41    49.763 53635.60668307 23.02 291.126634  -3.444227 21.857
 41    49.878 53635.60668372 28.79 291.125904  -3.447537 21.857
 41    49.245 53635.60668436 38.14 291.125174  -3.450837 21.857
 41    49.104 53635.60668501 34.19 291.124444  -3.454147 21.857
 42    52.022 53670.60670461 33.74 291.125122  -3.444511 16.913
 42    51.804 53670.60670526 34.52 291.124392  -3.447821 16.913
 42    51.795 53670.60670590 44.92 291.123662  -3.451121 16.913
 42    51.834 53670.60670654 41.45 291.122932  -3.454431 16.913
 43    53.980 53705.60663827 18.52 291.137578  -3.445141 16.343
 43    53.518 53705.60663892 22.11 291.136848  -3.448441 16.343
 43    55.765 53705.60663956 21.56 291.136128  -3.451751 16.343
 43    55.801 53705.60664021 23.26 291.135398  -3.455051 16.343
 44    55.257 53740.60655028 20.35 291.136226  -3.443021 35.846
 44    54.863 53740.60655092 19.34 291.135496  -3.446331 35.846
 44    54.316 53740.60655157 26.83 291.134766  -3.449631 35.846
 44    55.405 53740.60655221 25.42 291.134036  -3.452941 35.846
 45    57.266 53775.60657179 26.47 291.136458  -3.443399 38.746
 45    57.110 53775.60657243 22.48 291.135728  -3.446709 38.746
 45    57.723 53775.60657308 25.51 291.134998  -3.450009 38.746
 45    57.789 53775.60657372 38.80 291.134278  -3.453319 38.746
 46    57.535 53810.60655332 24.49 291.133970  -3.445569 39.437
 46    57.919 53810.60655396 23.67 291.133240  -3.448879 39.437
 46    58.078 53810.60655460 29.49 291.132510  -3.452179 39.437
 47    59.268 53845.60659913 30.87 291.127631  -3.445286 31.023
 47    59.241 53845.60659977 29.39 291.126901  -3.448586 31.023
 47    59.412 53845.60660042 29.04 291.126171  -3.451896 31.023
 48    58.990 53880.60662476 28.65 291.134791  -3.444806 39.841
 48    58.814 53880.60662541 26.12 291.134061  -3.448106 39.841
 48    59.344 53880.60662605 28.51 291.133331  -3.451416 39.841
 49    54.271 53915.60668342 19.99 291.122966  -3.446767 22.819
 49    54.222 53915.60668406 17.84 291.122236  -3.450067 22.819
 49    53.807 53915.60668471 19.83 291.121516  -3.453377 22.819
 50    51.336 53950.60669158 33.36 291.121785  -3.444273 13.338
 50    51.433 53950.60669222 33.82 291.121055  -3.447573 13.338
 50    51.299 53950.60669287 39.19 291.120325  -3.450883 13.338
 50    51.429 53950.60669351 37.39 291.119605  -3.454183 13.338
 51    50.409 53985.60662761 27.44 291.131381  -3.443593 18.155
 51    50.396 53985.60662826 30.15 291.130661  -3.446893 18.155
 51    50.586 53985.60662890 35.65 291.129931  -3.450203 18.155
 51    50.671 53985.60662955 40.27 291.129201  -3.453503 18.155
 52    51.014 54020.60666687 32.15 291.131488  -3.445281 15.973
 52    51.045 54020.60666751 37.58 291.130758  -3.448591 15.973
 52    51.161 54020.60666816 37.62 291.130028  -3.451891 15.973
 53    54.550 54055.60665786 18.19 291.139650  -3.442484 26.078
 53    56.186 54055.60665850 17.45 291.138920  -3.445784 26.078
 53    56.690 54055.60665915 19.87 291.138190  -3.449094 26.078
 53    57.286 54055.60665979 24.18 291.137460  -3.452394 26.078
 54    56.686 54090.60664493 29.12 291.132488  -3.444189 23.993
 54    56.701 54090.60664558 30.00 291.131758  -3.447499 23.993
 54    56.609 54090.60664622 28.44 291.131028  -3.450799 23.993
 55    58.804 54125.60657365 27.16 291.131729  -3.445142 33.964
 55    58.623 54125.60657430 26.62 291.130999  -3.448442 33.964
 55    58.844 54125.60657494 26.93 291.130269  -3.451752 33.964
 56    56.654 54160.60661268 31.71 291.129875  -3.444772 18.745
 56    56.694 54160.60661333 30.56 291.129145  -3.448072 18.745
 56    56.739 54160.60661397 29.48 291.128425  -3.451382 18.745
 57    58.048 54195.60657593 25.72 291.130760  -3.446790 31.130
 57    58.085 54195.60657657 25.23 291.130030  -3.450090 31.130
 57    58.091 54195.60657722 28.00 291.129300  -3.453400 31.130
 58    59.166 54230.60662431 29.01 291.131507  -3.443623 36.095
 58    58.832 54230.60662496 27.39 291.130777  -3.446923 36.095
 58    58.893 54230.60662560 25.72 291.130047  -3.450233 36.095
 58    59.354 54230.60662625 29.64 291.129317  -3.453533 36.095
 59    57.803 54265.60664232 34.02 291.131928  -3.444362 21.008
 59    57.677 54265.60664296 32.32 291.131198  -3.447662 21.008
 59    57.530 54265.60664361 31.64 291.130468  -3.450972 21.008
 60    54.441 54300.60664739 17.68 291.132161  -3.446072 20.936
 60    53.223 54300.60664804 18.77 291.131441  -3.449382 20.936
 60    55.143 54300.60664868 19.11 291.130711  -3.452682 20.936
 61    49.872 54335.60663556 19.12 291.132132  -3.444300 25.117
 61    49.992 54335.60663621 17.35 291.131402  -3.447610 25.117
 61    51.810 54335.60663685 17.19 291.130682  -3.450910 25.117
 63    53.945 54405.60658022 20.81 291.130917  -3.443663 16.200
 63    53.655 54405.60658086 23.12 291.130187  -3.446963 16.200
 63    53.810 54405.60658151 22.63 291.129467  -3.450273 16.200
 63    53.672 54405.60658215 22.87 291.128730  -3.453573 27.965
 64    55.997 54440.60653772 23.73 291.131548  -3.444239 33.997
 64    55.620 54440.60653837 18.71 291.130818  -3.447549 33.997
 64    56.135 54440.60653901 19.56 291.130092  -3.450847 27.823
 65    57.225 54475.60656781 25.26 291.132425  -3.445453 32.745
 65    57.351 54475.60656846 23.22 291.131695  -3.448753 32.745
 65    57.825 54475.60656910 25.28 291.130975  -3.452063 32.745
 66    57.775 54510.60655310 32.77 291.131387  -3.445339 25.801
 66    57.769 54510.60655374 37.66 291.130657  -3.448649 25.801
 66    57.719 54510.60655439 40.43 291.129927  -3.451949 25.801
 67    58.916 54545.60658186 32.20 291.131530  -3.445456 24.964
 67    58.858 54545.60658251 31.77 291.130800  -3.448766 24.964
 67    58.928 54545.60658315 31.12 291.130070  -3.452066 24.964
 68    59.017 54580.60654768 25.95 291.133211  -3.443780 35.086
 68    58.676 54580.60654833 25.13 291.132491  -3.447078 34.419
 68    59.061 54580.60654897 24.89 291.131761  -3.450388 34.419
 68    59.193 54580.60654962 30.94 291.131031  -3.453688 34.419
 69    58.591 54615.60657141 30.54 291.132151  -3.446334 25.669
 69    58.402 54615.60657206 29.95 291.131421  -3.449644 25.669
 69    58.517 54615.60657270 30.54 291.130691  -3.452944 25.669
 70    56.485 54650.60658366 23.54 291.129226  -3.445441 24.804
 70    56.492 54650.60658431 24.24 291.128496  -3.448741 24.804
 70    56.506 54650.60658495 27.46 291.127766  -3.452051 24.804
 71    53.263 54685.60657650 25.27 291.131450  -3.443681 15.878
 71    53.109 54685.60657714 24.84 291.130730  -3.446991 15.878
 71    52.927 54685.60657779 25.96 291.130000  -3.450291 15.878
 71    52.808 54685.60657843 24.01 291.129270  -3.453601 15.878
 72    49.453 54720.60652814 17.10 291.131767  -3.446230 22.172
 72    49.489 54720.60652879 16.96 291.131037  -3.449530 22.172
 72    51.912 54720.60652943 16.19 291.130307  -3.452840 22.172
 73    51.041 54755.60655202 24.60 291.130455  -3.445554 16.428
 73    50.829 54755.60655266 24.71 291.129725  -3.448854 16.428
 73    50.892 54755.60655331 24.08 291.129005  -3.452164 16.428
 74    54.529 54790.60652165 24.85 291.129760  -3.444695 15.856
 74    54.309 54790.60652229 24.31 291.129030  -3.447995 15.856
 74    54.324 54790.60652294 25.11 291.128310  -3.451305 15.856
 75    54.622 54825.60654788 15.31 291.131236  -3.446060 26.350
 75    54.226 54825.60654852 17.70 291.130506  -3.449360 26.350
 75    54.962 54825.60654917 17.63 291.129786  -3.452670 26.350
 76    57.261 54860.60651531 23.85 291.131704  -3.445528 33.592
 76    57.424 54860.60651595 21.24 291.130974  -3.448838 33.592
 76    57.908 54860.60651660 23.11 291.130244  -3.452138 33.592
 77    59.528 54895.60654907 29.35 291.129818  -3.444399 23.354
 77    59.507 54895.60654971 29.05 291.129088  -3.447699 23.354
 77    59.558 54895.60655036 29.73 291.128368  -3.451009 23.354
 78    59.893 54930.60651251 33.04 291.129683  -3.444764 26.938
 78    59.632 54930.60651316 33.17 291.128953  -3.448074 26.938
 78    59.718 54930.60651380 32.42 291.128223  -3.451374 26.938
 79    60.315 54965.60654905 32.43 291.130523  -3.445793 27.153
 79    60.352 54965.60654969 33.20 291.129793  -3.449103 27.153
 79    60.459 54965.60655034 34.53 291.129063  -3.452403 27.153
 80    59.520 55000.60656971 27.29 291.128025  -3.445542 21.215
 80    59.523 55000.60657036 27.76 291.127295  -3.448842 21.215
 80    59.721 55000.60657100 28.38 291.126575  -3.452152 21.215
 81    57.215 55035.60655489 22.83 291.131922  -3.446591 32.038
 81    56.996 55035.60655554 23.22 291.131192  -3.449891 32.038
 81    57.371 55035.60655618 23.78 291.130462  -3.453201 32.038
 82    52.869 55070.60654403 27.05 291.131490  -3.444597 14.750
 82    52.800 55070.60654467 25.16 291.130770  -3.447907 14.750
 82    52.672 55070.60654532 25.82 291.130040  -3.451207 14.750
 83    54.393 55105.60648697 15.54 291.129830  -3.444025 17.162
 83    50.870 55105.60648761 16.63 291.129100  -3.447325 17.162
 83    52.011 55105.60648826 16.13 291.128370  -3.450635 17.162
 83    52.330 55105.60648890 16.92 291.127640  -3.453935 17.162
 84    52.441 55140.60649369 20.90 291.130367  -3.446242 14.835
 84    52.366 55140.60649434 22.36 291.129637  -3.449542 14.835
 84    52.504 55140.60649498 22.27 291.128907  -3.452852 14.835
 85    55.384 55175.60645418 25.03 291.132474  -3.443550 28.235
 85    54.514 55175.60645483 25.51 291.131744  -3.446850 28.235
 85    53.908 55175.60645547 25.71 291.131014  -3.450160 28.235
 85    54.254 55175.60645612 27.33 291.130284  -3.453460 28.235
 86    57.098 55210.60648871 22.68 291.130497  -3.446476 23.069
 86    57.136 55210.60648936 25.17 291.129767  -3.449776 23.069
 86    57.277 55210.60649000 24.26 291.129047  -3.453086 23.069
 87    56.708 55245.60646101 22.60 291.130020  -3.446830 30.823
 87    56.749 55245.60646166 23.95 291.129290  -3.450130 30.823
 87    56.974 55245.60646230 24.97 291.128560  -3.453440 30.823
 88    56.997 55280.60648161 22.14 291.130462  -3.445048 25.859
 88    57.186 55280.60648225 21.31 291.129732  -3.448358 25.859
 88    57.512 55280.60648290 22.22 291.129002  -3.451658 25.859
 89    58.320 55315.60644770 25.49 291.130252  -3.445049 33.499
 89    58.246 55315.60644834 23.30 291.129522  -3.448359 33.499
 89    58.602 55315.60644899 24.50 291.128792  -3.451659 33.499
 90    58.272 55350.60645373 29.69 291.131093  -3.445796 22.470
 90    58.065 55350.60645437 28.91 291.130363  -3.449096 22.470
 90    58.200 55350.60645502 28.90 291.129643  -3.452406 22.470
 91    53.788 55385.60644752 24.91 291.129385  -3.445772 10.408
 91    53.550 55385.60644817 26.00 291.128655  -3.449072 10.408
 91    53.738 55385.60644881 25.84 291.127925  -3.452382 10.408
 92    50.933 55420.60647169 26.84 291.131828  -3.445959 23.606
 92    51.135 55420.60647233 26.25 291.131098  -3.449269 23.606
 92    51.263 55420.60647298 27.78 291.130368  -3.452569 23.606
 93    48.022 55455.60644833 16.28 291.131533  -3.445612 22.450
 93    47.969 55455.60644897 25.00 291.130799  -3.448910 31.553
 93    48.030 55455.60644962 32.73 291.130079  -3.452220 31.553
 94    48.151 55490.60636609 33.83 291.133261  -3.443799 15.661
 94    48.085 55490.60636673 41.48 291.132531  -3.447109 15.661
 94    47.997 55490.60636738 47.86 291.131802  -3.450409 30.357
 94    48.010 55490.60636802 49.68 291.131072  -3.453719 30.357
