-289229.929    90.767     0.00    9.92
-288853.853    90.838     0.19    9.25
-288477.780    90.829    -0.02    8.62
-288101.710    92.750     5.11    8.96
-287725.643    95.359     6.94    8.39
-287349.579    98.865     9.32    5.88
-286973.518    97.667    -3.19    8.21
-286597.461    96.027    -4.36    8.34
-286221.406    95.158    -2.31    8.56
-285845.354    96.158     2.66    8.44
-285469.306    98.205     5.44    8.22
-285093.260   101.135     7.79    5.75
-284717.218   102.711     4.19    3.75
-284341.178   102.725     0.04    4.51
-283965.141   103.444     1.91    5.45
-283589.108   103.684     0.64    6.86
-283213.077   103.784     0.26    7.42
-282837.050   102.324    -3.88    7.51
-282461.025   101.865    -1.22    6.02
-282085.004   102.500     1.69    5.51
-281708.985   102.750     0.66    5.17
-281332.970   104.590     4.89    4.74
-280956.957   104.892     0.80    4.83
-280580.948   105.410     1.38    4.14
-280204.941   105.568     0.42    3.91
-279828.938   105.410    -0.42    3.80
-279452.937   105.051    -0.95    3.15
-279076.940   103.641    -3.75    3.99
-278700.945   102.027    -4.29    4.57
-278324.954   100.947    -2.87    4.74
-277948.965    99.410    -4.09    4.96
-277572.980    99.135    -0.73    5.59
-277196.997    99.333     0.53    5.68
-276821.018    99.081    -0.67    5.71
-276445.041    98.595    -1.29    5.21
-276069.068    99.459     2.30    5.83
-275693.097   100.361     2.40    6.06
-275317.130    99.103    -3.35    6.70
-274941.165    98.125    -2.60    6.62
-274565.203    97.632    -1.31    5.09
-274189.245    98.850     3.24    4.82
-273813.289    99.763     2.43    4.98
-273437.336   100.590     2.20    5.06
-273061.386   100.692     0.27    5.21
-272685.440    99.513    -3.14    6.21
-272309.496    96.639    -7.65    5.96
-271933.555    94.842    -4.78    5.87
-271557.617    95.846     2.67    5.89
-271181.682    94.806    -2.77    6.88
-270805.750    90.897   -10.40   10.46
-270429.821    87.973    -7.78   12.44
-270053.895    85.649    -6.18   13.28
-269677.972    89.162     9.35   14.84
-269302.051    96.333    19.08   12.53
-268926.134   100.103    10.03    7.61
-268550.220    98.585    -4.04    7.40
-268174.308    96.541    -5.44    7.27
-267798.400    94.225    -6.16    6.43
-267422.495    93.737    -1.30    5.07
-267046.592    89.974   -10.01    8.53
-266670.692    87.974    -5.32    9.65
-266294.796    87.103    -2.32    9.79
-265918.902    87.361     0.69   10.53
-265543.011    90.132     7.37   10.41
-265167.123    90.179     0.13   10.05
-264791.238    91.971     4.77   10.17
-264415.356    94.179     5.87    8.22
-264039.477    94.474     0.78    7.63
-263663.601    95.811     3.56    7.38
-263287.728    97.892     5.54    6.44
-262911.858    99.667     4.72    5.23
-262535.990    99.487    -0.48    4.66
-262160.126    97.585    -5.06    5.79
-261784.264    97.622     0.10    5.85
-261408.406    97.846     0.60    5.49
-261032.550    98.026     0.48    4.66
-260656.697    98.205     0.48    4.39
-260280.847    96.316    -5.03    5.02
-259905.000    95.846    -1.25    4.98
-259529.156    94.838    -2.68    5.73
-259153.315    94.054    -2.09    5.83
-258777.476    93.289    -2.03    5.89
-258401.641    91.571    -4.57    6.48
-258025.808    89.564    -5.34    7.97
-257649.979    87.282    -6.07    8.21
-257274.152    83.361   -10.43   10.49
-256898.328    80.027    -8.87    9.97
-256522.507    80.500     1.26   11.55
-256146.689    82.579     5.53   11.82
-255770.609    87.537    13.18    8.47
-255394.218    89.108     4.18    7.08
-255017.830    90.667     4.14    6.60
-254641.445    91.289     1.65    6.02
-254265.063    92.231     2.50    5.71
-253888.684    92.432     0.54    5.78
-253512.307    91.300    -3.01    6.22
-253135.934    89.838    -3.89    6.31
-252759.563    87.189    -7.04    8.10
-252383.195    86.243    -2.51    9.24
-252006.830    85.629    -1.63    9.03
-251630.468    87.333     4.53    8.71
-251254.109    91.436    10.90    6.41
-250877.753    93.657     5.90    5.96
-250501.400    93.081    -1.53    7.38
-250125.049    90.919    -5.75    9.39
-249748.702    87.684    -8.60   10.29
-249372.357    87.100    -1.55   10.84
-248996.015    87.838     1.96   11.34
-248619.676    90.590     7.31   11.08
-248243.340    93.579     7.94   10.52
-247867.006    96.590     8.00    7.75
-247490.676    97.297     1.88    6.39
-247114.348    95.825    -3.91    6.03
-246738.024    94.974    -2.26    5.67
-246361.702    94.595    -1.01    6.17
-245985.383    94.946     0.93    6.23
-245609.067    95.343     1.05    5.41
-245232.753    94.231    -2.96    5.41
-244856.443    92.308    -5.11    5.83
-244480.135    91.914    -1.05    4.96
-244103.830    89.568    -6.24    6.46
-243727.528    87.459    -5.60    7.08
-243351.229    86.378    -2.87    6.27
-242974.933    84.625    -4.66    7.31
-242598.639    83.865    -2.02    8.03
-242222.349    80.897    -7.89    7.85
-241846.061    80.447    -1.20    7.36
-241469.776    80.410    -0.10    7.45
-241093.494    79.892    -1.38    8.16
-240717.215    79.341    -1.46    9.31
-240340.938    76.289    -8.11   10.49
-239964.664    74.167    -5.64   11.39
-239588.394    74.703     1.42   12.61
-239212.126    72.222    -6.59   12.44
-238835.860    74.184     5.21   11.98
-238459.598    75.513     3.53    9.67
-238083.338    76.606     2.91    9.62
-237707.082    78.895     6.08    9.58
-237330.828    79.973     2.87    8.95
-236954.577    80.486     1.36    9.17
-236578.328    82.205     4.57    8.12
-236202.083    84.421     5.89    7.24
-235825.840    85.308     2.36    6.93
-235449.600    85.154    -0.41    6.97
-235073.363    85.410     0.68    7.20
-234697.129    82.865    -6.77    7.15
-234320.897    81.026    -4.89    6.73
-233944.668    77.769    -8.66    7.75
-233568.442    77.139    -1.68    7.70
-233192.219    77.730     1.57    8.53
-232815.999    79.838     5.60    8.00
-232439.781    79.865     0.07    8.51
-232063.567    78.256    -4.28    8.63
-231687.355    76.438    -4.84    9.99
-231311.145    73.564    -7.64   10.45
-230934.939    72.737    -2.20   10.29
-230558.735    74.278     4.10    9.99
-230182.534    78.026     9.96    9.44
-229806.336    77.838    -0.50    9.27
-229430.141    77.385    -1.20    9.20
-229053.948    75.872    -4.02    9.23
-228677.759    73.718    -5.73    8.62
-228301.572    71.658    -5.48    7.39
-227925.387    68.846    -7.47   10.30
-227549.206    64.205   -12.34   11.95
-227173.027    57.944   -16.64   10.54
-226796.851    51.838   -16.23    8.40
-226420.678    47.459   -11.64    5.62
-226044.507    45.784    -4.45    5.60
-225668.340    44.237    -4.11    4.61
-225292.175    43.829    -1.09    3.88
-224916.013    45.050     3.25    4.04
-224539.853    46.132     2.88    3.63
-224163.697    46.694     1.50    3.73
-223787.543    48.538     4.90    3.10
-223411.391    51.081     6.76    4.75
-223035.243    56.282    13.83    8.44
-222659.097    61.132    12.89    8.43
-222282.954    64.026     7.69    6.78
-221906.814    67.000     7.91    4.26
-221530.677    68.333     3.54    5.63
-221154.542    72.800    11.88    9.54
-220778.410    79.806    18.63   11.94
-220402.280    86.405    17.55   11.56
-220026.154    90.784    11.64    9.63
-219650.030    92.054     3.38    9.31
-219273.909    93.703     4.38    8.71
-218897.791    94.143     1.17    8.25
-218521.675    95.250     2.94    8.19
-218145.562    96.077     2.20    7.39
-217769.452    96.216     0.37    7.28
-217393.344    96.974     2.02    6.92
-217017.240    97.500     1.40    6.62
-216641.137    98.526     2.73    6.57
-216265.038    98.789     0.70    5.84
-215888.941    98.538    -0.67    5.84
-215512.848    98.919     1.01    5.62
-215136.756    97.895    -2.72    5.77
-214760.668    96.850    -2.78    6.01
-214384.582    97.457     1.61    5.14
-214008.499    96.919    -1.43    5.21
-213632.418    94.973    -5.17    4.79
-213256.341    94.108    -2.30    5.67
-212880.266    95.297     3.16    6.07
-212504.193    96.167     2.31    5.94
-212128.124    95.900    -0.71    6.30
-211752.057    93.308    -6.89    6.74
-211375.993    91.486    -4.84    7.30
-210999.931    89.667    -4.84    7.28
-210623.872    89.368    -0.79    7.19
-210247.816    88.077    -3.43    7.42
-209871.762    84.605    -9.23    9.65
-209495.712    78.462   -16.34   11.05
-209119.663    78.333    -0.34   11.17
-208743.618    78.868     1.42   11.68
-208367.575    82.175     8.79    9.83
-207991.535    83.829     4.40    8.15
-207615.498    83.462    -0.98    8.38
-207239.463    84.189     1.94    7.96
-206863.431    86.000     4.82    8.17
-206487.401    88.135     5.68    7.95
-206111.375    89.722     4.22    7.29
-205735.350    90.333     1.63    6.22
-205359.329    90.590     0.68    5.41
-204983.310    91.789     3.19    5.48
-204607.294    92.128     0.90    5.45
-204231.281    91.564    -1.50    5.94
-203855.270    90.795    -2.05    6.13
-203479.262    88.865    -5.13    6.49
-203103.256    86.179    -7.14    7.17
-202727.253    84.000    -5.80    7.39
-202351.253    81.763    -5.95    7.34
-201975.255    80.359    -3.73    8.35
-201599.260    80.676     0.84    8.01
-201223.268    79.359    -3.50    8.51
-200847.279    80.108     1.99    8.26
-200471.292    83.595     9.27    7.70
-200095.307    83.784     0.50    7.65
-199719.325    81.750    -5.41    7.04
-199343.346    80.462    -3.43    5.74
-198967.370    77.976    -6.61    6.01
-198591.396    74.730    -8.63    8.35
-198215.425    69.154   -14.83   12.22
-197839.456    63.615   -14.73   10.53
-197463.490    65.590     5.25   12.44
-197087.527    69.000     9.07   14.44
-196711.566    76.359    19.57   13.21
-196335.608    83.405    18.74    7.33
-195959.653    83.757     0.93    6.67
-195583.700    84.105     0.93    6.30
-195207.750    86.121     5.36    6.39
-194831.802    87.538     3.77    7.72
-194455.857    90.421     7.67    7.79
-194079.915    92.861     6.49    7.56
-193703.975    93.270     1.09    6.28
-193328.038    94.472     3.20    5.14
-192952.103    94.868     1.05    4.70
-192576.171    93.775    -2.91    5.54
-192200.242    92.216    -4.15    5.77
-191824.315    89.795    -6.44    5.56
-191448.391    88.282    -4.02    6.09
-191072.469    85.923    -6.28    8.07
-190696.550    83.784    -5.69    8.55
-190320.634    84.000     0.58    7.46
-189944.720    84.919     2.44    8.53
-189568.809    84.973     0.14    8.03
-189192.900    84.838    -0.36    8.58
-188816.994    84.667    -0.46    8.88
-188441.091    85.974     3.48    8.41
-188065.190    89.974    10.64    6.83
-187689.292    91.972     5.32    5.94
-187313.396    90.632    -3.57    6.00
-186937.503    87.111    -9.37    8.86
-186561.612    83.474    -9.68    9.66
-186185.724    80.205    -8.70    8.22
-185809.839    80.459     0.68    8.27
-185433.956    82.641     5.80    8.29
-185058.076    85.256     6.96    8.42
-184682.198    89.105    10.24    8.20
-184306.323    91.189     5.54    6.04
-183930.450    91.200     0.03    5.63
-183554.580    93.135     5.15    5.89
-183178.713    93.162     0.07    5.72
-182802.848    93.892     1.94    7.34
-182426.985    95.086     3.18    7.42
-182051.126    94.615    -1.25    7.89
-181675.268    95.308     1.84    6.93
-181299.414    96.639     3.54    7.01
-180923.561    98.744     5.60    5.44
-180547.294    97.889    -2.27    5.05
-180170.933    96.974    -2.43    4.15
-179794.575    96.590    -1.02    3.41
-179418.220    97.081     1.31    4.06
-179041.868    98.289     3.21    4.36
-178665.517    97.500    -2.10    4.90
-178289.170    96.825    -1.79    5.12
-177912.825    96.405    -1.11    5.19
-177536.482    96.103    -0.80    4.59
-177160.142    96.923     2.18    4.01
-176783.805    97.865     2.50    3.73
-176407.470    98.946     2.87    3.59
-176031.137    96.811    -5.67    5.15
-175654.808    95.795    -2.70    5.48
-175278.480    94.282    -4.02    6.49
-174902.155    91.543    -7.28    7.22
-174525.833    90.684    -2.28    7.10
-174149.513    89.324    -3.61    7.86
-173773.196    88.167    -3.08    7.37
-173396.882    87.718    -1.19    7.57
-173020.569    85.757    -5.21    7.12
-172644.260    83.395    -6.28    6.78
-172267.953    84.184     2.10    7.57
-171891.648    85.250     2.83    7.31
-171515.346    87.649     6.37    7.42
-171139.046    87.600    -0.13    8.63
-170762.749    85.154    -6.50    7.80
-170386.455    85.838     1.82    7.89
-170010.163    85.811    -0.07    6.66
-169633.873    85.541    -0.72    5.76
-169257.586    84.605    -2.49    6.25
-168881.301    83.385    -3.24    6.29
-168505.019    82.056    -3.53    6.99
-168128.740    82.385     0.87    6.30
-167752.463    84.395     5.34    5.28
-167376.188    83.528    -2.30    5.86
-166999.916    82.513    -2.70    6.55
-166623.646    81.051    -3.88    6.66
-166247.379    77.436    -9.61    7.02
-165871.115    75.711    -4.59    6.37
-165494.852    75.359    -0.93    6.74
-165118.593    76.162     2.13    6.59
-164742.336    78.650     6.61    6.42
-164366.081    79.300     1.73    6.73
-163989.829    78.667    -1.68    7.26
-163613.579    77.541    -2.99    6.65
-163237.332    76.432    -2.95    7.05
-162861.087    74.703    -4.60    8.34
-162484.845    72.526    -5.78    7.42
-162108.605    72.694     0.45    7.81
-161732.367    75.500     7.46    8.65
-161356.132    77.421     5.11    6.43
-160979.900    75.486    -5.14    8.42
-160603.670    70.128   -14.24   10.51
-160227.442    63.132   -18.60   11.91
-159851.217    53.526   -25.53   11.98
-159474.995    46.324   -19.14   10.59
-159098.775    40.923   -14.36    6.83
-158722.557    37.730    -8.49    5.27
-158346.342    37.769     0.10    4.59
-157970.129    38.725     2.54    3.30
-157593.918    39.429     1.87    2.24
-157217.710    38.595    -2.22    2.76
-156841.505    37.378    -3.23    2.82
-156465.302    36.730    -1.72    2.82
-156089.101    37.000     0.72    2.94
-155712.903    38.139     3.03    2.98
-155336.708    39.075     2.49    2.36
-154960.514    38.487    -1.56    3.38
-154584.324    37.189    -3.45    5.25
-154208.135    34.718    -6.57    6.09
-153831.949    33.737    -2.61    6.07
-153455.766    34.487     1.99    6.41
-153079.584    33.973    -1.37    5.63
-152703.406    36.718     7.30    7.77
-152327.230    39.417     7.17    7.94
-151951.056    43.154     9.93    7.76
-151574.884    46.051     7.70    5.61
-151198.715    49.455     9.05    6.16
-150822.549    54.000    12.08    7.14
-150446.385    57.216     8.55    7.48
-150070.223    59.514     6.11    6.61
-149694.064    60.432     2.44    6.23
-149317.907    61.944     4.02    7.03
-148941.752    63.359     3.76    6.79
-148565.600    66.692     8.86    5.49
-148189.450    69.395     7.18    4.59
-147813.303    70.500     2.94    4.88
-147437.158    72.744     5.96    6.77
-147061.016    74.846     5.59    6.74
-146684.875    77.243     6.37    7.50
-146308.738    79.231     5.28    6.65
-145932.602    81.361     5.66    6.39
-145556.470    83.103     4.63    6.66
-145180.339    85.632     6.72    7.05
-144804.211    85.969     0.90    8.15
-144428.085    83.564    -6.39    9.07
-144051.962    81.432    -5.67    8.74
-143675.841    80.595    -2.23    7.78
-143299.722    80.595     0.00    7.65
-142923.606    83.139     6.76    7.87
-142547.492    84.500     3.62    6.87
-142171.381    82.538    -5.22    7.85
-141795.272    80.270    -6.03    8.94
-141419.165    78.487    -4.74    8.14
-141043.061    77.000    -3.95    7.37
-140666.959    79.667     7.09    7.25
-140290.859    82.297     6.99    7.82
-139914.762    84.231     5.14    7.22
-139538.667    85.270     2.76    6.36
-139162.574    85.132    -0.37    6.46
-138786.484    84.486    -1.72    6.47
-138410.397    86.750     6.02    6.13
-138034.311    90.308     9.46    6.35
-137658.228    93.026     7.23    5.69
-137282.147    93.444     1.11    4.49
-136906.069    93.513     0.18    4.20
-136529.993    93.000    -1.36    5.23
-136153.919    89.658    -8.89    7.19
-135777.848    85.974    -9.80    7.67
-135401.779    83.838    -5.68    6.58
-135025.713    83.846     0.02    6.87
-134649.648    83.769    -0.20    7.40
-134273.586    84.949     3.14    7.85
-133897.527    83.270    -4.46    6.85
-133521.470    80.475    -7.43    6.98
-133145.415    78.351    -5.65    7.73
-132769.362    77.649    -1.87    7.92
-132393.312    79.324     4.46    8.20
-132017.264    80.559     3.28    8.09
-131641.218    83.205     7.04    6.53
-131265.175    83.590     1.02    6.21
-130889.134    85.583     5.30    6.50
-130513.096    88.846     8.68    5.63
-130137.059    89.722     2.33    6.25
-129761.025    90.282     1.49    6.61
-129384.994    92.026     4.64    6.43
-129008.964    93.162     3.02    5.85
-128632.937    95.263     5.59    5.93
-128256.913    96.359     2.91    5.18
-127880.890    96.375     0.04    4.88
-127504.870    95.649    -1.93    5.76
-127128.852    93.462    -5.82    6.18
-126752.837    91.684    -4.73    6.15
-126376.824    90.722    -2.56    6.04
-126000.813    89.838    -2.35    6.26
-125624.804    88.694    -3.04    6.16
-125248.798    87.615    -2.87    6.90
-124872.794    86.800    -2.17    6.33
-124496.793    87.000     0.53    6.12
-124120.793    85.359    -4.36    6.53
-123744.796    84.111    -3.32    7.21
-123368.801    83.237    -2.33    7.40
-122992.809    80.667    -6.84    7.26
-122616.819    79.868    -2.12    6.36
-122240.831    77.553    -6.16    7.31
-121864.845    75.231    -6.18    8.51
-121488.862    72.425    -7.46    8.50
-121112.881    69.081    -8.89    9.29
-120736.902    67.850    -3.27    8.88
-120360.925    66.385    -3.90    8.34
-119984.951    65.917    -1.24    8.90
-119608.979    65.514    -1.07    8.71
-119233.010    64.333    -3.14    9.74
-118857.042    60.684    -9.71    9.00
-118481.077    54.950   -15.25   10.09
-118105.114    49.444   -14.64    7.46
-117729.154    46.075    -8.96    6.21
-117353.195    45.211    -2.30    5.85
-116977.239    49.368    11.06    9.61
-116601.285    55.132    15.33   10.79
-116225.334    60.737    14.91    9.61
-115849.384    66.568    15.51    7.18
-115473.437    66.649     0.22    6.78
-115097.493    67.075     1.13    6.67
-114721.550    68.639     4.16    6.39
-114345.610    68.282    -0.95    7.15
-113969.672    69.789     4.01    7.14
-113593.736    71.108     3.51    6.90
-113217.802    74.108     7.98    8.89
-112841.871    77.417     8.80    7.97
-112465.942    78.462     2.78    8.71
-112090.015    79.575     2.96    8.40
-111714.090    80.297     1.92    7.63
-111338.168    81.125     2.20    7.27
-110962.248    81.605     1.28    6.70
-110586.330    82.211     1.61    6.22
-110210.414    82.973     2.03    5.67
-109834.501    85.385     6.42    5.35
-109458.590    87.649     6.02    5.03
-109082.681    89.222     4.19    4.04
-108706.774    89.395     0.46    4.19
-108330.869    88.444    -2.53    3.63
-107954.967    86.897    -4.12    5.11
-107579.067    86.462    -1.16    5.42
-107203.169    86.139    -0.86    5.54
-106827.274    86.189     0.13    6.08
-106451.380    85.676    -1.37    5.87
-106075.489    83.632    -5.44    6.00
-105699.525    81.875    -4.67    6.42
-105323.192    80.243    -4.34    7.10
-104946.861    78.769    -3.92    5.97
-104570.532    79.000     0.61    7.34
-104194.205    81.737     7.27    7.94
-103817.881    82.757     2.71    7.75
-103441.559    82.744    -0.03    7.50
-103065.239    81.421    -3.51    8.01
-102688.921    77.778    -9.68    7.20
-102312.605    76.395    -3.68    8.04
-101936.292    76.278    -0.31    7.81
-101559.981    75.026    -3.33    7.71
-101183.672    71.103   -10.43    9.88
-100807.365    69.441    -4.42   11.16
-100431.060    70.270     2.20   11.91
-100054.758    73.514     8.62   13.48
 -99678.458    78.838    14.15   10.34
 -99302.160    78.256    -1.55    8.18
 -98925.864    75.081    -8.44   10.29
 -98549.570    71.667    -9.07    8.17
 -98173.279    71.000    -1.77    8.18
 -97796.990    71.872     2.32    8.20
 -97420.702    75.595     9.89    8.07
 -97044.418    79.282     9.80    7.68
 -96668.135    82.342     8.13    7.64
 -96291.854    85.139     7.43    5.89
 -95915.576    86.757     4.30    4.79
 -95539.299    85.892    -2.30    6.20
 -95163.025    84.711    -3.14    6.22
 -94786.753    83.821    -2.37    6.39
 -94410.484    83.812    -0.02    5.73
 -94034.216    84.553     1.97    5.61
 -93657.951    86.263     4.55    5.12
 -93281.687    86.946     1.81    4.83
 -92905.426    88.231     3.41    5.25
 -92529.167    88.351     0.32    5.40
 -92152.911    88.949     1.59    4.87
 -91776.656    89.231     0.75    4.50
 -91400.403    88.474    -2.01    4.03
 -91024.153    87.132    -3.57    5.19
 -90647.905    84.385    -7.30    4.96
 -90271.659    84.421     0.10    5.11
 -89895.415    82.528    -5.03    5.64
 -89519.173    81.027    -3.99    6.87
 -89142.933    80.162    -2.30    6.92
 -88766.696    79.054    -2.95    6.78
 -88390.461    79.359     0.81    7.44
 -88014.227    79.094    -0.70    8.49
 -87637.996    78.744    -0.93    8.44
 -87261.767    78.487    -0.68    8.45
 -86885.540    75.694    -7.42    7.44
 -86509.316    74.179    -4.03    7.69
 -86133.093    70.162   -10.68    7.95
 -85756.873    66.154   -10.65    7.47
 -85380.654    65.947    -0.55    7.62
 -85004.438    64.692    -3.34    8.65
 -84628.224    64.270    -1.12    9.29
 -84252.012    65.949     4.46    8.92
 -83875.802    69.650     9.84   10.39
 -83499.594    75.500    15.55    8.07
 -83123.389    78.324     7.51    6.14
 -82747.185    79.649     3.52    6.32
 -82370.984    80.811     3.09    6.62
 -81994.785    83.459     7.04    6.54
 -81618.587    85.686     5.92    6.11
 -81242.392    87.025     3.56    5.77
 -80866.199    87.872     2.25    4.35
 -80490.008    87.405    -1.24    4.49
 -80113.820    86.821    -1.55    5.67
 -79737.633    86.405    -1.10    5.40
 -79361.448    85.553    -2.27    5.62
 -78985.266    84.868    -1.82    5.89
 -78609.085    85.103     0.62    5.32
 -78232.907    84.649    -1.21    5.33
 -77856.731    86.184     4.08    4.63
 -77480.557    87.436     3.33    5.09
 -77104.385    88.472     2.75    4.49
 -76728.215    88.868     1.05    4.66
 -76352.047    88.622    -0.66    4.95
 -75975.881    89.243     1.65    5.83
 -75599.717    90.216     2.59    4.75
 -75223.556    89.667    -1.46    5.08
 -74847.396    88.000    -4.43    6.30
 -74471.238    88.750     1.99    6.03
 -74095.083    88.595    -0.41    5.89
 -73718.930    89.821     3.26    5.69
 -73342.778    90.974     3.07    3.40
 -72966.629    90.564    -1.09    3.67
 -72590.482    88.564    -5.32    5.02
 -72214.337    87.667    -2.39    5.61
 -71838.194    86.750    -2.44    5.10
 -71462.053    87.474     1.92    5.52
 -71085.914    89.949     6.58    5.30
 -70709.777    92.139     5.82    4.93
 -70333.642    93.923     4.74    4.07
 -69957.509    95.237     3.49    3.13
 -69581.379    96.189     2.53    3.03
 -69205.250    96.973     2.08    2.84
 -68829.123    96.944    -0.08    2.87
 -68452.999    96.205    -1.97    3.05
 -68076.876    96.075    -0.35    3.32
 -67700.756    95.649    -1.13    3.13
 -67324.637    94.800    -2.26    3.49
 -66948.521    93.263    -4.09    4.02
 -66572.406    92.368    -2.38    4.69
 -66196.294    90.973    -3.71    4.73
 -65820.184    89.150    -4.85    4.73
 -65444.075    87.108    -5.43    5.60
 -65067.969    86.568    -1.44    5.76
 -64691.865    84.500    -5.50    6.55
 -64315.763    81.472    -8.05    7.79
 -63939.662    80.077    -3.71    7.60
 -63563.564    80.026    -0.14    7.02
 -63187.468    82.389     6.28    7.05
 -62811.374    82.243    -0.39    6.89
 -62435.282    81.568    -1.80    6.49
 -62059.192    80.132    -3.82    6.90
 -61683.104    80.400     0.71    6.16
 -61307.018    83.838     9.14    7.10
 -60930.934    84.231     1.04    7.58
 -60554.852    86.474     5.96    5.36
 -60178.772    84.868    -4.27    6.18
 -59802.694    79.838   -13.38    7.68
 -59426.618    75.575   -11.34    9.09
 -59050.544    71.000   -12.17    7.66
 -58674.472    70.528    -1.26    7.56
 -58298.402    72.405     4.99    8.92
 -57922.334    78.343    15.79    9.57
 -57546.268    80.179     4.88    9.80
 -57170.204    82.179     5.32    8.06
 -56794.142    82.829     1.73    6.94
 -56418.082    81.838    -2.63    5.73
 -56042.024    79.351    -6.61    6.87
 -55665.967    76.351    -7.98    7.00
 -55289.913    73.475    -7.65    8.63
 -54913.861    69.892    -9.53   10.72
 -54537.811    66.632    -8.67   12.61
 -54161.763    61.474   -13.72   12.90
 -53785.717    57.385   -10.87   11.47
 -53409.673    53.649    -9.93   10.41
 -53033.631    54.500     2.26   10.52
 -52657.590    56.184     4.48   11.96
 -52281.552    59.806     9.63   11.99
 -51905.516    62.973     8.42   10.06
 -51529.481    64.056     2.88    9.93
 -51153.449    65.462     3.74    8.75
 -50777.419    66.051     1.57    9.30
 -50401.390    65.657    -1.05    9.07
 -50025.364    62.462    -8.50    9.25
 -49649.339    60.973    -3.96    8.80
 -49273.317    59.750    -3.25    7.43
 -48897.296    58.154    -4.24    8.21
 -48521.278    56.184    -5.24    8.84
 -48145.261    54.077    -5.60    8.47
 -47769.246    52.816    -3.35    8.00
 -47393.233    51.750    -2.83    7.78
 -47017.223    49.703    -5.44    7.23
 -46641.214    49.475    -0.61    7.65
 -46265.207    49.590     0.31    8.32
 -45889.202    50.889     3.46    9.74
 -45513.199    50.541    -0.93    9.36
 -45137.198    50.243    -0.79    8.77
 -44761.198    51.270     2.73    8.80
 -44385.201    53.538     6.03    9.26
 -44009.206    56.714     8.45    9.60
 -43633.212    62.051    14.19    8.99
 -43257.221    64.868     7.49    9.63
 -42881.231    71.278    17.05   10.23
 -42505.244    75.590    11.47    8.87
 -42129.258    77.132     4.10    8.80
 -41753.274    77.026    -0.28    8.19
 -41377.293    75.730    -3.45    8.17
 -41001.313    73.949    -4.74    9.19
 -40625.335    72.324    -4.32    9.35
 -40249.359    74.256     5.14    9.52
 -39873.385    79.300    13.41    8.14
 -39497.412    81.417     5.63    6.62
 -39121.442    82.000     1.55    5.77
 -38745.474    82.459     1.22    5.68
 -38369.507    82.324    -0.36    7.02
 -37993.543    80.711    -4.29    7.44
 -37617.580    80.194    -1.37    7.60
 -37241.619    73.950   -16.61   10.36
 -36865.660    70.632    -8.83   10.13
 -36489.703    71.351     1.91   10.21
 -36113.748    72.103     2.00    8.41
 -35737.795    75.789     9.81    7.53
 -35361.844    78.632     7.56    6.37
 -34985.894    78.027    -1.61    5.55
 -34609.947    78.487     1.22    5.34
 -34234.001    76.333    -5.73    6.88
 -33858.057    74.641    -4.50    7.31
 -33482.115    74.231    -1.09    7.48
 -33106.175    74.912     1.81    8.16
 -32730.237    76.459     4.12    7.11
 -32354.301    77.595     3.02    6.04
 -31978.367    78.553     2.55    5.80
 -31602.434    78.184    -0.98    6.32
 -31226.504    77.639    -1.45    5.82
 -30850.575    80.250     6.95    6.54
 -30474.453    81.667     3.77    6.12
 -30098.152    82.595     2.47    5.63
 -29721.853    85.447     7.58    4.16
 -29345.556    86.053     1.61    4.58
 -28969.261    86.077     0.06    4.20
 -28592.967    85.108    -2.57    5.12
 -28216.676    83.103    -5.33    6.16
 -27840.386    80.778    -6.18    5.81
 -27464.098    80.410    -0.98    5.62
 -27087.812    79.513    -2.38    5.14
 -26711.528    79.500    -0.03    5.08
 -26335.246    77.051    -6.51    6.48
 -25958.965    76.865    -0.50    6.50
 -25582.687    76.000    -2.30    6.81
 -25206.410    72.947    -8.11    8.42
 -24830.135    71.306    -4.36    8.27
 -24453.862    71.077    -0.61    8.82
 -24077.591    72.718     4.36    9.48
 -23701.322    71.973    -1.98    9.08
 -23325.054    71.538    -1.15    8.05
 -22948.788    70.333    -3.20    6.53
 -22572.525    68.154    -5.79    5.13
 -22196.263    66.676    -3.93    4.60
 -21820.002    65.923    -2.00    4.76
 -21443.744    63.892    -5.40    5.69
 -21067.488    60.605    -8.74    8.96
 -20691.233    57.757    -7.57   10.29
 -20314.980    54.906    -7.58   10.24
 -19938.729    55.513     1.61   11.30
 -19562.480    55.500    -0.03   10.50
 -19186.233    55.556     0.15   10.17
 -18809.987    58.974     9.09   10.06
 -18433.744    63.083    10.92    7.26
 -18057.502    64.359     3.39    5.81
 -17681.262    62.897    -3.88    7.61
 -17305.024    60.324    -6.84    8.22
 -16928.787    58.947    -3.66    8.97
 -16552.553    59.103     0.41    8.61
 -16176.320    57.475    -4.33    8.76
 -15800.089    55.324    -5.72   10.42
 -15423.860    49.564   -15.31   12.80
 -15047.632    41.351   -21.83   12.63
 -14671.407    35.500   -15.55    8.97
 -14295.183    34.162    -3.56    6.90
 -13918.961    38.529    11.61    7.97
 -13542.741    41.359     7.52    7.12
 -13166.522    45.026     9.75    8.44
 -12790.306    47.389     6.28    8.57
 -12414.091    51.000     9.60    9.25
 -12037.878    54.889    10.34    8.95
 -11661.667    57.763     7.64    9.21
 -11285.458    58.256     1.31    9.01
 -10909.250    58.270     0.04    8.81
 -10533.044    57.868    -1.07    8.67
 -10156.840    55.737    -5.67    8.68
  -9780.638    53.450    -6.08    8.28
  -9404.437    54.973     4.05    8.69
  -9028.239    57.050     5.52    8.84
  -8652.042    61.692    12.34    7.50
  -8275.847    63.389     4.51    5.70
  -7899.653    62.973    -1.11    6.80
  -7523.462    63.056     0.22    7.29
  -7147.272    63.395     0.90    6.58
  -6771.084    63.675     0.75    6.80
  -6394.898    63.167    -1.35    6.98
  -6018.713    62.475    -1.84    5.82
  -5642.530    63.459     2.62    5.80
  -5266.349    65.973     6.68    4.99
  -4890.170    65.026    -2.52    6.89
  -4513.993    61.410    -9.61    9.24
  -4137.817    55.105   -16.76    9.22
  -3761.643    52.054    -8.11    8.23
  -3385.471    47.250   -12.77   11.08
  -3009.300    42.222   -13.37   11.18
  -2633.132    38.000   -11.22   10.19
  -2256.965    37.132    -2.31   11.32
  -1880.799    38.639     4.01   11.74
  -1504.636    31.811   -18.15   17.57
  -1128.474    19.838   -31.83   20.64
   -752.314     8.684   -29.65   14.67
   -376.156     1.026   -20.36    3.81
      0.001     0.000    -2.73    0.00
    376.155     2.925     7.78    5.87
    752.308     6.179     8.65    8.38
   1128.460     8.658     6.59    8.88
   1504.609    13.526    12.94    9.37
   1880.757    15.513     5.28    9.61
   2256.903    17.632     5.63    8.87
   2633.048    17.222    -1.09    7.98
   3009.190    16.590    -1.68    8.74
   3385.331    17.806     3.23    9.16
   3761.470    19.300     3.97    8.18
   4137.608    19.872     1.52    8.41
   4513.744    18.088    -4.74    8.10
   4889.878    18.486     1.06    7.24
   5266.010    20.243     4.67    5.71
   5642.141    20.763     1.38    5.06
   6018.270    20.105    -1.75    5.54
   6394.397    19.778    -0.87    5.98
   6770.522    18.179    -4.25    6.35
   7146.646    16.308    -4.98    6.26
   7522.768    14.789    -4.04    5.77
   7898.889    13.000    -4.76    4.80
   8275.008    13.026     0.07    4.69
   8651.125    14.231     3.20    4.76
   9027.240    16.167     5.15    4.76
   9403.353    18.051     5.01    3.79
   9779.465    19.222     3.11    2.99
  10155.576    20.605     3.68    2.35
  10531.684    20.846     0.64    2.30
  10907.791    20.812    -0.09    2.16
  11283.896    20.892     0.21    2.12
  11660.000    20.526    -0.97    2.10
  12036.101    20.054    -1.26    1.97
  12412.202    19.538    -1.37    1.74
  12788.300    19.000    -1.43    1.81
  13164.397    20.718     4.57    3.83
  13540.492    21.692     2.59    4.17
  13916.585    22.179     1.30    3.89
  14292.677    22.081    -0.26    3.66
  14668.767    21.256    -2.19    3.00
  15044.855    19.487    -4.70    3.97
  15420.942    18.306    -3.14    4.79
  15797.027    16.000    -6.13    4.44
  16173.111    13.730    -6.04    1.85
  16549.192    14.459     1.94    2.19
  16925.272    15.718     3.35    2.08
  17301.351    16.156     1.17    1.94
  17677.428    15.744    -1.10    1.80
  18053.503    15.974     0.61    2.18
  18429.576    16.806     2.21    2.78
  18805.648    16.667    -0.37    3.17
  19181.718    15.243    -3.78    4.37
  19557.786    13.410    -4.87    4.04
  19933.853    12.026    -3.68    2.64
  20309.918    12.684     1.75    2.81
  20685.982    13.649     2.56    2.49
  21062.044    14.308     1.75    1.91
  21438.104    14.231    -0.20    1.86
  21814.163    13.750    -1.28    1.42
  22190.220    13.541    -0.56    1.54
  22566.275    13.351    -0.50    1.44
  22942.329    13.459     0.29    1.19
  23318.381    13.865     1.08    1.77
  23694.431    14.353     1.30    2.14
  24070.480    14.897     1.45    2.89
  24446.527    16.154     3.34    3.00
  24822.573    17.472     3.51    3.29
  25198.617    18.077     1.61    3.46
  25574.659    18.459     1.02    3.64
  25950.700    18.526     0.18    3.35
  26326.739    20.026     3.99    4.18
  26702.777    21.103     2.86    3.99
  27078.812    22.243     3.03    4.12
  27454.847    21.763    -1.28    5.28
  27830.879    19.950    -4.82    5.97
  28206.910    16.472    -9.25    5.56
  28582.940    15.079    -3.71    4.73
  28958.967    15.270     0.51    4.38
  29334.994    16.351     2.88    5.06
  29711.018    19.216     7.62    5.77
  30087.041    21.556     6.22    5.76
  30463.063    23.590     5.41    4.74
  30839.082    25.077     3.96    4.36
  31215.101    25.189     0.30    4.58
  31591.117    24.795    -1.05    4.24
  31967.132    22.579    -5.89    6.00
  32343.146    21.179    -3.72    6.32
  32719.158    20.135    -2.78    5.58
  33095.168    21.538     3.73    5.96
  33471.176    24.333     7.43    5.17
  33847.184    26.289     5.20    3.49
  34223.189    25.179    -2.95    3.85
  34599.193    24.257    -2.45    3.88
  34975.195    23.513    -1.98    3.57
  35351.196    26.135     6.97    6.37
  35727.195    29.811     9.78    6.67
  36103.193    34.432    12.29    4.59
  36479.189    36.694     6.02    2.86
  36855.183    37.000     0.81    2.45
  37231.176    37.756     2.01    2.44
  37607.167    37.541    -0.57    2.32
  37983.157    37.333    -0.55    2.17
  38359.145    36.474    -2.29    2.70
  38735.132    35.641    -2.21    2.77
  39111.117    35.351    -0.77    2.94
  39487.101    34.436    -2.43    4.04
  39863.083    34.270    -0.44    4.32
  40239.063    33.784    -1.29    4.86
  40615.042    33.135    -1.73    4.81
  40991.019    33.706     1.52    4.07
  41366.995    33.513    -0.51    4.66
  41742.969    32.667    -2.25    5.85
  42118.942    30.611    -5.47    7.33
  42494.913    27.514    -8.24    7.59
  42870.882    24.444    -8.16    7.57
  43246.850    20.553   -10.35    7.09
  43622.817    18.975    -4.20    5.47
  43998.782    17.730    -3.31    4.59
  44374.745    17.179    -1.46    5.07
  44750.975    18.289     2.95    5.60
  45127.245    18.526     0.63    5.66
  45503.514    18.919     1.04    5.72
  45879.781    20.550     4.33    5.22
  46256.047    22.432     5.00    3.16
  46632.311    23.595     3.09    3.00
  47008.574    24.676     2.87    2.40
  47384.835    23.600    -2.86    4.53
  47761.095    22.000    -4.25    6.26
  48137.353    18.667    -8.86    6.61
  48513.610    16.278    -6.35    6.09
  48889.865    14.816    -3.89    5.27
  49266.118    12.514    -6.12    6.04
  49642.370    10.316    -5.84    6.10
  50018.621    10.675     0.95    7.46
  50394.870    10.946     0.72    8.16
  50771.117    12.158     3.22    8.86
  51147.363    13.947     4.76    8.61
  51523.608    15.897     5.18    7.53
  51899.851    17.189     3.43    6.46
  52276.092    17.025    -0.44    5.14
  52652.332    14.051    -7.90    5.74
  53028.571    11.667    -6.34    5.34
  53404.808    10.378    -3.42    5.74
  53781.043    10.108    -0.72    6.49
  54157.277    10.289     0.48    6.72
  54533.510     9.487    -2.13    7.33
  54909.741     8.857    -1.67    7.23
  55285.970     8.974     0.31    7.01
  55662.198     8.816    -0.42    6.62
  56038.425     8.083    -1.95    6.32
  56414.650     9.462     3.66    7.20
  56790.873    11.105     4.37    7.85
  57167.095    12.949     4.90    7.37
  57543.316    13.447     1.33    7.55
  57919.535    14.154     1.88    7.54
  58295.753    11.595    -6.80    8.02
  58671.969     9.769    -4.85    7.83
  59048.184     9.026    -1.98    7.63
  59424.397    11.639     6.95    9.34
  59800.609    15.027     9.01    9.40
  60176.819    19.784    12.64    5.63
  60553.028    21.405     4.31    2.11
  60929.235    20.211    -3.18    2.70
  61305.441    18.833    -3.66    3.09
  61681.645    23.275    11.81    9.19
  62057.848    27.921    12.35   11.64
  62434.050    34.892    18.53   12.54
  62810.250    42.128    19.24    8.05
  63186.449    44.395     6.02    8.27
  63562.646    45.000     1.61    6.93
  63938.841    46.784     4.74    7.45
  64315.036    48.590     4.80    7.42
  64691.229    51.139     6.78    6.57
  65067.420    53.179     5.42    6.31
  65443.610    55.100     5.11    8.79
  65819.798    55.471     0.99    9.16
  66195.985    52.730    -7.29   10.38
  66572.171    47.162   -14.80   11.36
  66948.355    45.324    -4.89   10.43
  67324.538    44.865    -1.22   10.66
  67700.719    49.528    12.40   14.55
  68076.899    52.564     8.07   14.01
  68453.077    56.590    10.70   11.52
  68829.254    60.541    10.50    8.97
  69205.430    61.289     1.99    8.22
  69581.604    62.316     2.73    7.27
  69957.777    63.256     2.50    6.29
  70333.948    64.757     3.99    5.44
  70710.118    67.077     6.17    5.14
  71086.286    71.111    10.72    5.82
  71462.453    74.487     8.97    6.02
  71838.619    76.487     5.32    4.95
  72214.783    77.188     1.86    3.57
  72590.946    74.949    -5.95    3.97
  72967.107    73.973    -2.59    4.04
  73343.267    73.973     0.00    4.64
  73719.426    74.351     1.01    4.97
  74095.583    73.778    -1.52    5.34
  74471.739    71.368    -6.41    6.24
  74847.893    70.513    -2.27    6.26
  75224.046    70.162    -0.93    6.05
  75600.197    70.308     0.39    6.16
  75976.348    70.795     1.30    6.65
  76352.496    67.667    -8.32    7.90
  76728.644    64.811    -7.59    7.68
  77104.790    64.128    -1.81    8.29
  77480.934    64.541     1.10    8.54
  77857.077    64.789     0.66    9.38
  78233.219    66.811     5.37    9.40
  78609.360    67.219     1.08    9.16
  78985.499    66.564    -1.74    8.51
  79361.636    67.053     1.30    7.78
  79737.773    68.861     4.81    5.94
  80113.908    69.897     2.76    5.56
  80490.041    70.000     0.27    5.52
  80866.173    65.205   -12.75    9.75
  81242.304    61.923    -8.73   10.15
  81618.433    61.514    -1.09    9.58
  81994.561    66.158    12.35    9.90
  82370.688    72.821    17.71    6.05
  82746.813    76.231     9.07    4.83
  83122.937    79.432     8.51    4.39
  83499.060    81.103     4.44    4.54
  83875.181    82.184     2.88    4.18
  84251.301    83.056     2.32    4.40
  84627.419    84.405     3.59    4.27
  85003.537    84.111    -0.78    4.06
  85379.652    84.897     2.09    4.18
  85755.767    84.590    -0.82    4.17
  86131.880    83.389    -3.19    6.09
  86507.992    83.718     0.87    6.36
  86884.102    82.833    -2.35    6.83
  87260.211    82.447    -1.03    8.65
  87636.319    82.179    -0.71    8.74
  88012.425    81.053    -3.00    8.29
  88388.530    80.105    -2.52    7.06
  88764.634    80.333     0.61    5.76
  89140.736    80.175    -0.42    5.61
  89516.837    79.568    -1.62    5.10
  89892.937    79.850     0.75    4.90
  90269.035    82.079     5.93    5.25
  90645.132    83.194     2.97    4.53
  91021.228    83.108    -0.23    4.09
  91397.322    84.000     2.37    4.15
  91773.415    84.000     0.00    4.15
  92149.507    85.400     3.72    4.01
  92525.597    87.111     4.55    2.67
  92901.686    87.375     0.70    2.23
  93277.774    87.000    -1.00    2.55
  93653.860    86.737    -0.70    2.58
  94029.945    87.158     1.12    2.72
  94406.029    86.513    -1.72    3.32
  94782.111    85.605    -2.41    4.22
  95158.193    83.639    -5.23    4.85
  95534.272    82.077    -4.15    4.65
  95910.351    82.556     1.27    5.23
  96286.428    83.154     1.59    5.48
  96662.504    84.897     4.64    5.23
  97038.579    84.583    -0.84    5.63
  97414.652    82.081    -6.65    6.24
  97790.724    79.444    -7.01    4.81
  98166.795    78.079    -3.63    4.19
  98542.864    76.359    -4.57    4.04
  98918.932    75.649    -1.89    4.28
  99294.999    75.250    -1.06    4.54
  99671.065    75.359     0.29    5.25
 100047.129    76.737     3.66    4.61
 100423.192    77.054     0.84    3.97
 100799.254    75.051    -5.33    5.54
 101175.314    71.684    -8.95    5.90
 101551.373    70.111    -4.18    6.05
 101927.431    71.333     3.25    6.78
 102303.488    73.611     6.06    6.57
 102679.543    75.410     4.78    5.40
 103055.597    74.795    -1.64    5.13
 103431.650    73.000    -4.77    5.31
 103807.701    69.973    -8.05    6.91
 104183.751    64.946   -13.37    7.71
 104559.800    63.000    -5.17    7.43
 104935.848    62.872    -0.34    7.21
 105311.894    66.054     8.46    7.62
 105687.940    71.205    13.70    6.52
 106063.984    73.282     5.52    6.52
 106440.026    74.564     3.41    6.29
 106816.067    75.541     2.60    4.38
 107192.108    72.487    -8.12    6.26
 107568.146    71.316    -3.12    6.26
 107944.184    70.389    -2.46    5.54
 108320.220    71.486     2.92    6.44
 108696.255    73.541     5.46    6.87
 109072.289    74.289     1.99    6.46
 109448.322    73.564    -1.93    6.04
 109824.353    73.156    -1.08    5.43
 110200.383    74.105     2.52    5.36
 110576.412    75.189     2.88    4.82
 110952.440    74.889    -0.80    4.72
 111328.466    75.769     2.34    5.02
 111704.491    77.351     4.21    5.09
 112080.515    78.436     2.88    4.14
 112456.538    79.308     2.32    3.37
 112832.560    79.947     1.70    3.91
 113208.580    80.105     0.42    4.11
 113584.599    80.000    -0.28    5.01
 113960.617    79.026    -2.59    5.50
 114336.633    75.750    -8.71    5.73
 114712.648    74.027    -4.58    5.40
 115088.663    71.757    -6.04    5.45
 115464.676    69.189    -6.83    5.38
 115840.687    67.684    -4.00    5.72
 116216.698    65.441    -5.97    5.38
 116592.707    65.600     0.42    6.59
 116968.715    68.026     6.45    8.25
 117344.722    69.528     3.99    8.99
 117720.727    69.590     0.16    8.25
 118096.732    67.541    -5.45    9.80
 118472.735    64.000    -9.42   10.18
 118848.737    61.316    -7.14    9.32
 119224.738    60.949    -0.98    8.50
 119600.788    60.135    -2.16    8.33
 119977.032    60.763     1.67    8.80
 120353.275    61.350     1.56    9.91
 120729.517    61.143    -0.55   10.60
 121105.757    62.297     3.07   10.89
 121481.996    65.162     7.61   10.32
 121858.234    65.108    -0.14    9.71
 122234.471    59.730   -14.30   14.18
 122610.706    52.417   -19.44   14.73
 122986.941    47.750   -12.40   12.39
 123363.174    48.447     1.85   11.61
 123739.406    54.162    15.19   12.78
 124115.637    61.308    18.99   11.03
 124491.866    67.079    15.34    7.42
 124868.095    68.395     3.50    6.37
 125244.322    70.378     5.27    6.02
 125620.548    71.590     3.22    5.40
 125996.773    70.528    -2.82    6.03
 126372.997    70.105    -1.12    7.28
 126749.220    69.538    -1.51    7.10
 127125.441    69.333    -0.55    7.61
 127501.661    71.538     5.86    7.20
 127877.880    73.108     4.17    6.36
 128254.098    73.730     1.65    5.96
 128630.315    74.973     3.30    5.05
 129006.531    76.000     2.73    3.96
 129382.745    77.026     2.73    4.72
 129758.959    78.725     4.52    6.26
 130135.171    78.324    -1.07    6.17
 130511.382    78.128    -0.52    6.96
 130887.592    77.282    -2.25    7.73
 131263.800    77.051    -0.61    7.75
 131640.008    77.553     1.33    7.84
 132016.214    77.205    -0.92    8.05
 132392.419    73.405   -10.10    9.88
 132768.624    68.703   -12.50   11.78
 133144.827    66.514    -5.82   10.84
 133521.028    64.471    -5.43   11.74
 133897.229    65.821     3.59   11.77
 134273.429    70.538    12.54   10.91
 134649.627    71.543     2.67   10.25
 135025.824    75.595    10.77   11.82
 135402.020    81.528    15.77   10.45
 135778.216    83.895     6.29    9.92
 136154.409    88.000    10.91    8.42
 136530.602    88.243     0.65    8.03
 136906.794    88.079    -0.44    8.69
 137282.984    88.816     1.96    9.16
 137659.174    87.079    -4.62    8.67
 138035.362    86.946    -0.35    8.12
 138411.549    89.475     6.72    6.86
 138787.735    90.342     2.30    5.87
 139163.920    91.243     2.40    5.27
 139540.104    89.649    -4.24    6.42
 139916.287    88.343    -3.47    7.87
 140292.468    85.744    -6.91    8.67
 140668.649    82.026    -9.88    8.65
 141044.828    80.750    -3.39    8.92
 141421.007    77.026    -9.90    8.89
 141797.184    74.378    -7.04    9.29
 142173.360    74.361    -0.05    9.11
 142549.535    75.275     2.43    8.83
 142925.709    78.027     7.32    8.39
 143301.882    78.500     1.26    7.98
 143678.053    76.526    -5.25    8.51
 144054.224    71.100   -14.42   10.45
 144430.393    63.919   -19.09    8.60
 144806.562    59.850   -10.82    6.65
 145182.729    55.821   -10.71    6.61
 145558.895    53.222    -6.91    5.86
 145935.061    51.270    -5.19    4.68
 146311.225    50.000    -3.38    3.61
 146687.388    49.184    -2.17    2.76
 147063.550    45.718    -9.21    6.89
 147439.711    42.806    -7.74    7.75
 147815.870    37.538   -14.00    8.71
 148192.029    33.211   -11.51    6.55
 148568.187    31.528    -4.47    5.63
 148944.343    30.667    -2.29    6.56
 149320.499    27.949    -7.23    7.74
 149696.653    28.500     1.47    6.41
 150072.806    29.405     2.41    6.44
 150448.959    31.974     6.83    6.12
 150825.110    37.000    13.36    6.81
 151201.260    41.795    12.75    8.36
 151577.409    45.950    11.05    8.19
 151953.557    52.229    16.69    8.62
 152329.704    56.973    12.61    8.53
 152705.850    62.081    13.58    6.79
 153081.995    65.838     9.99    4.49
 153458.139    67.816     5.26    4.49
 153834.282    68.000     0.49    5.41
 154210.424    72.350    11.56    6.27
 154586.564    74.795     6.50    7.06
 154962.704    75.622     2.20    8.25
 155338.843    75.154    -1.24   10.16
 155714.980    73.368    -4.75    9.96
 156091.117    72.237    -3.01    8.14
 156467.252    73.973     4.62    8.01
 156843.387    76.436     6.55    9.11
 157219.520    81.028    12.21   10.08
 157595.653    86.821    15.40    8.66
 157971.784    88.282     3.89    8.12
 158347.914    87.125    -3.08    7.25
 158724.044    86.351    -2.06    7.75
 159100.172    85.676    -1.80    7.44
 159476.299    87.703     5.39    7.72
 159852.426    90.237     6.74    8.24
 160228.551    90.297     0.16    8.86
 160604.675    90.333     0.10    9.54
 160980.798    91.282     2.52   10.03
 161356.920    94.526     8.63    8.85
 161733.042    94.947     1.12    9.36
 162109.162    92.974    -5.25    8.95
 162485.281    90.744    -5.93    8.20
 162861.399    86.622   -10.96    6.63
 163237.516    86.308    -0.83    6.40
 163613.632    89.243     7.80    8.25
 163989.748    90.816     4.18    9.07
 164365.862    92.839     5.38    9.15
