# NaN NaN NaN ;Mean Elev.(m), Avg Gradient(m/km), RMS Gradient(m/km) - SRTM1     
#   -0.824  -3.348  12.605 ;Mean Elev.(m), Avg Gradient(m/km), RMS Gradient(m/km) - ASTER GDEM
#    1.153  -3.375  13.302 ;Mean Elev.(m), Avg Gradient(m/km), RMS Gradient(m/km) - GMTED2010 
  7 306.574029  -1.834618     5.662     5.610 27 52466.56438000 17.250
  8 306.573726  -1.834711     5.233     5.130 26 52501.56437287 22.760
  9 306.572845  -1.834677     4.971     4.940 27 52536.56435926 22.185
 10 306.572175  -1.836383     3.410     3.352 26 52571.56439530 18.277
 11 306.576425  -1.833977     3.155     3.085 27 52606.56435769 14.473
 12 306.572576  -1.835062     4.375     4.330 27 52641.56435258 20.247
 13 306.576078  -1.834691     4.364     4.289 27 52676.56434090 22.591
 14 306.572497  -1.835468     3.982     4.628 26 52711.56436911 21.709
 15 306.565057  -1.838501     5.532     5.632 26 52746.56439701 21.953
 16 306.572319  -1.835195     4.488     5.336 26 52781.56433434 22.451
 17 306.570931  -1.836722     5.146     5.594 26 52816.56441501 26.010
 18 306.574875  -1.834840     5.041     5.343 26 52851.56446562 22.516
 19 306.570247  -1.835447     4.843     4.844 26 52886.56450028 17.890
 20 306.574318  -1.835238     4.253     4.200 26 52921.56445565 17.356
 21 306.580392  -1.832156     3.256     3.052 26 52956.56441990 15.005
 22 306.580215  -1.831910     3.421     3.310 27 52991.56443847 15.595
 23 306.583454  -1.830468     4.326     4.371 27 53026.56440402 27.833
 24 306.582446  -1.830865     4.600     4.796 27 53061.56441378 35.167
 25 306.567729  -1.837928     4.632     5.057 26 53096.56444184 23.894
 26 306.583188  -1.832109     5.113     5.815 27 53131.56441288 30.037
 28 306.573383  -1.835593     5.274     5.195 26 53201.56449069 20.567
 29 306.582663  -1.831484     4.607     4.811 27 53236.56445886 27.592
 30 306.576579  -1.834116     4.133     4.045 27 53271.56441793 17.911
 31 306.567671  -1.836942     3.884     3.837 26 53306.56448301 14.766
 32 306.574045  -1.834245     1.302     2.210 27 53341.56444986 19.598
 33 306.577449  -1.833439     3.698     3.817 27 53376.56438164 18.726
 34 306.578267  -1.833720     4.402     4.534 27 53411.56442481 23.214
 35 306.573687  -1.835422     5.361     5.458 27 53446.56440793 30.854
 36 306.566843  -1.838517     4.987     5.545 26 53481.56449381 26.896
 37 306.575364  -1.833440     4.924     5.452 26 53516.56449562 23.607
 38 306.567957  -1.836912     5.579     5.594 26 53551.56451725 21.793
 39 306.577949  -1.833932     4.956     5.018 27 53586.56447209 22.663
 40 306.567169  -1.838068     2.763     2.957 26 53621.56443633 22.397
 41 306.572663  -1.835133     2.158     2.373 27 53656.56446408 14.992
 42 306.572621  -1.834749     2.623     3.121 27 53691.56445171 14.894
 43 306.577488  -1.834193     3.179     3.194 27 53726.56437513 20.029
 44 306.582625  -1.831122     3.375     3.029 26 53761.56432560 22.736
 45 306.578683  -1.833648     4.470     4.415 27 53796.56433998 27.860
 47 306.572109  -1.834831     5.789     5.719 26 53866.56439798 23.783
 48 306.573738  -1.834409     5.321     5.522 26 53901.56442668 24.251
 49 306.563805  -1.837224     5.314     5.489 26 53936.56446696 19.666
 50 306.570424  -1.835041     4.868     4.953 26 53971.56443261 18.058
 51 306.576774  -1.834410     2.676     2.882 27 54006.56441421 20.925
 52 306.579247  -1.832143     3.133     3.010 27 54041.56444127 15.888
 53 306.575093  -1.834815     3.690     3.697 26 54076.56443607 17.874
 54 306.574188  -1.834725     2.754     3.099 26 54111.56437671 20.320
 55 306.574436  -1.833715     3.332     3.480 26 54146.56437712 20.451
 56 306.574429  -1.834305     4.542     5.020 26 54181.56436407 22.069
 57 306.573633  -1.834344     5.454     5.523 27 54216.56438505 28.039
 58 306.573805  -1.835099     5.815     5.859 26 54251.56441150 24.673
 59 306.576377  -1.834037     5.587     5.552 26 54286.56441740 24.196
 60 306.576391  -1.834191     5.294     5.324 26 54321.56441430 21.821
 61 306.576433  -1.833762     4.441     4.406 27 54356.56437417 19.232
 62 306.575750  -1.833773     2.595     2.558 26 54391.56435506 17.815
 63 306.576059  -1.833300     3.100     3.281 26 54426.56432450 14.978
 64 306.575721  -1.834442     3.595     3.754 27 54461.56433225 20.808
 65 306.576237  -1.834088     4.864     4.826 26 54496.56433190 24.658
 66 306.576896  -1.834098     4.647     5.147 26 54531.56434516 21.331
 67 306.575609  -1.834251     5.174     5.668 27 54566.56433690 28.837
 68 306.574802  -1.833817     6.132     6.518 26 54601.56434034 29.304
 69 306.573601  -1.834474     5.754     6.011 27 54636.56435253 25.704
 70 306.573786  -1.835256     5.704     5.671 27 54671.56435602 31.252
 71 306.577121  -1.833285     4.898     4.914 27 54706.56431604 20.304
 72 306.574965  -1.834633     2.886     3.199 26 54741.56432074 22.090
 73 306.576590  -1.834296     2.820     2.739 27 54776.56429798 18.044
 74 306.574822  -1.834967     3.835     3.813 26 54811.56431385 19.362
 75 306.575014  -1.834999     3.508     3.909 26 54846.56429796 20.227
 76 306.573621  -1.834298     4.450     4.783 26 54881.56431760 23.277
 77 306.572670  -1.836229     5.090     4.587 26 54916.56430115 24.529
 78 306.573778  -1.834429     5.387     4.980 27 54951.56431016 25.710
 79 306.572345  -1.834806     6.676     6.668 26 54986.56433534 24.119
 80 306.576672  -1.833926     5.946     6.207 27 55021.56432778 28.239
 81 306.575825  -1.834578     5.650     5.698 27 55056.56432431 29.644
 82 306.574515  -1.834803     5.103     5.070 26 55091.56428214 17.788
 83 306.575246  -1.834506     3.305     3.270 27 55126.56426426 22.516
 84 306.574621  -1.834623     2.850     2.710 26 55161.56424334 14.818
 85 306.574626  -1.833945     3.953     3.932 26 55196.56425464 18.741
 86 306.574127  -1.834409     4.303     4.331 27 55231.56424717 20.330
 87 306.575569  -1.833444     4.578     4.794 26 55266.56424939 22.485
 88 306.576507  -1.833809     5.659     5.658 26 55301.56422715 22.095
 89 306.574622  -1.834413     5.823     5.809 26 55336.56422470 22.667
 90 306.575990  -1.834387     5.925     5.906 26 55371.56421485 22.132
 91 306.576509  -1.834415     5.555     5.544 27 55406.56423385 30.709
 92 306.576003  -1.834143     4.246     4.214 27 55441.56423357 20.191
 93 306.576557  -1.833910     3.389     3.407 26 55476.56417615 18.146
