-158343.952    39.153     0.00    3.50
-157967.816    39.406     0.67    3.63
-157591.679    40.460     2.80    3.53
-157215.542    41.127     1.77    3.48
-156839.405    40.281    -2.25    4.35
-156463.267    40.013    -0.71    4.68
-156087.129    39.731    -0.75    4.62
-155710.990    40.244     1.37    4.18
-155334.850    40.905     1.76    2.82
-154958.710    39.614    -3.43    3.65
-154582.570    39.127    -1.30    3.53
-154206.429    38.704    -1.13    3.05
-153830.287    39.785     2.88    3.72
-153454.145    41.592     4.80    4.07
-153078.003    43.750     5.74    3.65
-152701.860    45.055     3.47    2.78
-152325.716    45.332     0.74    2.33
-151949.572    42.542    -7.42    6.85
-151573.428    37.627   -13.07    9.57
-151197.282    31.882   -15.27    9.19
-150821.137    31.127    -2.01    8.69
-150444.991    33.743     6.95    9.81
-150068.844    39.563    15.47    8.25
-149692.697    41.902     6.22    5.93
-149316.549    42.650     1.99    5.74
-148940.401    43.596     2.51    5.15
-148564.252    44.569     2.59    3.95
-148188.102    44.935     0.98    3.80
-147811.952    44.028    -2.41    4.33
-147435.802    42.666    -3.62    4.16
-147059.651    41.281    -3.68    3.45
-146683.499    40.025    -3.34    3.55
-146307.347    39.109    -2.43    2.94
-145931.194    38.076    -2.75    2.39
-145555.041    39.250     3.12    3.32
-145178.888    40.877     4.33    3.63
-144802.733    42.515     4.35    3.31
-144426.578    42.947     1.15    2.48
-144050.423    42.382    -1.50    2.38
-143674.267    42.102    -0.74    2.71
-143298.110    43.054     2.53    3.12
-142921.953    44.039     2.62    2.90
-142545.795    44.325     0.76    2.65
-142169.637    44.238    -0.23    2.24
-141793.478    43.871    -0.98    2.09
-141417.319    43.271    -1.59    2.63
-141041.159    43.460     0.50    2.71
-140664.999    42.948    -1.36    3.58
-140288.837    42.434    -1.37    4.12
-139912.676    40.109    -6.18    5.95
-139536.514    38.076    -5.41    6.24
-139160.351    39.050     2.59    6.37
-138784.187    40.572     4.04    6.48
-138408.023    42.758     5.81    4.20
-138031.859    43.785     2.73    3.18
-137655.693    44.190     1.08    2.72
-137279.528    44.145    -0.12    2.66
-136903.361    44.225     0.21    3.10
-136527.194    43.635    -1.57    3.92
-136151.027    45.434     4.78    4.70
-135774.859    47.016     4.21    3.69
-135398.690    47.614     1.59    3.20
-135022.521    47.866     0.67    2.66
-134646.401    45.671    -5.84    4.89
-134270.350    44.197    -3.92    4.98
-133894.298    42.666    -4.07    4.52
-133518.245    41.731    -2.49    3.13
-133142.192    40.987    -1.98    3.40
-132766.139    38.260    -7.25    5.75
-132390.084    32.603   -15.04    8.50
-132014.030    28.217   -11.66    8.95
-131637.974    23.271   -13.15    7.91
-131261.918    20.704    -6.83    7.88
-130885.861    17.028    -9.77    6.59
-130509.804    14.155    -7.64    4.88
-130133.746    12.760    -3.71    4.12
-129757.687    13.987     3.26    3.56
-129381.628    13.920    -0.18    3.56
-129005.568    12.922    -2.65    3.60
-128629.508    11.829    -2.91    3.15
-128253.447    11.768    -0.16    3.37
-127877.385    12.677     2.42    3.34
-127501.322    13.332     1.74    3.26
-127125.259    13.127    -0.55    3.20
-126749.196    13.408     0.75    3.83
-126373.132    18.230    12.82    8.96
-125997.067    24.585    16.90   12.12
-125621.001    31.666    18.83   10.89
-125244.935    37.379    15.19    4.67
-124868.868    38.933     4.13    3.43
-124492.801    38.055    -2.33    3.54
-124116.732    38.072     0.04    3.75
-123740.664    36.460    -4.28    6.03
-123364.594    35.460    -2.66    6.96
-122988.524    36.082     1.65    6.93
-122612.453    36.230     0.39    6.33
-122236.382    37.076     2.25    6.65
-121860.310    38.255     3.14    5.91
-121484.237    39.329     2.85    4.73
-121108.164    39.999     1.78    4.73
-120732.090    39.866    -0.35    3.93
-120356.015    40.379     1.37    3.98
-119979.940    40.163    -0.57    3.73
-119603.864    40.179     0.04    3.37
-119227.787    39.127    -2.80    3.85
-118851.710    37.487    -4.36    3.64
-118475.632    37.099    -1.03    3.55
-118099.553    35.839    -3.35    3.59
-117723.474    35.460    -1.01    3.30
-117347.394    36.724     3.36    3.80
-116971.313    37.640     2.44    3.86
-116595.232    38.974     3.55    3.52
-116219.150    39.039     0.17    3.64
-115843.067    38.178    -2.29    4.12
-115466.983    37.908    -0.72    4.02
-115090.899    38.947     2.76    4.10
-114714.814    40.135     3.16    3.71
-114338.729    41.001     2.30    2.66
-113962.643    40.623    -1.01    2.78
-113586.556    40.379    -0.65    2.49
-113210.468    40.403     0.06    2.46
-112834.380    40.460     0.15    2.55
-112458.291    40.640     0.48    2.87
-112082.201    38.433    -5.87    5.94
-111706.111    37.512    -2.45    6.37
-111330.020    36.238    -3.39    6.11
-110953.928    37.488     3.32    5.98
-110577.835    40.204     7.22    2.27
-110201.742    39.974    -0.61    3.20
-109825.648    39.355    -1.65    3.26
-109449.554    38.671    -1.82    3.77
-109073.458    37.085    -4.22    4.02
-108697.362    36.217    -2.31    3.29
-108321.266    35.485    -1.95    2.98
-107945.168    36.512     2.73    3.12
-107569.070    37.877     3.63    3.66
-107192.971    39.433     4.14    4.44
-106816.871    39.812     1.01    4.77
-106440.771    40.645     2.21    5.01
-106064.670    41.335     1.84    4.69
-105688.568    42.933     4.25    3.73
-105312.465    43.810     2.33    2.21
-104936.362    42.382    -3.80    3.32
-104560.258    42.355    -0.07    3.94
-104184.153    42.250    -0.28    4.15
-103808.048    41.614    -1.69    4.41
-103431.941    41.776     0.43    4.31
-103055.834    39.988    -4.75    4.98
-102679.727    37.076    -7.74    4.74
-102303.618    35.377    -4.52    3.97
-101927.509    34.310    -2.84    2.74
-101551.399    34.614     0.81    2.87
-101175.288    35.289     1.79    3.33
-100799.177    34.569    -1.92    3.63
-100423.064    34.028    -1.44    4.36
-100046.951    32.355    -4.45    5.00
 -99670.838    30.127    -5.92    4.56
 -99294.723    29.325    -2.13    4.00
 -98918.608    30.910     4.21    5.00
 -98542.492    31.512     1.60    5.23
 -98166.375    31.460    -0.14    5.41
 -97790.258    32.758     3.45    6.18
 -97414.139    33.717     2.55    6.18
 -97038.020    36.102     6.34    5.32
 -96661.900    38.405     6.12    4.11
 -96285.780    39.666     3.35    4.72
 -95909.658    40.016     0.93    4.15
 -95533.536    40.250     0.62    3.85
 -95157.413    37.871    -6.33    4.97
 -94781.290    35.367    -6.66    4.25
 -94405.165    32.947    -6.43    3.66
 -94029.040    30.355    -6.89    3.85
 -93652.914    28.785    -4.18    4.85
 -93276.787    26.743    -5.43    5.67
 -92900.659    26.082    -1.76    6.19
 -92524.531    25.409    -1.79    7.27
 -92148.402    24.871    -1.43    7.65
 -91772.272    27.076     5.86    6.12
 -91396.141    26.704    -0.99    5.89
 -91020.009    27.384     1.81    4.74
 -90643.877    24.666    -7.23    6.55
 -90267.744    21.683    -7.93    8.08
 -89891.610    16.298   -14.31    7.88
 -89515.475     9.785   -17.32    4.66
 -89139.339     6.460    -8.84    4.55
 -88763.203     5.025    -3.82    4.02
 -88387.066     4.835    -0.50    3.08
 -88010.928     5.845     2.68    2.78
 -87634.789     6.896     2.79    2.75
 -87258.649     7.072     0.47    3.37
 -86882.509     6.999    -0.19    3.27
 -86506.368     7.244     0.65    3.03
 -86130.226     7.358     0.30    2.72
 -85754.083     7.987     1.67    3.77
 -85377.939     6.960    -2.73    5.60
 -85001.794     7.325     0.97    5.75
 -84625.649     6.281    -2.78    5.84
 -84249.503     5.409    -2.32    4.90
 -83873.356     2.822    -6.88    5.15
 -83497.208     0.136    -7.14    5.22
 -83121.059    -2.918    -8.12    3.25
 -82744.910    -4.053    -3.02    1.64
 -82368.760    -4.485    -1.15    0.33
 -81992.609    -4.540    -0.14    0.00
 -81616.457    -4.540     0.00    0.00
 -81240.304    -3.898     1.70    1.77
 -80864.150    -2.317     4.20    3.96
 -80487.996     0.153     6.57    4.82
 -80111.840     3.190     8.07    4.68
 -79735.684     6.513     8.83    4.36
 -79359.527     9.618     8.26    4.00
 -78983.369    12.127     6.67    3.72
 -78607.210    14.244     5.63    3.24
 -78231.051    15.039     2.11    3.67
 -77854.890    14.610    -1.14    4.87
 -77478.729    14.016    -1.58    5.07
 -77102.567    12.303    -4.56    6.17
 -76726.404    10.217    -5.54    7.43
 -76350.240     9.866    -0.93    7.17
 -75974.075    10.136     0.72    6.95
 -75597.910     8.766    -3.64    7.24
 -75221.743     7.717    -2.79    7.51
 -74845.576     4.935    -7.39    7.80
 -74469.407     1.377    -9.46    5.79
 -74093.238    -1.232    -6.94    1.92
 -73717.068    -1.540    -0.82    0.00
 -73340.898     0.691     5.93    7.89
 -72964.726     6.276    14.85   13.48
 -72588.553    13.076    18.08   15.46
 -72212.380    20.766    20.44   14.41
 -71836.206    26.839    16.14    9.24
 -71460.030    30.178     8.88    3.04
 -71083.854    30.946     2.04    2.77
 -70707.677    31.230     0.75    2.62
 -70331.499    32.230     2.66    1.99
 -69955.321    31.877    -0.94    2.18
 -69579.141    31.028    -2.26    2.39
 -69202.960    29.877    -3.06    3.07
 -68826.779    27.592    -6.07    4.63
 -68450.597    25.560    -5.40    5.13
 -68074.413    24.974    -1.56    5.22
 -67698.229    26.384     3.75    4.89
 -67322.044    27.618     3.28    3.65
 -66945.858    28.382     2.03    2.70
 -66569.672    28.920     1.43    3.01
 -66193.484    28.585    -0.89    3.57
 -65817.295    29.408     2.19    3.13
 -65441.106    28.974    -1.15    3.59
 -65064.915    28.379    -1.58    2.83
 -64688.724    27.289    -2.90    2.43
 -64312.531    26.973    -0.84    2.30
 -63936.338    26.768    -0.55    2.15
 -63560.144    26.975     0.55    2.06
 -63183.949    26.947    -0.07    2.08
 -62807.753    27.244     0.79    1.84
 -62431.556    27.244     0.00    2.16
 -62055.358    24.810    -6.47    6.27
 -61679.160    20.866   -10.49    8.52
 -61302.960    17.487    -8.98    8.58
 -60926.759    16.382    -2.94    7.59
 -60550.558    19.768     9.00    7.75
 -60174.355    23.623    10.25    5.67
 -59798.152    25.235     4.29    4.66
 -59422.102    26.118     2.35    4.51
 -59046.094    26.183     0.17    4.00
 -58670.084    26.650     1.24    3.24
 -58294.074    26.988     0.90    2.21
 -57918.062    27.460     1.26    1.70
 -57542.050    27.512     0.14    1.62
 -57166.036    27.375    -0.36    1.87
 -56790.022    27.332    -0.11    2.04
 -56414.006    26.515    -2.17    2.76
 -56037.990    25.405    -2.95    3.73
 -55661.973    25.050    -0.94    3.99
 -55285.955    25.382     0.88    3.81
 -54909.936    25.640     0.69    3.55
 -54533.916    27.039     3.72    2.24
 -54157.895    27.102     0.17    2.19
 -53781.873    26.349    -2.00    1.88
 -53405.850    26.360     0.03    1.96
 -53029.826    25.922    -1.17    2.34
 -52653.801    26.405     1.28    2.34
 -52277.775    26.947     1.44    2.45
 -51901.748    27.704     2.01    2.36
 -51525.720    28.596     2.37    2.39
 -51149.692    28.618     0.06    2.49
 -50773.662    29.488     2.31    2.54
 -50397.631    31.102     4.29    2.51
 -50021.599    31.539     1.16    2.28
 -49645.567    32.569     2.74    2.39
 -49269.533    32.819     0.67    2.32
 -48893.499    32.855     0.10    2.46
 -48517.463    32.803    -0.14    2.26
 -48141.426    31.731    -2.85    2.28
 -47765.389    32.050     0.85    2.55
 -47389.350    31.849    -0.53    2.72
 -47013.311    31.666    -0.49    2.71
 -46637.270    31.871     0.55    2.59
 -46261.228    31.918     0.12    2.39
 -45885.186    32.460     1.44    2.08
 -45509.142    33.136     1.80    1.83
 -45133.098    32.244    -2.37    3.58
 -44757.052    28.947    -8.77    6.49
 -44381.006    27.794    -3.07    7.03
 -44004.958    27.691    -0.27    7.45
 -43628.910    26.973    -1.91    7.99
 -43252.860    27.731     2.01    7.34
 -42876.810    28.566     2.22    7.50
 -42500.758    29.066     1.33    7.49
 -42124.705    31.922     7.60    5.78
 -41748.652    33.947     5.38    3.62
 -41372.597    34.307     0.96    2.78
 -40996.541    34.127    -0.48    2.72
 -40620.485    34.178     0.14    2.20
 -40244.427    33.486    -1.84    1.93
 -39868.368    33.179    -0.82    1.95
 -39492.309    32.276    -2.40    2.50
 -39116.248    30.785    -3.97    5.11
 -38740.186    27.704    -8.19    6.79
 -38364.123    24.671    -8.06    7.76
 -37988.059    22.379    -6.09    8.07
 -37611.995    20.384    -5.31    7.97
 -37235.929    18.204    -5.80    7.24
 -36859.862    15.758    -6.50    4.71
 -36483.794    15.435    -0.86    4.55
 -36107.725    14.896    -1.43    2.68
 -35731.655    14.896     0.00    2.47
 -35355.584    14.947     0.13    2.14
 -34979.511    14.948     0.00    2.08
 -34603.438    15.758     2.15    2.95
 -34227.364    16.731     2.59    3.28
 -33851.289    17.569     2.23    5.68
 -33475.212    16.554    -2.70    6.45
 -33099.135    15.794    -2.02    6.03
 -32723.056    14.743    -2.80    5.50
 -32346.977    14.349    -1.05    4.23
 -31970.896    13.486    -2.30    2.39
 -31594.815    12.933    -1.47    2.17
 -31218.732    12.460    -1.26    1.76
 -30842.648    12.118    -0.91    1.34
 -30466.563    12.947     2.20    1.98
 -30090.478    13.460     1.37    2.20
 -29714.391    13.922     1.23    2.70
 -29338.303    12.436    -3.95    4.52
 -28962.213    10.349    -5.55    5.30
 -28586.123     8.329    -5.37    4.69
 -28210.032     6.908    -3.78    4.58
 -27833.940     6.379    -1.41    4.34
 -27457.846     6.109    -0.72    4.66
 -27081.752     5.518    -1.57    4.63
 -26705.656     5.614     0.26    4.37
 -26329.560     5.973     0.95    4.08
 -25953.462     6.044     0.19    3.34
 -25577.363     7.589     4.11    2.98
 -25201.263     9.044     3.87    2.14
 -24825.162     9.987     2.51    1.98
 -24449.060    11.153     3.10    2.07
 -24072.957    12.250     2.92    1.85
 -23696.853    13.136     2.36    1.84
 -23320.747    13.934     2.12    1.57
 -22944.641    14.810     2.33    1.78
 -22568.533    15.298     1.30    1.55
 -22192.424    15.717     1.11    1.50
 -21816.315    15.731     0.04    1.68
 -21440.204    15.298    -1.15    1.80
 -21064.092    14.839    -1.22    1.59
 -20687.979    14.775    -0.17    1.32
 -20311.865    15.204     1.14    1.94
 -19935.749    15.910     1.88    2.16
 -19559.633    16.516     1.61    1.79
 -19183.515    16.535     0.05    2.35
 -18807.397    16.145    -1.04    3.08
 -18431.277    15.178    -2.57    3.25
 -18055.156    14.515    -1.77    3.35
 -17679.034    13.645    -2.31    2.98
 -17302.911    12.960    -1.82    2.05
 -16926.786    13.379     1.11    1.89
 -16550.661    13.750     0.99    1.74
 -16174.534    14.318     1.51    1.80
 -15798.407    14.666     0.93    1.88
 -15422.278    14.896     0.61    2.30
 -15046.148    15.839     2.51    3.34
 -14670.017    17.109     3.38    3.77
 -14293.885    17.920     2.16    3.66
 -13917.751    18.717     2.12    3.10
 -13541.617    17.819    -2.39    2.77
 -13165.481    17.190    -1.67    2.48
 -12789.344    15.973    -3.24    2.37
 -12413.207    15.566    -1.08    2.75
 -12037.067    15.671     0.28    2.82
 -11660.927    16.515     2.24    4.08
 -11284.786    16.535     0.06    4.95
 -10908.643    15.724    -2.16    4.74
 -10532.500    14.655    -2.84    5.25
 -10156.355    12.974    -4.47    5.43
  -9780.209    12.738    -0.63    5.25
  -9404.062    12.281    -1.22    4.78
  -9027.913    11.025    -3.34    4.39
  -8651.764    10.546    -1.27    4.71
  -8275.613     8.082    -6.55    2.59
  -7899.462     7.866    -0.57    2.06
  -7523.309     8.704     2.23    2.25
  -7147.154     9.585     2.34    1.51
  -6770.999    10.488     2.40    1.96
  -6394.843    10.819     0.88    2.80
  -6018.685    10.460    -0.95    3.13
  -5642.526     9.819    -1.70    2.42
  -5266.366    10.163     0.91    2.54
  -4890.205    11.435     3.38    2.41
  -4514.043    13.224     4.76    2.82
  -4137.879    14.433     3.21    2.69
  -3761.714    16.596     5.75    3.74
  -3385.548    15.433    -3.09    7.09
  -3009.381    13.987    -3.84    8.49
  -2633.213    11.307    -7.12    9.31
  -2257.043     9.867    -3.83    7.83
  -1880.873     9.803    -0.17    6.93
  -1504.701     9.803     0.00    7.46
  -1128.528     8.044    -4.68    8.06
   -752.353     2.948   -13.55    5.75
   -376.178     0.758    -5.82    3.53
     -0.001    -0.206    -2.56    1.56
    376.177    -0.027     0.48    2.88
    752.356     2.592     6.96    6.26
   1128.536     7.776    13.78    9.32
   1504.718    12.717    13.13    8.61
   1880.900    16.230     9.34    5.09
   2257.084    15.572    -1.75    4.63
   2633.269    12.542    -8.05    6.41
   3009.456     7.542   -13.29    5.39
   3385.643     4.704    -7.54    4.11
   3761.832     4.960     0.68    5.75
   4138.022     8.375     9.08    8.71
   4514.213    12.260    10.33    9.14
   4890.406    13.987     4.59    8.15
   5266.600    15.322     3.55    7.21
   5642.794    14.717    -1.61    6.98
   6018.991    16.197     3.94    6.91
   6395.188    18.645     6.51    5.54
   6771.387    19.329     1.82    4.60
   7147.586    19.460     0.35    3.88
   7523.787    17.082    -6.32    4.73
   7899.990    15.724    -3.61    4.54
   8276.193    14.985    -1.96    4.27
   8652.398    13.832    -3.07    4.74
   9028.604    12.055    -4.72    5.53
   9404.811    10.163    -5.03    5.94
   9781.020     9.947    -0.57    6.61
  10157.230    12.596     7.04    7.46
  10533.441    15.738     8.35    7.33
  10909.653    17.512     4.71    7.07
  11285.867    17.645     0.35    6.95
  11662.081    16.271    -3.65    6.50
  12038.297    14.255    -5.36    5.33
  12414.515    12.408    -4.91    3.17
  12790.733    12.922     1.37    5.26
  13166.953    15.028     5.60    7.05
  13543.174    17.358     6.19    6.62
  13919.396    17.905     1.45    5.98
  14295.620    18.303     1.06    3.91
  14671.845    17.384    -2.44    2.73
  15048.071    16.036    -3.58    2.05
  15424.259    15.717    -0.85    1.82
  15800.233    15.677    -0.11    1.72
  16176.208    15.599    -0.21    1.78
  16552.185    15.271    -0.87    1.65
  16928.162    14.655    -1.64    1.85
  17304.141    14.171    -1.29    1.92
  17680.121    13.717    -1.21    2.19
  18056.103    12.947    -2.05    2.26
  18432.086    12.691    -0.68    2.31
  18808.070    12.025    -1.77    2.80
  19184.055    11.332    -1.84    2.84
  19560.042    11.013    -0.85    3.17
  19936.030    10.537    -1.27    3.40
  20312.019    10.298    -0.64    3.18
  20688.009    11.190     2.37    2.97
  21064.001    11.758     1.51    2.67
  21439.994    12.242     1.29    2.70
  21815.989    12.640     1.06    2.55
  22191.984    12.855     0.57    2.62
  22567.981    14.072     3.24    3.38
  22943.980    15.623     4.13    3.76
  23319.979    16.794     3.11    4.47
  23695.980    17.276     1.28    4.84
  24071.983    17.384     0.29    4.97
  24447.986    17.758     1.00    5.30
  24823.991    18.329     1.52    5.13
  25199.997    18.999     1.78    5.01
  25576.005    20.171     3.12    4.15
  25952.013    20.217     0.12    3.80
  26328.023    19.085    -3.01    4.37
  26704.035    17.028    -5.47    4.93
  27080.048    14.460    -6.83    4.93
  27456.062    12.352    -5.61    3.78
  27832.077    11.289    -2.83    3.23
  28208.094    13.307     5.37    7.94
  28584.112    20.050    17.93   13.66
  28960.131    27.016    18.53   14.67
  29336.152    33.948    18.43   12.14
  29712.174    38.294    11.56    8.75
  30088.198    38.515     0.59    8.74
  30464.222    36.255    -6.01   10.02
  30840.248    35.433    -2.19   10.18
  31216.276    35.224    -0.56   10.04
  31592.304    33.434    -4.76   10.12
  31968.335    32.060    -3.65    9.20
  32344.366    32.271     0.56    8.61
  32720.399    34.360     5.56    7.82
  33096.433    37.435     8.18    6.91
  33472.468    40.905     9.23    5.08
  33848.505    42.190     3.42    2.60
  34224.543    42.016    -0.46    2.60
  34600.583    41.592    -1.13    2.64
  34976.624    41.085    -1.35    3.02
  35352.666    40.933    -0.41    4.06
  35728.710    39.435    -3.98    5.52
  36104.755    38.055    -3.67    6.41
  36480.801    37.163    -2.37    6.11
  36856.849    36.539    -1.66    5.77
  37232.898    37.750     3.22    5.72
  37608.948    40.839     8.21    5.48
  37985.000    43.596     7.33    2.94
  38361.053    44.110     1.37    2.97
  38737.108    44.960     2.26    2.05
  39113.164    44.485    -1.26    2.19
  39489.221    43.408    -2.87    2.85
  39865.280    42.766    -1.71    3.35
  40241.340    42.136    -1.67    3.92
  40617.401    42.349     0.57    4.79
  40993.464    42.435     0.23    4.74
  41369.529    43.230     2.11    4.46
  41745.594    44.325     2.91    4.01
  42121.661    45.160     2.22    2.73
  42497.730    46.204     2.78    2.01
  42873.799    46.197    -0.02    2.08
  43249.871    46.001    -0.52    2.26
  43625.943    45.999    -0.01    2.37
  44002.017    45.355    -1.71    2.54
  44378.093    44.794    -1.49    2.53
  44754.169    45.922     3.00    3.20
  45130.248    46.516     1.58    2.62
  45506.327    46.717     0.53    2.85
  45882.408    47.691     2.59    2.77
  46258.491    47.078    -1.63    2.74
  46634.574    46.596    -1.28    2.74
  47010.660    45.866    -1.94    2.92
  47386.746    45.028    -2.23    2.72
  47762.834    44.760    -0.71    2.51
  48138.924    44.569    -0.51    1.85
  48515.015    45.076     1.35    1.76
  48891.107    45.743     1.77    1.86
  49267.201    45.776     0.09    2.14
  49643.296    45.298    -1.27    2.47
  50019.393    44.999    -0.80    2.51
  50395.491    44.934    -0.17    2.25
  50771.590    45.433     1.33    1.95
  51147.691    45.118    -0.84    1.79
  51523.793    45.183     0.17    1.77
  51899.897    44.934    -0.66    1.72
  52276.002    44.922    -0.03    2.01
  52652.109    45.273     0.93    2.47
  53028.217    45.408     0.36    2.47
  53404.326    45.276    -0.35    2.44
  53780.437    45.352     0.20    2.25
  54156.550    44.922    -1.14    1.90
  54532.663    44.839    -0.22    1.99
  54908.779    45.050     0.56    2.30
  55284.895    45.332     0.75    2.64
  55661.014    45.589     0.68    2.59
  56037.133    46.217     1.67    2.67
  56413.254    46.178    -0.10    2.65
  56789.377    45.803    -1.00    2.55
  57165.501    46.183     1.01    2.48
  57541.626    46.623     1.17    2.30
  57917.753    47.072     1.19    2.06
  58293.882    47.055    -0.04    2.24
  58670.011    47.102     0.12    2.33
  59046.143    46.773    -0.87    2.63
  59422.276    46.717    -0.15    2.54
  59798.410    46.204    -1.36    2.71
  60174.545    46.405     0.53    2.84
  60550.683    46.922     1.37    2.53
  60926.821    47.217     0.78    2.55
  61302.961    47.973     2.01    1.82
  61679.103    47.329    -1.71    1.74
  62055.246    46.794    -1.42    2.20
  62431.391    46.163    -1.68    2.74
  62807.537    45.896    -0.71    2.63
  63183.684    45.435    -1.23    2.84
  63559.833    43.403    -5.40    4.48
  63935.984    41.866    -4.09    5.23
  64312.136    39.893    -5.25    5.25
  64688.289    38.839    -2.80    4.64
  65064.444    38.893     0.14    4.07
  65440.601    40.175     3.41    4.77
  65816.759    42.085     5.08    4.19
  66192.918    43.563     3.93    2.37
  66569.079    43.460    -0.27    2.20
  66945.242    43.537     0.20    2.13
  67321.406    43.645     0.29    1.96
  67697.571    43.671     0.07    2.09
  68073.738    43.276    -1.05    2.81
  68449.907    43.384     0.29    2.82
  68826.077    42.136    -3.32    4.08
  69202.248    41.092    -2.78    4.50
  69578.421    40.710    -1.01    5.07
  69954.596    39.988    -1.92    5.28
  70330.772    40.276     0.77    5.00
  70706.950    41.433     3.08    4.59
  71083.129    42.947     4.02    2.88
  71459.309    42.704    -0.65    2.78
  71835.491    42.405    -0.79    3.06
  72211.675    41.948    -1.22    3.38
  72587.860    41.948     0.00    3.15
  72964.047    41.650    -0.79    2.74
  73340.235    41.230    -1.12    2.49
  73716.425    40.513    -1.90    2.73
  74092.616    38.204    -6.14    4.64
  74468.809    36.092    -5.61    4.86
  74845.004    36.025    -0.18    5.17
  75221.200    36.627     1.60    5.61
  75597.397    39.382     7.32    5.45
  75973.596    40.845     3.89    3.51
  76349.797    40.803    -0.11    3.62
  76725.999    41.871     2.84    3.19
  77102.203    42.794     2.45    3.39
  77478.408    44.210     3.77    2.96
  77854.615    44.920     1.89    2.33
  78230.823    44.933     0.03    1.92
  78607.033    44.250    -1.81    1.99
  78983.244    43.060    -3.16    2.51
  79359.457    42.623    -1.16    2.47
  79735.672    42.768     0.39    2.73
  80111.888    43.013     0.65    2.84
  80488.105    42.566    -1.19    2.85
  80864.325    41.758    -2.15    2.28
  81240.546    40.410    -3.58    3.88
  81616.768    39.109    -3.46    4.33
  81992.992    38.515    -1.58    4.78
  82369.217    37.244    -3.38    4.69
  82745.444    35.432    -4.82    4.56
  83121.673    33.871    -4.15    4.85
  83497.903    30.640    -8.59    5.08
  83874.135    28.946    -4.50    5.57
  84250.369    25.569    -8.98    4.72
  84626.604    22.515    -8.12    4.55
  85002.840    24.092     4.19    9.25
  85379.078    28.160    10.81   13.89
  85755.318    33.704    14.73   16.30
  86131.559    40.934    19.22   14.86
  86507.802    48.487    20.07    7.07
  86884.047    51.178     7.15    2.74
  87260.293    51.298     0.32    2.67
  87636.540    51.285    -0.03    2.96
  88012.790    51.618     0.88    3.18
  88389.041    49.766    -4.92    4.44
  88765.293    48.136    -4.33    4.38
  89141.547    46.683    -3.86    4.49
  89517.803    45.973    -1.89    4.54
  89894.060    46.178     0.55    4.44
  90270.319    46.346     0.45    3.78
  90646.408    44.908    -3.82    4.72
  91022.344    44.623    -0.76    5.01
  91398.281    44.488    -0.36    4.31
  91774.220    45.153     1.77    4.35
  92150.161    45.855     1.87    3.43
  92526.103    45.153    -1.87    4.54
  92902.046    44.724    -1.14    4.43
  93277.992    43.185    -4.09    4.55
  93653.939    43.704     1.38    4.92
  94029.887    44.485     2.08    4.69
  94405.838    45.948     3.89    5.42
  94781.789    48.849     7.72    4.07
  95157.743    49.569     1.91    4.16
  95533.698    48.731    -2.23    5.08
  95909.655    48.569    -0.43    5.27
  96285.613    48.666     0.26    5.51
  96661.573    47.689    -2.60    7.10
  97037.535    44.409    -8.72    9.87
  97413.498    38.960   -14.49   10.82
  97789.463    34.877   -10.86    9.46
  98165.430    31.255    -9.63    8.33
  98541.398    29.614    -4.36    7.63
  98917.368    28.539    -2.86    6.56
  99293.339    28.109    -1.14    6.67
  99669.312    28.973     2.30    7.98
 100045.287    30.974     5.32   10.09
 100421.263    33.153     5.80   10.46
 100797.242    35.635     6.60    9.97
 101173.221    37.877     5.96    8.92
 101549.203    42.190    11.47    8.28
 101925.186    46.650    11.86    7.18
 102301.170    47.704     2.80    5.91
 102677.157    49.250     4.11    5.01
 103053.145    50.099     2.26    3.84
 103429.134    50.460     0.96    3.64
 103805.126    50.307    -0.41    3.82
 104181.119    49.515    -2.11    4.42
 104557.114    49.537     0.06    4.47
 104933.110    50.303     2.04    4.37
 105309.108    50.303     0.00    5.53
 105685.108    48.190    -5.62    6.64
 106061.109    47.358    -2.21    6.54
 106437.112    48.210     2.27    6.65
 106813.117    49.589     3.67    6.14
 107189.123    51.973     6.34    4.42
 107565.131    53.945     5.24    3.49
 107941.141    54.352     1.08    3.24
 108317.153    54.596     0.65    3.17
 108693.166    55.092     1.32    2.61
 109069.181    54.882    -0.56    2.60
 109445.197    54.650    -0.62    2.70
 109821.215    55.204     1.47    2.21
 110197.235    55.512     0.82    2.49
 110573.257    54.697    -2.17    3.36
 110949.280    53.855    -2.24    4.02
 111325.305    52.039    -4.83    4.18
 111701.332    51.358    -1.81    4.10
 112077.360    49.136    -5.91    6.29
 112453.391    47.819    -3.50    6.50
 112829.422    48.655     2.22    7.39
 113205.456    49.025     0.98    7.87
 113581.491    46.973    -5.46    8.91
 113957.528    43.179   -10.09   10.82
 114333.567    37.332   -15.55   11.16
 114709.607    35.028    -6.13    9.72
 115085.649    35.488     1.22    9.88
 115461.693    39.332    10.22   10.75
 115837.739    43.785    11.84    9.56
 116213.786    48.127    11.55    4.92
 116589.835    50.127     5.32    3.88
 116965.886    51.244     2.97    3.65
 117341.938    51.250     0.02    3.26
 117717.992    52.025     2.06    2.77
 118094.048    52.460     1.16    2.36
 118470.106    52.244    -0.57    2.37
 118846.165    52.614     0.98    2.50
 119222.226    52.488    -0.34    2.51
 119598.289    52.190    -0.79    3.60
 119974.354    51.974    -0.57    4.15
 120350.420    52.585     1.63    4.28
 120726.488    53.307     1.92    3.59
 121102.558    53.691     1.02    3.06
 121478.630    54.933     3.30    2.41
 121854.703    55.358     1.13    2.47
 122230.778    55.627     0.72    2.54
 122606.855    54.845    -2.08    3.08
 122982.933    54.092    -2.00    3.03
 123359.014    53.542    -1.46    2.79
 123735.096    51.839    -4.53    3.99
 124111.179    47.896   -10.48    7.64
 124487.265    44.217    -9.78    8.30
 124863.352    42.016    -5.85    7.51
 125239.441    43.066     2.79    7.50
 125615.532    46.829    10.01    7.19
 125991.625    49.379     6.78    5.70
 126367.719    49.704     0.86    5.65
 126743.815    49.832     0.34    5.49
 127119.913    50.768     2.49    4.66
 127496.013    49.896    -2.32    4.89
 127872.115    50.627     1.94    4.29
 128248.218    50.794     0.44    3.92
 128624.323    50.405    -1.03    4.03
 129000.430    51.566     3.09    4.01
 129376.538    52.717     3.06    3.75
 129752.649    53.589     2.32    3.77
 130128.761    55.055     3.90    2.50
 130504.875    55.250     0.52    1.93
 130880.991    55.760     1.36    1.99
 131257.108    55.352    -1.09    2.89
 131633.227    55.066    -0.76    3.98
 132009.349    54.082    -2.62    4.24
 132385.471    53.271    -2.16    3.94
 132761.596    53.542     0.72    3.07
 133137.723    53.232    -0.82    2.41
 133513.851    53.230    -0.01    2.42
 133889.981    52.210    -2.71    3.66
 134266.113    52.516     0.81    3.79
 134642.247    53.102     1.56    3.50
 135018.382    54.013     2.42    3.80
 135394.520    55.358     3.58    2.55
 135770.659    56.307     2.52    2.22
 136146.800    56.076    -0.61    3.27
 136522.942    55.877    -0.53    3.43
 136899.087    55.908     0.08    3.59
 137275.233    55.717    -0.51    3.38
 137651.382    56.405     1.83    2.15
 138027.532    56.717     0.83    2.30
 138403.684    57.118     1.07    1.88
 138779.837    57.217     0.26    1.94
 139155.993    57.082    -0.36    1.95
 139532.150    56.650    -1.15    2.00
 139908.309    56.409    -0.64    2.06
 140284.470    56.535     0.34    2.14
 140660.633    56.244    -0.77    2.30
 141036.798    55.910    -0.89    2.28
 141412.964    55.276    -1.69    2.59
 141789.133    53.908    -3.64    3.60
 142165.303    52.460    -3.85    4.52
 142541.475    52.230    -0.61    4.51
 142917.649    52.224    -0.02    4.41
 143293.824    52.822     1.59    3.74
 143670.002    52.145    -1.80    4.17
 144046.181    51.655    -1.30    4.49
 144422.363    51.640    -0.04    4.45
 144798.546    51.384    -0.68    5.04
 145174.731    52.183     2.12    5.11
 145550.917    51.677    -1.35    5.12
 145927.106    52.704     2.73    4.49
 146303.297    51.920    -2.08    4.76
 146679.489    51.810    -0.29    4.41
 147055.683    50.920    -2.37    4.41
 147431.879    50.486    -1.15    4.03
 147808.077    50.934     1.19    3.59
 148184.277    51.066     0.35    3.20
 148560.479    51.650     1.55    4.19
 148936.683    52.640     2.63    4.25
 149312.888    53.303     1.76    4.16
 149689.095    53.655     0.94    4.09
 150065.304    54.298     1.71    4.61
 150441.516    54.877     1.54    4.33
 150817.729    55.512     1.69    4.14
 151193.943    55.922     1.09    3.88
 151570.160    55.960     0.10    3.78
 151946.379    56.109     0.40    3.62
 152322.599    56.731     1.65    3.56
 152698.822    57.596     2.30    3.33
 153075.046    58.460     2.30    2.81
 153451.272    58.352    -0.29    2.88
 153827.500    58.743     1.04    2.75
 154203.730    59.255     1.36    2.36
 154579.962    58.896    -0.95    2.33
 154956.196    59.082     0.49    3.05
 155332.431    59.255     0.46    3.11
 155708.669    59.671     1.10    3.34
 156084.908    59.960     0.77    3.36
 156461.150    59.379    -1.54    3.33
 156837.393    58.099    -3.40    3.21
 157213.638    57.893    -0.55    2.63
 157589.885    57.691    -0.54    1.98
 157966.134    57.835     0.38    1.81
 158342.385    58.539     1.87    2.22
 158718.638    58.697     0.42    2.28
 159094.892    58.349    -0.92    2.17
 159471.149    58.358     0.02    2.10
 159847.408    58.190    -0.45    2.27
 160223.668    57.973    -0.58    2.36
 160599.930    57.922    -0.14    1.98
 160976.195    58.066     0.38    1.95
 161352.461    58.513     1.19    2.14
 161728.729    58.922     1.09    2.00
 162104.999    59.640     1.91    2.33
 162481.271    60.766     2.99    2.25
 162857.545    60.785     0.05    2.01
 163233.821    61.298     1.36    1.72
 163610.099    61.082    -0.57    1.91
 163986.379    60.893    -0.50    2.09
 164362.661    60.946     0.14    2.27
 164738.944    60.260    -1.82    2.39
 165115.230    59.896    -0.97    2.01
 165491.518    59.738    -0.42    1.86
 165867.457    59.486    -0.67    1.95
 166243.359    59.812     0.87    1.99
 166619.263    60.224     1.10    2.19
 166995.169    60.645     1.12    2.05
 167371.077    60.871     0.60    1.55
 167746.987    61.244     0.99    1.83
 168122.899    61.250     0.02    1.85
 168498.813    60.610    -1.70    1.76
 168874.728    60.632     0.06    1.65
 169250.646    60.596    -0.10    1.60
 169626.566    60.109    -1.29    1.84
 170002.487    59.650    -1.22    2.33
 170378.411    58.596    -2.80    2.42
 170754.337    58.044    -1.47    1.92
 171130.264    56.335    -4.54    4.03
 171506.194    56.408     0.19    4.26
 171882.125    56.677     0.72    4.14
 172258.059    57.204     1.40    3.97
 172633.994    58.750     4.11    2.98
 173009.931    59.724     2.59    2.54
 173385.871    60.055     0.88    1.82
 173761.812    59.922    -0.35    1.82
 174137.755    60.210     0.77    1.46
 174513.701    60.434     0.60    1.76
 174889.648    60.935     1.33    1.69
 175265.597    61.255     0.85    2.06
 175641.549    60.743    -1.36    3.73
 176017.502    60.163    -1.54    3.70
 176393.457    59.758    -1.08    3.15
 176769.414    59.731    -0.07    2.91
 177145.374    60.488     2.01    2.10
 177521.335    60.486    -0.01    1.95
 177897.298    60.563     0.20    1.92
 178273.263    60.908     0.92    2.42
 178649.231    61.960     2.80    2.39
 179025.200    62.178     0.58    2.44
 179401.171    61.948    -0.61    2.36
 179777.144    61.542    -1.08    2.07
 180153.120    61.460    -0.22    1.86
 180529.097    61.405    -0.15    1.82
 180905.076    61.408     0.01    1.90
 181281.057    61.118    -0.77    2.79
 181657.041    60.429    -1.83    3.06
 182033.026    58.460    -5.24    4.74
 182409.013    56.987    -3.92    4.79
 182785.003    56.183    -2.14    4.40
 183160.994    56.163    -0.05    4.10
 183536.987    58.405     5.96    3.35
 183912.983    59.066     1.76    3.23
 184288.980    58.871    -0.52    2.98
 184664.980    59.650     2.07    2.53
 185040.981    59.640    -0.03    2.39
 185416.985    59.589    -0.14    1.98
 185792.990    59.948     0.95    1.88
 186168.998    59.758    -0.51    1.78
 186545.008    60.307     1.46    1.80
 186921.019    59.893    -1.10    3.12
 187297.033    59.325    -1.51    3.33
 187673.049    59.352     0.07    3.36
 188049.067    60.210     2.28    3.19
 188425.087    60.819     1.62    3.03
 188801.109    61.671     2.26    2.68
 189177.133    61.238    -1.15    3.06
 189553.159    60.460    -2.07    3.20
 189929.187    61.294     2.22    3.18
 190305.217    61.039    -0.68    2.93
 190681.249    61.614     1.53    2.59
 191057.283    61.515    -0.27    2.03
 191433.319    61.171    -0.91    2.15
 191809.358    60.819    -0.93    2.48
 192185.398    61.153     0.89    2.45
 192561.441    62.163     2.69    2.82
 192937.485    62.685     1.39    2.66
 193313.532    63.244     1.49    2.32
 193689.581    62.569    -1.80    2.63
 194065.631    61.677    -2.37    2.87
 194441.684    60.975    -1.87    2.57
 194817.739    59.512    -3.89    3.05
 195193.796    59.486    -0.07    3.81
 195569.855    59.683     0.52    3.94
 195945.916    60.102     1.11    4.07
 196321.979    61.377     3.39    3.56
 196698.045    62.671     3.44    2.78
 197074.112    63.281     1.62    3.10
 197450.182    64.163     2.35    3.12
 197826.253    64.329     0.44    2.88
 198202.327    64.592     0.70    3.00
 198578.403    63.960    -1.68    2.92
 198954.480    63.352    -1.62    2.86
 199330.560    62.768    -1.55    2.53
 199706.642    61.589    -3.14    2.89
 200082.727    60.933    -1.74    3.58
 200458.813    59.920    -2.69    4.67
 200834.901    59.266    -1.74    5.26
 201210.992    59.896     1.68    5.87
 201587.084    59.760    -0.36    5.72
 201963.179    58.877    -2.35    4.92
 202339.276    58.230    -1.72    4.77
 202715.374    58.379     0.40    4.26
 203091.475    58.812     1.15    3.38
 203467.579    58.281    -1.41    4.65
 203843.684    58.276    -0.01    4.13
 204219.791    56.645    -4.34    4.12
 204595.901    54.250    -6.37    4.71
 204972.012    51.160    -8.21    5.25
 205348.126    48.099    -8.14    4.85
 205724.242    47.660    -1.17    5.53
 206100.360    48.539     2.34    6.57
 206476.480    49.905     3.63    7.71
 206852.602    49.731    -0.46    7.57
 207228.726    48.572    -3.08    7.09
 207604.853    48.039    -1.41    6.47
 207980.981    48.485     1.19    6.11
 208357.112    48.920     1.16    5.66
 208733.245    47.885    -2.75    5.61
 209109.380    48.255     0.98    5.72
 209485.517    47.934    -0.85    5.90
 209861.656    48.803     2.31    5.59
 210237.798    50.076     3.39    5.80
 210613.942    52.118     5.43    4.28
 210990.087    53.599     3.94    3.07
 211366.235    54.178     1.54    2.91
 211742.385    54.217     0.10    2.91
 212118.537    54.135    -0.22    2.80
 212494.692    54.614     1.27    2.78
 212870.848    55.089     1.26    2.33
 213247.007    55.569     1.27    2.67
 213623.168    55.569     0.00    2.39
 213999.331    55.539    -0.08    2.48
 214375.496    55.537    -0.01    2.41
 214751.663    55.460    -0.20    2.17
 215127.833    55.685     0.60    1.78
 215504.005    55.896     0.56    1.55
 215880.178    55.539    -0.95    1.70
 216256.354    53.839    -4.52    3.90
 216632.533    51.845    -5.30    4.43
 217008.713    50.794    -2.79    4.38
 217384.895    50.210    -1.55    4.49
 217761.080    50.973     2.03    4.44
 218137.267    51.877     2.40    4.50
 218513.456    52.050     0.46    4.18
 218889.648    51.307    -1.98    4.40
 219265.841    49.617    -4.49    4.25
 219642.037    46.812    -7.46    5.41
 220018.234    44.812    -5.32    5.42
 220394.434    42.596    -5.89    5.53
 220770.637    40.513    -5.54    6.48
 221146.841    40.266    -0.66    5.71
 221523.048    41.537     3.38    6.39
 221899.257    43.640     5.59    6.20
 222275.468    45.922     6.07    6.18
 222651.681    49.433     9.33    3.88
 223027.896    51.355     5.11    3.55
 223404.114    53.614     6.01    3.48
 223780.334    55.016     3.73    2.87
 224156.556    55.948     2.48    2.62
 224532.780    56.099     0.40    2.55
 224909.006    55.329    -2.05    2.94
 225285.235    54.486    -2.24    3.30
 225661.466    54.679     0.51    3.28
 226037.699    55.697     2.71    3.22
 226413.935    55.882     0.49    2.98
 226790.172    56.244     0.96    2.79
 227166.412    55.973    -0.72    2.79
 227542.654    56.136     0.43    2.87
 227918.898    56.307     0.45    2.46
 228295.145    56.384     0.20    2.47
 228671.393    56.118    -0.70    2.40
 229047.644    55.434    -1.82    2.37
 229423.897    55.589     0.41    2.19
 229800.153    55.845     0.68    2.05
 230176.410    55.650    -0.52    2.20
 230552.670    55.666     0.04    2.13
 230928.932    55.325    -0.90    1.86
 231305.197    55.542     0.57    1.96
 231681.463    55.829     0.76    1.89
 232057.732    55.585    -0.65    2.38
 232434.003    55.486    -0.26    2.68
 232810.277    55.460    -0.07    2.84
 233186.552    54.572    -2.36    3.58
 233562.830    54.076    -1.32    4.32
 233939.110    53.849    -0.60    4.87
 234315.392    54.153     0.81    4.36
 234691.677    55.434     3.41    3.38
 235067.964    56.271     2.22    2.58
 235444.253    56.433     0.43    2.10
 235820.544    56.102    -0.88    2.15
 236196.838    55.819    -0.75    1.93
 236573.134    56.155     0.89    1.75
 236949.432    56.145    -0.03    1.61
 237325.733    55.908    -0.63    1.50
 237702.035    56.271     0.97    1.65
 238078.340    56.271     0.00    1.75
 238454.648    56.060    -0.56    1.63
 238830.957    56.281     0.59    1.83
 239207.269    56.230    -0.14    1.83
 239583.583    55.877    -0.94    1.99
 239959.899    55.614    -0.70    2.19
 240336.218    55.738     0.33    2.24
 240712.411    55.178    -1.49    2.69
 241088.274    54.819    -0.96    2.91
 241464.138    54.776    -0.11    2.90
 241840.005    54.920     0.38    2.63
 242215.874    55.486     1.51    2.42
 242591.745    55.435    -0.13    2.29
 242967.619    55.136    -0.80    2.32
 243343.494    55.460     0.86    3.00
 243719.373    56.433     2.59    3.36
 244095.253    57.515     2.88    3.47
 244471.136    57.893     1.01    2.64
 244847.021    56.946    -2.52    2.93
 245222.908    56.717    -0.61    2.50
 245598.798    56.710    -0.02    2.13
 245974.690    57.082     0.99    2.24
 246350.584    57.845     2.03    2.12
 246726.481    58.377     1.42    2.22
 247102.379    58.697     0.85    2.09
 247478.281    58.102    -1.59    2.67
 247854.184    56.871    -3.27    3.02
 248230.090    56.650    -0.59    3.15
 248605.998    55.829    -2.18    3.26
 248981.908    55.871     0.11    3.37
 249357.821    55.623    -0.66    4.10
 249733.736    54.973    -1.73    4.56
 250109.654    55.352     1.01    4.58
 250485.573    55.433     0.22    4.19
 250861.496    56.082     1.73    3.11
 251237.420    56.433     0.93    2.98
 251613.347    56.845     1.10    3.07
 251989.276    57.385     1.44    2.31
 252365.207    57.244    -0.38    2.44
 252741.141    57.285     0.11    2.53
 253117.077    57.618     0.89    2.59
 253493.015    58.153     1.42    2.33
 253868.956    58.050    -0.27    2.16
 254244.899    58.255     0.55    2.32
 254620.844    58.044    -0.56    2.45
 254996.792    58.224     0.48    2.76
 255372.742    58.435     0.56    2.78
 255748.695    57.877    -1.48    3.72
 256124.649    57.255    -1.65    3.95
 256500.607    56.960    -0.78    3.87
 256876.566    57.163     0.54    3.49
 257252.528    58.136     2.59    2.82
 257628.492    58.349     0.57    2.15
 258004.459    58.230    -0.32    2.72
 258380.428    57.900    -0.88    3.03
 258756.399    57.920     0.05    3.28
 259132.373    57.635    -0.76    3.18
 259508.349    57.803     0.44    2.83
 259884.327    57.329    -1.26    2.86
 260260.308    57.433     0.28    2.91
 260636.291    56.835    -1.59    2.96
 261012.276    56.704    -0.35    2.98
 261388.264    56.515    -0.50    2.85
 261764.254    56.750     0.63    2.87
 262140.247    57.175     1.13    3.04
 262516.242    57.281     0.28    2.75
 262892.239    57.332     0.14    2.04
 263268.239    56.294    -2.76    2.17
 263644.241    56.055    -0.63    2.24
 264020.246    56.001    -0.14    2.24
 264396.253    55.750    -0.67    2.14
 264772.262    56.910     3.09    2.01
 265148.274    57.190     0.74    2.04
 265524.288    57.666     1.26    2.15
 265900.304    58.092     1.13    2.16
 266276.323    57.908    -0.49    2.08
 266652.345    58.569     1.76    2.38
 267028.368    58.135    -1.15    2.22
 267404.394    58.855     1.91    2.38
 267780.423    59.028     0.46    2.34
 268156.454    59.109     0.22    2.07
 268532.487    58.860    -0.66    2.06
 268908.523    58.948     0.23    1.89
 269284.561    58.666    -0.75    1.95
 269660.601    58.032    -1.69    2.20
 270036.644    57.244    -2.09    2.54
 270412.690    56.785    -1.22    3.01
 270788.738    56.197    -1.56    2.75
 271164.788    55.735    -1.23    2.54
 271540.840    55.758     0.06    2.00
 271916.895    55.513    -0.65    2.00
 272292.953    55.618     0.28    2.07
 272669.013    55.666     0.13    2.07
 273045.075    55.731     0.17    2.02
 273421.140    55.560    -0.45    2.04
 273797.207    55.724     0.43    2.21
 274173.277    56.271     1.46    2.07
 274549.349    57.082     2.16    2.05
 274925.423    56.460    -1.65    3.51
 275301.500    56.332    -0.34    3.96
 275677.580    55.768    -1.50    4.53
 276053.661    55.660    -0.29    4.78
 276429.746    57.092     3.81    4.68
 276805.832    57.460     0.98    4.48
 277181.921    56.515    -2.52    4.58
 277558.013    56.085    -1.14    4.13
 277934.107    55.352    -1.95    3.04
 278310.204    55.537     0.49    3.32
 278686.303    56.329     2.10    3.60
 279062.404    56.922     1.58    3.71
 279438.508    58.406     3.95    3.06
 279814.614    57.973    -1.15    2.56
 280190.723    57.922    -0.13    2.25
 280566.834    57.905    -0.05    2.26
 280942.948    57.812    -0.25    2.16
 281319.064    58.055     0.65    2.40
 281695.183    58.145     0.24    2.43
 282071.304    58.717     1.52    2.54
 282447.427    58.918     0.53    2.33
 282823.553    59.050     0.35    2.40
 283199.682    59.145     0.25    2.49
 283575.813    58.405    -1.97    2.40
 283951.946    57.717    -1.83    2.42
 284328.082    57.329    -1.03    2.36
 284704.221    57.640     0.83    2.43
 285080.362    58.145     1.34    2.36
 285456.505    58.410     0.71    2.09
 285832.651    59.082     1.79    2.10
 286208.799    58.885    -0.52    2.12
 286584.950    58.948     0.17    2.34
 286961.104    59.405     1.22    2.60
 287337.259    59.866     1.23    2.58
 287713.418    59.839    -0.07    2.90
 288089.579    59.055    -2.08    2.81
 288465.742    58.486    -1.51    2.59
 288841.908    58.127    -0.95    2.48
 289218.076    58.025    -0.27    2.38
 289594.247    58.382     0.95    2.61
 289970.420    58.298    -0.22    2.74
 290346.596    58.358     0.16    2.82
 290722.775    58.750     1.04    2.98
 291098.956    58.382    -0.98    2.61
 291475.139    58.487     0.28    2.14
 291851.325    58.691     0.54    2.13
 292227.513    59.947     3.34    2.76
 292603.704    61.332     3.68    3.00
 292979.898    62.735     3.73    3.27
 293356.094    63.683     2.52    3.05
 293732.292    63.325    -0.95    3.39
 294108.493    63.082    -0.65    3.11
 294484.697    62.109    -2.59    2.65
 294860.903    61.433    -1.80    2.27
 295237.112    61.460     0.07    2.71
