-289628.171     4.079     0.00    1.74
-289251.957     3.966    -0.30    1.58
-288875.745     3.668    -0.79    1.43
-288499.533     3.562    -0.28    1.36
-288123.322     3.264    -0.79    1.41
-287747.113     2.696    -1.51    1.83
-287370.904     2.777     0.22    1.86
-286994.696     2.723    -0.14    1.74
-286618.490     2.767     0.12    1.36
-286242.284     2.524    -0.65    1.20
-285866.079     2.463    -0.16    1.30
-285489.876     2.561     0.26    1.38
-285113.673     2.761     0.53    1.65
-284737.471     2.899     0.37    2.24
-284361.271     2.797    -0.27    2.02
-283985.071     2.615    -0.48    1.48
-283608.872     2.822     0.55    1.53
-283232.674     2.912     0.24    1.57
-282856.478     2.945     0.09    1.53
-282480.282     3.208     0.70    1.74
-282104.087     3.156    -0.14    1.93
-281727.894     3.335     0.48    1.71
-281351.701     3.813     1.27    3.24
-280975.509     3.711    -0.27    3.35
-280599.318     3.797     0.23    3.09
-280223.128     3.461    -0.89    1.80
-279846.940     3.232    -0.61    1.48
-279470.752     3.129    -0.27    1.33
-279094.565     3.129    -0.00    1.09
-278718.379     3.366     0.63    1.07
-278342.194     3.412     0.12    1.14
-277966.010     3.232    -0.48    1.09
-277589.827     2.804    -1.14    1.25
-277213.645     2.284    -1.38    2.41
-276837.464     0.723    -4.15    3.52
-276461.283    -1.007    -4.60    3.86
-276085.104    -2.709    -4.53    3.39
-275708.926    -4.374    -4.42    1.91
-275332.749    -4.844    -1.25    0.00
-274956.572    -4.844     0.00    0.00
-274580.397    -4.844     0.00    0.00
-274204.223    -4.844     0.00    0.00
-273828.049    -4.844     0.00    0.00
-273451.877    -4.844     0.00    0.00
-273075.705    -4.844     0.00    0.00
-272699.534    -4.844     0.00    0.00
-272323.365    -4.844     0.00    0.00
-271947.196    -4.844     0.00    0.00
-271571.028    -4.844     0.00    0.00
-271194.861    -4.844     0.00    0.00
-270818.695    -4.294     1.46    2.43
-270442.530    -2.409     5.01    5.96
-270066.366     0.600     8.00    8.02
-269690.203     3.426     7.51    8.47
-269314.041     5.128     4.52    7.44
-268937.879     6.313     3.15    5.47
-268561.719     5.331    -2.61    4.06
-268185.559     3.544    -4.75    2.28
-267809.401     3.131    -1.10    1.46
-267433.243     3.372     0.64    1.46
-267057.086     4.750     3.66    2.69
-266680.931     5.208     1.22    2.52
-266304.776     5.335     0.34    2.39
-265928.622     5.998     1.76    2.59
-265552.469     6.267     0.72    2.84
-265176.317     7.156     2.36    3.06
-264800.165     7.017    -0.37    3.07
-264424.015     6.206    -2.16    3.30
-264047.866     5.668    -1.43    3.19
-263671.717     4.906    -2.03    2.30
-263295.569     4.210    -1.85    2.07
-262919.423     3.906    -0.81    1.54
-262543.277     3.577    -0.87    1.24
-262167.132     3.694     0.31    1.45
-261790.988     4.074     1.01    1.38
-261414.845     4.356     0.75    1.32
-261038.703     4.207    -0.40    1.30
-260662.561     3.892    -0.84    1.35
-260286.421     3.291    -1.60    1.08
-259910.281     3.027    -0.70    1.10
-259534.142     2.848    -0.48    1.10
-259158.005     2.850     0.01    1.04
-258781.868     2.822    -0.07    1.11
-258405.732     2.989     0.44    1.21
-258029.596     3.156     0.44    1.29
-257653.462     3.309     0.41    1.31
-257277.329     3.624     0.84    1.44
-256901.196     3.642     0.05    1.39
-256525.064     3.550    -0.24    1.39
-256148.934     3.723     0.46    1.41
-255772.804     3.591    -0.35    1.25
-255396.674     3.711     0.32    1.32
-255020.546     4.079     0.98    1.53
-254644.419     4.079     0.00    1.48
-254268.292     4.156     0.20    1.64
-253892.167     4.074    -0.22    1.74
-253516.042     4.156     0.22    2.34
-253139.918     4.998     2.24    3.35
-252763.795     5.572     1.53    3.80
-252387.673     6.399     2.20    3.68
-252011.551     6.074    -0.86    3.47
-251635.431     5.831    -0.65    3.03
-251259.311     5.694    -0.36    1.97
-250883.192     6.093     1.06    2.33
-250507.074     6.524     1.15    1.89
-250130.957     6.463    -0.16    1.87
-249754.841     5.794    -1.78    1.93
-249378.725     5.386    -1.09    1.56
-249002.611     5.102    -0.76    1.51
-248626.497     4.874    -0.61    1.52
-248250.384     4.976     0.27    1.57
-247874.272     4.761    -0.57    1.64
-247498.160     5.261     1.33    1.94
-247122.050     5.797     1.42    2.10
-246745.940     6.284     1.30    1.98
-246369.831     5.989    -0.78    2.17
-245993.723     5.669    -0.85    2.16
-245617.616     5.102    -1.51    1.81
-245241.510     4.777    -0.86    1.64
-244865.404     4.642    -0.36    1.45
-244489.300     4.597    -0.12    1.37
-244113.196     4.881     0.75    1.58
-243737.092     4.720    -0.43    1.50
-243360.990     4.933     0.57    1.61
-242984.889     4.848    -0.23    1.54
-242608.788     4.696    -0.40    1.54
-242232.688     4.735     0.10    1.50
-241856.589     5.077     0.91    1.68
-241480.491     5.361     0.76    1.64
-241104.393     5.480     0.32    1.38
-240728.297     5.629     0.40    1.35
-240352.201     5.506    -0.33    1.27
-239976.106     5.270    -0.63    1.23
-239600.012     5.453     0.49    1.43
-239223.918     5.966     1.37    1.98
-238847.825     7.020     2.80    2.42
-238471.733     8.372     3.59    1.99
-238095.642     9.072     1.86    1.87
-237719.552     8.361    -1.89    2.50
-237343.462     7.181    -3.14    2.71
-236967.374     5.804    -3.66    2.38
-236591.286     5.515    -0.77    2.23
-236215.199     5.761     0.65    2.59
-235839.112     5.643    -0.31    2.78
-235463.027     5.858     0.57    3.12
-235086.942     5.386    -1.25    3.14
-234710.858     4.378    -2.68    2.91
-234334.774     3.708    -1.78    2.73
-233958.692     3.258    -1.20    2.05
-233582.610     2.861    -1.05    1.22
-233206.529     3.002     0.37    1.50
-232830.449     2.561    -1.17    2.03
-232454.369     2.211    -0.93    2.00
-232078.290     2.237     0.07    2.05
-231702.212     2.600     0.97    2.16
-231326.135     3.340     1.97    1.47
-230950.059     3.448     0.29    1.27
-230573.983     3.210    -0.63    1.22
-230197.908     2.643    -1.51    1.19
-229821.834     2.438    -0.55    1.10
-229445.760     2.797     0.95    1.42
-229069.688     2.966     0.45    1.52
-228693.616     2.899    -0.18    1.48
-228317.545     2.966     0.18    1.63
-227941.474     2.696    -0.72    1.57
-227565.404     2.804     0.29    1.58
-227189.335     3.038     0.62    1.57
-226813.267     2.874    -0.44    1.54
-226437.154     2.976     0.27    1.48
-226060.947     2.961    -0.04    1.70
-225684.740     2.669    -0.78    2.04
-225308.534     2.683     0.04    2.09
-224932.328     2.577    -0.28    2.41
-224556.124     2.381    -0.52    2.24
-224179.920     2.453     0.19    2.18
-223803.716     2.392    -0.16    2.16
-223427.514     3.077     1.82    2.66
-223051.312     3.540     1.23    2.50
-222675.111     4.642     2.93    2.46
-222298.910     4.631    -0.03    1.87
-221922.711     4.550    -0.21    1.78
-221546.512     4.723     0.46    1.64
-221170.314     4.020    -1.87    1.13
-220794.116     3.350    -1.78    1.51
-220417.919     2.694    -1.74    1.55
-220041.723     2.104    -1.57    1.43
-219665.528     1.641    -1.23    1.09
-219289.333     1.340    -0.80    0.56
-218913.139     1.318    -0.06    0.55
-218536.946     1.211    -0.28    0.33
-218160.753     1.156    -0.15    0.00
-217784.561     1.156     0.00    0.00
-217408.370     1.156     0.00    0.00
-217032.179     1.287     0.35    0.81
-216655.990     1.881     1.58    1.81
-216279.800     2.939     2.81    2.55
-215903.612     3.806     2.30    2.56
-215527.424     4.104     0.79    2.27
-215151.237     4.267     0.43    1.82
-214775.051     4.183    -0.22    1.80
-214398.865     4.102    -0.22    1.84
-214022.680     4.507     1.08    1.72
-213646.496     4.515     0.02    1.68
-213270.312     4.372    -0.38    1.36
-212894.129     4.309    -0.17    1.35
-212517.947     4.866     1.48    2.72
-212141.765     5.561     1.85    3.37
-211765.584     5.797     0.63    3.26
-211389.404     6.694     2.39    4.45
-211013.224     6.287    -1.08    4.60
-210637.045     5.183    -2.93    4.34
-210260.867     4.284    -2.39    3.29
-209884.689     3.489    -2.11    2.27
-209508.512     3.694     0.55    3.08
-209132.336     4.258     1.50    3.92
-208756.160     3.956    -0.80    3.66
-208379.985     4.696     1.97    3.78
-208003.811     3.966    -1.94    2.15
-207627.637     3.480    -1.29    2.20
-207251.464     3.507     0.07    2.67
-206875.292     3.711     0.54    2.86
-206499.120     4.431     1.91    3.24
-206122.949     4.745     0.84    3.27
-205746.778     4.507    -0.63    3.08
-205370.609     3.445    -2.82    2.62
-204994.439     2.603    -2.24    1.70
-204618.271     2.566    -0.10    1.46
-204242.103     2.129    -1.16    1.30
-203865.936     2.027    -0.27    1.32
-203489.769     1.878    -0.40    1.21
-203113.603     1.591    -0.76    1.25
-202737.438     1.463    -0.34    1.15
-202361.273     1.218    -0.65    1.16
-201985.109     1.050    -0.45    0.86
-201608.945     0.831    -0.58    0.85
-201232.782     0.858     0.07    0.97
-200856.620     0.998     0.37    1.00
-200480.458     0.912    -0.23    1.12
-200104.297     0.694    -0.58    1.14
-199728.137     0.566    -0.34    0.99
-199351.977     0.696     0.35    1.12
-198975.818     0.874     0.47    1.17
-198599.660     1.027     0.41    1.00
-198223.502     1.181     0.41    0.99
-197847.344     1.210     0.08    1.05
-197471.188     1.284     0.20    1.13
-197095.031     1.210    -0.20    1.10
-196718.876     1.183    -0.07    1.09
-196342.721     1.291     0.29    0.95
-195966.567     1.374     0.22    0.71
-195590.413     1.463     0.24    0.73
-195214.260     1.361    -0.27    0.98
-194838.107     1.183    -0.47    1.06
-194461.955     1.181    -0.01    1.04
-194085.804     1.128    -0.14    1.06
-193709.653     1.104    -0.06    1.00
-193333.503     1.103    -0.00    1.06
-192957.353     1.102    -0.00    1.18
-192581.204     0.831    -0.72    1.51
-192205.056     0.643    -0.50    1.41
-191828.908     0.302    -0.91    1.49
-191452.761     0.017    -0.76    1.20
-191076.614     0.053     0.10    1.14
-190700.468     0.235     0.48    1.38
-190324.323     0.345     0.29    1.39
-189948.178     1.588     3.31    3.75
-189572.033     3.270     4.47    5.60
-189195.890     4.386     2.97    6.01
-188819.746     6.781     6.37    6.59
-188443.604     7.711     2.47    5.95
-188067.462     8.438     1.93    4.83
-187691.320     9.517     2.87    4.26
-187315.179     8.024    -3.97    5.32
-186939.039     5.232    -7.42    6.03
-186562.899     2.787    -6.50    5.81
-186186.759     2.291    -1.32    5.49
-185810.621     2.235    -0.15    4.88
-185434.482     3.781     4.11    3.91
-185058.345     5.711     5.13    3.75
-184682.208     6.950     3.29    3.16
-184306.071     7.366     1.11    2.91
-183929.935     8.453     2.89    3.18
-183553.800     9.507     2.80    3.68
-183177.665    10.128     1.65    4.36
-182801.530     8.566    -4.15    6.17
-182425.396     6.256    -6.14    7.01
-182049.263     7.129     2.32    7.47
-181673.130     7.956     2.20    7.80
-181296.998     7.656    -0.80    7.35
-180920.866     8.603     2.52    6.10
-180544.735    10.264     4.42    3.93
-180168.605    10.668     1.08    3.91
-179792.475     9.183    -3.95    5.51
-179416.345     6.267    -7.75    6.41
-179040.216     5.629    -1.69    6.94
-178664.087     4.933    -1.85    7.20
-178287.959     6.130     3.18    7.38
-177911.832     6.386     0.68    7.26
-177535.705     5.044    -3.57    6.62
-177159.578     2.102    -7.82    5.13
-176783.452     0.345    -4.67    3.51
-176407.327    -0.581    -2.46    1.39
-176031.202    -0.069     1.36    1.89
-175655.078     0.129     0.53    1.72
-175278.954     0.053    -0.20    1.73
-174902.830    -0.081    -0.36    1.78
-174526.707    -0.160    -0.21    1.56
-174150.585    -0.331    -0.45    1.02
-173774.463    -0.383    -0.14    1.19
-173398.342    -0.213     0.45    1.22
-173022.221    -0.067     0.39    1.24
-172646.100    -0.142    -0.20    1.08
-172269.981    -0.233    -0.24    1.10
-171893.861    -0.383    -0.40    1.02
-171517.742    -0.203     0.48    0.96
-171141.624    -0.344    -0.37    0.93
-170765.506    -0.277     0.18    1.01
-170389.388    -0.088     0.50    1.01
-170013.271    -0.088     0.00    0.95
-169637.155     0.130     0.58    1.14
-169261.039     0.210     0.21    1.03
-168884.923     0.156    -0.14    1.12
-168508.808     0.284     0.34    1.20
-168132.694     0.284     0.00    1.06
-167756.580     0.831     1.46    1.87
-167380.466     1.156     0.86    2.96
-167004.353     1.524     0.98    3.13
-166628.240     2.517     2.64    4.47
-166252.128     2.129    -1.03    3.50
-165876.016     3.406     3.40    5.00
-165499.905     6.345     7.81    6.62
-165123.794     9.181     7.54    6.78
-164747.684    10.580     3.72    6.19
-164371.574    12.027     3.85    5.87
-163995.464    12.103     0.20    5.77
-163619.355    11.489    -1.63    4.57
-163243.247    11.463    -0.07    4.42
-162867.138     9.669    -4.77    4.71
-162491.031     8.822    -2.25    5.13
-162114.924     8.998     0.47    5.31
-161738.817     9.899     2.40    6.51
-161362.711    11.453     4.13    6.65
-160986.605    11.313    -0.37    6.45
-160610.499     9.406    -5.07    6.18
-160234.394     5.489   -10.41    4.29
-159858.290     5.102    -1.03    3.86
-159482.186     5.723     1.65    4.30
-159106.082     6.291     1.51    4.29
-158729.979     5.939    -0.93    4.49
-158353.876     5.470    -1.25    4.60
-157977.774     6.456     2.62    5.83
-157601.672     7.998     4.10    6.59
-157225.570    10.534     6.74    7.26
-156849.469    12.950     6.43    7.64
-156473.368    16.761    10.13    6.79
-156097.268    19.156     6.37    6.72
-155721.168    19.561     1.08    7.36
-155345.069    20.232     1.79    6.56
-154968.970    18.989    -3.31    5.84
-154592.871    17.787    -3.20    4.19
-154216.773    17.556    -0.62    3.63
-153840.675    17.062    -1.31    3.09
-153464.578    17.629     1.51    2.96
-153088.481    17.831     0.54    2.99
-152712.384    18.966     3.02    3.16
-152336.288    20.507     4.10    2.93
-151960.193    21.183     1.80    2.85
-151584.097    20.787    -1.05    2.78
-151207.953    20.104    -1.82    3.37
-150831.783    19.183    -2.45    3.91
-150455.614    19.340     0.42    3.56
-150079.445    19.899     1.49    3.65
-149703.277    20.617     1.91    3.30
-149327.109    21.372     2.01    3.12
-148950.941    23.156     4.74    4.59
-148574.774    23.017    -0.37    4.99
-148198.607    22.696    -0.85    5.19
-147822.441    22.156    -1.44    4.58
-147446.275    23.374     3.24    5.73
-147070.109    26.822     9.17    4.90
-146693.944    27.524     1.87    4.14
-146317.779    25.017    -6.67    5.71
-145941.615    20.345   -12.42    6.23
-145565.451    17.072    -8.70    4.84
-145189.287    15.024    -5.45    4.29
-144813.123    14.053    -2.58    4.98
-144436.960    13.264    -2.10    5.54
-144060.798    13.024    -0.64    5.70
-143684.635    13.771     1.99    6.60
-143308.473    13.591    -0.48    6.67
-142932.312    15.966     6.31    6.52
-142556.151    18.731     7.35    6.45
-142179.990    22.777    10.76    7.65
-141803.829    27.804    13.36    5.73
-141427.669    29.588     4.74    4.39
-141051.509    29.067    -1.38    5.01
-140675.350    26.848    -5.90    5.46
-140299.191    23.412    -9.13    4.60
-139923.032    22.044    -3.64    3.41
-139546.874    22.463     1.11    3.44
-139170.716    22.517     0.14    3.51
-138794.558    22.237    -0.74    3.97
-138418.401    19.874    -6.28    5.26
-138042.244    17.156    -7.23    5.95
-137666.087    14.340    -7.49    5.71
-137289.931    12.445    -5.04    4.63
-136913.775    11.506    -2.50    5.14
-136537.619     8.939    -6.82    6.50
-136161.464     5.956    -7.93    6.57
-135785.309     2.181   -10.03    4.13
-135409.154     1.156    -2.73    2.83
-135033.000     5.696    12.07    8.20
-134656.846    10.534    12.86    8.72
-134280.692    15.471    13.13    6.67
-133904.539    18.361     7.68    3.41
-133528.386    18.128    -0.62    2.67
-133152.233    17.731    -1.06    2.81
-132776.081    16.866    -2.30    3.01
-132399.929    16.642    -0.60    2.49
-132023.777    16.024    -1.64    2.20
-131647.625    15.822    -0.54    1.66
-131271.474    15.524    -0.79    1.75
-130895.323    15.322    -0.54    1.80
-130519.173    14.822    -1.33    1.58
-130143.023    14.850     0.07    2.20
-129766.873    14.556    -0.78    2.31
-129390.723    14.207    -0.93    2.33
-129014.574    14.241     0.09    3.02
-128638.425    14.615     0.99    3.58
-128262.276    16.615     5.32    5.27
-127886.128    17.813     3.19    5.03
-127509.979    18.258     1.18    5.67
-127133.832    17.993    -0.70    5.78
-126757.684    16.831    -3.09    5.38
-126381.537    15.053    -4.73    3.82
-126005.390    13.708    -3.58    1.61
-125629.243    13.480    -0.61    1.67
-125253.097    13.027    -1.20    1.64
-124876.951    12.720    -0.82    1.71
-124500.805    13.044     0.86    2.56
-124124.659    13.566     1.39    3.75
-123748.514    13.961     1.05    4.31
-123372.369    13.313    -1.72    5.53
-122996.224    12.130    -3.15    5.65
-122620.080    10.843    -3.42    4.62
-122243.936    10.074    -2.04    4.82
-121867.792     9.345    -1.94    5.35
-121491.648     8.129    -3.23    4.99
-121115.505     6.720    -3.75    4.81
-120739.362     5.723    -2.65    4.98
-120363.219     4.463    -3.35    4.60
-119987.076     3.797    -1.77    4.13
-119610.934     3.874     0.20    4.59
-119234.792     4.939     2.83    4.85
-118858.650     5.027     0.23    4.40
-118482.508     5.232     0.55    4.50
-118106.367     6.044     2.16    4.29
-117730.226     6.682     1.69    3.43
-117354.085     7.480     2.12    2.82
-116977.945     7.291    -0.50    2.93
-116601.804     6.822    -1.25    3.62
-116225.664     7.124     0.80    4.85
-115849.525     7.899     2.06    5.66
-115473.385     8.976     2.86    5.84
-115097.246     7.656    -3.51    4.63
-114721.106     7.540    -0.31    3.31
-114344.968     7.156    -1.02    2.25
-113968.829     7.104    -0.14    2.11
-113592.691     6.471    -1.68    1.86
-113216.552     5.971    -1.33    1.56
-112840.414     5.750    -0.59    1.24
-112464.277     5.412    -0.90    1.35
-112088.139     4.566    -2.25    1.68
-111712.002     3.711    -2.27    1.71
-111335.865     2.858    -2.27    1.87
-110959.728     2.399    -1.22    2.78
-110583.591     1.966    -1.15    3.36
-110207.455     1.210    -2.01    3.02
-109831.319     1.332     0.33    3.42
-109455.183     1.002    -0.88    3.30
-109079.047     0.438    -1.50    2.61
-108702.912     0.294    -0.38    2.63
-108326.776    -0.178    -1.26    2.26
-107950.641     0.129     0.81    2.77
-107574.506    -0.397    -1.40    1.86
-107198.371    -0.529    -0.35    1.88
-106822.237    -0.409     0.32    1.85
-106446.103     0.074     1.28    2.97
-106069.969     0.471     1.06    3.81
-105693.835     0.381    -0.24    3.25
-105317.701     2.461     5.53    6.14
-104941.567     7.129    12.41   10.17
-104565.434    13.696    17.46   10.18
-104189.301    17.831    10.99    8.00
-103813.168    21.534     9.84    3.87
-103437.035    20.239    -3.44    5.95
-103060.903    17.950    -6.08    8.15
-102684.770    15.631    -6.17    9.70
-102308.638    14.183    -3.85    9.73
-101932.506    11.848    -6.21    9.49
-101556.374     9.735    -5.62    9.43
-101180.242     7.335    -6.38    8.68
-100804.111     5.103    -5.93    7.35
-100427.979     3.309    -4.77    4.94
-100051.848     2.850    -1.22    4.35
 -99675.717     2.237    -1.63    3.82
 -99299.586     3.130     2.37    4.30
 -98923.456     4.898     4.70    5.64
 -98547.325     7.617     7.23    6.06
 -98171.195     9.950     6.20    5.83
 -97795.065    11.517     4.16    5.00
 -97418.935    11.318    -0.53    5.21
 -97042.805     9.683    -4.35    6.56
 -96666.675     5.603   -10.85    6.98
 -96290.546     2.706    -7.70    6.14
 -95914.416     0.453    -5.99    3.96
 -95538.287     0.156    -0.79    1.72
 -95162.158     0.971     2.17    2.10
 -94786.029     1.182     0.56    1.87
 -94409.900     1.345     0.43    2.83
 -94033.772     1.156    -0.50    5.43
 -93657.643     3.866     7.21    7.54
 -93281.515     5.291     3.79    7.75
 -92905.386     5.507     0.57    7.25
 -92529.258     4.470    -2.76    5.91
 -92153.130     2.463    -5.33    4.75
 -91777.003     1.181    -3.41    3.57
 -91400.875     1.070    -0.30    3.11
 -91024.747     2.129     2.81    4.04
 -90648.620     3.480     3.59    5.16
 -90272.493     7.453    10.56    7.23
 -89896.366    11.206     9.98    7.97
 -89520.239    13.480     6.05    7.20
 -89144.112    15.129     4.39    5.34
 -88767.985    13.945    -3.15    5.39
 -88391.858    13.463    -1.28    5.08
 -88015.732    13.534     0.19    5.23
 -87639.605    13.781     0.66    4.63
 -87263.479    13.445    -0.89    5.63
 -86887.353    12.156    -3.43    6.21
 -86511.226    11.966    -0.50    6.65
 -86135.101    10.294    -4.45    6.92
 -85758.975     9.208    -2.89    6.32
 -85382.849     8.848    -0.96    5.76
 -85006.723    10.756     5.07    6.12
 -84630.598    12.309     4.13    5.30
 -84254.472     9.498    -7.48    8.56
 -83878.347     4.017   -14.57    9.74
 -83502.222    -1.819   -15.51    6.68
 -83126.096    -4.765    -7.83    0.49
 -82749.971    -4.844    -0.21    0.00
 -82373.846    -4.844     0.00    0.00
 -81997.721    -4.844     0.00    0.00
 -81621.597    -4.844     0.00    0.00
 -81245.472    -4.844     0.00    0.00
 -80869.347    -4.844     0.00    0.00
 -80493.223    -4.844     0.00    0.00
 -80117.098    -4.844     0.00    0.00
 -79740.974    -4.844     0.00    0.00
 -79364.850    -4.844     0.00    0.00
 -78988.725    -4.844     0.00    0.00
 -78612.601    -4.844     0.00    0.00
 -78236.477    -4.844     0.00    0.00
 -77860.353    -4.844     0.00    0.00
 -77484.229    -4.844     0.00    0.00
 -77108.105    -4.844     0.00    0.00
 -76731.982    -4.844     0.00    0.00
 -76355.858    -4.844     0.00    0.00
 -75979.725    -4.844     0.00    0.00
 -75603.592    -4.844     0.00    0.00
 -75227.459    -4.844     0.00    0.00
 -74851.326    -4.844     0.00    0.00
 -74475.193    -4.844     0.00    0.00
 -74099.060    -4.844     0.00    0.00
 -73722.927    -4.844     0.00    0.00
 -73346.794    -4.844     0.00    0.00
 -72970.662    -4.844     0.00    0.00
 -72594.529    -4.844     0.00    0.00
 -72218.397    -4.844     0.00    0.00
 -71842.264    -4.844     0.00    0.00
 -71466.132    -4.844     0.00    0.00
 -71089.999    -4.844     0.00    0.00
 -70713.867    -4.844     0.00    0.00
 -70337.734    -4.844     0.00    0.00
 -69961.602    -4.844     0.00    0.00
 -69585.470    -4.844     0.00    0.00
 -69209.338    -4.844     0.00    0.00
 -68833.205    -4.844     0.00    0.00
 -68457.073    -4.844     0.00    0.00
 -68080.941    -4.844     0.00    0.00
 -67704.809    -4.844     0.00    0.00
 -67328.677    -4.844     0.00    0.00
 -66952.545    -4.844     0.00    0.00
 -66576.413    -4.142     1.87    2.85
 -66200.281    -0.101    10.74    8.35
 -65824.149     5.156    13.97   10.03
 -65448.017     8.950    10.09    9.23
 -65071.885    13.156    11.18    5.68
 -64695.753    14.102     2.51    3.66
 -64319.621    13.361    -1.97    4.25
 -63943.489    13.745     1.02    3.73
 -63567.357    14.848     2.93    2.92
 -63191.225    15.461     1.63    3.05
 -62815.093    15.866     1.08    3.06
 -62438.961    13.858    -5.34    5.41
 -62062.829    12.561    -3.45    6.15
 -61686.697     9.669    -7.69    5.69
 -61310.565     6.624    -8.09    4.87
 -60934.433     9.104     6.59    6.35
 -60558.301    10.232     3.00    6.62
 -60182.170    12.072     4.89    6.17
 -59806.038    15.156     8.20    2.98
 -59429.906    14.517    -1.70    3.79
 -59053.774     9.313   -13.83    8.48
 -58677.642     4.156   -13.71    9.67
 -58301.510    -1.196   -14.23    7.14
 -57925.378    -0.385     2.16    8.20
 -57549.246     4.181    12.14    9.15
 -57173.114     7.781     9.57    7.36
 -56796.982     9.183     3.73    5.04
 -56420.849     6.848    -6.21    5.21
 -56044.717     3.615    -8.59    4.60
 -55668.585     2.237    -3.66    3.42
 -55292.453     3.966     4.60    5.04
 -54916.321     6.727     7.34    5.18
 -54540.189     7.813     2.89    4.23
 -54164.056     7.456    -0.95    4.13
 -53787.924     5.989    -3.90    3.18
 -53411.792     5.104    -2.35    2.60
 -53035.659     5.426     0.85    2.46
 -52659.527     6.629     3.20    2.49
 -52283.395     6.438    -0.51    2.71
 -51907.262     6.524     0.23    2.73
 -51531.130     5.239    -3.42    3.16
 -51154.997     4.340    -2.39    2.67
 -50778.864     4.156    -0.49    2.34
 -50402.732     4.322     0.44    2.49
 -50026.599     3.899    -1.12    2.47
 -49650.466     4.129     0.61    2.83
 -49274.333     4.885     2.01    3.93
 -48898.200     8.074     8.48    6.81
 -48522.067    12.993    13.08    7.93
 -48145.934    16.874    10.32    6.38
 -47769.801    18.258     3.68    3.51
 -47393.668    17.183    -2.86    3.31
 -47017.535    14.950    -5.93    2.56
 -46641.402    12.866    -5.54    2.91
 -46265.268    11.471    -3.71    3.68
 -45889.135    10.102    -3.64    3.81
 -45513.002     9.438    -1.77    3.93
 -45136.868     9.077    -0.96    3.51
 -44760.734     9.572     1.32    3.63
 -44384.601     9.787     0.57    2.98
 -44008.467     9.989     0.54    2.43
 -43632.333     9.463    -1.40    2.45
 -43256.199     9.540     0.20    2.81
 -42880.065     9.361    -0.48    3.34
 -42503.931     9.723     0.96    3.53
 -42127.797    10.777     2.80    3.01
 -41751.662    11.588     2.16    2.60
 -41375.528    11.456    -0.35    2.67
 -40999.394    11.453    -0.01    2.62
 -40623.259    10.156    -3.45    2.48
 -40247.124     9.976    -0.48    2.55
 -39870.990     9.489    -1.30    2.37
 -39494.855     8.750    -1.96    2.39
 -39118.720     8.386    -0.97    2.69
 -38742.585     7.892    -1.31    2.26
 -38366.450     7.933     0.11    2.29
 -37990.314     8.885     2.53    2.08
 -37614.179     9.683     2.12    1.75
 -37238.044    10.550     2.30    1.78
 -36861.908    11.258     1.88    1.39
 -36485.772    11.499     0.64    1.60
 -36109.636    11.892     1.05    1.84
 -35733.501    11.750    -0.38    2.31
 -35357.364    11.794     0.12    2.63
 -34981.228    11.976     0.48    2.39
 -34605.092    12.291     0.84    3.61
 -34228.956    10.617    -4.45    5.62
 -33852.819     7.181    -9.13    8.63
 -33476.682     4.971    -5.88    9.45
 -33100.546     5.735     2.03   10.19
 -32724.409     9.797    10.80   10.05
 -32348.272    14.694    13.02    6.02
 -31972.135    16.211     4.03    2.71
 -31595.997    15.561    -1.73    2.31
 -31219.860    14.804    -2.01    2.62
 -30843.722    13.966    -2.23    2.63
 -30467.585    13.669    -0.79    2.42
 -30091.447    14.041     0.99    2.60
 -29715.309    14.356     0.84    3.01
 -29339.171    14.603     0.66    3.24
 -28963.032    15.100     1.32    3.52
 -28586.894    14.540    -1.49    4.00
 -28210.755    15.182     1.71    3.75
 -27834.617    16.182     2.66    3.94
 -27458.478    16.840     1.75    2.52
 -27082.339    16.899     0.16    2.51
 -26706.199    17.129     0.61    2.57
 -26330.060    13.656    -9.23    7.69
 -25953.921     7.906   -15.29   10.78
 -25577.781     0.841   -18.78    9.38
 -25201.641    -3.412   -11.31    5.13
 -24825.501    -4.844    -3.81    0.00
 -24449.361    -4.844     0.00    0.00
 -24073.221    -4.844     0.00    0.00
 -23697.080    -4.844     0.00    0.00
 -23320.939    -4.075     2.05    3.54
 -22944.799    -3.450     1.66    5.08
 -22568.658    -3.682    -0.62    4.94
 -22192.516    -4.409    -1.93    2.72
 -21816.375    -4.844    -1.16    0.00
 -21440.233    -4.844     0.00    0.00
 -21064.092    -4.844     0.00    0.00
 -20687.950    -4.844     0.00    0.00
 -20311.808    -4.844     0.00    0.00
 -19935.665    -4.844     0.00    0.00
 -19559.523    -3.739     2.94    4.33
 -19183.380    -1.563     5.79    7.19
 -18807.237     2.079     9.68    9.55
 -18431.094     7.912    15.51   11.02
 -18054.951    11.711    10.10    9.94
 -17678.808    14.291     6.86    7.47
 -17302.664    15.517     3.26    5.49
 -16926.520    15.682     0.44    3.61
 -16550.376    14.056    -4.32    3.19
 -16174.232    13.966    -0.24    2.87
 -15798.088    13.540    -1.13    3.18
 -15421.943    13.361    -0.48    2.49
 -15045.798    13.309    -0.14    2.68
 -14669.653    12.588    -1.92    3.28
 -14293.508    12.591     0.01    3.35
 -13917.362    12.966     1.00    3.31
 -13541.217    12.372    -1.58    3.74
 -13165.071    12.183    -0.50    3.79
 -12788.925    12.097    -0.23    3.95
 -12412.778    11.489    -1.62    3.94
 -12036.632    10.694    -2.11    4.01
 -11660.485    11.183     1.30    3.72
 -11284.338    11.524     0.91    3.25
 -10908.191    12.211     1.83    2.78
 -10532.043    13.182     2.58    3.01
 -10155.895    15.079     5.04    3.67
  -9779.747    14.669    -1.09    6.37
  -9403.599    12.366    -6.12    8.94
  -9027.451    11.761    -1.61    9.35
  -8651.302    12.361     1.59    8.00
  -8275.153    13.939     4.20    7.28
  -7899.004    14.976     2.76    5.86
  -7522.855    15.361     1.02    4.84
  -7146.705    15.453     0.25    4.42
  -6770.556    16.264     2.16    3.65
  -6394.405    17.507     3.31    3.70
  -6018.255    17.720     0.57    3.12
  -5642.105    17.874     0.41    3.39
  -5265.954    18.527     1.74    3.18
  -4889.803    18.027    -1.33    3.33
  -4513.651    17.669    -0.95    3.45
  -4137.500    16.739    -2.47    6.27
  -3761.348    15.392    -3.58    8.05
  -3385.196    14.392    -2.66    8.48
  -3009.043    15.419     2.73    8.03
  -2632.891    17.340     5.11    6.67
  -2256.738    19.681     6.22    3.40
  -1880.585    19.850     0.45    5.00
  -1504.431    17.431    -6.43    8.90
  -1128.297    15.540    -5.03   10.74
   -752.198    13.850    -4.49   11.92
   -376.099     9.318   -12.05   13.05
     -0.000     4.642   -12.43   12.12
    376.099     4.615    -0.07   12.13
    752.199     6.950     6.21   12.23
   1128.299    11.696    12.62   11.88
   1504.399    18.106    17.04    8.28
   1880.500    18.976     2.31    7.39
   2256.601    14.561   -11.74   11.34
   2632.702    10.103   -11.85   13.11
   3008.803     3.950   -16.36   12.14
   3384.905    -1.239   -13.80    8.56
   3761.007    -4.372    -8.33    2.83
   4137.110    -4.844    -1.26    0.00
   4513.212    -4.844     0.00    0.00
   4889.315    -4.844     0.00    0.00
   5265.418    -4.844     0.00    0.00
   5641.522    -4.844     0.00    0.00
   6017.626    -4.844     0.00    0.00
   6393.730    -4.844     0.00    0.00
   6769.834    -4.844     0.00    0.00
   7145.939    -4.844     0.00    0.00
   7522.044    -4.844     0.00    0.00
   7898.149    -4.844     0.00    0.00
   8274.255    -4.844     0.00    0.00
   8650.361    -4.844     0.00    0.00
   9026.467    -4.844     0.00    0.00
   9402.574    -4.555     0.77    1.78
   9778.681    -1.921     7.00    7.56
  10154.788    -0.011     5.08    9.73
  10530.895     4.207    11.21   12.36
  10907.003     7.850     9.69   12.91
  11283.112    10.708     7.60   12.62
  11659.220    14.668    10.53   10.56
  12035.329    17.968     8.77    6.09
  12411.438    18.735     2.04    3.51
  12787.548    18.287    -1.19    3.65
  13163.657    17.723    -1.50    3.39
  13539.768    17.130    -1.58    3.54
  13915.878    16.885    -0.65    3.65
  14291.989    17.720     2.22    3.84
  14668.100    18.002     0.75    3.53
  15044.212    18.024     0.06    2.86
  15420.324    17.498    -1.40    2.52
  15796.436    16.848    -1.73    1.88
  16172.549    16.950     0.27    1.96
  16548.661    17.461     1.36    2.21
  16924.775    17.885     1.13    2.36
  17300.888    18.237     0.93    2.29
  17677.002    17.939    -0.79    2.38
  18053.117    18.318     1.01    2.01
  18429.231    17.999    -0.85    2.32
  18805.346    17.515    -1.29    1.99
  19181.462    17.309    -0.55    2.18
  19557.578    17.267    -0.11    2.44
  19933.694    16.489    -2.07    2.71
  20309.810    15.993    -1.32    2.87
  20685.927    16.235     0.64    2.78
  21062.044    16.182    -0.14    2.70
  21438.162    16.540     0.95    3.00
  21814.280    17.318     2.07    2.40
  22190.398    17.129    -0.50    2.72
  22566.517    17.331     0.54    2.85
  22942.636    16.628    -1.87    2.61
  23318.756    15.939    -1.83    2.64
  23694.876    15.777    -0.43    2.54
  24070.996    14.183    -4.24    2.03
  24447.117    13.210    -2.59    2.52
  24823.238    13.406     0.52    2.74
  25199.359    13.331    -0.20    2.73
  25575.481    14.258     2.47    3.47
  25951.603    15.723     3.90    3.63
  26327.726    16.643     2.44    3.36
  26703.848    16.264    -1.01    6.37
  27079.972    13.866    -6.37    8.40
  27456.096    12.668    -3.18    9.09
  27832.220    12.207    -1.23    8.98
  28208.344    12.933     1.93    9.06
  28584.469    14.524     4.23    8.06
  28960.595    17.694     8.43    3.62
  29336.720    17.961     0.71    3.00
  29712.847    17.515    -1.19    2.36
  30088.973    17.426    -0.24    2.67
  30465.100    17.264    -0.43    2.69
  30841.228    16.210    -2.80    2.96
  31217.356    15.378    -2.21    3.34
  31593.484    14.053    -3.52    3.04
  31969.612    13.381    -1.79    2.75
  32345.741    13.264    -0.31    2.84
  32721.871    13.232    -0.08    3.22
  33098.001    13.682     1.19    3.66
  33474.131    14.104     1.12    3.78
  33850.262    15.453     3.59    4.05
  34226.393    16.438     2.62    4.82
  34602.525    17.453     2.70    4.91
  34978.657    18.426     2.59    4.78
  35354.789    18.372    -0.14    4.03
  35730.922    16.441    -5.13    7.71
  36107.056    15.797    -1.71    8.30
  36483.190    13.899    -5.04    8.32
  36859.324    11.184    -7.22    9.53
  37235.458     5.966   -13.87   10.45
  37611.594     0.345   -14.95    8.89
  37987.729    -3.318    -9.74    5.12
  38363.865    -2.869     1.19    5.90
  38740.002     0.642     9.34    9.65
  39116.139     4.945    11.44   10.90
  39492.276     9.550    12.24   10.13
  39868.414    12.550     7.98    7.48
  40244.552    15.291     7.29    2.74
  40620.691    15.006    -0.76    2.74
  40996.830    14.550    -1.21    2.40
  41372.970    13.264    -3.42    3.00
  41749.110    12.264    -2.66    3.35
  42125.250    11.628    -1.69    3.40
  42501.391    11.925     0.79    3.55
  42877.533    12.027     0.27    3.72
  43253.675    13.070     2.77    3.05
  43629.817    13.445     1.00    2.51
  44005.960    13.588     0.38    1.97
  44382.103    13.406    -0.49    2.09
  44758.247    13.745     0.90    2.04
  45134.392    14.480     1.95    1.75
  45510.536    15.156     1.80    1.59
  45886.682    15.392     0.63    1.67
  46262.827    15.831     1.16    1.75
  46638.974    15.993     0.43    1.42
  47015.120    16.306     0.83    1.69
  47391.268    17.027     1.92    2.12
  47767.415    17.600     1.52    2.20
  48143.564    18.804     3.20    2.23
  48519.712    19.615     2.16    2.26
  48895.861    20.372     2.01    1.97
  49272.011    21.104     1.95    2.04
  49648.161    21.298     0.52    1.85
  50024.312    21.284    -0.04    2.08
  50400.463    21.287     0.01    2.17
  50776.615    21.156    -0.35    2.10
  51152.767    20.566    -1.57    2.16
  51528.920    19.998    -1.51    1.79
  51905.073    19.366    -1.68    1.61
  52281.227    18.392    -2.59    1.44
  52657.381    18.002    -1.04    1.25
  53033.536    17.615    -1.03    1.54
  53409.691    18.002     1.03    1.69
  53785.846    17.731    -0.72    1.81
  54162.003    17.527    -0.54    1.77
  54538.160    17.210    -0.84    1.84
  54914.317    16.183    -2.73    1.55
  55290.475    16.345     0.43    2.26
  55666.633    15.210    -3.02    5.52
  56042.792    11.878    -8.86    9.15
  56418.951     7.781   -10.89   11.17
  56795.111     4.617    -8.41   10.60
  57171.272     5.561     2.51   10.29
  57547.433     8.498     7.81   10.26
  57923.594    13.682    13.78    7.28
  58299.756    15.848     5.76    2.48
  58675.919    16.074     0.60    2.11
  59052.082    15.540    -1.42    2.39
  59428.246    14.211    -3.53    2.41
  59804.410    13.386    -2.19    2.08
  60180.575    12.617    -2.04    1.92
  60556.740    12.406    -0.56    1.81
  60932.906    11.813    -1.57    1.94
  61309.072    11.020    -2.11    2.19
  61685.239     9.993    -2.73    2.58
  62061.407     9.237    -2.01    3.00
  62437.575     9.017    -0.58    3.16
  62813.743     9.419     1.07    3.24
  63189.912     9.976     1.48    2.85
  63566.082    10.885     2.42    2.16
  63942.252    10.797    -0.24    1.80
  64318.423    10.643    -0.41    1.54
  64694.595    11.566     2.45    2.66
  65070.767    12.777     3.22    2.94
  65446.939    13.899     2.98    2.73
  65823.112    15.020     2.98    1.86
  66199.286    13.761    -3.35    3.34
  66575.460    12.372    -3.69    5.11
  66951.635     9.937    -6.47    5.22
  67327.810     8.643    -3.44    5.15
  67703.986     7.577    -2.83    4.10
  68080.163     6.989    -1.56    3.36
  68456.340     8.668     4.46    4.12
  68832.518    11.461     7.42    4.96
  69208.696    10.668    -2.11    7.13
  69584.875    11.892     3.25    8.53
  69961.054    13.750     4.94    8.75
  70337.234    15.445     4.51    8.53
  70713.415    18.232     7.41    4.73
  71089.596    20.856     6.97    5.91
  71465.778    24.399     9.42    6.86
  71841.961    26.745     6.24    6.21
  72218.144    29.498     7.32    3.86
  72594.327    28.804    -1.84    3.32
  72970.511    28.237    -1.51    3.25
  73346.696    27.327    -2.42    4.22
  73722.882    24.361    -7.89    4.91
  74098.980    21.881    -6.59    4.04
  74475.041    20.767    -2.96    3.38
  74851.102    20.925     0.42    3.40
  75227.164    20.433    -1.31    3.35
  75603.227    19.761    -1.79    3.35
  75979.290    18.822    -2.50    3.62
  76355.354    17.682    -3.03    3.01
  76731.418    17.813     0.35    3.13
  77107.483    17.976     0.43    3.76
  77483.549    19.306     3.54    3.61
  77859.615    20.156     2.26    4.18
  78235.682    20.556     1.06    3.91
  78611.750    21.866     3.48    4.71
  78987.818    24.129     6.02    5.05
  79363.887    25.615     3.95    4.57
  79739.957    27.239     4.32    3.73
  80116.027    26.438    -2.13    4.18
  80492.097    24.556    -5.00    4.47
  80868.169    24.507    -0.13    4.20
  81244.241    23.481    -2.73    3.72
  81620.314    22.735    -1.98    4.02
  81996.387    21.840    -2.38    4.12
  82372.461    22.156     0.84    4.84
  82748.535    23.284     3.00    5.79
  83124.611    24.906     4.31    5.91
  83500.686    27.322     6.43    5.49
  83876.763    29.463     5.69    4.09
  84252.840    30.898     3.82    3.24
  84628.918    31.104     0.55    3.15
  85004.997    29.566    -4.09    4.17
  85381.076    28.433    -3.01    4.07
  85757.155    28.750     0.84    4.04
  86133.236    29.210     1.22    3.88
  86509.317    29.656     1.19    3.19
  86885.399    29.130    -1.40    3.19
  87261.481    28.912    -0.58    3.36
  87637.564    29.489     1.53    2.79
  88013.648    29.445    -0.12    3.45
  88389.733    27.708    -4.62    4.97
  88765.818    25.047    -7.07    6.05
  89141.904    21.156   -10.35    6.03
  89517.990    17.629    -9.38    3.94
  89894.077    17.322    -0.82    2.92
  90270.165    16.998    -0.86    2.83
  90646.253    15.739    -3.35    4.16
  91022.343    14.668    -2.85    5.21
  91398.433    13.335    -3.55    5.41
  91774.523    14.428     2.91    5.85
  92150.614    17.615     8.47    5.57
  92526.706    20.264     7.04    4.11
  92902.799    21.993     4.60    1.86
  93278.892    22.745     2.00    2.00
  93654.986    23.102     0.95    2.07
  94031.081    22.515    -1.56    4.73
  94407.176    21.104    -3.75    6.80
  94783.272    20.284    -2.18    8.01
  95159.369    21.129     2.25    7.30
  95535.467    20.412    -1.91    7.64
  95911.565    21.313     2.40    6.72
  96287.664    21.739     1.13    7.06
  96663.763    22.885     3.05    5.84
  97039.864    24.600     4.56    2.37
  97415.965    24.696     0.26    1.77
  97792.066    25.130     1.15    1.78
  98168.169    25.531     1.07    2.01
  98544.272    25.103    -1.14    2.36
  98920.376    24.603    -1.33    2.90
  99296.480    24.878     0.73    2.30
  99672.586    25.412     1.42    2.15
 100048.692    25.885     1.26    2.41
 100424.798    24.925    -2.55    3.94
 100800.906    24.024    -2.40    4.62
 101177.014    23.925    -0.26    4.46
 101553.123    21.831    -5.57    6.11
 101929.233    20.103    -4.60    7.35
 102305.343    20.361     0.69    7.01
 102681.454    21.017     1.74    6.70
 103057.566    20.642    -1.00    7.93
 103433.679    18.399    -5.96   10.19
 103809.792    17.156    -3.31   10.12
 104185.906    17.561     1.08    9.86
 104562.021    17.956     1.05    8.90
 104938.136    21.581     9.64    4.57
 105314.253    22.735     3.07    2.67
 105690.370    20.723    -5.35    5.11
 106066.488    17.515    -8.53    6.91
 106442.606    14.313    -8.51    6.80
 106818.725    13.471    -2.24    6.91
 107194.845    13.313    -0.42    6.95
 107570.966    12.925    -1.03    6.78
 107947.088    14.572     4.38    6.75
 108323.210    14.550    -0.06    6.25
 108699.333    15.456     2.41    5.71
 109075.457    16.841     3.68    4.95
 109451.582    16.777    -0.17    4.69
 109827.707    15.615    -3.09    5.00
 110203.833    14.453    -3.09    4.34
 110579.960    13.723    -1.94    4.07
 110956.088    13.739     0.04    3.31
 111332.216    14.720     2.61    3.53
 111708.345    15.591     2.32    3.32
 112084.475    16.102     1.36    3.67
 112460.606    14.656    -3.84    4.64
 112836.738    12.617    -5.42    5.98
 113212.870    11.566    -2.79    6.18
 113589.003    11.318    -0.66    6.88
 113965.137    11.643     0.86    6.35
 114341.272    13.294     4.39    5.76
 114717.407    14.840     4.11    5.70
 115093.543    15.813     2.59    4.94
 115469.680    17.843     5.40    4.98
 115845.818    18.643     2.13    4.76
 116221.957    18.831     0.50    5.01
 116598.096    20.294     3.89    4.57
 116974.237    21.534     3.30    3.43
 117350.378    21.878     0.91    3.13
 117726.519    20.971    -2.41    3.92
 118102.662    18.181    -7.42    5.73
 118478.805    17.047    -3.01    5.82
 118854.950    16.566    -1.28    5.96
 119231.095    16.771     0.55    6.44
 119607.241    15.463    -3.48    6.76
 119983.387    14.588    -2.33    6.20
 120359.535    15.386     2.12    5.94
 120735.683    15.507     0.32    6.01
 121111.832    18.291     7.40    6.10
 121487.982    20.237     5.17    4.73
 121864.133    22.861     6.98    2.26
 122240.284    22.771    -0.24    1.93
 122616.437    22.617    -0.41    2.10
 122992.590    22.406    -0.56    2.45
 123368.744    21.998    -1.08    3.21
 123744.899    22.239     0.64    3.32
 124121.054    22.945     1.88    3.15
 124497.211    23.797     2.26    2.30
 124873.368    24.318     1.39    2.29
 125249.527    24.235    -0.22    2.46
 125625.686    23.919    -0.84    2.71
 126001.845    24.181     0.70    2.76
 126378.006    23.696    -1.29    3.66
 126754.168    23.258    -1.16    3.72
 127130.330    22.874    -1.02    3.71
 127506.493    22.615    -0.69    3.96
 127882.657    22.831     0.57    3.88
 128258.822    23.102     0.72    3.95
 128634.988    22.720    -1.02    4.06
 129011.155    21.053    -4.43    4.53
 129387.322    19.298    -4.66    5.31
 129763.490    18.002    -3.45    4.55
 130139.660    18.561     1.49    4.77
 130515.830    20.711     5.72    5.23
 130892.000    22.866     5.73    4.09
 131268.172    24.735     4.97    2.60
 131644.345    25.181     1.19    2.80
 132020.518    24.445    -1.96    2.96
 132396.693    24.156    -0.77    2.97
 132772.868    23.128    -2.73    3.36
 133149.044    22.081    -2.78    4.23
 133525.221    20.591    -3.96    4.67
 133901.399    18.794    -4.78    5.71
 134277.578    17.020    -4.72    5.48
 134653.757    15.047    -5.24    5.14
 135029.938    14.426    -1.65    5.11
 135406.119    14.232    -0.51    6.40
 135782.301    13.696    -1.43    7.40
 136158.484    11.531    -5.76    8.65
 136534.668     9.566    -5.22    8.79
 136910.853     6.020    -9.42    8.58
 137287.039     2.445    -9.50    7.47
 137663.225    -0.691    -8.34    5.00
 138039.413    -2.371    -4.47    2.61
 138415.601    -2.844    -1.26    0.00
 138791.791    -2.844     0.00    0.00
 139167.981    -2.844     0.00    0.00
 139544.172    -2.844     0.00    0.00
 139920.364    -2.844     0.00    0.00
 140296.557    -2.844     0.00    0.00
 140672.751    -0.736     5.60    5.50
 141048.946     1.264     5.32    6.97
 141425.141     3.313     5.45    8.36
 141801.338     5.366     5.46    8.84
 142177.535     7.183     4.83    9.94
 142553.734    10.130     7.83   10.18
 142929.933    13.079     7.84    9.01
 143306.133    15.615     6.74    8.62
 143682.334    15.723     0.29    9.03
 144058.536    12.682    -8.08   10.47
 144434.739    11.335    -3.58   10.16
 144810.943    11.711     1.00   10.38
 145187.148    15.566    10.25   11.26
 145563.354    21.294    15.23    7.72
 145939.560    22.550     3.34    6.70
 146315.768    22.566     0.04    6.08
 146691.976    20.437    -5.66    6.37
 147068.186    20.208    -0.61    6.30
 147444.396    20.993     2.09    6.20
 147820.608    19.885    -2.95    8.00
 148196.820    21.104     3.24    7.57
 148573.033    21.885     2.08    8.52
 148949.237    23.874     5.29    5.54
 149325.262    24.745     2.32    2.78
 149701.288    25.372     1.67    2.06
 150077.315    25.050    -0.85    2.22
 150453.343    25.181     0.35    2.40
 150829.372    24.643    -1.43    2.63
 151205.401    24.777     0.36    3.06
 151581.432    25.340     1.50    3.07
 151957.464    26.372     2.74    2.86
 152333.497    25.939    -1.15    2.98
 152709.530    25.534    -1.08    3.37
 153085.565    23.843    -4.50    4.18
 153461.600    22.361    -3.94    5.49
 153837.637    21.925    -1.16    6.12
 154213.674    22.794     2.31    5.40
 154589.713    24.438     4.37    4.52
 154965.752    25.561     2.99    3.97
 155341.792    26.156     1.58    3.59
 155717.834    26.735     1.54    3.67
 156093.876    26.813     0.21    3.85
 156469.919    25.939    -2.32    4.23
 156845.964    24.156    -4.74    4.55
 157222.009    22.131    -5.39    4.18
 157598.055    20.794    -3.55    2.70
 157974.102    20.912     0.31    2.80
 158350.150    21.750     2.23    2.65
 158726.199    21.696    -0.14    2.67
 159102.250    19.939    -4.67    4.71
 159478.301    17.756    -5.81    6.03
 159854.353    16.881    -2.33    6.10
 160230.406    16.566    -0.84    6.07
 160606.460    16.696     0.35    5.27
 160982.515    18.232     4.09    5.36
 161358.571    19.047     2.17    5.65
 161734.628    20.392     3.58    5.61
 162110.686    23.002     6.94    4.11
 162486.745    21.976    -2.73    4.73
 162862.805    22.600     1.66    4.99
 163238.866    23.182     1.55    5.11
 163614.929    24.207     2.73    5.20
 163990.992    26.156     5.18    4.44
