# NaN NaN NaN ;Mean Elev.(m), Avg Gradient(m/km), RMS Gradient(m/km) - SRTM1     
#   75.303  -0.317   5.729 ;Mean Elev.(m), Avg Gradient(m/km), RMS Gradient(m/km) - ASTER GDEM
#   63.113  -0.342   5.992 ;Mean Elev.(m), Avg Gradient(m/km), RMS Gradient(m/km) - GMTED2010 
  8    64.335 52499.60877786 36.04 290.208449  -4.372419  5.162
  8    64.288 52499.60877850 35.44 290.207719  -4.375729  5.162
  8    64.141 52499.60877915 35.47 290.206999  -4.379029  5.162
  8    64.223 52499.60877979 35.37 290.206269  -4.382329  5.162
  8    64.251 52499.60878044 34.48 290.205532  -4.385642  4.719
  8    64.374 52499.60878108 34.52 290.204812  -4.388942  4.719
  9    60.054 52534.60876522 35.89 290.204631  -4.370363 10.804
  9    60.208 52534.60876586 37.01 290.203901  -4.373663 10.804
  9    60.036 52534.60876650 38.36 290.203171  -4.376973 10.804
  9    60.254 52534.60876715 39.79 290.202451  -4.380273 10.804
  9    60.215 52534.60876779 42.40 290.201721  -4.383583 10.804
  9    60.204 52534.60876844 40.75 290.200991  -4.386883 10.804
  9    60.211 52534.60876908 37.00 290.200261  -4.390193 10.804
 10    64.735 52569.60879513 28.95 290.208114  -4.371091  8.545
 10    59.772 52569.60879577 27.89 290.207384  -4.374401  8.545
 10    59.574 52569.60879642 25.73 290.206654  -4.377701  8.545
 10    59.137 52569.60879706 23.58 290.205924  -4.381001  8.545
 10    59.351 52569.60879771 23.02 290.205202  -4.384314  7.926
 10    59.307 52569.60879835 22.91 290.204472  -4.387614  7.926
 11    65.124 52604.60877655 32.80 290.206434  -4.371482  4.813
 11    64.846 52604.60877719 32.82 290.205704  -4.374782  4.813
 11    65.032 52604.60877784 32.69 290.204968  -4.378086  7.909
 11    65.148 52604.60877848 36.25 290.204238  -4.381396  7.909
 11    65.125 52604.60877913 38.69 290.203518  -4.384696  7.909
 11    65.222 52604.60877977 32.85 290.202788  -4.388006  7.909
 12    65.987 52639.60875864 31.86 290.205502  -4.370306  7.003
 12    65.563 52639.60875929 32.83 290.204772  -4.373606  7.003
 12    65.495 52639.60875993 33.74 290.204042  -4.376916  7.003
 12    65.690 52639.60876058 33.88 290.203322  -4.380216  7.003
 12    65.913 52639.60876122 33.65 290.202592  -4.383526  7.003
 12    65.926 52639.60876187 33.56 290.201862  -4.386826  7.003
 12    65.994 52639.60876251 34.62 290.201132  -4.390136  7.003
 13    65.155 52674.60875416 25.15 290.207639  -4.372559  6.918
 13    64.138 52674.60875481 24.95 290.206909  -4.375869  6.918
 13    63.781 52674.60875545 24.70 290.206179  -4.379169  6.918
 13    63.839 52674.60875610 24.07 290.205449  -4.382479  6.918
 13    64.148 52674.60875674 23.60 290.204719  -4.385779  6.918
 13    64.455 52674.60875738 23.26 290.203989  -4.389089  6.918
 14    66.237 52709.60877015 40.94 290.207028  -4.369648 12.653
 14    66.234 52709.60877080 44.57 290.206308  -4.372948 12.653
 14    66.110 52709.60877144 34.81 290.205578  -4.376258 12.653
 14    65.892 52709.60877209 31.73 290.204848  -4.379558 12.653
 14    65.383 52709.60877273 32.37 290.204118  -4.382868 12.653
 14    65.004 52709.60877338 31.06 290.203388  -4.386168 12.653
 14    66.276 52709.60877402 30.12 290.202658  -4.389478 12.653
 16    67.807 52779.60873466 35.86 290.205875  -4.370897 15.293
 16    67.459 52779.60873531 36.03 290.205145  -4.374207 15.293
 16    67.463 52779.60873595 35.20 290.204415  -4.377507 15.293
 16    67.656 52779.60873660 40.08 290.203685  -4.380817 15.293
 16    67.699 52779.60873724 44.49 290.202955  -4.384117 15.293
 16    67.639 52779.60873789 47.01 290.202235  -4.387427 15.293
 16    67.842 52779.60873853 48.95 290.201505  -4.390727 15.293
 17    67.528 52814.60881826 37.00 290.204519  -4.369916 13.738
 17    67.458 52814.60881890 39.30 290.203789  -4.373226 13.738
 17    67.344 52814.60881955 39.05 290.203069  -4.376526 13.738
 17    67.346 52814.60882019 36.78 290.202339  -4.379836 13.738
 17    67.505 52814.60882084 40.91 290.201609  -4.383136 13.738
 17    67.464 52814.60882148 43.46 290.200879  -4.386446 13.738
 17    67.468 52814.60882213 48.08 290.200149  -4.389746 13.738
 18    63.127 52849.60887126 36.92 290.207019  -4.372127 10.553
 18    62.815 52849.60887190 34.73 290.206289  -4.375427 10.553
 18    62.590 52849.60887255 36.49 290.205559  -4.378737 10.553
 18    62.983 52849.60887319 37.12 290.204839  -4.382037 10.553
 18    63.017 52849.60887384 41.12 290.204109  -4.385347 10.553
 18    63.098 52849.60887448 41.06 290.203379  -4.388647 10.553
 19    60.209 52884.60890634 32.96 290.204508  -4.370246 14.011
 19    59.653 52884.60890699 35.46 290.203778  -4.373556 14.011
 19    60.441 52884.60890763 39.70 290.203048  -4.376856 14.011
 19    59.990 52884.60890828 37.63 290.202318  -4.380166 14.011
 19    60.342 52884.60890892 41.33 290.201598  -4.383466 14.011
 19    60.343 52884.60890957 43.76 290.200868  -4.386776 14.011
 19    60.367 52884.60891021 44.35 290.200138  -4.390076 14.011
 20    60.034 52919.60886294 35.94 290.208470  -4.372149  7.089
 20    59.991 52919.60886359 26.77 290.207740  -4.375459  7.089
 20    59.597 52919.60886423 23.07 290.207010  -4.378759  7.089
 20    59.282 52919.60886488 21.91 290.206280  -4.382069  7.089
 20    58.701 52919.60886552 23.94 290.205560  -4.385369  7.089
 20    57.973 52919.60886617 21.69 290.204830  -4.388679  7.089
 21    62.913 52954.60882682 41.30 290.211912  -4.374344 13.315
 21    62.215 52954.60882746 34.63 290.211182  -4.377654 13.315
 21    62.427 52954.60882811 41.58 290.210452  -4.380954 13.315
 21    62.395 52954.60882875 42.72 290.209732  -4.384264 13.315
 21    62.338 52954.60882940 44.95 290.209002  -4.387564 13.315
 22    63.857 52989.60883699 31.18 290.215390  -4.374661  7.418
 22    63.328 52989.60883764 32.04 290.214660  -4.377961  7.418
 22    63.432 52989.60883828 33.56 290.213930  -4.381271  7.418
 22    63.605 52989.60883893 36.34 290.213200  -4.384571  7.418
 23    66.544 53024.60881658 32.13 290.215212  -4.372808 10.124
 23    66.235 53024.60881723 25.19 290.214476  -4.376123  9.957
 23    65.982 53024.60881787 26.06 290.213746  -4.379423  9.957
 23    66.370 53024.60881852 24.10 290.213026  -4.382723  9.957
 23    66.599 53024.60881916 23.88 290.212296  -4.386033  9.957
 24    64.250 53059.60881527 27.57 290.216079  -4.373226  7.915
 24    64.199 53059.60881592 16.34 290.215349  -4.376536  7.915
 24    63.534 53059.60881656 15.03 290.214619  -4.379836  7.915
 24    62.628 53059.60881721 14.48 290.213889  -4.383146  7.915
 24    63.679 53059.60881785 14.27 290.213159  -4.386446  7.915
 25    65.363 53094.60885143 32.04 290.202396  -4.365953  8.316
 25    65.220 53094.60885208 32.37 290.201676  -4.369253  8.316
 25    65.282 53094.60885272 31.28 290.200946  -4.372563  8.316
 25    65.269 53094.60885336 31.69 290.200216  -4.375863  8.316
 25    65.140 53094.60885401 30.41 290.199486  -4.379173  8.316
 25    65.135 53094.60885465 28.63 290.198756  -4.382473  8.316
 25    65.127 53094.60885530 27.14 290.198026  -4.385783  8.316
 25    65.252 53094.60885594 26.76 290.197296  -4.389083  8.316
 26    65.766 53129.60882412 37.42 290.212889  -4.373591  7.167
 26    65.453 53129.60882477 31.60 290.212159  -4.376891  7.167
 26    65.389 53129.60882541 31.74 290.211429  -4.380201  7.167
 26    65.462 53129.60882606 30.90 290.210699  -4.383501  7.167
 26    65.772 53129.60882670 30.34 290.209969  -4.386811  7.167
 28    65.035 53199.60889465 35.06 290.207594  -4.371928  9.562
 28    64.831 53199.60889529 33.00 290.206864  -4.375238  9.562
 28    64.654 53199.60889594 32.69 290.206144  -4.378538  9.562
 28    64.579 53199.60889658 30.87 290.205414  -4.381848  9.562
 28    64.446 53199.60889723 30.55 290.204684  -4.385148  9.562
 28    65.231 53199.60889787 27.19 290.203954  -4.388458  9.562
 29    58.495 53234.60886480 22.24 290.215808  -4.374618  7.081
 29    60.213 53234.60886544 21.22 290.215078  -4.377918  7.081
 29    59.606 53234.60886609 21.21 290.214348  -4.381228  7.081
 29    58.745 53234.60886673 20.20 290.213618  -4.384528  7.081
 30    60.668 53269.60882909 32.10 290.206920  -4.369776  7.369
 30    60.422 53269.60882974 34.11 290.206190  -4.373076  7.369
 30    60.499 53269.60883038 32.74 290.205460  -4.376386  7.369
 30    60.258 53269.60883103 32.90 290.204730  -4.379686  7.369
 30    60.297 53269.60883167 31.75 290.204000  -4.382986  7.369
 30    60.399 53269.60883231 29.67 290.203270  -4.386296  7.369
 30    60.724 53269.60883296 28.70 290.202540  -4.389596  7.369
 31    61.507 53304.60889069 35.14 290.200805  -4.367877 14.018
 31    61.785 53304.60889134 38.43 290.200075  -4.371177 14.018
 31    61.715 53304.60889198 44.38 290.199345  -4.374477 14.018
 31    61.629 53304.60889263 34.45 290.198615  -4.377787 14.018
 31    61.286 53304.60889327 31.58 290.197885  -4.381087 14.018
 31    60.771 53304.60889392 30.07 290.197161  -4.384399  8.099
 31    60.446 53304.60889456 26.24 290.196431  -4.387699  8.099
 31    61.526 53304.60889521 25.27 290.195701  -4.391009  8.099
 32    65.132 53339.60885972 35.43 290.207418  -4.370556 12.765
 32    64.967 53339.60886037 22.83 290.206688  -4.373856 12.765
 32    64.553 53339.60886101 19.48 290.205958  -4.377166 12.765
 32    64.337 53339.60886166 20.39 290.205228  -4.380466 12.765
 32    64.738 53339.60886230 20.52 290.204508  -4.383766 12.765
 32    65.007 53339.60886295 19.96 290.203771  -4.387079 12.158
 32    65.269 53339.60886359 30.52 290.203041  -4.390379 12.158
 33    64.663 53374.60879118 43.88 290.211181  -4.371007  9.348
 33    64.596 53374.60879182 34.25 290.210451  -4.374317  9.348
 33    64.232 53374.60879247 31.17 290.209721  -4.377617  9.348
 33    64.325 53374.60879311 31.11 290.209001  -4.380927  9.348
 33    64.528 53374.60879376 30.19 290.208271  -4.384227  9.348
 33    64.832 53374.60879440 32.00 290.207541  -4.387527  9.348
 34    62.304 53409.60883405 30.17 290.210312  -4.372583  4.744
 34    62.090 53409.60883469 30.28 290.209582  -4.375883  4.744
 34    61.905 53409.60883534 30.89 290.208852  -4.379193  4.744
 34    62.207 53409.60883598 31.27 290.208122  -4.382493  4.744
 34    62.357 53409.60883663 30.76 290.207400  -4.385805  5.646
 34    62.354 53409.60883727 30.07 290.206670  -4.389105  5.646
 35    66.296 53444.60881707 35.96 290.208635  -4.371603 11.902
 35    66.194 53444.60881771 29.55 290.207905  -4.374903 11.902
 35    65.791 53444.60881836 22.47 290.207185  -4.378213 11.902
 35    65.602 53444.60881900 22.98 290.206455  -4.381513 11.902
 35    65.874 53444.60881965 21.59 290.205725  -4.384813 11.902
 35    66.280 53444.60882029 21.09 290.204993  -4.388127 12.292
 36    66.683 53479.60889575 32.72 290.201978  -4.369021 11.088
 36    66.706 53479.60889639 34.17 290.201248  -4.372321 11.088
 36    66.822 53479.60889703 39.38 290.200518  -4.375621 11.088
 36    66.690 53479.60889768 33.10 290.199795  -4.378934 12.130
 36    66.440 53479.60889832 28.24 290.199065  -4.382234 12.130
 36    66.128 53479.60889897 28.45 290.198335  -4.385534 12.130
 36    66.531 53479.60889961 26.20 290.197605  -4.388844 12.130
 37    66.646 53514.60890281 36.93 290.208058  -4.370059  8.205
 37    66.549 53514.60890346 35.95 290.207328  -4.373359  8.205
 37    66.476 53514.60890410 33.39 290.206598  -4.376669  8.205
 37    66.289 53514.60890474 31.75 290.205868  -4.379969  8.205
 37    66.082 53514.60890539 33.52 290.205138  -4.383269  8.205
 37    66.273 53514.60890603 32.18 290.204419  -4.386582  6.544
 37    66.628 53514.60890668 30.58 290.203689  -4.389882  6.544
 38    64.665 53549.60892189 26.58 290.203318  -4.367695  8.588
 38    64.481 53549.60892253 21.72 290.202588  -4.370995  8.588
 38    63.622 53549.60892318 21.83 290.201868  -4.374305  8.588
 38    63.365 53549.60892382 24.17 290.201138  -4.377605  8.588
 38    63.231 53549.60892447 21.44 290.200410  -4.380917 10.503
 38    63.094 53549.60892511 19.80 290.199680  -4.384217 10.503
 38    63.166 53549.60892576 18.40 290.198950  -4.387517 10.503
 38    63.344 53549.60892640 22.00 290.198220  -4.390827 10.503
 39    59.871 53584.60888513 34.16 290.209093  -4.373641  7.012
 39    59.399 53584.60888578 36.09 290.208363  -4.376941  7.012
 39    59.610 53584.60888642 35.45 290.207633  -4.380241  7.012
 39    59.686 53584.60888706 36.48 290.206913  -4.383551  7.012
 39    59.715 53584.60888771 34.37 290.206183  -4.386851  7.012
 40    55.790 53619.60884131 34.31 290.205581  -4.370971 10.710
 40    55.703 53619.60884196 36.42 290.204851  -4.374281 10.710
 40    56.027 53619.60884260 39.66 290.204121  -4.377581 10.710
 40    56.149 53619.60884325 46.92 290.203401  -4.380881 10.710
 40    56.177 53619.60884389 48.67 290.202671  -4.384191 10.710
 40    56.143 53619.60884454 46.97 290.201941  -4.387491 10.710
 40    56.052 53619.60884518 48.04 290.201210  -4.390805  7.437
 41    55.869 53654.60886784 31.63 290.206835  -4.370525  4.944
 41    56.054 53654.60886848 32.71 290.206105  -4.373835  4.944
 41    56.078 53654.60886913 33.86 290.205375  -4.377135  4.944
 41    56.051 53654.60886977 39.20 290.204652  -4.380447 11.072
 41    56.253 53654.60887042 43.79 290.203922  -4.383747 11.072
 41    56.297 53654.60887106 42.69 290.203192  -4.387057 11.072
 41    56.334 53654.60887170 40.63 290.202462  -4.390357 11.072
 42    62.721 53689.60886299 19.29 290.205074  -4.371464  7.250
 42    62.686 53689.60886364 19.61 290.204344  -4.374764  7.250
 42    62.528 53689.60886428 19.92 290.203614  -4.378074  7.250
 42    62.253 53689.60886492 20.04 290.202884  -4.381374  7.250
 42    62.145 53689.60886557 18.51 290.202164  -4.384674  7.250
 42    62.582 53689.60886621 17.34 290.201425  -4.387987 10.146
 43    60.556 53724.60878751 33.71 290.210515  -4.373103  7.222
 43    60.474 53724.60878815 34.80 290.209795  -4.376403  7.222
 43    60.821 53724.60878880 34.05 290.209065  -4.379713  7.222
 43    60.861 53724.60878944 36.56 290.208335  -4.383013  7.222
 43    60.997 53724.60879009 39.44 290.207605  -4.386323  7.222
 44    63.985 53759.60872994 45.58 290.214864  -4.371789  6.924
 44    63.986 53759.60873059 38.36 290.214134  -4.375099  6.924
 44    63.728 53759.60873123 33.75 290.213404  -4.378399  6.924
 44    63.647 53759.60873187 35.25 290.212679  -4.381711  5.425
 44    63.984 53759.60873252 33.73 290.211949  -4.385011  5.425
 45    65.966 53794.60874905 28.48 290.211523  -4.373077 12.311
 45    65.561 53794.60874969 21.85 290.210793  -4.376377 12.311
 45    65.500 53794.60875034 17.22 290.210073  -4.379687 12.311
 45    65.718 53794.60875098 18.86 290.209343  -4.382987 12.311
 45    65.997 53794.60875163 19.82 290.208607  -4.386300 12.979
 46    67.323 53829.60872521 30.24 290.210623  -4.373601 15.680
 46    67.183 53829.60872586 22.87 290.209896  -4.376912 11.617
 46    66.805 53829.60872650 22.95 290.209166  -4.380212 11.617
 46    67.062 53829.60872715 20.94 290.208436  -4.383522 11.617
 46    67.468 53829.60872779 21.72 290.207706  -4.386822 11.617
 47    67.640 53864.60880408 24.76 290.204856  -4.371293 18.302
 47    67.320 53864.60880473 24.19 290.204126  -4.374603 18.302
 47    66.926 53864.60880537 24.18 290.203396  -4.377903 18.302
 47    67.115 53864.60880602 22.90 290.202666  -4.381213 18.302
 47    67.508 53864.60880666 22.62 290.201936  -4.384513 18.302
 47    67.842 53864.60880731 24.22 290.201206  -4.387823 18.302
 48    64.665 53899.60882925 29.59 290.207844  -4.370098  7.938
 48    63.967 53899.60882990 26.14 290.207114  -4.373408  7.938
 48    63.111 53899.60883054 28.39 290.206384  -4.376708  7.938
 48    62.989 53899.60883119 27.14 290.205663  -4.380021 12.462
 48    63.162 53899.60883183 36.69 290.204933  -4.383321 12.462
 48    63.115 53899.60883248 37.42 290.204203  -4.386621 12.462
 48    63.100 53899.60883312 37.93 290.203473  -4.389931 12.462
 49    60.770 53934.60887187 29.99 290.199513  -4.363982 14.356
 49    60.773 53934.60887251 31.89 290.198783  -4.367292 14.356
 49    60.919 53934.60887316 35.04 290.198053  -4.370592 14.356
 49    60.932 53934.60887380 38.16 290.197323  -4.373902 14.356
 49    60.838 53934.60887445 36.34 290.196593  -4.377202 14.356
 49    60.598 53934.60887509 32.14 290.195863  -4.380512 14.356
 49    60.339 53934.60887574 29.89 290.195133  -4.383812 14.356
 49    60.360 53934.60887638 28.03 290.194403  -4.387112 14.356
 49    60.763 53934.60887703 25.19 290.193673  -4.390422 14.356
 50    58.014 53969.60884302 29.89 290.203358  -4.369329 13.328
 50    58.255 53969.60884367 32.72 290.202628  -4.372639 13.328
 50    57.904 53969.60884431 33.50 290.201898  -4.375939 13.328
 50    58.004 53969.60884496 35.86 290.201168  -4.379249 13.328
 50    58.115 53969.60884560 39.12 290.200438  -4.382549 13.328
 50    58.212 53969.60884625 37.59 290.199708  -4.385859 13.328
 50    58.179 53969.60884689 35.98 290.198978  -4.389159 13.328
 51    57.642 54004.60881747 30.45 290.209768  -4.372752  7.889
 51    57.408 54004.60881812 31.45 290.209038  -4.376052  7.889
 51    57.529 54004.60881876 33.57 290.208308  -4.379362  7.889
 51    57.439 54004.60881941 31.62 290.207578  -4.382662  7.889
 51    57.189 54004.60882005 30.63 290.206848  -4.385962  7.889
 51    57.012 54004.60882070 29.47 290.206118  -4.389272  7.889
 52    59.159 54039.60884974 35.08 290.211005  -4.371250 10.693
 52    59.401 54039.60885039 36.82 290.210275  -4.374550 10.693
 52    59.351 54039.60885103 37.48 290.209545  -4.377860 10.693
 52    59.699 54039.60885168 39.74 290.208815  -4.381160 10.693
 52    59.804 54039.60885232 43.44 290.208085  -4.384460 10.693
 52    59.783 54039.60885297 45.39 290.207355  -4.387770 10.693
 53    63.165 54074.60884426 18.16 290.208991  -4.371278  5.405
 53    63.137 54074.60884491 15.88 290.208261  -4.374578  5.405
 53    63.068 54074.60884555 16.31 290.207531  -4.377888  5.405
 53    63.086 54074.60884620 15.95 290.206801  -4.381188  5.405
 53    63.120 54074.60884684 15.29 290.206071  -4.384498  5.405
 53    63.372 54074.60884749 15.86 290.205341  -4.387798  5.405
 54    66.415 54109.60878890 30.87 290.207346  -4.372150  7.454
 54    66.502 54109.60878954 32.23 290.206626  -4.375460  7.454
 54    66.469 54109.60879019 30.93 290.205896  -4.378760  7.454
 54    66.388 54109.60879083 31.07 290.205166  -4.382070  7.454
 54    66.449 54109.60879148 30.22 290.204436  -4.385370  7.454
 54    66.524 54109.60879212 29.52 290.203706  -4.388680  7.454
 55    67.299 54144.60878201 35.95 290.207776  -4.370108 12.336
 55    66.993 54144.60878265 25.84 290.207046  -4.373418 12.336
 55    66.732 54144.60878329 24.74 290.206316  -4.376718 12.336
 55    66.747 54144.60878394 23.88 290.205586  -4.380018 12.336
 55    66.710 54144.60878458 23.63 290.204856  -4.383328 12.336
 55    66.988 54144.60878523 22.45 290.204126  -4.386628 12.336
 55    67.348 54144.60878587 26.44 290.203396  -4.389938 12.336
 56    65.762 54179.60877376 33.13 290.207845  -4.369920  5.830
 56    65.516 54179.60877441 32.38 290.207115  -4.373220  5.830
 56    65.524 54179.60877505 32.17 290.206381  -4.376534  8.125
 56    65.356 54179.60877570 33.52 290.205651  -4.379834  8.125
 56    65.439 54179.60877634 32.51 290.204931  -4.383144  8.125
 56    65.558 54179.60877699 31.21 290.204201  -4.386444  8.125
 56    65.669 54179.60877763 41.64 290.203471  -4.389744  8.125
 57    67.072 54214.60878944 25.57 290.206953  -4.370406 10.191
 57    66.962 54214.60879008 23.81 290.206223  -4.373706 10.191
 57    66.751 54214.60879073 24.03 290.205493  -4.377016 10.191
 57    66.678 54214.60879137 23.10 290.204773  -4.380316 10.191
 57    66.908 54214.60879202 23.62 290.204043  -4.383626 10.191
 57    67.130 54214.60879266 22.78 290.203313  -4.386926 10.191
 57    67.203 54214.60879331 31.61 290.202583  -4.390236 10.191
 58    66.737 54249.60881740 25.61 290.206932  -4.372546 11.912
 58    66.579 54249.60881805 21.10 290.206202  -4.375846 11.912
 58    66.365 54249.60881869 21.89 290.205472  -4.379156 11.912
 58    66.421 54249.60881934 21.68 290.204752  -4.382456 11.912
 58    66.800 54249.60881998 19.27 290.204022  -4.385766 11.912
 58    67.056 54249.60882063 27.15 290.203292  -4.389066 11.912
 59    63.338 54284.60882533 30.57 290.208830  -4.372226  5.311
 59    63.213 54284.60882598 31.37 290.208100  -4.375536  5.311
 59    63.188 54284.60882662 31.13 290.207370  -4.378836  5.311
 59    63.198 54284.60882727 30.32 290.206640  -4.382146  5.311
 59    63.381 54284.60882791 29.65 290.205920  -4.385446  5.311
 59    63.527 54284.60882855 29.09 290.205190  -4.388756  5.311
 60    59.817 54319.60882249 30.15 290.209475  -4.371976  5.622
 60    59.648 54319.60882313 31.08 290.208745  -4.375276  5.622
 60    59.662 54319.60882377 31.58 290.208015  -4.378586  5.622
 60    59.638 54319.60882442 31.90 290.207285  -4.381886  5.622
 60    59.571 54319.60882506 31.83 290.206555  -4.385196  5.622
 60    59.736 54319.60882571 30.20 290.205835  -4.388496  5.622
 61    58.166 54354.60878504 32.17 290.209640  -4.370459  7.133
 61    57.954 54354.60878569 33.15 290.208910  -4.373759  7.133
 61    57.989 54354.60878633 34.52 290.208180  -4.377069  7.133
 61    58.019 54354.60878698 34.76 290.207450  -4.380369  7.133
 61    57.876 54354.60878762 34.22 290.206720  -4.383679  7.133
 61    57.983 54354.60878827 34.86 290.205990  -4.386979  7.133
 62    57.338 54389.60876289 30.18 290.208911  -4.371415  4.654
 62    57.419 54389.60876353 30.81 290.208191  -4.374715  4.654
 62    57.281 54389.60876418 32.15 290.207461  -4.378028  6.972
 62    57.386 54389.60876482 33.22 290.206731  -4.381328  6.972
 62    57.372 54389.60876547 34.27 290.206001  -4.384638  6.972
 62    57.543 54389.60876611 34.94 290.205271  -4.387938  6.972
 63    63.147 54424.60873574 33.32 290.208101  -4.372668  6.617
 63    63.226 54424.60873639 33.18 290.207371  -4.375978  6.617
 63    63.041 54424.60873703 34.72 290.206651  -4.379278  6.617
 63    62.845 54424.60873767 33.94 290.205921  -4.382578  6.617
 63    63.124 54424.60873832 32.81 290.205184  -4.385882  4.398
 63    63.438 54424.60873896 31.32 290.204454  -4.389192  4.398
 64    63.448 54459.60873846 43.76 290.208716  -4.371537  9.955
 64    63.414 54459.60873910 37.03 290.207992  -4.374850  9.867
 64    63.082 54459.60873974 34.88 290.207262  -4.378150  9.867
 64    62.650 54459.60874039 35.51 290.206532  -4.381460  9.867
 64    62.284 54459.60874103 34.47 290.205802  -4.384760  9.867
 64    61.694 54459.60874168 32.93 290.205072  -4.388060  9.867
 65    66.219 54494.60874066 25.40 290.209123  -4.372133 11.056
 65    65.907 54494.60874130 19.97 290.208403  -4.375433 11.056
 65    65.574 54494.60874195 21.64 290.207667  -4.378746  9.623
 65    65.676 54494.60874259 20.53 290.206937  -4.382046  9.623
 65    66.029 54494.60874324 20.44 290.206217  -4.385356  9.623
 65    66.314 54494.60874388 22.32 290.205487  -4.388656  9.623
 66    66.785 54529.60875132 27.70 290.209791  -4.372156 11.325
 66    66.483 54529.60875197 23.58 290.209071  -4.375456 11.325
 66    66.110 54529.60875261 21.90 290.208341  -4.378766 11.325
 66    66.465 54529.60875326 20.33 290.207611  -4.382066 11.325
 66    66.809 54529.60875390 20.59 290.206881  -4.385376 11.325
 66    66.909 54529.60875455 21.17 290.206151  -4.388676 11.325
 67    67.139 54564.60874659 31.35 290.208694  -4.370494 11.541
 67    67.006 54564.60874724 24.88 290.207964  -4.373794 11.541
 67    66.661 54564.60874788 24.59 290.207234  -4.377104 11.541
 67    66.733 54564.60874853 24.07 290.206504  -4.380404 11.541
 67    66.940 54564.60874917 23.39 290.205784  -4.383714 11.541
 67    67.267 54564.60874982 23.10 290.205054  -4.387014 11.541
 68    67.339 54599.60874670 27.54 290.207722  -4.372415 16.366
 68    67.008 54599.60874734 22.49 290.206992  -4.375725 16.366
 68    66.715 54599.60874799 22.38 290.206262  -4.379025 16.366
 68    67.138 54599.60874863 21.74 290.205542  -4.382335 16.366
 68    67.360 54599.60874928 22.40 290.204812  -4.385635 16.366
 68    67.469 54599.60874992 27.12 290.204082  -4.388945 16.366
 69    64.910 54634.60875949 21.39 290.206554  -4.371773 13.432
 69    64.315 54634.60876014 17.21 290.205824  -4.375083 13.432
 69    63.759 54634.60876078 16.28 290.205104  -4.378383 13.432
 69    63.617 54634.60876143 16.33 290.204374  -4.381693 13.432
 69    63.781 54634.60876207 16.03 290.203644  -4.384993 13.432
 69    63.972 54634.60876272 19.06 290.202914  -4.388303 13.432
 70    62.201 54669.60876371 29.55 290.207057  -4.371468  7.153
 70    61.960 54669.60876436 31.01 290.206327  -4.374768  7.153
 70    62.083 54669.60876500 31.79 290.205597  -4.378078  7.153
 70    61.626 54669.60876565 32.59 290.204877  -4.381378  7.153
 70    61.509 54669.60876629 33.57 290.204147  -4.384688  7.153
 70    61.520 54669.60876694 32.82 290.203417  -4.387988  7.153
 71    58.169 54704.60872675 32.13 290.210038  -4.370791  9.543
 71    58.133 54704.60872739 34.01 290.209308  -4.374101  9.543
 71    58.356 54704.60872804 34.94 290.208578  -4.377401  9.543
 71    58.455 54704.60872868 36.05 290.207848  -4.380711  9.543
 71    58.354 54704.60872933 35.43 290.207118  -4.384011  9.543
 71    58.228 54704.60872997 33.73 290.206388  -4.387321  9.543
 72    63.607 54739.60872692 22.50 290.207987  -4.371990  7.380
 72    60.264 54739.60872757 22.39 290.207267  -4.375290  7.380
 72    60.255 54739.60872821 22.48 290.206537  -4.378600  7.380
 72    60.168 54739.60872886 22.78 290.205807  -4.381900  7.380
 72    60.082 54739.60872950 20.24 290.205077  -4.385210  7.380
 72    59.691 54739.60873015 21.46 290.204347  -4.388510  7.380
 73    60.766 54774.60870858 33.43 290.209545  -4.371189 11.330
 73    60.721 54774.60870922 34.96 290.208815  -4.374499 11.330
 73    60.878 54774.60870987 36.24 290.208085  -4.377799 11.330
 73    60.584 54774.60871051 32.67 290.207355  -4.381109 11.330
 73    60.442 54774.60871116 31.40 290.206635  -4.384409 11.330
 73    60.646 54774.60871180 31.14 290.205905  -4.387719 11.330
 74    63.888 54809.60871962 43.89 290.207759  -4.369960 12.742
 74    63.927 54809.60872026 47.80 290.207029  -4.373270 12.742
 74    63.873 54809.60872091 45.67 290.206309  -4.376570 12.742
 74    63.857 54809.60872155 38.06 290.205579  -4.379880 12.742
 74    63.620 54809.60872220 37.81 290.204849  -4.383180 12.742
 74    63.562 54809.60872284 35.53 290.204119  -4.386490 12.742
 74    63.905 54809.60872349 34.57 290.203389  -4.389790 12.742
 75    62.908 54844.60870725 37.84 290.207973  -4.373330 12.946
 75    62.969 54844.60870790 41.13 290.207243  -4.376630 12.946
 75    62.837 54844.60870854 40.46 290.206513  -4.379940 12.946
 75    62.928 54844.60870919 38.88 290.205793  -4.383240 12.946
 75    62.983 54844.60870983 36.24 290.205063  -4.386550 12.946
 75    63.097 54844.60871048 35.74 290.204333  -4.389850 12.946
 76    67.125 54879.60872383 22.85 290.206440  -4.371544 13.180
 76    66.802 54879.60872448 20.15 290.205710  -4.374854 13.180
 76    66.305 54879.60872512 22.09 290.204980  -4.378154 13.180
 76    66.537 54879.60872576 21.61 290.204250  -4.381464 13.180
 76    66.953 54879.60872641 20.90 290.203520  -4.384764 13.180
 76    67.242 54879.60872705 21.50 290.202790  -4.388074 13.180
 77    67.894 54914.60871082 22.95 290.206306  -4.372646 12.294
 77    67.614 54914.60871147 23.30 290.205576  -4.375956 12.294
 77    67.105 54914.60871211 24.44 290.204846  -4.379256 12.294
 77    67.574 54914.60871276 22.60 290.204116  -4.382566 12.294
 77    67.921 54914.60871340 23.03 290.203396  -4.385866 12.294
 77    68.343 54914.60871404 23.08 290.202666  -4.389176 12.294
 79    68.440 54984.60874047 31.94 290.206467  -4.369327 16.557
 79    68.028 54984.60874111 23.86 290.205737  -4.372637 16.557
 79    67.513 54984.60874176 24.63 290.205017  -4.375937 16.557
 79    67.940 54984.60874240 23.67 290.204287  -4.379247 16.557
 79    68.088 54984.60874305 23.95 290.203557  -4.382547 16.557
 79    68.229 54984.60874369 24.28 290.202827  -4.385857 16.557
 79    68.453 54984.60874434 27.71 290.202097  -4.389157 16.557
 80    65.841 55019.60873676 24.19 290.208682  -4.373331  9.389
 80    65.693 55019.60873740 24.17 290.207952  -4.376631  9.389
 80    65.659 55019.60873804 24.01 290.207222  -4.379941  9.389
 80    65.838 55019.60873869 23.46 290.206502  -4.383241  9.389
 80    66.104 55019.60873933 22.24 290.205772  -4.386551  9.389
 80    66.163 55019.60873998 24.17 290.205042  -4.389851  9.389
 81    64.987 55054.60873218 25.86 290.209462  -4.370933  9.771
 81    64.979 55054.60873283 17.38 290.208732  -4.374243  9.771
 81    64.257 55054.60873347 18.13 290.208002  -4.377543  9.771
 81    63.250 55054.60873412 17.69 290.207272  -4.380853  9.771
 81    61.902 55054.60873476 19.13 290.206552  -4.384153  9.771
 81    63.141 55054.60873540 18.75 290.205822  -4.387463  9.771
 82    64.976 55089.60869301 19.45 290.207573  -4.372205  9.421
 82    63.839 55089.60869365 15.67 290.206843  -4.375505  9.421
 82    63.379 55089.60869430 13.11 290.206113  -4.378815  9.421
 82    62.489 55089.60869494 12.21 290.205383  -4.382115  9.421
 82    61.043 55089.60869559 12.73 290.204653  -4.385425  9.421
 82    62.805 55089.60869623 12.86 290.203923  -4.388725  9.421
 83    61.018 55124.60867029 30.46 290.208985  -4.370669  6.271
 83    60.975 55124.60867094 31.79 290.208265  -4.373969  6.271
 83    60.917 55124.60867158 33.05 290.207535  -4.377279  6.271
 83    60.771 55124.60867223 32.53 290.206805  -4.380579  6.271
 83    60.687 55124.60867287 33.24 290.206075  -4.383889  6.271
 83    60.898 55124.60867351 32.30 290.205345  -4.387189  6.271
 84    60.077 55159.60865384 32.73 290.207432  -4.371390 10.369
 84    60.067 55159.60865449 33.91 290.206702  -4.374690 10.369
 84    60.105 55159.60865513 32.84 290.205972  -4.378000 10.369
 84    59.843 55159.60865578 33.02 290.205242  -4.381300 10.369
 84    59.700 55159.60865642 32.29 290.204512  -4.384610 10.369
 84    59.577 55159.60865707 30.06 290.203792  -4.387910 10.369
 85    65.996 55194.60866058 24.30 290.207249  -4.372708 11.015
 85    65.826 55194.60866122 20.00 290.206529  -4.376008 11.015
 85    65.925 55194.60866186 19.98 290.205799  -4.379318 11.015
 85    65.883 55194.60866251 20.46 290.205069  -4.382618 11.015
 85    66.140 55194.60866315 20.42 290.204339  -4.385928 11.015
 85    66.393 55194.60866380 21.43 290.203609  -4.389228 11.015
 86    65.047 55229.60865667 26.84 290.207219  -4.371634  9.076
 86    64.042 55229.60865731 23.75 290.206489  -4.374934  9.076
 86    63.932 55229.60865796 23.13 290.205759  -4.378244  9.076
 86    63.646 55229.60865860 22.28 290.205039  -4.381544  9.076
 86    63.384 55229.60865925 21.72 290.204309  -4.384854  9.076
 86    63.727 55229.60865989 20.48 290.203579  -4.388154  9.076
 87    65.234 55264.60865555 24.54 290.208577  -4.371744  7.424
 87    65.041 55264.60865620 23.85 290.207857  -4.375044  7.424
 87    65.055 55264.60865684 24.49 290.207127  -4.378354  7.424
 87    64.913 55264.60865749 25.98 290.206397  -4.381654  7.424
 87    65.074 55264.60865813 25.55 290.205667  -4.384964  7.424
 87    65.181 55264.60865878 25.21 290.204937  -4.388264  7.424
 88    66.451 55299.60863840 23.74 290.209088  -4.371955 11.289
 88    65.972 55299.60863904 18.52 290.208358  -4.375265 11.289
 88    65.688 55299.60863969 19.08 290.207628  -4.378565 11.289
 88    65.913 55299.60864033 18.88 290.206898  -4.381875 11.289
 88    66.284 55299.60864097 18.01 290.206168  -4.385175 11.289
 88    66.638 55299.60864162 18.76 290.205438  -4.388485 11.289
 89    66.693 55334.60863284 31.66 290.207071  -4.372272 10.154
 89    66.526 55334.60863349 33.09 290.206341  -4.375572 10.154
 89    66.599 55334.60863413 34.28 290.205611  -4.378882 10.154
 89    66.789 55334.60863478 34.86 290.204891  -4.382182 10.154
 89    66.982 55334.60863542 39.16 290.204161  -4.385492 10.154
 89    66.944 55334.60863607 40.83 290.203431  -4.388792 10.154
 90    64.321 55369.60862402 27.11 290.208614  -4.372525  6.811
 90    64.310 55369.60862467 27.52 290.207884  -4.375825  6.811
 90    64.165 55369.60862531 27.68 290.207154  -4.379135  6.811
 90    64.245 55369.60862596 27.74 290.206434  -4.382435  6.811
 90    64.441 55369.60862660 26.43 290.205704  -4.385745  6.811
 90    64.594 55369.60862724 32.03 290.204974  -4.389045  6.811
 91    61.709 55404.60864044 27.26 290.209097  -4.370578  4.717
 91    61.594 55404.60864109 24.89 290.208367  -4.373878  4.717
 91    61.572 55404.60864173 24.50 290.207637  -4.377188  4.717
 91    61.393 55404.60864238 22.77 290.206917  -4.380488  4.717
 91    61.219 55404.60864302 22.40 290.206187  -4.383798  4.717
 91    61.171 55404.60864367 22.47 290.205457  -4.387098  4.717
 92    56.013 55439.60864187 28.44 290.209618  -4.371304  9.469
 92    56.041 55439.60864252 29.80 290.208888  -4.374614  9.469
 92    55.954 55439.60864316 31.94 290.208158  -4.377914  9.469
 92    56.265 55439.60864381 36.52 290.207428  -4.381224  9.469
 92    56.250 55439.60864445 34.81 290.206708  -4.384524  9.469
 92    56.103 55439.60864510 28.24 290.205978  -4.387834  9.469
 93    55.558 55474.60858817 29.67 290.209370  -4.371707 10.207
 93    55.801 55474.60858882 31.27 290.208640  -4.375007 10.207
 93    55.877 55474.60858946 32.47 290.207910  -4.378307 10.207
 93    55.895 55474.60859011 38.74 290.207180  -4.381617 10.207
 93    56.010 55474.60859075 38.95 290.206450  -4.384917 10.207
 93    55.729 55474.60859139 33.08 290.205720  -4.388227 10.207
