# NaN NaN NaN ;Mean Elev.(m), Avg Gradient(m/km), RMS Gradient(m/km) - SRTM1     
#   34.226  -0.222   8.344 ;Mean Elev.(m), Avg Gradient(m/km), RMS Gradient(m/km) - ASTER GDEM
#   45.035  -0.610   4.289 ;Mean Elev.(m), Avg Gradient(m/km), RMS Gradient(m/km) - GMTED2010 
  7 292.754342  -2.571403    49.226    49.226 11 52477.60246220 50.361
  8 292.758327  -2.618524    47.345    47.379 19 52512.60241347 49.852
  9 292.756009  -2.581520    43.227    43.165 15 52547.60244586 46.178
 10 292.757077  -2.591482    45.831    45.862 16 52582.60245451 50.466
 11 292.755710  -2.572552    48.980    48.977 11 52617.60242407 39.905
 12 292.758226  -2.615489    49.614    49.561 19 52652.60240653 25.564
 13 292.757163  -2.592596    49.133    49.185 16 52687.60240018 36.930
 14 292.756432  -2.584358    50.329    50.392 15 52722.60244613 32.471
 15 292.749155  -2.565381    51.331    51.331 11 52757.60246433 49.146
 16 292.757174  -2.591987    51.583    51.669 17 52792.60242073 43.609
 17 292.757708  -2.599381    51.476    51.462 18 52827.60249032 30.273
 18 292.757872  -2.606508    48.144    48.305 19 52862.60253691 21.298
 19 292.756246  -2.578728    44.323    43.749 13 52897.60256144 48.598
 20 292.756374  -2.573441    46.395    46.291 10 52932.60250683 32.300
 21 292.756881  -2.589946    46.379    46.362 16 52967.60251510 44.925
 22 292.753238  -2.569286    48.433    48.507 11 53002.60253620 39.842
 23 292.755697  -2.573687    48.186    48.189 10 53037.60248612 39.079
 24 292.755946  -2.580717    47.433    47.260 13 53072.60251316 32.301
 25 292.756119  -2.572315    49.876    49.787 10 53107.60248624 40.626
 26 292.756265  -2.584306    49.964    50.077 14 53142.60252224 30.847
 27 292.757002  -2.590568    49.451    49.443 17 53177.60254693 50.185
 28 292.756852  -2.574640    49.428    49.427 10 53212.60256423 48.433
 29 292.756520  -2.590264    44.411    43.743 17 53247.60253585 45.148
 30 292.755823  -2.572468    45.635    44.833 10 53282.60252228 45.162
 31 292.757087  -2.595841    47.080    46.913 17 53317.60252936 21.531
 32 292.757883  -2.602142    48.623    48.594 19 53352.60249634 51.451
 33 292.756001  -2.583561    48.724    48.757 14 53387.60248579 45.908
 34 292.757958  -2.610788    48.634    48.710 19 53422.60249214 28.705
 35 292.757638  -2.600011    50.139    50.204 19 53457.60249526 32.366
 36 292.752966  -2.568176    51.152    51.204 11 53492.60257430 38.256
 37 292.757983  -2.601704    50.591    50.617 19 53527.60256014 51.441
 38 292.753632  -2.569636    48.067    47.990 10 53562.60258385 32.822
 39 292.757974  -2.599391    42.484    42.109 18 53597.60252907 46.008
 40 292.755017  -2.571636    43.295    43.524 11 53632.60251922 30.354
 41 292.754803  -2.572233    43.113    41.869 11 53667.60254184 48.740
 42 292.758077  -2.599803    46.530    46.544 19 53702.60249244 50.429
 44 292.758076  -2.606063    49.109    49.099 19 53772.60241408 44.246
 47 292.757318  -2.596110    51.479    51.533 17 53877.60246908 33.012
 48 292.753735  -2.570169    47.981    47.950 11 53912.60251591 35.251
 49 292.751659  -2.568642    47.349    47.335 11 53947.60253092 30.063
 50 292.756370  -2.582943    43.032    42.987 14 53982.60247604 49.530
 51 292.757054  -2.591839    42.675    42.379 16 54017.60250497 47.701
 52 292.758147  -2.617623    44.108    44.026 19 54052.60250549 38.091
 53 292.757163  -2.590657    47.849    48.083 17 54087.60249198 40.957
 54 292.756858  -2.588748    50.774    50.775 16 54122.60241494 52.116
 55 292.756363  -2.584981    49.732    49.844 14 54157.60245311 35.709
 56 292.756721  -2.588936    50.150    50.161 16 54192.60241468 50.551
 57 292.756927  -2.584361    51.116    51.226 14 54227.60246403 42.480
 58 292.757048  -2.587810    51.054    51.127 16 54262.60248403 43.571
 59 292.757173  -2.588416    47.849    47.840 15 54297.60248948 46.447
 60 292.757263  -2.592412    44.670    43.347 17 54332.60248004 41.442
 62 292.756851  -2.590122    45.894    46.277 17 54402.60242287 37.910
 63 292.756709  -2.584674    47.837    48.067 14 54437.60237891 43.678
 64 292.757256  -2.594508    49.073    49.181 18 54472.60240896 49.932
 65 292.756848  -2.589352    50.052    50.072 16 54507.60239108 50.301
 66 292.757036  -2.592268    50.817    50.839 16 54542.60242283 46.316
 67 292.756683  -2.589864    50.861    50.976 17 54577.60239297 41.748
 68 292.756844  -2.591462    51.018    51.116 17 54612.60241369 37.661
 69 292.756473  -2.586509    49.336    49.325 16 54647.60241986 51.954
 70 292.756799  -2.587723    46.634    46.112 15 54682.60242035 45.329
 71 292.757294  -2.590610    47.092    47.289 16 54717.60236893 26.137
 72 292.756806  -2.584837    43.813    43.147 14 54752.60239286 50.322
 73 292.756636  -2.587723    46.628    46.531 16 54787.60235898 49.394
 74 292.756648  -2.590623    47.548    47.507 17 54822.60238773 48.306
 75 292.757058  -2.590293    49.117    49.437 16 54857.60235552 41.703
 76 292.756293  -2.582700    51.235    51.256 15 54892.60238948 47.484
 77 292.756385  -2.583882    51.233    51.319 14 54927.60235163 25.757
 78 292.756288  -2.585807    52.051    52.213 16 54962.60238852 38.662
 79 292.756262  -2.578225    52.385    52.370 13 54997.60240850 49.788
 80 292.756541  -2.584983    50.945    50.937 14 55032.60239905 48.725
 81 292.756915  -2.591420    46.787    46.530 16 55067.60238866 41.594
 82 292.756317  -2.583737    43.122    41.849 15 55102.60232704 48.596
 83 292.756639  -2.588362    45.006    44.462 15 55137.60233521 35.996
 84 292.756946  -2.588531    46.537    46.487 15 55172.60229620 46.326
 85 292.756611  -2.587737    49.513    49.675 15 55207.60232926 43.247
 86 292.756821  -2.583793    48.948    49.091 14 55242.60230052 41.553
 87 292.756724  -2.586031    49.327    49.363 15 55277.60232233 42.733
 88 292.757150  -2.587966    50.862    50.874 16 55312.60228586 48.058
 89 292.756636  -2.591619    50.684    50.805 16 55347.60229385 44.711
 90 292.756590  -2.587591    47.852    47.737 15 55382.60228396 47.763
 91 292.756759  -2.590172    44.783    44.069 17 55417.60231220 46.454
 92 292.757116  -2.590719    40.879    40.110 17 55452.60229416 47.775
 93 292.757164  -2.592873    40.439    39.506 16 55487.60221685 38.205
