# NaN NaN NaN ;Mean Elev.(m), Avg Gradient(m/km), RMS Gradient(m/km) - SRTM1     
# NaN NaN NaN ;Mean Elev.(m), Avg Gradient(m/km), RMS Gradient(m/km) - ASTER GDEM
#    4.844   0.378   4.686 ;Mean Elev.(m), Avg Gradient(m/km), RMS Gradient(m/km) - GMTED2010 
  7 309.000418  -0.556784     2.674     2.674  2 52444.55816318 47.582
  8 309.006302  -0.555195     1.760     1.760  2 52479.55815585 17.024
  9 309.020138  -0.544385     2.071     2.053  5 52514.55810034 17.732
 10 309.007246  -0.555511     1.728     1.728  2 52549.55814788 15.640
 11 309.018991  -0.546649     1.465     1.444  5 52584.55813135 24.096
 12 309.008300  -0.555003     2.369     2.369  2 52619.55811171 19.154
 13 309.020601  -0.544935     0.824     0.688  5 52654.55809489 18.304
 14 309.011584  -0.554342     2.396     2.396  2 52689.55809175 21.229
 15 309.012420  -0.552836     2.526     2.484  3 52724.55813613 48.226
 16 308.999290  -0.557642     1.602     1.602  2 52759.55815622 40.134
 17 309.016802  -0.549488     2.172     2.174  4 52794.55810922 22.457
 18 309.019469  -0.545328     2.251     2.246  4 52829.55817548 19.433
 19 309.021764  -0.543598     1.864     1.871  6 52864.55821960 18.287
 20 309.010080  -0.553555     2.309     2.309  2 52899.55825094 19.252
 21 309.008964  -0.554156     1.123     1.128  3 52934.55819478 17.663
 22 309.011785  -0.552450     1.683     1.683  2 52969.55821011 17.154
 23 309.004215  -0.557475     2.281     2.281  2 53004.55822965 33.813
 24 309.007724  -0.554793     1.510     1.510  2 53039.55817840 19.295
 25 309.008143  -0.555425     2.550     2.550  2 53074.55820949 20.389
 26 309.005007  -0.555765     1.718     1.718  2 53109.55817916 24.261
 27 309.009644  -0.553746     1.940     1.940  2 53144.55821970 17.803
 28 309.015535  -0.549826     2.227     2.216  4 53179.55823366 20.906
 29 309.009447  -0.554454     1.840     1.840  2 53214.55825644 18.162
 30 309.011976  -0.552912     2.005     2.032  3 53249.55822574 20.626
 31 309.006162  -0.556289     2.310     2.344  3 53284.55822244 18.877
 32 309.019601  -0.545195     0.961     1.000  5 53319.55820851 15.678
 33 309.018957  -0.546484     1.853     1.818  5 53354.55817621 18.669
 34 309.010368  -0.554590     1.452     1.452  2 53389.55818191 43.138
 35 309.019213  -0.545550     1.423     1.325  5 53424.55817852 20.048
 36 309.019038  -0.545874     2.520     2.520  5 53459.55818345 50.091
 37 309.003755  -0.555597     1.496     1.496  2 53494.55827068 39.665
 38 309.019911  -0.544126     1.660     1.658  5 53529.55824342 18.548
 39 309.004857  -0.555909     2.349     2.410  3 53564.55827704 22.054
 40 309.015631  -0.549529     1.310     1.404  3 53599.55821717 17.861
 41 309.007317  -0.555628     1.920     1.920  2 53634.55821499 17.508
 42 309.005914  -0.555988     1.686     1.686  2 53669.55823688 15.945
 43 309.019595  -0.545645     1.116     1.124  4 53704.55817253 16.384
 44 309.018816  -0.546204     2.206     2.231  5 53739.55808256 29.068
 45 309.019381  -0.545433     1.208     1.187  5 53774.55810157 44.674
 46 309.016133  -0.549133     2.166     2.169  3 53809.55808588 21.575
 47 309.008906  -0.555485     2.470     2.470  2 53844.55812872 23.387
 48 309.016554  -0.549274     1.782     1.773  4 53879.55815652 20.820
 49 309.004036  -0.557499     2.053     2.053  2 53914.55821419 18.570
 50 309.002368  -0.555852     1.978     1.978  2 53949.55822478 22.076
 51 309.011608  -0.553232     1.596     1.505  3 53984.55816264 16.270
 52 309.013619  -0.551936     1.921     1.921  2 54019.55819719 20.438
 53 309.024511  -0.537487     1.320     1.326  7 54054.55818540 26.204
 54 309.013974  -0.551715     1.401     1.401  2 54089.55817806 17.290
 55 309.013698  -0.551962     2.635     2.635  2 54124.55810275 23.622
 56 309.011322  -0.552913     1.159     1.159  2 54159.55814454 21.411
 57 309.012772  -0.552737     2.128     2.117  3 54194.55810540 23.060
 58 309.012216  -0.553727     2.727     2.727  2 54229.55815629 48.949
 59 309.013208  -0.551863     1.661     1.661  2 54264.55817427 17.965
 60 309.014345  -0.550692     2.270     2.246  3 54299.55817803 23.450
 61 309.013737  -0.551534     2.215     2.195  3 54334.55816808 18.400
 63 309.012003  -0.554056     2.122     2.122  2 54404.55811287 19.012
 64 309.012462  -0.552211     1.070     1.070  2 54439.55806964 16.393
 65 309.014643  -0.550748     1.105     1.105  2 54474.55809880 22.629
 66 309.012915  -0.552866     2.743     2.743  2 54509.55808299 24.542
 67 309.013246  -0.552789     1.578     1.578  2 54544.55811332 19.893
 68 309.013963  -0.550834     2.070     2.011  3 54579.55808062 28.031
 69 309.014096  -0.551030     2.815     2.802  3 54614.55810289 22.057
 70 309.011105  -0.552826     1.435     1.435  2 54649.55811362 39.168
 71 309.012514  -0.552751     2.174     2.174  2 54684.55810945 22.494
 72 309.014471  -0.550372     1.809     1.796  3 54719.55805711 17.823
 73 309.011959  -0.553297     1.592     1.601  3 54754.55808403 17.225
 74 309.011519  -0.553065     2.337     2.411  3 54789.55805154 22.149
 75 309.013160  -0.552337     1.112     1.112  2 54824.55807888 17.436
 76 309.014078  -0.551488     1.965     1.915  3 54859.55804433 22.116
 77 309.010616  -0.554455     2.714     2.714  2 54894.55808139 21.650
 78 309.010929  -0.553377     1.949     1.949  2 54929.55804345 21.196
 79 309.011758  -0.553568     2.580     2.558  3 54964.55808052 21.733
 80 309.009358  -0.554273     2.543     2.563  3 54999.55810158 25.936
 81 309.013331  -0.551614     1.921     1.922  3 55034.55808701 20.453
 82 309.013017  -0.552282     2.505     2.475  3 55069.55807678 23.890
 83 309.010825  -0.553784     1.436     1.436  2 55104.55801830 16.357
 84 309.012731  -0.552332     1.544     1.544  2 55139.55802442 18.144
 85 309.013783  -0.552355     2.369     2.396  3 55174.55798471 20.590
 86 309.012244  -0.553345     1.483     1.483  2 55209.55802030 17.291
 87 309.011360  -0.554277     2.215     2.215  2 55244.55799206 20.119
 88 309.011844  -0.552946     2.469     2.473  3 55279.55801348 19.386
 89 309.011915  -0.553306     1.759     1.759  2 55314.55797800 28.199
 90 309.012977  -0.551962     2.377     2.377  2 55349.55798473 24.456
 91 309.011282  -0.553317     1.881     1.881  2 55384.55797754 21.044
 92 309.013640  -0.551552     2.043     2.043  2 55419.55800286 20.104
 93 309.012973  -0.552891     2.489     2.490  3 55454.55798157 19.565
 94 309.014168  -0.551547     0.442     0.414  3 55489.55790093 50.250
