# NaN NaN NaN ;Mean Elev.(m), Avg Gradient(m/km), RMS Gradient(m/km) - SRTM1     
#    3.585  -0.468   4.985 ;Mean Elev.(m), Avg Gradient(m/km), RMS Gradient(m/km) - ASTER GDEM
#    4.618  -0.378   3.890 ;Mean Elev.(m), Avg Gradient(m/km), RMS Gradient(m/km) - GMTED2010 
  7 302.452353  -2.409512    14.815    14.934 11 52477.07759052 25.340
  8 302.462371  -2.396139    13.929    13.693  8 52512.07753866 24.362
  9 302.455847  -2.400642    11.106    11.286 10 52547.07757040 25.279
 10 302.457037  -2.401180     7.708     7.201 10 52582.07758260 24.144
 11 302.453089  -2.406694     9.230     9.094 11 52617.07755345 20.268
 12 302.462304  -2.395471    11.198    10.487  9 52652.07753076 21.029
 13 302.457985  -2.399683    12.165    11.567  9 52687.07752537 17.227
 14 302.455887  -2.403347    12.135    12.115  9 52722.07757294 19.577
 15 302.446954  -2.415787    12.982    13.675 15 52757.07759306 26.972
 17 302.459673  -2.399671    14.759    14.839  9 52827.07761551 29.221
 18 302.460942  -2.397952    14.415    14.358  9 52862.07766113 38.273
 19 302.454639  -2.404935    12.438    12.404 10 52897.07768986 27.503
 20 302.453934  -2.407493     9.083     8.803 10 52932.07763621 16.525
 21 302.457724  -2.398945     8.238     8.144  9 52967.07763964 26.036
 22 302.450882  -2.409122     9.021     8.691 12 53002.07766461 16.132
 23 302.453490  -2.406696    11.120    11.209 11 53037.07761453 17.954
 24 302.455799  -2.405708    11.707    11.745  9 53072.07763867 20.039
 25 302.453455  -2.407179    12.705    12.765 10 53107.07761497 23.825
 26 302.455652  -2.400013    14.170    14.330 10 53142.07764839 34.628
 27 302.456767  -2.399981    13.916    14.145 10 53177.07767406 33.762
 28 302.454839  -2.406018    12.642    13.085  9 53212.07769264 25.822
 29 302.456638  -2.400531    11.688    11.576  9 53247.07766201 28.523
 30 302.454390  -2.406673     9.673     9.727 10 53282.07764908 22.445
 31 302.457825  -2.399304     7.943     7.997 10 53317.07765630 30.557
 32 302.460060  -2.399145     9.719     8.873  9 53352.07762182 21.310
 33 302.455634  -2.401376    10.536    10.499 10 53387.07761164 21.155
 34 302.462050  -2.395857    11.932    11.624  8 53422.07761443 26.514
 35 302.459778  -2.397916    13.731    13.663  9 53457.07761944 26.009
 36 302.450480  -2.409991    13.974    14.163 13 53492.07770278 27.310
 37 302.459717  -2.398111    15.009    15.063  9 53527.07768588 29.235
 38 302.450992  -2.409315    13.420    13.372 12 53562.07771274 27.987
 39 302.459430  -2.396663    12.456    11.729  9 53597.07765409 27.415
 40 302.453093  -2.407674     7.977     7.597 11 53632.07764724 19.923
 41 302.452990  -2.407600     5.254     4.749 10 53667.07766964 20.864
 42 302.459555  -2.398840    10.130     8.538  9 53702.07761842 15.702
 43 302.460147  -2.397031    10.883     9.742  9 53737.07752878 29.872
 44 302.461217  -2.396535    12.802    12.682  9 53772.07753717 30.965
 45 302.459201  -2.398556    13.979    14.248 10 53807.07752613 28.857
 47 302.458569  -2.399463    16.142    16.162  9 53877.07759462 34.611
 48 302.451579  -2.409082    14.506    14.018 12 53912.07764387 27.793
 49 302.449463  -2.412055    14.650    14.662 14 53947.07765963 35.443
 50 302.455273  -2.403652    10.717    10.974  9 53982.07760412 21.308
 51 302.457766  -2.398901     7.586     7.565  9 54017.07763063 24.487
 52 302.463363  -2.395592     7.306     7.372  8 54052.07762755 24.830
 53 302.457108  -2.399255    10.374    10.159 10 54087.07761868 27.063
 54 302.455797  -2.399904    10.264    10.649 10 54122.07754325 30.555
 55 302.455676  -2.401187    12.636    12.562 10 54157.07757990 25.773
 56 302.456094  -2.399835    12.935    13.017 10 54192.07754192 36.859
 57 302.455747  -2.400793    14.608    14.695 10 54227.07759150 36.269
 58 302.456820  -2.401569    14.936    15.046 10 54262.07761113 29.866
 59 302.456753  -2.399314    14.573    14.750 10 54297.07761590 31.213
 60 302.457500  -2.398855    13.385    13.365  9 54332.07760650 27.251
 61 302.455939  -2.399171     9.599     9.437 10 54367.07754840 25.662
 62 302.457205  -2.399879     6.865     7.037  9 54402.07754891 22.385
 63 302.455842  -2.400813     9.196     8.703 10 54437.07750578 19.718
 64 302.458544  -2.399071    10.916    10.974 10 54472.07753399 33.527
 65 302.456338  -2.399359    12.640    12.745 10 54507.07751791 29.448
 66 302.457720  -2.399831    14.510    14.598 10 54542.07754833 27.640
 67 302.456248  -2.400121    14.691    14.854 10 54577.07752008 34.163
 68 302.456970  -2.400114    15.231    15.403 10 54612.07754016 31.892
 69 302.456066  -2.401096    15.405    15.474 10 54647.07754665 33.588
 70 302.456365  -2.401430    13.790    13.870 10 54682.07754746 29.605
 71 302.457000  -2.399982    11.477    11.807 10 54717.07749636 24.992
 72 302.456084  -2.400220     8.000     7.959 10 54752.07751964 27.579
 73 302.456169  -2.399347     8.039     7.953 10 54787.07748577 27.136
 74 302.457114  -2.400048    10.346    10.305 10 54822.07751355 22.647
 75 302.457002  -2.399826    11.644    12.169 10 54857.07748231 25.848
 76 302.455821  -2.404228    13.483    13.653  9 54892.07751562 23.957
 77 302.455446  -2.403856    14.819    14.804  9 54927.07747939 27.374
 78 302.456152  -2.404356    16.007    15.988  8 54962.07751530 29.403
 79 302.455021  -2.406048    15.955    15.953  9 54997.07753594 28.067
 80 302.456003  -2.402185    15.644    15.889 10 55032.07752584 31.454
 81 302.457144  -2.400955    14.235    14.253 10 55067.07751544 27.826
 82 302.455464  -2.404433    11.546    11.495  8 55102.07745487 16.010
 83 302.456976  -2.401343     7.837     7.326 10 55137.07746103 23.230
 84 302.456408  -2.399516     7.992     6.455 10 55172.07742331 26.098
 85 302.456425  -2.400115    10.317    10.437 10 55207.07745573 34.023
 86 302.455699  -2.401584    11.028    10.686 10 55242.07742795 27.413
 87 302.456236  -2.401733    11.768    12.180 10 55277.07744879 22.722
 88 302.456087  -2.399502    14.086    14.267 10 55312.07741393 31.853
 89 302.457001  -2.400139    14.957    14.845  9 55347.07741966 27.478
 90 302.456448  -2.401510    14.350    14.486 10 55382.07741042 24.436
 91 302.456809  -2.399776    13.562    13.629 10 55417.07743866 38.537
 92 302.457008  -2.399884     9.770     9.454 10 55452.07742127 23.391
 93 302.457259  -2.399386     7.214     5.751 10 55487.07734363 26.425
