-169993.666    54.505     0.00    3.56
-169617.610    54.692     0.50    3.43
-169241.553    53.977    -1.90    4.06
-168865.495    53.608    -0.98    3.83
-168489.436    54.096     1.30    4.27
-168113.376    55.419     3.52    4.06
-167737.314    56.950     4.07    3.18
-167361.252    57.683     1.95    3.33
-166985.189    57.720     0.10    3.21
-166609.125    57.257    -1.23    3.43
-166233.060    56.149    -2.95    3.20
-165856.993    55.095    -2.80    2.51
-165480.926    54.203    -2.37    3.00
-165104.858    54.053    -0.40    2.91
-164728.789    53.708    -0.92    3.10
-164352.718    53.942     0.62    2.83
-163976.647    53.960     0.05    2.69
-163600.575    53.788    -0.46    3.24
-163224.501    53.187    -1.60    3.28
-162848.427    53.608     1.12    3.41
-162472.352    53.398    -0.56    3.72
-162096.275    53.019    -1.01    3.76
-161720.198    52.053    -2.57    4.13
-161344.119    50.135    -5.10    5.43
-160968.040    47.224    -7.74    6.21
-160591.959    44.094    -8.32    6.63
-160215.877    41.070    -8.04    7.01
-159839.795    37.203   -10.28    8.01
-159463.711    32.230   -13.22    7.44
-159087.626    28.771    -9.20    5.60
-158711.540    29.525     2.01    6.04
-158335.454    30.762     3.29    6.06
-157959.366    30.925     0.43    6.11
-157583.277    30.176    -1.99    6.55
-157207.187    30.967     2.10    5.75
-156831.096    30.950    -0.04    6.71
-156455.004    32.737     4.75    6.63
-156078.910    33.473     1.96    6.23
-155702.816    34.147     1.79    5.74
-155326.721    35.053     2.41    4.37
-154950.625    34.852    -0.53    4.32
-154574.527    34.662    -0.50    3.51
-154198.429    35.380     1.91    3.55
-153822.329    36.967     4.22    5.29
-153446.228    38.890     5.11    5.81
-153070.127    39.997     2.94    5.36
-152694.024    43.041     8.09    5.19
-152317.920    44.608     4.17    4.22
-151941.815    45.293     1.82    3.60
-151565.709    45.458     0.44    3.77
-151189.602    45.635     0.47    3.54
-150813.494    47.924     6.09    4.24
-150437.385    49.898     5.25    4.40
-150061.274    52.003     5.60    4.52
-149685.163    53.257     3.33    4.52
-149309.051    54.133     2.33    4.62
-148932.937    53.450    -1.82    4.73
-148556.822    54.338     2.36    4.45
-148180.707    55.608     3.38    4.52
-147804.590    58.151     6.76    4.76
-147428.472    60.660     6.67    4.89
-147052.353    60.737     0.20    4.90
-146676.233    61.386     1.73    4.73
-146300.111    62.793     3.74    5.70
-145923.989    65.473     7.13    6.95
-145547.865    70.365    13.01    7.42
-145171.741    73.408     8.09    7.50
-144795.615    75.149     4.63    7.21
-144419.488    76.872     4.58    7.22
-144043.360    77.003     0.35    8.51
-143667.231    80.378     8.97    9.25
-143291.101    85.446    13.48    7.83
-142914.970    88.333     7.68    6.98
-142538.838    90.685     6.25    5.76
-142162.704    87.886    -7.44    6.95
-141786.570    84.716    -8.43    8.11
-141410.434    80.257   -11.86    7.99
-141034.297    76.554    -9.84    6.76
-140658.159    74.403    -5.72    7.37
-140282.020    73.886    -1.37    8.07
-139905.880    72.685    -3.19    9.17
-139529.738    72.766     0.22    8.31
-139153.596    70.997    -4.70    8.50
-138777.452    68.172    -7.51    8.92
-138401.307    65.198    -7.91    8.45
-138025.161    62.687    -6.67    6.59
-137649.014    60.689    -5.31    7.12
-137272.866    59.993    -1.85    6.73
-136896.717    58.014    -5.26    4.75
-136520.566    57.019    -2.65    4.28
-136144.415    56.070    -2.52    4.84
-135768.262    55.923    -0.39    5.40
-135392.108    54.933    -2.63    5.09
-135015.953    52.662    -6.04    5.11
-134639.797    50.203    -6.54    4.40
-134263.639    48.766    -3.82    3.87
-133887.481    48.553    -0.57    3.45
-133511.321    48.633     0.21    4.63
-133135.160    48.661     0.07    5.16
-132758.998    48.338    -0.86    5.91
-132382.835    47.224    -2.96    6.02
-132006.670    47.924     1.86    7.64
-131630.505    48.950     2.73    8.02
-131254.338    48.311    -1.70    8.45
-130878.170    46.737    -4.19    7.15
-130502.001    45.053    -4.48    6.51
-130125.831    43.403    -4.39    6.12
-129749.660    41.737    -4.43    5.66
-129373.487    40.202    -4.08    4.70
-128997.313    38.771    -3.81    3.71
-128621.138    37.581    -3.16    2.81
-128244.962    36.798    -2.08    3.59
-127868.785    37.906     2.95    5.02
-127492.606    39.500     4.24    5.93
-127116.427    42.108     6.93    5.88
-126740.246    44.967     7.60    4.42
-126364.064    45.003     0.10    4.75
-125987.881    43.766    -3.29    4.61
-125611.696    42.224    -4.10    3.90
-125235.510    42.506     0.75    3.67
-124859.324    44.581     5.52    3.93
-124483.136    46.326     4.64    4.77
-124106.946    49.525     8.50    5.61
-123730.756    52.814     8.74    5.69
-123354.564    55.352     6.75    4.95
-122978.371    56.921     4.17    3.90
-122602.177    53.455    -9.21    8.25
-122225.982    45.845   -20.23   12.94
-121849.786    39.014   -18.16   15.16
-121473.588    31.003   -21.29   14.23
-121097.389    26.692   -11.46    9.87
-120721.189    29.865     8.43   10.11
-120344.987    35.275    14.38    7.87
-119968.785    38.771     9.29    3.19
-119592.581    40.147     3.66    2.55
-119216.376    40.224     0.20    2.32
-118840.170    39.711    -1.36    2.51
-118463.962    38.303    -3.74    4.06
-118087.754    37.301    -2.66    4.93
-117711.544    34.311    -7.95    8.00
-117335.333    30.740    -9.49   10.07
-116959.120    28.852    -5.02   10.59
-116582.907    28.046    -2.14   11.82
-116206.692    29.019     2.59   11.43
-115830.476    31.345     6.18   10.68
-115454.258    31.692     0.92   10.58
-115078.157    32.660     2.57   10.59
-114702.187    32.553    -0.28   10.65
-114326.217    31.070    -3.94   11.12
-113950.245    32.096     2.73   10.38
-113574.272    34.041     5.17   10.10
-113198.298    37.240     8.51    7.84
-112822.322    39.506     6.03    2.67
-112446.345    38.808    -1.85    2.71
-112070.367    37.635    -3.12    2.46
-111694.388    37.070    -1.50    2.16
-111318.407    36.766    -0.81    2.07
-110942.425    37.392     1.66    2.60
-110566.442    38.554     3.09    2.46
-110190.458    38.523    -0.08    2.87
-109814.472    38.096    -1.14    3.02
-109438.485    37.183    -2.43    3.94
-109062.497    36.771    -1.10    3.72
-108686.507    37.403     1.68    3.33
-108310.517    38.664     3.35    2.20
-107934.525    38.556    -0.29    2.05
-107558.531    38.711     0.41    2.14
-107182.537    38.345    -0.97    2.11
-106806.541    39.203     2.28    3.87
-106430.544    41.687     6.61    6.00
-106054.546    45.633    10.49    9.09
-105678.546    50.220    12.20   10.68
-105302.545    54.814    12.22   10.81
-104926.543    59.661    12.89    9.21
-104550.539    62.365     7.19    6.06
-104174.534    64.365     5.32    2.82
-103798.528    64.970     1.61    2.92
-103422.521    65.096     0.34    2.82
-103046.512    65.233     0.37    3.33
-102670.502    65.365     0.35    3.35
-102294.491    65.358    -0.02    3.12
-101918.478    65.714     0.94    2.99
-101542.464    66.082     0.98    3.13
-101166.449    67.068     2.62    2.62
-100790.433    68.455     3.69    2.47
-100414.415    68.581     0.34    2.44
-100038.396    68.831     0.66    2.72
 -99662.375    67.714    -2.97    4.03
 -99286.354    64.608    -8.26    6.08
 -98910.331    63.608    -2.66    6.01
 -98534.306    62.301    -3.48    5.10
 -98158.281    62.914     1.63    4.65
 -97782.254    65.284     6.30    4.59
 -97406.225    66.419     3.02    4.73
 -97030.196    66.740     0.85    5.05
 -96654.165    64.908    -4.87    5.67
 -96278.132    62.716    -5.83    5.46
 -95902.099    60.660    -5.47    5.22
 -95526.064    58.819    -4.90    6.21
 -95150.028    57.740    -2.87    7.64
 -94773.990    57.014    -1.93    7.68
 -94397.951    55.301    -4.56    7.17
 -94021.911    53.029    -6.04    7.39
 -93645.869    48.081   -13.16    5.81
 -93269.826    44.960    -8.30    6.78
 -92893.782    42.303    -7.07    6.79
 -92517.736    41.788    -1.37    5.66
 -92141.689    41.301    -1.30    4.79
 -91765.641    41.151    -0.40    3.29
 -91389.591    39.014    -5.68    3.18
 -91013.540    37.446    -4.17    2.48
 -90637.488    35.662    -4.74    4.01
 -90261.434    34.711    -2.53    3.74
 -89885.379    33.473    -3.29    4.46
 -89509.323    33.660     0.50    4.44
 -89133.265    32.793    -2.31    4.93
 -88757.206    32.916     0.33    4.30
 -88381.145    33.960     2.78    2.93
 -88005.084    36.291     6.20    4.80
 -87629.020    40.135    10.22    8.30
 -87252.956    44.331    11.16    8.69
 -86876.890    47.311     7.93    7.56
 -86500.822    49.858     6.77    6.38
 -86124.754    51.176     3.50    5.40
 -85748.684    52.685     4.01    5.12
 -85372.612    53.432     1.99    4.99
 -84996.539    54.993     4.15    5.08
 -84620.465    56.740     4.65    4.83
 -84244.390    57.914     3.12    4.71
 -83868.313    59.096     3.14    3.60
 -83492.234    59.689     1.58    3.27
 -83116.155    60.121     1.15    4.53
 -82740.074    60.019    -0.27    5.36
 -82363.991    59.172    -2.25    5.96
 -81987.907    57.149    -5.38    5.82
 -81611.822    55.198    -5.19    5.59
 -81235.735    52.480    -7.23    5.13
 -80859.647    51.442    -2.76    4.41
 -80483.558    51.798     0.95    4.30
 -80107.467    52.338     1.44    3.97
 -79731.375    52.771     1.15    3.62
 -79355.281    54.293     4.05    3.28
 -78979.186    55.094     2.13    3.07
 -78603.089    56.633     4.09    2.58
 -78226.992    57.766     3.01    3.03
 -77850.892    59.149     3.68    3.45
 -77474.792    60.788     4.36    4.99
 -77098.689    63.266     6.59    5.50
 -76722.586    65.161     5.04    4.73
 -76346.481    65.161     0.00    5.10
 -75970.375    64.172    -2.63    4.78
 -75594.267    63.716    -1.21    4.74
 -75218.158    64.198     1.28    5.24
 -74842.047    65.533     3.55    5.21
 -74465.935    67.494     5.21    3.90
 -74089.822    68.581     2.89    3.32
 -73713.707    68.635     0.14    3.27
 -73337.591    67.906    -1.94    3.17
 -72961.473    67.771    -0.36    3.66
 -72585.354    67.414    -0.95    3.36
 -72209.233    67.483     0.18    3.15
 -71833.111    67.096    -1.03    3.19
 -71456.988    65.473    -4.31    3.43
 -71080.863    63.685    -4.75    3.90
 -70704.736    61.661    -5.38    2.94
 -70328.608    60.378    -3.41    3.27
 -69952.479    58.852    -4.06    3.29
 -69576.349    57.711    -3.03    3.55
 -69200.216    56.775    -2.49    3.92
 -68824.083    57.378     1.60    4.33
 -68447.948    56.737    -1.70    4.27
 -68071.811    55.483    -3.33    3.30
 -67695.673    55.224    -0.69    3.45
 -67319.534    54.392    -2.21    3.35
 -66943.393    54.081    -0.83    4.53
 -66567.251    53.473    -1.61    5.12
 -66191.107    52.608    -2.30    4.96
 -65814.962    51.898    -1.89    3.67
 -65438.815    51.352    -1.45    3.35
 -65062.667    51.095    -0.68    3.69
 -64686.517    51.301     0.55    4.12
 -64310.366    50.172    -3.00    4.52
 -63934.214    49.249    -2.45    4.18
 -63558.060    48.662    -1.56    3.69
 -63181.904    49.224     1.49    3.65
 -62805.747    50.149     2.46    4.17
 -62429.589    50.744     1.58    4.77
 -62053.429    52.473     4.60    5.07
 -61677.267    52.796     0.86    4.47
 -61301.105    53.147     0.93    4.07
 -60924.940    52.661    -1.29    4.54
 -60548.774    51.775    -2.36    5.11
 -60172.607    50.906    -2.31    5.64
 -59796.438    49.220    -4.48    5.79
 -59420.268    47.398    -4.84    6.27
 -59044.096    46.737    -1.76    5.66
 -58667.923    46.203    -1.42    5.26
 -58291.748    45.372    -2.21    4.77
 -57915.571    43.967    -3.73    4.40
 -57539.394    42.372    -4.24    3.52
 -57163.214    42.581     0.56    3.80
 -56787.033    43.883     3.46    4.52
 -56410.851    45.608     4.59    4.77
 -56034.667    47.716     5.60    4.18
 -55658.482    48.365     1.72    3.68
 -55282.295    48.494     0.34    3.02
 -54906.107    49.531     2.76    3.72
 -54529.917    50.737     3.20    4.51
 -54153.725    53.247     6.67    4.60
 -53777.533    55.993     7.30    4.17
 -53401.338    56.942     2.52    3.79
 -53025.142    55.122    -4.84    4.84
 -52648.945    53.429    -4.50    4.98
 -52272.746    51.771    -4.41    3.72
 -51896.545    50.872    -2.39    3.50
 -51520.343    52.345     3.92    3.78
 -51144.140    52.483     0.37    3.90
 -50767.934    52.906     1.12    4.13
 -50391.728    52.283    -1.65    3.92
 -50015.520    52.352     0.18    4.11
 -49639.310    52.692     0.90    4.29
 -49263.099    53.149     1.22    4.07
 -48886.886    51.581    -4.17    5.47
 -48510.672    50.056    -4.06    6.23
 -48134.456    47.788    -6.03    6.49
 -47758.238    45.858    -5.13    5.85
 -47382.019    44.008    -4.92    5.67
 -47005.799    40.450    -9.46    4.58
 -46629.577    38.608    -4.90    3.93
 -46253.353    36.661    -5.18    3.38
 -45877.128    35.044    -4.30    3.14
 -45500.901    32.556    -6.61    3.65
 -45124.673    30.398    -5.74    4.17
 -44748.443    29.198    -3.19    3.94
 -44372.212    28.997    -0.53    3.89
 -43995.979    30.133     3.02    3.85
 -43619.744    33.249     8.28    4.33
 -43243.508    35.808     6.80    4.83
 -42867.271    39.284     9.24    5.57
 -42491.032    44.257    13.22    6.38
 -42114.791    48.230    10.56    6.16
 -41738.548    50.029     4.78    6.09
 -41362.305    49.987    -0.11    5.82
 -40986.059    46.758    -8.58    7.05
 -40609.812    43.890    -7.62    5.73
 -40233.563    43.689    -0.53    5.59
 -39857.585    45.056     3.63    5.33
 -39481.657    46.762     4.54    5.10
 -39105.726    48.819     5.47    5.50
 -38729.794    50.831     5.35    6.15
 -38353.860    54.429     9.57    6.79
 -37977.925    58.247    10.16    6.62
 -37601.988    59.993     4.64    6.50
 -37226.050    62.352     6.27    6.76
 -36850.110    63.255     2.40    5.40
 -36474.168    63.203    -0.14    5.35
 -36098.225    66.041     7.55    6.99
 -35722.280    68.819     7.39    7.04
 -35346.334    71.187     6.30    6.30
 -34970.386    73.136     5.18    5.36
 -34594.436    74.660     4.05    5.22
 -34218.485    76.070     3.75    5.21
 -33842.532    77.819     4.65    4.25
 -33466.578    77.257    -1.49    5.26
 -33090.622    76.977    -0.75    5.40
 -32714.664    75.044    -5.14    5.91
 -32338.705    73.497    -4.11    5.93
 -31962.744    70.506    -7.96    8.09
 -31586.782    64.553   -15.83    9.26
 -31210.818    59.845   -12.52    9.60
 -30834.852    53.737   -16.25    9.51
 -30458.885    48.046   -15.14    6.57
 -30082.916    46.473    -4.18    5.30
 -29706.945    45.056    -3.77    5.03
 -29330.973    43.744    -3.49    5.10
 -28955.000    43.172    -1.52    5.16
 -28579.024    41.879    -3.44    5.55
 -28203.047    41.096    -2.08    5.64
 -27827.068    41.378     0.75    5.54
 -27451.088    41.455     0.20    5.82
 -27075.106    40.014    -3.83    6.24
 -26699.123    37.301    -7.22    6.58
 -26323.137    34.214    -8.21    6.35
 -25947.150    31.192    -8.04    5.89
 -25571.162    28.419    -7.37    6.44
 -25195.172    24.230   -11.14    5.01
 -24819.180    21.744    -6.61    4.92
 -24443.187    20.890    -2.27    5.05
 -24067.192    22.827     5.15    4.46
 -23691.195    25.531     7.19    3.72
 -23315.196    27.762     5.93    5.27
 -22939.196    29.831     5.50    5.07
 -22563.195    32.301     6.57    4.17
 -22187.191    34.176     4.99    3.73
 -21811.186    35.685     4.01    3.91
 -21435.180    37.161     3.92    5.05
 -21059.171    37.950     2.10    5.13
 -20683.161    39.203     3.33    5.47
 -20307.150    40.019     2.17    5.49
 -19931.136    39.583    -1.16    4.60
 -19555.121    41.053     3.91    5.55
 -19179.105    41.689     1.69    6.61
 -18803.086    41.906     0.58    6.41
 -18427.066    41.635    -0.72    4.92
 -18051.045    42.581     2.52    5.53
 -17675.021    44.285     4.53    4.87
 -17298.996    45.733     3.85    5.54
 -16922.970    47.096     3.62    5.70
 -16546.941    49.081     5.28    6.67
 -16170.911    54.352    14.02    7.47
 -15794.879    59.960    14.91    9.84
 -15418.846    65.345    14.32    9.06
 -15042.811    68.082     7.28    6.46
 -14666.774    67.890    -0.51    6.23
 -14290.735    67.257    -1.68    6.21
 -13914.695    64.740    -6.69    6.11
 -13538.653    61.808    -7.80    6.18
 -13162.610    58.723    -8.21    4.92
 -12786.564    56.662    -5.48    4.24
 -12410.517    54.716    -5.17    4.04
 -12034.469    53.446    -3.38    3.98
 -11658.418    52.852    -1.58    4.63
 -11282.366    53.108     0.68    4.79
 -10906.312    53.108     0.00    4.41
 -10530.257    51.608    -3.99    4.71
 -10154.199    49.203    -6.40    4.75
  -9778.141    46.506    -7.17    5.38
  -9402.080    46.345    -0.43    6.33
  -9026.017    48.711     6.29    7.30
  -8649.953    53.014    11.44    7.48
  -8273.887    55.814     7.44    4.60
  -7897.820    56.414     1.60    4.29
  -7521.751    57.345     2.48    3.58
  -7145.680    57.429     0.22    4.06
  -6769.607    57.294    -0.36    3.92
  -6393.532    55.993    -3.46    4.22
  -6017.456    54.500    -3.97    3.45
  -5641.378    53.689    -2.16    3.51
  -5265.299    53.500    -0.50    3.57
  -4889.217    53.414    -0.23    3.90
  -4513.134    52.839    -1.53    4.34
  -4137.049    53.950     2.95    4.53
  -3760.963    54.581     1.68    4.06
  -3384.874    53.890    -1.84    4.67
  -3008.784    52.275    -4.30    5.30
  -2632.692    48.121   -11.04    7.48
  -2256.599    39.898   -21.87   11.61
  -1880.504    31.993   -21.02   12.30
  -1504.406    24.500   -19.92    9.18
  -1128.308    18.257   -16.60    6.97
   -752.207    12.744   -14.66    9.65
   -376.105     5.991   -17.95    8.95
     -0.001     1.634   -11.58    5.26
    376.105     2.044     1.09    5.73
    752.213     6.053    10.66    8.20
   1128.322    10.068    10.68    8.20
   1504.433    12.358     6.09    7.11
   1880.546    10.845    -4.02    6.91
   2256.661     8.033    -7.48    6.13
   2632.777     5.960    -5.51    5.87
   3008.896     7.019     2.82    6.17
   3385.016     8.345     3.53    7.06
   3761.137     7.793    -1.47    7.10
   4137.261     9.446     4.40    7.14
   4513.386    11.408     5.22    7.69
   4889.513    13.365     5.20    8.19
   5265.642    16.041     7.11    7.13
   5641.773    18.419     6.32    4.31
   6017.905    19.094     1.79    3.76
   6394.040    18.557    -1.43    3.41
   6770.176    18.737     0.48    3.18
   7146.313    19.414     1.80    3.15
   7522.453    20.108     1.85    3.29
   7898.594    20.446     0.90    2.92
   8274.738    20.477     0.08    2.92
   8650.883    18.958    -4.04    3.58
   9027.029    18.095    -2.30    4.39
   9403.178    16.240    -4.93    4.88
   9779.328    14.345    -5.04    4.40
  10155.481    13.942    -1.07    3.90
  10531.634    12.960    -2.61    3.59
  10907.790    11.958    -2.66    3.24
  11283.948    11.762    -0.52    2.88
  11660.107    11.203    -1.49    2.97
  12036.269    14.176     7.90    5.47
  12412.432    19.852    15.09    8.23
  12788.596    23.967    10.94    8.38
  13164.763    28.788    12.81    6.01
  13540.932    31.008     5.90    5.95
  13917.102    31.198     0.50    6.72
  14293.274    32.527     3.53    6.85
  14669.448    33.997     3.91    7.23
  15045.624    35.737     4.62    6.13
  15421.801    37.477     4.63    3.64
  15797.981    38.762     3.42    3.01
  16174.162    38.898     0.36    2.93
  16550.345    39.658     2.02    2.62
  16926.530    39.960     0.80    2.45
  17302.717    40.408     1.19    2.22
  17678.906    41.172     2.03    2.25
  18055.096    41.831     1.75    2.56
  18431.288    42.689     2.28    3.39
  18807.482    43.744     2.80    3.88
  19183.678    45.771     5.39    4.53
  19559.876    48.019     5.98    4.80
  19936.076    48.358     0.90    4.43
  20312.277    47.583    -2.06    5.11
  20688.481    44.872    -7.21    5.84
  21064.686    42.311    -6.81    4.45
  21440.893    42.070    -0.64    4.02
  21817.102    43.293     3.25    4.47
  22193.313    45.556     6.02    5.63
  22569.525    46.689     3.01    5.29
  22945.740    47.019     0.87    5.27
  23321.956    47.122     0.27    5.32
  23698.175    46.839    -0.75    3.95
  24074.395    47.108     0.72    3.84
  24450.617    48.323     3.23    4.20
  24826.841    49.095     2.05    3.59
  25203.066    49.960     2.30    4.13
  25579.294    50.608     1.72    4.22
  25955.523    50.744     0.36    4.05
  26331.755    50.636    -0.29    3.80
  26707.988    52.008     3.65    4.12
  27084.223    53.352     3.57    4.08
  27460.460    54.906     4.13    3.29
  27836.699    55.685     2.07    3.08
  28212.940    54.898    -2.09    2.97
  28589.182    53.326    -4.18    3.88
  28965.427    50.987    -6.22    4.41
  29341.673    48.121    -7.62    5.06
  29717.921    46.220    -5.05    4.28
  30094.172    45.660    -1.49    3.58
  30470.424    45.685     0.07    4.05
  30846.678    44.140    -4.11    5.50
  31222.934    42.095    -5.43    5.15
  31599.192    40.662    -3.81    4.47
  31975.451    40.311    -0.93    3.37
  32351.713    42.500     5.82    4.14
  32727.976    44.775     6.05    3.92
  33104.242    46.924     5.71    5.32
  33480.509    47.890     2.57    5.42
  33856.778    49.266     3.66    5.64
  34233.049    50.898     4.34    5.25
  34609.323    52.121     3.25    3.69
  34985.514    51.711    -1.09    3.48
  35361.408    51.122    -1.57    3.50
  35737.305    49.737    -3.69    3.88
  36113.204    48.771    -2.57    4.16
  36489.105    48.557    -0.57    3.75
  36865.007    48.950     1.05    4.06
  37240.912    48.983     0.09    3.62
  37616.818    48.531    -1.20    3.99
  37992.727    48.056    -1.27    3.94
  38368.637    47.906    -0.40    2.76
  38744.549    48.398     1.31    3.36
  39120.463    48.331    -0.18    3.60
  39496.379    47.506    -2.19    3.74
  39872.297    45.711    -4.77    3.76
  40248.217    45.176    -1.42    4.05
  40624.139    45.326     0.40    4.82
  41000.063    45.198    -0.34    4.87
  41375.989    45.275     0.20    4.60
  41751.916    45.825     1.46    4.09
  42127.846    46.814     2.63    4.19
  42503.778    46.689    -0.33    4.91
  42879.711    46.503    -0.50    6.27
  43255.647    42.203   -11.44    7.98
  43631.584    36.858   -14.22    6.00
  44007.524    34.480    -6.33    3.76
  44383.465    34.635     0.41    3.96
  44759.408    36.303     4.44    4.98
  45135.353    38.814     6.68    5.96
  45511.301    41.664     7.58    6.51
  45887.250    43.044     3.67    6.13
  46263.201    42.766    -0.74    6.12
  46639.154    41.744    -2.72    5.63
  47015.109    42.082     0.90    5.23
  47391.066    44.044     5.22    6.18
  47767.025    47.169     8.31    5.78
  48142.986    49.970     7.45    3.70
  48518.949    51.326     3.61    3.44
  48894.914    52.135     2.15    3.78
  49270.881    52.635     1.33    4.02
  49646.850    54.041     3.74    4.49
  50022.821    54.837     2.12    4.45
  50398.794    56.634     4.78    4.16
  50774.769    58.583     5.18    3.88
  51150.745    59.747     3.10    3.54
  51526.724    60.531     2.09    4.14
  51902.705    60.886     0.94    4.27
  52278.688    60.477    -1.09    4.28
  52654.673    60.249    -0.60    3.98
  53030.659    60.424     0.46    3.74
  53406.648    60.365    -0.16    4.34
  53782.639    60.788     1.12    4.67
  54158.632    60.658    -0.34    4.28
  54534.627    60.554    -0.28    4.00
  54910.623    60.582     0.07    3.11
  55286.622    60.581    -0.00    3.59
  55662.623    61.095     1.37    3.75
  56038.626    60.581    -1.37    4.28
  56414.631    60.294    -0.76    3.60
  56790.637    61.403     2.95    3.69
  57166.646    62.433     2.74    4.04
  57542.657    63.473     2.77    3.93
  57918.670    64.916     3.84    3.98
  58294.685    65.793     2.33    3.77
  58670.702    67.082     3.43    3.80
  59046.721    68.224     3.04    3.77
  59422.742    68.147    -0.20    3.40
  59798.765    68.720     1.52    3.79
  60174.790    67.977    -1.98    3.36
  60550.817    67.608    -0.98    3.32
  60926.846    66.803    -2.14    3.79
  61302.877    64.942    -4.95    4.72
  61678.910    62.635    -6.14    5.01
  62054.945    60.554    -5.53    3.95
  62430.982    58.338    -5.89    4.39
  62807.021    57.014    -3.52    4.69
  63183.063    55.685    -3.53    4.65
  63559.106    54.933    -2.00    4.28
  63935.151    55.257     0.86    4.65
  64311.199    56.933     4.46    4.15
  64687.248    57.529     1.59    4.40
  65063.300    56.898    -1.68    5.12
  65439.353    53.879    -8.03    6.33
  65815.409    50.983    -7.70    6.13
  66191.467    50.664    -0.85    5.53
  66567.526    52.041     3.66    6.21
  66943.588    55.819    10.05    5.76
  67319.652    59.294     9.24    3.34
  67695.718    58.660    -1.69    3.47
  68071.786    58.480    -0.48    3.19
  68447.856    58.386    -0.25    2.59
  68823.928    59.230     2.24    3.71
  69200.002    60.825     4.24    3.87
  69576.078    62.766     5.16    3.34
  69952.157    63.858     2.90    3.01
  70328.237    64.581     1.92    2.80
  70704.319    65.378     2.12    3.41
  71080.404    65.845     1.24    3.53
  71456.491    66.108     0.70    2.98
  71832.579    65.419    -1.83    3.58
  72208.670    64.683    -1.96    3.23
  72584.763    64.187    -1.32    3.22
  72960.858    63.164    -2.72    4.17
  73336.955    60.879    -6.08    4.69
  73713.054    59.720    -3.08    4.47
  74089.155    59.403    -0.84    4.16
  74465.258    60.275     2.32    4.06
  74841.364    60.294     0.05    3.80
  75217.471    60.798     1.34    3.78
  75593.581    60.392    -1.08    4.26
  75969.693    60.771     1.01    3.70
  76345.806    60.208    -1.49    3.64
  76721.922    61.014     2.14    4.60
  77098.040    62.529     4.03    5.03
  77474.160    64.398     4.97    4.86
  77850.282    65.865     3.90    4.03
  78226.407    66.257     1.04    4.28
  78602.533    67.583     3.53    4.30
  78978.662    68.503     2.45    3.95
  79354.792    69.553     2.79    4.06
  79730.925    69.744     0.51    3.54
  80107.060    70.386     1.71    3.51
  80483.197    71.556     3.11    3.14
  80859.336    72.096     1.44    3.52
  81235.477    72.844     1.99    3.32
  81611.621    73.635     2.10    3.36
  81987.766    74.311     1.80    3.58
  82363.914    74.527     0.57    2.99
  82740.064    74.583     0.15    3.12
  83116.215    74.872     0.77    3.43
  83492.369    74.301    -1.52    3.17
  83868.526    73.737    -1.50    3.71
  84244.684    73.506    -0.61    3.42
  84620.844    73.365    -0.37    3.09
  84997.007    72.833    -1.41    3.15
  85373.172    72.352    -1.28    3.21
  85749.338    72.497     0.39    3.92
  86125.507    72.771     0.73    3.84
  86501.679    72.825     0.14    3.59
  86877.852    73.203     1.01    3.07
  87254.027    73.608     1.08    2.60
  87630.205    74.108     1.33    2.58
  88006.385    72.685    -3.78    4.30
  88382.567    70.661    -5.38    4.87
  88758.751    70.192    -1.25    5.13
  89134.937    71.121     2.47    5.55
  89511.125    72.365     3.31    4.83
  89887.316    71.249    -2.97    4.86
  90263.508    69.450    -4.78    4.61
  90639.703    67.711    -4.62    3.02
  91015.900    67.203    -1.35    2.94
  91392.100    68.450     3.32    3.61
  91768.301    70.658     5.87    4.38
  92144.504    72.747     5.55    3.58
  92520.710    73.960     3.22    3.00
  92896.918    74.635     1.80    3.89
  93273.128    72.879    -4.67    4.18
  93649.340    70.689    -5.82    3.63
  94025.555    69.123    -4.16    3.61
  94401.772    68.808    -0.84    3.36
  94777.990    68.398    -1.09    3.47
  95154.211    67.716    -1.81    3.30
  95530.435    67.685    -0.08    3.23
  95906.660    68.056     0.98    3.33
  96282.887    69.187     3.01    3.22
  96659.117    70.450     3.36    2.60
  97035.349    71.429     2.60    3.17
  97411.583    73.960     6.73    3.51
  97787.820    75.635     4.45    3.59
  98164.058    75.358    -0.73    3.66
  98540.299    74.151    -3.21    4.06
  98916.542    75.257     2.94    5.06
  99292.787    75.554     0.79    5.09
  99669.035    76.014     1.22    4.84
 100045.284    75.608    -1.08    5.02
 100421.536    73.525    -5.54    4.26
 100797.790    72.208    -3.50    4.28
 101174.046    70.172    -5.41    4.87
 101550.305    68.446    -4.59    4.66
 101926.565    66.608    -4.88    3.46
 102302.828    66.108    -1.33    3.61
 102679.093    66.044    -0.17    3.73
 103055.360    65.635    -1.09    4.03
 103431.630    63.942    -4.50    3.98
 103807.902    62.414    -4.06    4.03
 104184.176    62.187    -0.60    4.68
 104560.452    61.788    -1.06    4.86
 104936.730    60.666    -2.98    5.62
 105313.011    59.275    -3.70    5.94
 105689.294    56.473    -7.45    4.59
 106065.579    55.527    -2.51    4.28
 106441.867    55.635     0.29    4.64
 106818.156    56.386     2.00    4.70
 107194.448    56.531     0.39    5.15
 107570.742    54.316    -5.89    5.86
 107947.039    53.176    -3.03    5.70
 108323.337    53.224     0.13    6.64
 108699.638    53.293     0.18    6.90
 109075.941    54.865     4.18    6.39
 109452.247    54.977     0.30    5.29
 109828.554    53.737    -3.30    5.07
 110204.589    52.497    -3.30    5.65
 110580.443    50.662    -4.88    4.99
 110956.300    48.950    -4.55    4.59
 111332.159    47.266    -4.48    4.26
 111708.020    46.557    -1.88    3.64
 112083.884    46.301    -0.68    3.19
 112459.750    48.081     4.74    4.84
 112835.618    51.527     9.17    5.17
 113211.488    54.053     6.72    4.38
 113587.361    54.240     0.50    3.89
 113963.236    53.008    -3.28    4.07
 114339.113    51.825    -3.15    3.41
 114714.992    52.249     1.13    3.81
 115090.874    53.398     3.06    4.05
 115466.758    56.029     7.00    3.53
 115842.644    56.446     1.11    4.84
 116218.533    54.833    -4.29    7.07
 116594.424    50.771   -10.81    7.91
 116970.317    45.365   -14.38    6.82
 117346.212    44.635    -1.94    5.75
 117722.110    45.523     2.36    5.19
 118098.010    47.557     5.41    5.24
 118473.912    49.660     5.59    3.07
 118849.816    50.081     1.12    3.07
 119225.723    51.041     2.55    3.42
 119601.632    52.803     4.69    3.42
 119977.544    52.293    -1.36    4.47
 120353.457    49.634    -7.07    8.29
 120729.373    44.581   -13.44   10.42
 121105.292    39.477   -13.58    8.28
 121481.212    36.187    -8.75    5.53
 121857.135    35.839    -0.93    3.91
 122233.060    36.581     1.97    2.76
 122608.988    38.233     4.39    3.34
 122984.918    39.960     4.59    3.93
 123360.850    41.906     5.18    4.76
 123736.784    44.041     5.68    4.39
 124112.721    46.247     5.87    4.35
 124488.660    47.890     4.37    4.41
 124864.602    50.198     6.14    3.70
 125240.545    50.997     2.13    3.70
 125616.491    51.924     2.47    3.95
 125992.440    52.303     1.01    3.76
 126368.390    52.898     1.58    3.57
 126744.343    53.121     0.59    3.66
 127120.299    53.554     1.15    4.12
 127496.256    51.214    -6.23    5.63
 127872.216    47.714    -9.31    7.23
 128248.179    45.883    -4.87    6.60
 128624.143    44.284    -4.25    4.94
 129000.110    44.814     1.41    5.21
 129376.080    46.865     5.46    5.34
 129752.051    48.230     3.63    5.76
 130128.025    49.446     3.23    4.99
 130504.002    50.419     2.59    4.84
 130879.980    52.326     5.07    4.76
 131255.961    53.685     3.61    4.93
 131631.945    55.220     4.08    4.85
 132007.930    55.685     1.24    4.52
 132383.918    55.775     0.24    4.31
 132759.909    55.692    -0.22    4.13
 133135.902    56.147     1.21    3.95
 133511.897    57.214     2.84    3.28
 133887.894    58.529     3.50    3.29
 134263.894    59.345     2.17    3.05
 134639.896    59.483     0.37    3.60
 135015.901    60.257     2.06    3.66
 135391.908    60.058    -0.53    3.95
 135767.917    61.916     4.94    4.70
 136143.929    62.553     1.69    4.77
 136519.943    63.852     3.45    4.37
 136895.960    65.419     4.17    3.70
 137271.978    66.082     1.76    4.29
 137648.000    65.883    -0.53    5.16
 138024.023    65.257    -1.67    5.72
 138400.049    64.808    -1.19    5.41
 138776.077    63.635    -3.12    4.62
 139152.108    63.003    -1.68    3.67
 139528.141    64.187     3.15    4.01
 139904.177    65.506     3.51    5.55
 140280.215    66.477     2.58    6.19
 140656.255    67.886     3.75    6.35
 141032.298    70.967     8.19    8.02
 141408.343    73.247     6.06    8.08
 141784.390    76.183     7.81    7.69
 142160.440    78.967     7.40    6.73
 142536.492    78.747    -0.59    6.56
 142912.547    76.419    -6.19    6.95
 143288.604    74.960    -3.88    5.60
 143664.663    75.424     1.24    5.48
 144040.725    75.378    -0.12    5.19
 144416.789    75.365    -0.03    4.63
 144792.856    76.258     2.38    5.25
 145168.925    78.224     5.23    5.73
 145544.996    81.529     8.79    6.36
 145921.070    83.556     5.39    5.86
 146297.147    83.506    -0.13    6.02
 146673.225    81.924    -4.21    6.98
 147049.307    80.886    -2.76    7.68
 147425.390    81.660     2.06    7.11
 147801.476    79.803    -4.94    6.21
 148177.565    78.533    -3.38    5.34
 148553.655    76.019    -6.69    5.20
 148929.749    73.151    -7.62    5.12
 149305.844    71.176    -5.25    4.83
 149681.942    69.662    -4.02    4.37
 150058.043    68.214    -3.85    4.77
 150434.146    68.301     0.23    4.82
 150810.251    68.689     1.03    4.56
 151186.359    71.584     7.70    6.46
 151562.470    74.121     6.75    5.87
 151938.582    75.029     2.41    5.64
 152314.698    75.581     1.47    5.38
 152690.815    72.967    -6.95    4.97
 153066.935    72.096    -2.32    4.71
 153443.058    72.081    -0.04    4.34
 153819.183    72.531     1.20    5.12
 154195.310    73.192     1.76    4.91
 154571.440    73.319     0.34    4.60
 154947.573    75.019     4.52    4.67
 155323.707    76.640     4.31    4.23
 155699.845    76.987     0.92    3.60
 156075.984    78.345     3.61    3.90
 156452.127    78.149    -0.52    3.96
 156828.271    79.608     3.88    4.45
 157204.418    80.230     1.65    4.99
 157580.568    79.301    -2.47    4.98
 157956.720    80.557     3.34    5.94
 158332.874    82.352     4.77    5.36
 158709.031    82.095    -0.68    4.82
 159085.191    82.685     1.57    4.56
 159461.353    83.967     3.41    5.23
 159837.517    84.331     0.97    5.60
 160213.684    87.967     9.67    5.34
 160589.854    90.392     6.45    5.73
 160966.025    94.950    12.12    9.09
 161342.200    97.121     5.77    8.68
 161718.377    96.890    -0.62    9.07
 162094.556    98.608     4.57    9.39
 162470.738    98.872     0.70    9.52
 162846.922    99.771     2.39    9.33
 163223.109    98.403    -3.63   10.94
 163599.298    95.771    -7.00   11.32
 163975.490    92.352    -9.09   11.54
 164351.684    89.814    -6.75   11.25
 164727.881    88.845    -2.57    9.47
 165104.080    90.082     3.29   10.62
 165480.282    91.890     4.81   10.06
 165856.487    94.711     7.50    6.89
 166232.693    95.825     2.96    7.52
 166608.903    95.266    -1.48    8.56
 166985.115    94.987    -0.74    8.73
 167361.329    92.338    -7.04    9.97
 167737.546    89.398    -7.82    9.52
 168113.765    86.827    -6.83    8.34
 168489.987    88.788     5.21    7.32
 168866.211    89.737     2.52    7.06
 169242.438    89.136    -1.60    6.66
 169618.668    85.660    -9.24    7.23
 169994.900    81.284   -11.63    6.15
 170371.134    80.019    -3.36    6.23
 170747.371    80.793     2.06    7.49
 171123.611    82.740     5.18    7.21
 171499.853    83.608     2.31    4.92
 171876.098    82.429    -3.13    6.13
 172252.345    80.233    -5.84    6.97
 172628.595    79.025    -3.21    7.92
 173004.847    77.450    -4.18    8.46
 173381.102    80.003     6.78   11.09
 173757.359    82.365     6.28   10.16
 174133.619    81.960    -1.08    9.99
 174509.881    83.579     4.30    8.00
 174886.146    81.326    -5.99    8.35
 175262.414    77.121   -11.18    9.47
 175638.684    72.303   -12.81   10.38
 176014.956    67.224   -13.50    8.96
 176391.232    65.220    -5.33    8.42
 176767.509    64.044    -3.12    8.93
 177143.790    62.714    -3.54   10.21
 177520.073    61.608    -2.94    9.98
 177896.358    58.608    -7.97    8.83
 178272.646    56.583    -5.38    8.09
 178648.936    55.535    -2.78    6.17
 179025.230    58.257     7.23   10.00
 179401.525    63.660    14.36   10.68
 179777.823    66.214     6.79    9.78
 180154.124    66.744     1.41    9.91
 180530.428    62.960   -10.06   11.62
 180906.734    54.408   -22.73   15.28
 181283.042    46.890   -19.98   14.77
 181659.353    39.783   -18.89   11.33
 182035.667    34.473   -14.11    5.86
 182411.983    32.942    -4.07    3.00
 182788.302    33.192     0.66    2.98
 183164.624    33.003    -0.50    3.15
 183540.948    34.557     4.13    3.45
 183917.274    34.740     0.49    3.26
 184293.604    35.556     2.17    2.83
 184669.935    35.839     0.75    1.87
 185046.270    35.158    -1.81    2.43
 185422.096    34.365    -2.11    3.21
 185797.918    32.633    -4.61    5.14
 186173.742    31.793    -2.24    5.20
 186549.568    31.284    -1.35    5.66
 186925.398    31.662     1.01    5.05
 187301.229    31.470    -0.51    3.95
 187677.064    30.557    -2.43    3.09
 188052.901    29.733    -2.19    2.97
 188428.741    29.025    -1.88    3.14
 188804.583    28.808    -0.58    3.63
 189180.428    28.950     0.38    4.04
 189556.275    30.326     3.66    3.72
 189932.125    32.378     5.46    3.58
 190307.978    34.556     5.80    4.71
 190683.833    37.414     7.60    6.74
 191059.691    39.424     5.35    7.69
 191435.551    41.158     4.61    9.15
 191811.414    41.192     0.09    9.92
 192187.280    40.993    -0.53   10.52
 192563.148    40.766    -0.60   10.00
 192939.019    40.014    -2.00    9.04
 193314.893    40.068     0.14    8.75
 193690.769    40.527     1.22    8.79
 194066.648    39.019    -4.01    7.98
 194442.530    37.483    -4.08    5.13
 194818.414    37.689     0.55    2.51
 195194.300    37.433    -0.68    2.43
 195570.190    36.898    -1.42    2.73
 195946.082    35.898    -2.66    2.95
 196321.977    34.872    -2.73    3.28
 196697.874    34.301    -1.52    3.43
 197073.774    34.914     1.63    4.10
 197449.676    34.662    -0.67    4.58
 197825.582    33.737    -2.46    4.88
 198201.490    34.637     2.40    4.69
 198577.400    35.070     1.15    4.20
 198953.313    35.916     2.25    3.77
 199329.229    36.554     1.70    3.34
 199705.148    36.852     0.79    3.35
 200081.069    36.230    -1.65    3.95
 200456.993    35.121    -2.95    5.65
 200832.919    34.291    -2.21    5.93
 201208.848    34.500     0.56    5.93
 201584.780    34.283    -0.58    5.29
 201960.714    34.214    -0.19    4.90
 202336.652    34.608     1.05    3.94
 202712.591    34.689     0.22    4.06
 203088.534    34.583    -0.28    4.30
 203464.479    34.987     1.07    4.72
 203840.427    34.716    -0.72    5.74
 204216.377    34.766     0.13    5.15
 204592.330    35.386     1.65    4.72
 204968.286    35.352    -0.09    4.56
 205344.245    35.608     0.68    4.51
 205720.206    35.275    -0.89    4.39
 206096.170    36.716     3.83    2.42
 206472.136    36.771     0.14    2.89
 206848.106    36.135    -1.69    3.20
 207224.078    35.558    -1.53    3.66
 207600.052    35.500    -0.15    4.07
 207976.030    36.967     3.90    4.09
 208352.010    37.793     2.19    3.92
 208727.992    37.793     0.00    3.76
 209103.978    38.825     2.74    3.18
 209479.966    39.158     0.89    2.41
 209855.957    39.582     1.13    2.02
 210231.950    39.392    -0.51    2.97
 210607.946    38.933    -1.22    4.01
 210983.945    38.414    -1.38    3.48
 211359.947    37.455    -2.55    3.69
 211735.951    35.224    -5.93    4.84
 212111.959    33.180    -5.44    4.79
 212487.968    32.311    -2.31    4.34
 212863.981    33.744     3.81    5.74
 213239.996    36.924     8.46    6.88
 213616.014    40.458     9.40    5.70
 213992.035    42.473     5.36    4.00
 214368.058    42.529     0.15    3.22
 214744.084    41.424    -2.94    4.19
 215120.113    41.249    -0.46    4.94
 215496.145    41.338     0.24    6.81
 215872.179    41.858     1.38    9.06
 216248.216    44.056     5.84   10.24
 216624.256    45.386     3.54   11.18
 217000.298    48.311     7.78    9.99
 217376.343    49.525     3.23    8.26
 217752.391    49.814     0.77    8.40
 218128.442    52.762     7.84    5.83
 218504.495    54.497     4.61    3.11
 218880.552    55.554     2.81    3.97
 219256.611    57.906     6.25    5.19
 219632.672    58.798     2.37    5.44
 220008.737    60.033     3.29    5.24
 220384.804    60.662     1.67    5.38
 220760.874    61.890     3.27    6.19
 221136.947    61.819    -0.19    6.30
 221513.022    60.711    -2.95    6.21
 221889.100    60.608    -0.27    5.89
 222265.181    61.340     1.95    5.64
 222641.265    62.556     3.23    5.72
 223017.351    62.108    -1.19    6.65
 223393.441    60.662    -3.84    6.55
 223769.533    60.358    -0.81    6.46
 224145.627    61.531     3.12    6.33
 224521.725    63.403     4.98    5.29
 224897.825    63.237    -0.44    4.65
 225273.928    62.583    -1.74    4.78
 225650.034    62.689     0.28    4.67
 226026.143    61.970    -1.91    4.84
 226402.254    60.608    -3.62    5.06
 226778.369    60.161    -1.19    5.19
 227154.486    59.814    -0.92    4.41
 227530.605    60.924     2.95    4.24
 227906.728    62.133     3.22    3.89
 228282.853    61.933    -0.53    4.03
 228658.981    62.511     1.54    4.18
 229035.112    62.480    -0.08    4.30
 229411.246    61.914    -1.51    5.15
 229787.383    62.581     1.77    5.29
 230163.522    61.149    -3.81    6.06
 230539.664    56.933   -11.21    8.58
 230915.809    53.198    -9.93    9.43
 231291.957    50.580    -6.96    9.21
 231668.107    48.737    -4.90    9.08
 232044.260    48.898     0.43    7.87
 232420.417    49.608     1.89    6.73
 232796.575    50.608     2.66    6.10
 233172.737    51.852     3.31    5.89
 233548.902    50.506    -3.58    4.71
 233925.069    48.275    -5.93    5.35
 234301.239    46.378    -5.04    6.96
 234677.412    44.319    -5.47    8.00
 235053.588    43.583    -1.96    9.12
 235429.767    43.326    -0.68    9.44
 235805.948    43.692     0.97    8.78
 236182.133    44.689     2.65    9.01
 236558.320    45.906     3.23    8.91
 236934.510    44.419    -3.95    7.59
 237310.702    46.249     4.87    7.59
 237686.898    48.608     6.27    7.55
 238063.096    49.083     1.26    8.12
 238439.298    49.372     0.77    8.99
 238815.502    48.203    -3.11    9.78
 239191.709    47.198    -2.67   11.22
 239567.918    48.135     2.49   11.71
 239944.131    48.506     0.99   11.42
 240320.347    51.135     6.99   10.98
 240696.565    53.352     5.89    8.45
 241072.786    54.257     2.41    5.55
 241449.010    54.819     1.49    5.31
 241825.237    55.558     1.97    5.03
 242201.467    54.997    -1.49    7.14
 242577.699    55.500     1.34    5.65
 242953.935    55.419    -0.22    4.82
 243330.173    54.419    -2.66    4.84
 243706.414    53.230    -3.16    5.27
 244082.658    53.266     0.09    5.75
 244458.905    52.683    -1.55    5.76
 244835.155    54.003     3.51    4.41
 245211.407    53.987    -0.04    4.66
 245587.663    52.352    -4.35    7.24
 245963.921    54.056     4.53    6.75
 246340.182    54.477     1.12    6.42
 246716.446    54.766     0.77    6.45
 247092.713    55.685     2.44    5.57
 247468.983    56.933     3.32    5.74
 247845.256    56.740    -0.51    5.51
 248221.531    56.883     0.38    5.53
 248597.810    57.837     2.53    5.21
 248974.091    60.392     6.79    5.95
 249350.375    63.581     8.48    5.56
 249726.662    63.906     0.86    4.97
 250102.952    62.689    -3.23    5.79
 250479.245    62.636    -0.14    5.07
 250855.541    63.983     3.58    5.09
 251231.840    66.147     5.75    5.60
 251608.141    68.771     6.97    5.47
 251984.446    68.711    -0.16    6.09
 252360.753    68.819     0.29    6.16
 252737.064    65.198    -9.62    7.17
 253113.377    61.135   -10.80    6.48
 253489.693    57.788    -8.89    7.00
 253866.012    54.470    -8.82    7.57
 254242.334    51.240    -8.58    8.05
 254618.659    52.147     2.41    7.62
 254994.986    53.164     2.70    6.79
 255371.317    55.531     6.29    6.49
 255747.650    61.500    15.86    6.96
 256123.987    64.825     8.83    7.42
 256500.326    68.825    10.63    7.27
 256876.669    72.414     9.54    5.18
 257253.014    74.301     5.01    5.10
 257629.362    75.533     3.28    4.38
 258005.713    76.446     2.43    4.73
 258382.067    75.933    -1.36    5.26
 258758.424    74.872    -2.82    5.85
 259134.784    74.737    -0.36    5.56
 259511.147    74.529    -0.55    4.97
 259887.513    74.480    -0.13    4.06
 260263.662    74.942     1.23    4.10
 260639.444    77.108     5.77    4.30
 261015.229    77.455     0.92    4.59
 261391.017    78.386     2.48    4.67
 261766.808    77.916    -1.25    4.69
 262142.602    77.527    -1.03    4.74
 262518.399    77.798     0.72    4.86
 262894.199    76.987    -2.16    4.50
 263270.002    75.858    -3.00    5.04
 263645.807    75.762    -0.26    5.90
 264021.616    75.413    -0.93    6.05
 264397.428    73.635    -4.73    5.56
 264773.242    75.133     3.99    5.39
 265149.060    75.503     0.98    5.41
 265524.880    75.634     0.35    5.44
 265900.703    76.187     1.47    5.56
 266276.530    76.352     0.44    5.29
 266652.359    77.176     2.19    5.63
 267028.191    77.108    -0.18    5.08
 267404.027    75.506    -4.26    6.72
 267779.865    73.008    -6.65    9.35
 268155.706    69.070   -10.48    9.48
 268531.550    66.661    -6.41    7.98
 268907.397    66.581    -0.21    7.47
 269283.247    68.284     4.53    7.63
 269659.100    71.442     8.40    7.98
 270034.956    72.635     3.17    8.54
 270410.815    72.852     0.58    8.90
 270786.677    72.635    -0.58    8.99
 271162.542    72.737     0.27    9.25
 271538.410    73.214     1.27   10.10
 271914.281    72.506    -1.88   10.36
 272290.155    72.003    -1.34    9.26
 272666.032    70.916    -2.89    8.96
 273041.911    72.284     3.64    8.25
 273417.794    73.284     2.66    7.99
 273793.680    75.266     5.27    7.89
 274169.569    78.550     8.74    7.23
 274545.461    80.429     5.00    7.19
 274921.355    84.503    10.84    7.39
 275297.253    86.473     5.24    5.81
 275673.154    88.852     6.33    4.56
 276049.058    89.275     1.13    4.90
 276424.965    89.977     1.87    4.95
 276800.874    91.783     4.81    5.58
 277176.787    93.716     5.14    5.28
 277552.703    93.814     0.26    5.39
 277928.622    93.557    -0.68    5.51
 278304.544    91.275    -6.07    5.45
 278680.468    87.716    -9.47    6.68
 279056.396    86.762    -2.54    6.20
 279432.327    88.527     4.70    6.63
 279808.261    90.473     5.18    6.60
 280184.198    92.122     4.39    5.54
 280560.138    92.314     0.51    5.72
 280936.081    91.993    -0.85    5.87
 281312.027    92.019     0.07    5.73
 281687.976    92.136     0.31    5.23
 282063.928    91.898    -0.63    6.01
 282439.883    92.553     1.74    6.54
 282815.841    92.082    -1.25    7.37
 283191.802    90.762    -3.51    7.23
 283567.766    89.517    -3.31    6.26
 283943.734    89.358    -0.42    6.22
