# NaN NaN NaN ;Mean Elev.(m), Avg Gradient(m/km), RMS Gradient(m/km) - SRTM1     
#   30.811  -1.637  14.156 ;Mean Elev.(m), Avg Gradient(m/km), RMS Gradient(m/km) - ASTER GDEM
#   42.150  -1.749   6.209 ;Mean Elev.(m), Avg Gradient(m/km), RMS Gradient(m/km) - GMTED2010 
  7 293.165282  -2.678914    49.395    49.365  6 52444.10349196 31.988
  8 293.171850  -2.684520   345.439   345.442  5 52479.10348431 44.768
  9 293.187014  -2.698400    44.632    44.681  7 52514.10342655 38.288
 10 293.174539  -2.686950    42.856    42.523  5 52549.10347312 20.312
 11 293.184606  -2.696149    42.967    42.907  7 52584.10346142 28.922
 12 293.174160  -2.686822    46.098    45.991  6 52619.10344050 23.674
 13 293.188087  -2.698214    47.637    47.662  7 52654.10341981 50.278
 14 293.178725  -2.690971    46.772    46.772  5 52689.10341828 51.185
 15 293.179072  -2.691083    47.857    47.904  6 52724.10346331 24.824
 16 293.163382  -2.676006    48.424    48.460  6 52759.10348630 24.149
 17 293.183479  -2.695706    49.019    49.025  6 52794.10343671 24.205
 18 293.185279  -2.695356    49.290    49.293  7 52829.10350394 43.945
 19 293.187551  -2.697692    44.877    44.865  7 52864.10354806 27.213
 20 293.176051  -2.688149    41.187    41.182  5 52899.10357940 42.356
 21 293.174485  -2.686457    42.623    42.637  6 52934.10352389 50.138
 22 293.179377  -2.692240    43.843    43.818  6 52969.10353567 36.740
 23 293.170138  -2.682667    45.767    45.717  5 53004.10355746 22.167
 24 293.172522  -2.685006    45.794    45.770  6 53039.10350654 35.889
 25 293.174898  -2.686963    44.860    44.880  6 53074.10353569 27.060
 26 293.172902  -2.685086    47.382    47.382  5 53109.10350633 35.210
 27 293.176313  -2.688502    47.702    47.761  5 53144.10354622 37.627
 28 293.181694  -2.693456    46.312    46.404  6 53179.10356179 24.843
 30 293.178727  -2.691633    41.555    41.551  6 53249.10355291 49.645
 31 293.172868  -2.684790    42.399    42.414  5 53284.10354878 49.150
 33 293.185132  -2.696446    46.000    45.996  6 53354.10350478 40.031
 34 293.177654  -2.690081    45.935    45.922  6 53389.10350783 28.250
 35 293.185814  -2.696397    46.238    46.213  6 53424.10350538 31.783
 36 293.185419  -2.696171    47.503    47.529  6 53459.10351050 25.289
 37 293.169130  -2.682167    48.512    48.603  6 53494.10359902 46.455
 38 293.185229  -2.695913    47.790    47.751  6 53529.10357261 26.590
 39 293.170187  -2.682609    45.356    45.355  5 53564.10360566 26.538
 40 293.182070  -2.692906    39.840    39.874  6 53599.10354449 50.768
 41 293.173582  -2.685409    38.567    38.532  5 53634.10354247 50.397
 42 293.172152  -2.684647    39.873    39.870  6 53669.10356420 43.409
 43 293.185333  -2.695480    43.742    43.747  7 53704.10350139 23.839
 44 293.185033  -2.696181    44.745    44.744  7 53739.10341047 49.590
 45 293.185845  -2.696124    46.591    46.629  6 53774.10342847 26.336
 46 293.182556  -2.694204    47.288    47.287  6 53809.10341354 26.250
 48 293.183034  -2.693960    48.916    48.845  6 53879.10348411 27.382
 49 293.169965  -2.682844    45.724    45.724  6 53914.10354174 49.443
 50 293.167015  -2.679323    42.191    42.141  6 53949.10355416 43.000
 51 293.177888  -2.690291    40.653    40.619  5 53984.10349076 39.380
 52 293.180997  -2.693570    41.857    41.086  5 54019.10352363 25.773
 53 293.190129  -2.698956    42.054    42.081  8 54054.10351266 47.133
 54 293.180681  -2.692181    45.434    45.435  6 54089.10350551 19.738
 55 293.181050  -2.693239    47.735    47.704  5 54124.10342864 27.854
 56 293.177894  -2.689733    46.967    46.948  6 54159.10347163 23.487
 57 293.180242  -2.693175    46.887    46.588  5 54194.10343122 19.834
 58 293.178966  -2.691399    48.459    48.410  6 54229.10348350 29.396
 59 293.179792  -2.692493    48.479    48.479  5 54264.10350197 32.757
 60 293.181179  -2.693743    45.367    45.354  6 54299.10350486 50.512
 61 293.180659  -2.693560    41.043    40.188  5 54334.10349533 29.079
 63 293.179469  -2.692194    41.658    41.746  5 54404.10343929 27.699
 64 293.179398  -2.691985    45.734    45.702  5 54439.10339650 25.566
 65 293.181842  -2.693878    46.915    46.904  5 54474.10342529 44.796
 66 293.180405  -2.692810    47.073    47.058  6 54509.10340854 26.942
 67 293.180425  -2.692506    47.969    47.971  5 54544.10343984 29.217
 68 293.180255  -2.693243    48.478    48.475  5 54579.10340875 34.679
 69 293.180671  -2.693233    48.715    48.738  5 54614.10343037 38.218
 70 293.177967  -2.690106    46.969    46.955  6 54649.10343982 46.344
 71 293.179285  -2.692428    43.772    43.572  6 54684.10343694 47.927
 72 293.181643  -2.694491    43.415    44.127  6 54719.10338363 27.899
 73 293.179074  -2.691237    40.589    40.572  6 54754.10341055 41.256
 74 293.178953  -2.691022    44.041    43.815  5 54789.10337709 27.411
 75 293.180437  -2.693303    45.050    45.128  5 54824.10340539 44.302
 76 293.181362  -2.692598    46.831    46.827  6 54859.10337027 26.963
 77 293.177687  -2.690258    48.542    48.500  6 54894.10340758 30.957
 78 293.177737  -2.690186    49.337    49.305  6 54929.10337029 30.190
 79 293.178324  -2.691113    49.551    49.638  5 54964.10340807 28.193
 80 293.175649  -2.687636    50.065    50.063  5 54999.10342907 50.566
 81 293.179684  -2.692784    48.494    48.572  5 55034.10341513 31.835
 82 293.179686  -2.692623    44.034    44.005  6 55069.10340459 43.562
 83 293.177902  -2.690638    40.804    40.038  5 55104.10334481 39.238
 84 293.179881  -2.692984    41.769    41.740  6 55139.10335126 29.291
 85 293.180798  -2.693299    43.903    43.878  6 55174.10331187 39.166
 86 293.179566  -2.692462    46.920    46.920  5 55209.10334681 43.538
 87 293.179069  -2.692289    46.687    46.682  6 55244.10331761 49.040
 88 293.178663  -2.691451    46.793    46.766  5 55279.10334032 50.350
 89 293.178598  -2.690590    47.956    47.873  5 55314.10330515 33.976
 90 293.179860  -2.693035    48.029    48.032  6 55349.10331156 30.121
 91 293.178479  -2.691069    45.271    45.251  6 55384.10330373 41.423
 92 293.180477  -2.693527    40.808    40.853  5 55419.10333002 29.062
 93 293.179614  -2.691721    37.410    37.537  6 55454.10330937 42.703
 94 293.180697  -2.692818    36.549    36.337  6 55489.10322873 40.718
