# NaN NaN NaN ;Mean Elev.(m), Avg Gradient(m/km), RMS Gradient(m/km) - SRTM1     
# NaN NaN NaN ;Mean Elev.(m), Avg Gradient(m/km), RMS Gradient(m/km) - ASTER GDEM
#    0.547   0.227   5.007 ;Mean Elev.(m), Avg Gradient(m/km), RMS Gradient(m/km) - GMTED2010 
  7 309.041819  -0.368365     2.639     2.598 12 52444.55812643 35.258
  8 309.050607  -0.353555     1.160     1.180 20 52479.55811652 19.318
  9 309.062248  -0.352658     1.672     1.638 17 52514.55806295 13.029
 10 309.051568  -0.353870     1.792     1.766 20 52549.55810856 17.821
 11 309.061117  -0.354923     0.763     0.593 17 52584.55809395 14.715
 12 309.052588  -0.353360     2.043     2.017 20 52619.55807239 18.920
 13 309.062733  -0.353211     0.592     0.490 17 52654.55805750 15.494
 14 309.055504  -0.354349     1.535     1.461 19 52689.55805275 17.353
 15 309.056000  -0.354505     1.937     2.080 19 52724.55809745 24.705
 16 309.040312  -0.370867     0.969     0.964 11 52759.55811980 19.459
 17 309.060037  -0.352809     1.670     1.657 17 52794.55807086 13.433
 18 309.061611  -0.353607     1.268     1.904 16 52829.55813809 24.819
 19 309.063536  -0.353528     1.333     1.176 17 52864.55818253 12.950
 20 309.054013  -0.353563     1.806     1.825 19 52899.55821194 14.133
 21 309.052885  -0.354165     1.109     1.129 20 52934.55815578 20.829
 22 309.055374  -0.354117     1.082     1.082 18 52969.55817143 14.432
 23 309.047793  -0.359134     2.118     2.123 18 53004.55819097 28.936
 24 309.052053  -0.353159     0.957     0.966 20 53039.55813908 19.455
 25 309.052443  -0.353784     1.861     1.778 20 53074.55817016 18.305
 26 309.048241  -0.359079     1.576     1.593 17 53109.55814080 21.946
 27 309.053593  -0.353759     1.269     1.234 19 53144.55818070 15.204
 28 309.058388  -0.354798     1.683     1.619 18 53179.55819562 20.738
 29 309.053388  -0.354469     1.945     1.932 19 53214.55821743 13.960
 30 309.055537  -0.354570     1.428     1.312 19 53249.55818706 14.398
 31 309.050485  -0.354651     1.952     1.933 19 53284.55818311 16.919
 32 309.061735  -0.353476     0.612     0.458 17 53319.55817112 13.655
 33 309.061067  -0.354759     1.323     1.271 17 53354.55813882 12.587
 34 309.054327  -0.354603     1.531     1.530 19 53389.55814291 25.983
 35 309.061335  -0.353824     0.397     0.406 17 53424.55814113 19.106
 36 309.061182  -0.354149     1.323     1.022 17 53459.55814606 31.035
 37 309.046976  -0.358909     1.514     1.629 17 53494.55823232 41.806
 38 309.062034  -0.352404     1.098     1.058 17 53529.55820603 15.769
 39 309.048427  -0.357574     2.030     2.012 19 53564.55823836 18.527
 40 309.058832  -0.352841     1.330     1.324 18 53599.55817881 13.818
 41 309.051637  -0.353988     1.368     1.344 20 53634.55817566 17.594
 42 309.049859  -0.355999     1.668     1.641 19 53669.55819787 18.024
 43 309.062075  -0.352264     0.314     0.089 17 53704.55813482 15.566
 44 309.060912  -0.354472     1.052     0.992 17 53739.55804517 23.244
 45 309.061512  -0.353705     1.011     1.073 17 53774.55806418 22.251
 46 309.058964  -0.354096     1.334     1.219 17 53809.55804784 13.407
 47 309.053222  -0.353847     2.063     2.045 20 53844.55808939 17.566
 48 309.059413  -0.354246     1.331     1.360 18 53879.55811848 19.589
 49 309.047253  -0.360812     1.553     1.549 17 53914.55817583 16.814
 50 309.044127  -0.365781     2.043     2.039 13 53949.55818772 18.644
 51 309.055172  -0.354893     0.774     0.720 19 53984.55812396 17.802
 52 309.057213  -0.353606     1.472     1.412 18 54019.55815851 13.306
 53 309.064824  -0.354029     1.463     1.455 16 54054.55814962 14.685
 54 309.057542  -0.353373     0.407     0.432 18 54089.55813938 16.787
 55 309.057298  -0.353626     1.984     1.961 18 54124.55806407 15.159
 56 309.055262  -0.352923     0.825     0.851 19 54159.55810554 17.625
 57 309.056368  -0.354400     1.203     1.262 19 54194.55806672 20.139
 58 309.056160  -0.353735     2.375     2.373 19 54229.55811728 35.246
 59 309.056789  -0.353528     0.984     0.940 18 54264.55813559 14.284
 60 309.057562  -0.354009     1.640     1.610 18 54299.55813967 15.094
 61 309.056943  -0.354847     2.043     2.040 18 54334.55812973 13.534
 63 309.055942  -0.354063     1.560     1.535 19 54404.55807387 16.739
 64 309.056063  -0.353873     0.933     0.918 18 54439.55803096 13.850
 65 309.058226  -0.352413     0.882     0.957 18 54474.55806012 39.477
 66 309.056513  -0.354532     2.259     2.233 18 54509.55804431 24.820
 67 309.056822  -0.354451     0.725     0.688 18 54544.55807464 16.668
 68 309.057183  -0.354149     1.341     1.354 18 54579.55804226 19.851
 69 309.057310  -0.354351     2.611     2.612 18 54614.55806453 14.735
 70 309.055049  -0.352838     0.939     0.950 19 54649.55807462 44.176
 71 309.056087  -0.354414     1.707     1.674 18 54684.55807077 14.008
 72 309.057706  -0.353698     1.720     1.711 18 54719.55801876 14.994
 73 309.055538  -0.354966     0.748     0.710 19 54754.55804535 18.954
 74 309.055118  -0.354729     1.931     1.932 19 54789.55801286 12.712
 75 309.056746  -0.353997     0.644     0.630 18 54824.55804020 16.964
 76 309.057311  -0.354810     0.800     0.793 18 54859.55800597 20.295
 77 309.054550  -0.354463     2.477     2.524 19 54894.55804239 14.777
 78 309.054886  -0.353383     1.109     1.079 19 54929.55800445 17.150
 79 309.055702  -0.353578     1.912     1.882 18 54964.55804152 16.448
 80 309.053297  -0.354289     2.356     2.405 20 54999.55806258 25.289
 81 309.056915  -0.353276     1.253     1.091 19 55034.55804833 13.843
 82 309.056582  -0.353946     2.014     1.970 19 55069.55803810 15.142
 83 309.054787  -0.353801     1.289     1.269 19 55104.55797929 13.760
 84 309.056309  -0.353996     0.759     0.749 18 55139.55798574 17.720
 85 309.057383  -0.354019     2.046     2.080 19 55174.55794603 20.175
 86 309.056189  -0.353358     0.489     0.420 19 55209.55798129 18.998
 87 309.055318  -0.354290     1.614     1.533 19 55244.55795306 14.142
 88 309.055418  -0.354603     2.297     2.290 19 55279.55797480 13.727
 89 309.055860  -0.353315     0.926     1.011 19 55314.55793899 20.322
 90 309.056549  -0.353632     0.719     1.141 18 55349.55794605 32.700
 91 309.055239  -0.353328     1.943     1.929 19 55384.55793854 13.497
 92 309.057223  -0.353216     1.222     1.108 18 55419.55796418 13.830
 93 309.056898  -0.352904     2.139     2.126 18 55454.55794256 13.484
 94 309.057358  -0.354860    -0.739    -0.602 18 55489.55786257 41.329
