# NaN NaN NaN ;Mean Elev.(m), Avg Gradient(m/km), RMS Gradient(m/km) - SRTM1     
#   13.354  -1.636   6.054 ;Mean Elev.(m), Avg Gradient(m/km), RMS Gradient(m/km) - ASTER GDEM
#    9.029  -1.312   5.301 ;Mean Elev.(m), Avg Gradient(m/km), RMS Gradient(m/km) - GMTED2010 
 11 299.775960  -3.271264    17.438    17.510  6 52588.08538701 24.678
 12 299.773988  -3.269999    16.360    16.736  6 52623.08534364 31.539
 13 299.776148  -3.271404    17.553    17.585  6 52658.08535826 22.248
 15 299.776104  -3.269809    18.461    18.466  6 52728.08538041 22.202
 16 299.762540  -3.264118    20.844    20.811  5 52763.08539476 40.104
 17 299.780191  -3.273671    22.330    22.300  7 52798.08536286 38.245
 18 299.779601  -3.273404    22.467    22.466  6 52833.08543369 34.447
 19 299.781474  -3.274992    21.347    21.449  7 52868.08547579 35.703
 20 299.772354  -3.268449    18.024    17.976  6 52903.08549317 32.831
 21 299.771675  -3.266913    16.128    16.765  6 52938.08543106 18.811
 22 299.771199  -3.267031    14.932    14.138  5 52973.08546475 25.891
 23 299.767142  -3.265230    16.428    16.260  4 53008.08547404 17.982
 24 299.770403  -3.267398    17.113    16.772  5 53043.08543066 25.044
 25 299.767266  -3.264067    17.665    17.023  5 53078.08546433 23.065
 26 299.766649  -3.264682    19.553    19.435  5 53113.08543466 29.681
 27 299.768422  -3.266029    21.013    21.008  6 53148.08547937 34.403
 28 299.779856  -3.273944    21.244    21.257  7 53183.08547706 34.202
 29 299.772199  -3.268421    20.444    20.426  6 53218.08550236 34.665
 30 299.768272  -3.266533    18.405    18.173  5 53253.08548050 27.205
 31 299.765752  -3.264915    15.772    14.995  5 53288.08548168 25.511
 32 299.781446  -3.274803     3.776    16.788  6 53323.08545514 22.375
 33 299.779182  -3.272591    16.464    16.695  7 53358.08542028 25.443
 34 299.772299  -3.269090    17.539    17.100  6 53393.08543684 34.362
 35 299.777384  -3.271208    18.107    18.125  7 53428.08543079 37.947
 36 299.777132  -3.271676    20.311    20.307  6 53463.08544934 32.596
 37 299.764674  -3.264477    21.863    21.869  4 53498.08552237 28.815
 38 299.776871  -3.271842    22.557    22.533  6 53533.08550313 39.410
 39 299.766241  -3.265923    20.954    20.877  5 53568.08552302 32.358
 40 299.774407  -3.268843    17.023    16.798  6 53603.08546746 32.084
 41 299.769421  -3.266378    12.574    11.231  5 53638.08546632 23.097
 42 299.767145  -3.265909    11.197     9.510  5 53673.08548679 25.411
 43 299.779800  -3.273437    13.887    13.849  6 53708.08541637 33.722
 44 299.776571  -3.270175    15.958    15.967  6 53743.08532815 26.408
 45 299.779365  -3.273334    18.739    18.691  6 53778.08535435 26.818
 46 299.775959  -3.270211    20.583    20.562  6 53813.08533032 30.575
 47 299.769815  -3.267148    21.396    21.395  6 53848.08538706 39.051
 49 299.764046  -3.264490    22.395    22.411  5 53918.08546941 28.788
 50 299.762920  -3.264203    20.493    20.410  5 53953.08547270 29.891
 52 299.774664  -3.270843    17.393    17.400  6 54023.08545079 30.449
 53 299.782267  -3.275700    16.957    17.059  6 54058.08544168 20.758
 54 299.773193  -3.267674    16.107    15.722  6 54093.08542394 23.673
 55 299.775146  -3.269727    17.738    17.676  6 54128.08536103 38.629
 56 299.771801  -3.267949    18.138    17.901  5 54163.08539382 19.284
 57 299.773937  -3.269183    19.366    19.376  6 54198.08536321 44.625
 58 299.774141  -3.268744    21.359    21.347  6 54233.08540723 33.370
 59 299.774173  -3.269016    22.527    22.521  6 54268.08542634 34.211
 60 299.774748  -3.269615    21.935    21.873  6 54303.08542966 38.525
 61 299.773979  -3.268405    19.286    19.257  6 54338.08541535 31.445
 62 299.774738  -3.269206    14.364    13.613  6 54373.08536293 26.510
 63 299.772903  -3.269105    14.298    15.092  6 54408.08536057 26.835
 64 299.775021  -3.269062    15.731    15.999  6 54443.08532337 20.988
 65 299.775155  -3.270689    17.088    17.085  6 54478.08534952 27.841
 66 299.775397  -3.269923    18.848    18.905  6 54513.08533828 25.772
 67 299.773611  -3.269566    20.499    20.538  6 54548.08536342 37.061
 68 299.775082  -3.270431    21.390    21.407  6 54583.08533435 40.442
 69 299.774235  -3.269524    22.526    22.496  6 54618.08535512 39.660
 70 299.771945  -3.268357    22.586    22.607  6 54653.08536699 39.486
 71 299.773221  -3.269624    20.702    20.713  6 54688.08535623 40.855
 72 299.775168  -3.269807    16.319    17.242  7 54723.08531450 28.484
 73 299.772957  -3.269211    14.012    13.251  6 54758.08533179 25.714
 74 299.773268  -3.269509    14.820    14.018  6 54793.08530715 27.517
 75 299.774055  -3.269895    15.977    16.512  6 54828.08532994 18.909
 76 299.774538  -3.268556    18.841    18.790  6 54863.08530204 28.734
 77 299.771850  -3.267622    20.754    20.777  5 54898.08532998 24.106
 78 299.772957  -3.267929    22.104    22.183  6 54933.08529675 34.792
 79 299.773277  -3.268075    23.441    23.424  6 54968.08533182 30.716
 80 299.770061  -3.266415    23.767    23.708  5 55003.08535176 36.817
 81 299.775063  -3.270050    23.418    23.486  6 55038.08533743 29.027
 82 299.772858  -3.268473    21.315    21.315  6 55073.08532383 35.388
 83 299.773563  -3.269163    16.338    16.621  6 55108.08527011 27.480
 84 299.772067  -3.267855    13.359    12.304  5 55143.08527459 23.576
 85 299.775274  -3.269956    14.449    14.003  7 55178.08524194 21.396
 86 299.773434  -3.269724    16.677    16.656  6 55213.08526926 26.991
 87 299.774948  -3.269794    17.486    17.461  6 55248.08524253 29.422
 88 299.772353  -3.268629    17.559    18.606  6 55283.08526284 28.110
 89 299.771586  -3.266918    21.122    21.109  6 55318.08523373 29.788
 90 299.772837  -3.267883    22.328    22.335  6 55353.08523620 37.715
 91 299.772481  -3.268754    21.789    21.733  6 55388.08523283 34.727
 92 299.774519  -3.269624    19.110    19.082  6 55423.08525338 31.959
 93 299.774104  -3.270078    14.534    15.275  6 55458.08522573 23.699
