-283420.081    56.801     0.00    3.78
-283043.714    57.346     1.45    3.57
-282667.350    58.354     2.68    2.87
-282290.989    58.326    -0.07    2.87
-281914.629    58.523     0.52    2.43
-281538.273    58.071    -1.20    2.61
-281161.919    56.801    -3.38    3.59
-280785.567    56.423    -1.01    4.46
-280409.218    56.125    -0.79    4.81
-280032.871    56.829     1.87    5.10
-279656.527    55.726    -2.93    5.69
-279280.186    54.669    -2.81    5.34
-278903.847    54.666    -0.01    6.00
-278527.511    54.134    -1.41    6.03
-278151.177    54.169     0.09    5.82
-277774.845    52.906    -3.36    5.54
-277398.516    52.196    -1.89    4.81
-277022.190    51.544    -1.73    5.05
-276645.866    52.044     1.33    4.60
-276269.545    52.906     2.29    5.09
-275893.226    51.676    -3.27    6.46
-275516.909    52.687     2.69    6.75
-275140.595    50.617    -5.50    7.10
-274764.284    50.477    -0.37    6.34
-274387.975    51.341     2.30    6.03
-274011.669    53.855     6.68    5.48
-273635.365    55.384     4.06    3.81
-273259.063    56.442     2.81    3.59
-272882.764    56.391    -0.14    3.73
-272506.468    56.395     0.01    3.45
-272130.174    55.750    -1.72    3.16
-271753.883    55.006    -1.98    3.05
-271377.594    55.083     0.20    2.53
-271001.307    54.143    -2.50    2.25
-270625.023    53.698    -1.18    2.43
-270248.741    52.801    -2.39    2.48
-269872.462    51.985    -2.17    2.32
-269496.186    51.211    -2.06    3.26
-269119.912    50.144    -2.84    4.49
-268743.640    48.416    -4.59    5.09
-268367.371    48.855     1.17    5.68
-267991.104    50.314     3.88    5.54
-267614.840    51.450     3.02    5.15
-267238.578    52.273     2.19    4.12
-266862.319    51.442    -2.21    4.29
-266486.062    51.020    -1.12    4.50
-266109.807    51.693     1.79    4.62
-265733.555    51.976     0.75    4.74
-265357.306    53.301     3.52    5.07
-264981.059    53.775     1.26    4.75
-264604.814    55.044     3.37    3.55
-264228.572    54.211    -2.21    4.21
-263852.332    53.071    -3.03    4.49
-263476.095    52.801    -0.72    4.26
-263099.860    52.722    -0.21    4.05
-262723.628    52.544    -0.47    2.80
-262347.398    52.878     0.89    2.38
-261971.171    53.391     1.36    3.07
-261594.946    54.773     3.67    2.92
-261218.723    56.044     3.38    2.28
-260842.503    55.125    -2.44    4.22
-260466.285    53.432    -4.50    5.16
-260090.070    53.151    -0.75    4.91
-259713.857    53.206     0.15    4.79
-259337.646    53.262     0.15    4.19
-258961.438    53.696     1.15    3.34
-258585.233    52.432    -3.36    3.88
-258209.030    51.720    -1.89    4.28
-257832.829    51.251    -1.25    4.78
-257456.630    51.643     1.04    5.58
-257080.435    52.260     1.64    5.19
-256704.241    52.260     0.00    5.23
-256328.050    50.106    -5.73    6.27
-255951.861    46.955    -8.38    7.12
-255575.675    45.339    -4.29    7.53
-255199.491    44.915    -1.13    7.55
-254823.310    45.531     1.64    8.12
-254447.131    46.423     2.37    8.47
-254070.954    44.720    -4.53    8.37
-253694.780    43.851    -2.31    7.59
-253318.608    42.341    -4.01    6.92
-252942.438    41.222    -2.98    5.67
-252566.271    39.854    -3.64    4.80
-252190.107    37.006    -7.57    4.76
-251813.944    34.936    -5.50    4.29
-251437.784    33.101    -4.88    4.32
-251061.627    30.906    -5.83    5.07
-250685.472    28.801    -5.60    5.35
-250309.319    26.531    -6.04    5.14
-249933.169    27.051     1.38    6.95
-249557.021    33.057    15.97   11.65
-249180.875    40.391    19.50   12.03
-248804.732    45.801    14.38    9.41
-248428.591    48.558     7.33    4.90
-248052.453    48.720     0.43    4.89
-247676.317    48.774     0.14    4.26
-247300.183    50.493     4.57    3.55
-246924.052    50.485    -0.02    3.57
-246547.923    51.391     2.41    3.61
-246171.796    51.493     0.27    3.62
-245795.672    51.134    -0.95    3.91
-245419.550    50.450    -1.82    4.10
-245043.431    48.728    -4.58    6.63
-244667.313    48.237    -1.31    7.12
-244291.199    46.384    -4.93    8.40
-243915.086    45.693    -1.84    7.84
-243538.976    46.206     1.37    8.18
-243162.868    46.098    -0.29    8.27
-242786.763    46.185     0.23    7.84
-242410.660    46.919     1.95    7.30
-242034.559    48.955     5.41    6.06
-241658.461    49.748     2.11    4.06
-241282.365    51.134     3.69    4.08
-240906.271    52.570     3.82    3.48
-240530.180    53.612     2.77    2.94
-240154.091    54.903     3.43    3.02
-239778.005    56.391     3.95    2.57
-239401.920    57.827     3.82    3.27
-239025.838    59.117     3.43    3.31
-238649.759    59.493     1.00    3.07
-238273.681    59.237    -0.68    3.25
-237897.606    58.023    -3.23    3.73
-237521.534    58.152     0.34    3.86
-237145.463    58.450     0.79    3.99
-236769.395    59.341     2.37    3.05
-236393.330    59.406     0.17    2.87
-236017.266    58.515    -2.37    2.62
-235641.205    57.076    -3.83    2.44
-235265.147    57.275     0.53    2.55
-234889.090    57.179    -0.25    2.28
-234513.036    57.596     1.11    2.15
-234136.984    57.485    -0.29    2.33
-233760.935    57.064    -1.12    2.81
-233384.888    56.511    -1.47    3.05
-233008.843    55.621    -2.37    3.72
-232632.800    54.260    -3.62    5.00
-232256.760    53.621    -1.70    5.24
-231880.722    54.251     1.67    5.55
-231504.687    55.495     3.31    4.86
-231128.653    54.477    -2.71    4.68
-230752.622    52.423    -5.46    4.15
-230376.593    52.098    -0.86    3.71
-230000.567    52.990     2.37    3.52
-229624.543    53.858     2.31    2.46
-229248.521    55.001     3.04    2.49
-228872.501    55.669     1.78    2.57
-228496.484    54.936    -1.95    3.29
-228120.469    54.775    -0.43    3.38
-227744.456    54.301    -1.26    3.13
-227368.446    54.485     0.49    2.61
-226992.438    54.801     0.84    2.22
-226616.432    54.288    -1.36    2.01
-226240.428    53.968    -0.85    1.98
-225864.427    54.160     0.51    2.08
-225488.428    53.926    -0.62    2.23
-225112.431    54.183     0.68    2.70
-224736.436    53.963    -0.59    2.43
-224360.444    52.666    -3.45    3.46
-223984.454    51.044    -4.31    4.90
-223608.466    47.314    -9.92    6.71
-223232.481    44.940    -6.32    6.51
-222856.497    46.775     4.88    7.84
-222480.516    49.468     7.16    8.10
-222104.538    53.354    10.34    6.70
-221728.561    56.301     7.84    4.11
-221352.587    57.696     3.71    2.96
-220976.615    57.365    -0.88    3.68
-220600.645    56.314    -2.79    3.84
-220224.678    55.775    -1.43    3.63
-219848.713    55.940     0.44    3.97
-219472.750    57.006     2.84    3.80
-219096.789    58.775     4.71    3.00
-218720.830    59.707     2.48    2.22
-218344.874    59.801     0.25    1.93
-217968.920    59.774    -0.07    1.85
-217592.968    60.098     0.86    2.05
-217217.019    60.423     0.86    1.88
-216841.072    60.106    -0.84    1.79
-216465.126    60.248     0.38    1.74
-216089.184    60.493     0.65    1.73
-215713.243    60.585     0.24    1.81
-215337.305    60.724     0.37    1.97
-214961.368    60.724     0.00    1.84
-214585.434    60.570    -0.41    1.65
-214209.503    60.504    -0.18    1.82
-213833.573    60.416    -0.23    1.66
-213457.646    60.233    -0.49    1.52
-213081.721    59.775    -1.22    1.57
-212705.798    59.538    -0.63    1.62
-212329.877    58.957    -1.54    2.03
-211953.959    58.365    -1.58    2.36
-211578.043    57.222    -3.04    3.11
-211202.129    57.044    -0.47    3.44
-210826.217    57.314     0.72    3.46
-210450.307    57.606     0.78    3.36
-210074.400    57.544    -0.16    2.70
-209698.494    56.468    -2.86    2.43
-209322.591    55.585    -2.35    1.93
-208946.691    55.109    -1.27    1.56
-208570.446    54.980    -0.34    1.79
-208194.109    55.211     0.61    1.67
-207817.774    55.450     0.63    1.74
-207441.442    55.544     0.25    1.85
-207065.111    55.990     1.18    2.13
-206688.783    55.990     0.00    2.30
-206312.457    55.314    -1.80    3.35
-205936.133    54.332    -2.61    3.64
-205559.812    54.442     0.29    3.98
-205183.493    54.538     0.25    3.91
-204807.175    55.356     2.18    3.39
-204430.860    55.596     0.64    2.87
-204054.548    55.218    -1.01    3.41
-203678.237    54.698    -1.38    4.27
-203301.929    54.468    -0.61    4.56
-202925.622    54.125    -0.91    4.63
-202549.318    54.669     1.45    3.65
-202173.016    55.211     1.44    3.24
-201796.716    55.176    -0.09    3.02
-201420.419    54.531    -1.71    3.29
-201044.123    54.083    -1.19    3.42
-200667.830    53.432    -1.73    3.05
-200291.539    52.579    -2.27    2.87
-199915.250    52.423    -0.42    2.63
-199538.963    51.329    -2.91    2.90
-199162.679    49.852    -3.92    3.66
-198786.396    49.301    -1.47    4.55
-198410.116    48.329    -2.58    5.10
-198033.838    48.211    -0.31    5.43
-197657.562    47.940    -0.72    5.22
-197281.288    48.564     1.66    4.52
-196905.016    48.673     0.29    4.41
-196528.746    48.880     0.55    4.14
-196152.479    50.117     3.29    3.20
-195776.214    50.196     0.21    3.37
-195399.950    50.151    -0.12    3.34
-195023.689    49.206    -2.51    3.62
-194647.430    47.101    -5.60    5.91
-194271.174    41.493   -14.90   10.19
-193894.919    37.801    -9.81    9.41
-193518.667    39.125     3.52    9.91
-193142.416    43.829    12.50    9.50
-192766.168    48.827    13.29    5.00
-192389.922    49.076     0.66    3.73
-192013.678    47.579    -3.98    5.29
-191637.436    46.376    -3.20    5.05
-191261.196    46.696     0.85    5.11
-190884.959    48.064     3.64    4.26
-190508.723    49.275     3.22    3.55
-190132.490    49.878     1.60    2.94
-189756.258    49.669    -0.55    2.91
-189380.029    49.079    -1.57    2.94
-189003.802    47.314    -4.69    3.34
-188627.577    43.936    -8.98    5.59
-188251.354    41.301    -7.00    5.83
-187875.134    38.878    -6.44    5.80
-187498.915    35.115   -10.00    3.02
-187122.698    33.260    -4.93    3.07
-186746.484    31.747    -4.02    2.90
-186370.272    30.590    -3.07    2.71
-185994.061    29.570    -2.71    2.45
-185617.853    28.558    -2.69    2.33
-185241.647    27.326    -3.27    2.97
-184865.443    25.852    -3.92    3.82
-184489.241    23.909    -5.17    4.58
-184113.042    21.669    -5.95    5.47
-183736.844    20.160    -4.01    4.61
-183360.648    18.406    -4.66    4.26
-182984.455    16.384    -5.37    3.34
-182608.263    15.237    -3.05    2.97
-182232.074    13.912    -3.52    2.41
-181855.887    13.570    -0.91    2.08
-181479.701    14.519     2.52    2.67
-181103.518    15.389     2.31    3.82
-180727.337    16.017     1.67    3.82
-180351.158    16.179     0.43    3.98
-179974.981    15.538    -1.71    4.39
-179598.806    15.090    -1.19    4.12
-179222.633    14.773    -0.84    3.87
-178846.463    15.109     0.89    3.51
-178470.294    15.288     0.48    3.03
-178094.127    14.990    -0.79    2.69
-177717.963    14.017    -2.59    1.89
-177341.800    13.301    -1.90    1.57
-176965.640    13.903     1.60    1.54
-176589.482    14.245     0.91    2.41
-176213.325    16.160     5.09    8.12
-175837.171    20.051    10.34   12.55
-175461.019    25.724    15.08   15.12
-175084.868    26.288     1.50   15.94
-174708.720    25.645    -1.71   15.04
-174332.574    22.880    -7.35   13.77
-173956.430    17.936   -13.14    9.08
-173580.288    18.233     0.79    9.28
-173204.148    18.442     0.55   10.69
-172828.010    20.666     5.91   11.61
-172451.874    26.852    16.45   14.12
-172075.740    34.339    19.91   13.82
-171699.608    42.117    20.68    9.73
-171323.479    45.774     9.72    4.31
-170947.351    45.314    -1.22    6.21
-170571.225    45.160    -0.41    6.82
-170195.101    44.368    -2.10    6.74
-169818.980    44.365    -0.01    6.98
-169442.860    45.855     3.96    6.29
-169066.742    46.314     1.22    6.03
-168690.626    47.878     4.16    6.23
-168314.513    50.988     8.27    4.34
-167938.401    51.698     1.89    3.52
-167562.292    52.570     2.32    3.21
-167186.184    52.273    -0.79    3.08
-166810.078    51.827    -1.19    3.13
-166433.975    51.314    -1.36    3.30
-166057.873    51.852     1.43    3.03
-165681.773    52.590     1.96    2.57
-165305.676    52.748     0.42    3.00
-164929.580    53.932     3.15    2.43
-164553.487    54.621     1.83    2.56
-164177.395    54.237    -1.02    2.88
-163801.305    52.450    -4.75    4.26
-163425.218    51.432    -2.70    4.24
-163049.132    51.459     0.07    4.03
-162673.049    51.531     0.19    4.36
-162296.967    52.855     3.52    3.04
-161920.887    53.377     1.39    2.69
-161544.810    52.878    -1.33    3.16
-161168.734    51.878    -2.66    4.02
-160792.660    49.551    -6.19    5.96
-160416.589    46.878    -7.11    6.91
-160040.519    46.829    -0.13    6.99
-159664.451    47.314     1.29    6.80
-159288.385    49.380     5.49    5.69
-158912.321    50.134     2.01    5.96
-158536.260    51.314     3.14    4.94
-158160.200    52.416     2.93    3.16
-157784.142    52.142    -0.73    3.26
-157408.086    50.273    -4.97    5.15
-157032.032    46.485   -10.07    7.94
-156655.980    40.504   -15.91   11.47
-156279.930    34.828   -15.09   13.82
-155903.882    28.504   -16.82   13.40
-155527.835    23.772   -12.58   11.35
-155151.791    18.901   -12.95    6.36
-154775.749    16.468    -6.47    2.97
-154399.709    16.233    -0.62    4.18
-154023.670    17.262     2.74    6.21
-153647.634    18.450     3.16    6.72
-153271.600    19.090     1.70    7.01
-152895.567    21.955     7.62    8.50
-152519.536    24.468     6.68   10.82
-152143.508    28.179     9.87   12.75
-151767.481    30.775     6.90   13.96
-151391.456    31.903     3.00   13.29
-151015.434    32.071     0.45   12.04
-150639.413    29.570    -6.65   10.94
-150263.394    29.206    -0.97   10.48
-149887.377    32.206     7.98   10.99
-149511.362    39.260    18.76    9.35
-149135.349    44.190    13.11    5.37
-148759.337    46.211     5.38    4.07
-148383.328    47.851     4.36    4.05
-148007.321    49.098     3.32    3.79
-147631.315    49.426     0.87    4.40
-147255.312    49.696     0.72    5.31
-146879.310    49.544    -0.40    5.21
-146503.311    48.985    -1.49    4.74
-146127.313    49.109     0.33    4.57
-145751.317    50.301     3.17    4.54
-145375.323    52.098     4.78    4.55
-144999.331    52.391     0.78    4.63
-144623.341    51.772    -1.64    4.26
-144247.353    50.955    -2.17    4.13
-143871.366    48.750    -5.87    4.71
-143495.382    45.106    -9.69    6.74
-143119.399    43.531    -4.19    7.34
-142743.419    43.301    -0.61    7.20
-142367.440    42.643    -1.75    6.55
-141991.463    44.751     5.61    6.01
-141615.488    46.152     3.73    4.55
-141239.515    46.955     2.13    3.18
-140863.544    47.064     0.29    3.23
-140487.575    44.406    -7.07    6.04
-140111.607    39.314   -13.54    8.91
-139735.642    37.801    -4.03    8.44
-139359.678    37.423    -1.01    8.11
-138983.717    40.125     7.19    7.55
-138607.757    43.423     8.77    5.47
-138231.799    44.229     2.15    5.75
-137855.843    45.673     3.84    5.11
-137479.889    47.185     4.02    5.26
-137103.936    49.544     6.27    5.47
-136727.986    51.477     5.14    4.37
-136352.037    51.558     0.22    6.26
-135976.090    51.301    -0.68    6.80
-135600.146    50.751    -1.46    6.98
-135224.203    50.395    -0.95    6.34
-134848.261    51.643     3.32    5.33
-134472.322    53.117     3.92    4.58
-134096.385    54.416     3.46    3.27
-133720.399    55.341     2.46    1.86
-133344.094    54.576    -2.03    2.27
-132967.791    53.985    -1.57    2.52
-132591.490    53.260    -1.93    2.28
-132215.191    53.152    -0.29    2.29
-131838.894    53.606     1.21    2.23
-131462.598    54.160     1.47    1.95
-131086.305    54.211     0.14    1.97
-130710.013    53.944    -0.71    1.88
-130333.723    53.643    -0.80    2.21
-129957.435    53.395    -0.66    2.31
-129581.148    53.368    -0.07    2.09
-129204.864    53.365    -0.01    2.05
-128828.581    53.531     0.44    2.06
-128452.301    53.570     0.10    2.02
-128076.022    53.590     0.05    2.16
-127699.745    53.673     0.22    1.87
-127323.469    53.477    -0.52    1.60
-126947.196    53.386    -0.24    1.75
-126570.924    52.980    -1.08    1.65
-126194.655    53.134     0.41    2.04
-125818.387    54.233     2.92    2.13
-125442.121    54.450     0.57    2.18
-125065.856    55.098     1.72    2.15
-124689.594    55.006    -0.24    2.31
-124313.333    54.715    -0.77    2.49
-123937.074    54.083    -1.68    2.67
-123560.817    53.090    -2.64    2.26
-123184.562    52.634    -1.21    2.35
-122808.309    51.929    -1.87    2.77
-122432.057    50.828    -2.93    3.39
-122055.807    49.724    -2.93    3.70
-121679.559    49.485    -0.63    3.58
-121303.313    49.493     0.02    3.46
-120927.069    50.450     2.54    2.66
-120550.826    50.391    -0.16    3.02
-120174.586    49.651    -1.97    4.23
-119798.347    48.051    -4.25    5.13
-119422.109    46.423    -4.33    5.16
-119045.874    43.450    -7.90    6.09
-118669.641    38.314   -13.65    8.36
-118293.409    29.558   -23.28   11.05
-117917.179    22.315   -19.25    9.86
-117540.951    16.301   -15.99    6.53
-117164.724    13.090    -8.53    3.43
-116788.500    13.855     2.03    4.29
-116412.277    18.134    11.37    6.31
-116036.056    22.143    10.66    9.13
-115659.836    27.432    14.06   11.01
-115283.619    33.990    17.43   11.10
-114907.403    36.391     6.38   10.56
-114531.189    38.634     5.96   10.08
-114154.977    40.596     5.21    8.64
-113778.767    41.001     1.08    8.13
-113402.558    41.372     0.99    7.74
-113026.351    41.990     1.64    7.36
-112650.146    43.531     4.10    7.36
-112273.943    47.017     9.27    5.50
-111897.741    48.558     4.10    5.25
-111521.541    50.384     4.86    3.67
-111145.343    51.032     1.72    2.76
-110769.147    51.955     2.45    2.36
-110392.952    51.450    -1.34    3.09
-110016.760    51.109    -0.91    3.76
-109640.569    51.222     0.30    3.94
-109264.379    52.365     3.04    3.84
-108888.192    53.395     2.74    2.86
-108512.006    54.185     2.10    1.99
-108135.822    54.245     0.16    2.16
-107759.640    53.485    -2.02    2.58
-107383.459    53.117    -0.98    2.89
-107007.280    52.332    -2.09    2.99
-106631.103    51.801    -1.41    3.68
-106254.928    51.720    -0.22    3.91
-105878.754    51.551    -0.45    4.48
-105502.582    51.071    -1.28    4.64
-105126.412    50.134    -2.49    4.92
-104750.244    49.301    -2.22    4.90
-104374.077    46.211    -8.21    6.57
-103997.912    44.504    -4.54    7.14
-103621.749    44.852     0.93    7.26
-103245.587    46.519     4.43    7.72
-102869.428    51.109    12.20    4.24
-102493.270    52.222     2.96    2.59
-102117.113    51.929    -0.78    2.44
-101740.959    51.585    -0.92    2.24
-101364.806    50.477    -2.95    3.50
-100988.654    48.531    -5.17    5.10
-100612.505    47.207    -3.52    5.97
-100236.357    47.365     0.42    5.55
 -99860.211    48.064     1.86    5.77
 -99484.067    49.495     3.81    4.39
 -99107.924    49.801     0.81    4.00
 -98731.783    46.773    -8.05    6.94
 -98355.644    45.090    -4.47    6.80
 -97979.506    44.211    -2.34    6.36
 -97603.371    44.233     0.06    6.11
 -97227.236    46.459     5.92    4.75
 -96851.104    47.406     2.52    4.58
 -96474.973    47.596     0.50    4.29
 -96098.844    48.909     3.49    3.68
 -95722.717    49.251     0.91    3.60
 -95346.591    50.044     2.11    2.84
 -94970.467    51.423     3.66    1.83
 -94594.345    51.801     1.01    1.75
 -94218.224    52.273     1.26    1.66
 -93842.105    52.185    -0.23    1.53
 -93465.988    51.365    -2.18    2.36
 -93089.872    50.301    -2.83    2.67
 -92713.758    48.432    -4.97    4.53
 -92337.646    47.523    -2.42    4.58
 -91961.535    48.017     1.31    4.84
 -91585.426    49.288     3.38    4.54
 -91209.319    50.152     2.30    3.33
 -90833.214    50.801     1.72    2.40
 -90457.110    51.143     0.91    2.23
 -90081.007    50.451    -1.84    2.81
 -89704.907    50.152    -0.79    2.49
 -89328.808    50.376     0.59    2.30
 -88952.711    49.570    -2.14    4.03
 -88576.615    48.023    -4.11    5.57
 -88200.521    43.558   -11.87   10.00
 -87824.429    34.341   -24.51   13.56
 -87448.338    25.459   -23.62   11.59
 -87072.249    20.544   -13.07    6.93
 -86696.162    23.912     8.95   11.37
 -86320.076    33.251    24.83   14.37
 -85943.992    41.564    22.10    9.54
 -85567.910    45.218     9.71    4.76
 -85191.829    45.959     1.97    3.99
 -84815.750    46.493     1.42    3.39
 -84439.672    47.485     2.64    3.17
 -84063.596    48.504     2.71    2.90
 -83687.522    48.724     0.59    3.22
 -83311.449    49.079     0.94    4.14
 -82935.379    48.876    -0.54    5.19
 -82559.309    49.511     1.69    5.16
 -82183.241    49.634     0.33    5.01
 -81807.175    49.477    -0.42    5.17
 -81431.111    49.909     1.15    4.75
 -81055.048    51.017     2.95    4.35
 -80678.987    51.570     1.47    3.83
 -80302.927    51.531    -0.11    3.77
 -79926.869    51.426    -0.28    2.87
 -79550.813    50.596    -2.21    2.31
 -79174.758    50.169    -1.13    2.36
 -78798.705    51.880     4.55    3.07
 -78422.654    52.775     2.38    3.36
 -78046.604    52.380    -1.05    4.29
 -77670.555    51.051    -3.53    5.82
 -77294.509    49.237    -4.82    5.94
 -76918.464    47.440    -4.78    5.73
 -76542.420    47.544     0.28    5.71
 -76166.378    47.724     0.48    5.42
 -75790.338    49.183     3.88    3.69
 -75414.299    50.477     3.44    2.89
 -75038.262    51.125     1.72    3.17
 -74662.227    51.696     1.52    2.82
 -74286.193    51.432    -0.70    2.76
 -73910.160    51.440     0.02    2.87
 -73534.130    51.262    -0.47    3.54
 -73158.101    50.211    -2.80    4.18
 -72782.073    48.906    -3.47    3.97
 -72406.047    47.098    -4.81    4.70
 -72030.023    43.590    -9.33    6.15
 -71654.000    38.801   -12.74    8.31
 -71277.979    36.079    -7.24    8.49
 -70901.959    38.544     6.56   10.58
 -70525.941    42.690    11.02   12.82
 -70149.924    48.196    14.64   11.34
 -69773.910    53.544    14.23    5.28
 -69397.896    54.457     2.43    3.97
 -69021.884    51.179    -8.72    8.22
 -68645.874    48.432    -7.31    8.28
 -68269.865    46.882    -4.12    8.27
 -67893.858    47.134     0.67    8.26
 -67517.853    50.152     8.03    6.71
 -67141.849    52.185     5.41    4.31
 -66765.846    52.134    -0.14    4.57
 -66389.846    52.929     2.11    4.39
 -66013.846    53.368     1.17    3.83
 -65637.849    53.775     1.08    3.48
 -65261.852    54.354     1.54    2.70
 -64885.858    54.579     0.60    3.01
 -64509.865    54.720     0.38    2.56
 -64133.873    54.287    -1.15    2.69
 -63757.883    53.612    -1.80    2.65
 -63381.895    52.955    -1.75    2.22
 -63005.908    53.551     1.59    1.97
 -62629.922    53.519    -0.09    2.82
 -62253.938    53.083    -1.16    3.28
 -61877.956    52.634    -1.19    4.16
 -61501.975    51.775    -2.28    3.98
 -61125.996    51.855     0.21    3.87
 -60750.018    52.109     0.67    3.51
 -60374.042    52.880     2.05    3.18
 -59998.068    52.854    -0.07    3.08
 -59622.094    53.341     1.30    2.85
 -59246.123    52.570    -2.05    4.11
 -58870.153    50.237    -6.21    5.48
 -58494.035    49.690    -1.45    5.83
 -58117.757    50.341     1.73    6.15
 -57741.480    51.287     2.51    5.44
 -57365.205    53.504     5.89    2.34
 -56988.932    52.125    -3.66    2.93
 -56612.660    51.144    -2.61    2.99
 -56236.389    50.776    -0.98    3.10
 -55860.120    48.852    -5.11    3.49
 -55483.852    47.995    -2.28    4.18
 -55107.586    47.134    -2.29    4.97
 -54731.322    47.260     0.34    5.00
 -54355.059    47.696     1.16    4.75
 -53978.797    46.564    -3.01    6.33
 -53602.537    43.544    -8.03    7.42
 -53226.279    40.828    -7.22    7.49
 -52850.022    38.906    -5.11    6.72
 -52473.766    39.376     1.25    6.88
 -52097.512    41.801     6.45    5.77
 -51721.259    43.643     4.90    2.96
 -51345.008    44.558     2.43    3.33
 -50968.759    44.098    -1.22    3.79
 -50592.511    44.071    -0.07    3.54
 -50216.264    44.579     1.35    3.56
 -49840.019    43.314    -3.36    3.82
 -49463.775    37.057   -16.63   12.57
 -49087.533    27.260   -26.04   17.19
 -48711.293    16.057   -29.78   14.98
 -48335.053     6.485   -25.44    4.29
 -47958.816     5.211    -3.39    2.51
 -47582.579     5.696     1.29    2.61
 -47206.345     6.775     2.87    3.93
 -46830.111     9.690     7.75    5.89
 -46453.879    13.485    10.09    5.81
 -46077.649    18.109    12.29    5.88
 -45701.420    23.515    14.37    7.73
 -45325.193    27.570    10.78    7.99
 -44948.967    33.380    15.44    5.99
 -44572.742    36.990     9.60    6.56
 -44196.519    39.585     6.90    6.02
 -43820.298    41.662     5.52    5.84
 -43444.077    42.083     1.12    5.75
 -43067.859    42.167     0.22    6.07
 -42691.642    42.368     0.54    5.81
 -42315.426    42.852     1.29    4.97
 -41939.211    43.275     1.12    4.58
 -41562.999    44.801     4.06    3.40
 -41186.787    45.314     1.36    3.23
 -40810.577    46.101     2.09    2.84
 -40434.369    46.720     1.65    2.22
 -40058.161    46.639    -0.22    2.48
 -39681.956    45.936    -1.87    3.27
 -39305.752    42.773    -8.41    6.80
 -38929.549    40.185    -6.88    8.50
 -38553.347    36.339   -10.22    9.39
 -38177.147    33.429    -7.73    9.02
 -37800.949    29.882    -9.43    7.38
 -37424.752    27.206    -7.11    4.25
 -37048.556    25.959    -3.32    1.99
 -36672.362    26.176     0.58    2.26
 -36296.169    26.368     0.51    2.03
 -35919.978    26.432     0.17    1.82
 -35543.788    26.590     0.42    1.96
 -35167.599    26.544    -0.12    2.21
 -34791.412    26.720     0.47    2.15
 -34415.226    26.776     0.15    2.21
 -34039.042    26.880     0.28    1.94
 -33662.859    26.801    -0.21    1.71
 -33286.678    26.855     0.14    1.67
 -32910.498    26.551    -0.81    1.78
 -32534.319    26.724     0.46    1.68
 -32158.142    26.442    -0.75    1.69
 -31781.966    25.948    -1.31    2.35
 -31405.792    25.017    -2.47    2.66
 -31029.618    24.017    -2.66    2.78
 -30653.447    23.162    -2.27    4.35
 -30277.277    18.596   -12.14    9.66
 -29901.108    13.959   -12.33   11.55
 -29524.940     8.878   -13.51   11.34
 -29148.774     3.932   -13.15    8.54
 -28772.609     0.929    -7.98    4.51
 -28396.446    -0.199    -3.00    0.00
 -28020.284     0.923     2.98    3.36
 -27644.124     2.852     5.13    5.86
 -27267.965     4.079     3.26    6.52
 -26891.807     6.558     6.59    7.37
 -26515.650    10.395    10.20    8.38
 -26139.495    12.531     5.68    8.09
 -25763.342    13.314     2.08    8.33
 -25387.190    15.001     4.49    7.72
 -25011.039    13.673    -3.53    7.40
 -24634.889    13.643    -0.08    7.54
 -24258.741    12.634    -2.68    8.51
 -23882.594    12.698     0.17   10.15
 -23506.449    13.450     2.00   10.77
 -23130.305    14.722     3.38   11.52
 -22754.162    15.011     0.77   10.86
 -22378.021    14.083    -2.47   10.18
 -22001.881    12.801    -3.41    8.79
 -21625.742    10.519    -6.07    9.51
 -21249.605     8.351    -5.76    9.53
 -20873.469     7.079    -3.38   10.61
 -20497.334     4.774    -6.13    9.33
 -20121.201     2.693    -5.53    7.70
 -19745.069     0.071    -6.97    1.48
 -19368.939    -0.199    -0.72    0.00
 -18992.810    -0.056     0.38    0.69
 -18616.682     1.126     3.14    2.72
 -18240.555     2.775     4.38    5.30
 -17864.430     5.558     7.40    7.67
 -17488.306    11.698    16.33   10.76
 -17112.184    15.854    11.05   10.82
 -16736.063    18.301     6.51    9.48
 -16359.943    20.936     7.01    7.20
 -15983.825    19.211    -4.59    6.79
 -15607.708    17.940    -3.38    7.01
 -15231.592    16.032    -5.07    7.29
 -14855.477    14.211    -4.84    7.54
 -14479.364    13.407    -2.14    7.65
 -14103.252    12.882    -1.40    6.95
 -13727.142    13.423     1.44    6.84
 -13351.033    15.774     6.25    7.51
 -12974.925    16.909     3.02    7.99
 -12598.818    17.190     0.75    7.68
 -12222.713    19.006     4.83    6.42
 -11846.609    20.468     3.89    6.62
 -11470.506    21.511     2.78    5.98
 -11094.405    23.222     4.55    3.74
 -10718.305    23.955     1.95    3.76
 -10342.206    24.442     1.30    3.52
  -9966.109    24.612     0.45    3.64
  -9590.013    25.493     2.34    3.43
  -9213.918    25.356    -0.36    3.30
  -8837.825    24.406    -2.53    4.27
  -8461.733    23.854    -1.47    4.79
  -8085.642    23.363    -1.30    4.94
  -7709.552    23.801     1.16    4.54
  -7333.464    22.827    -2.59    4.71
  -6957.377    22.287    -1.44    5.31
  -6581.291    22.017    -0.72    5.53
  -6205.207    21.523    -1.31    5.61
  -5829.124    22.090     1.51    5.31
  -5453.042    22.985     2.38    4.45
  -5076.961    22.368    -1.64    4.27
  -4700.882    22.980     1.63    4.38
  -4324.804    23.570     1.57    4.63
  -3948.727    24.647     2.86    3.96
  -3572.652    25.468     2.18    4.20
  -3196.577    25.724     0.68    4.13
  -2820.505    26.233     1.35    3.98
  -2444.433    27.423     3.16    3.30
  -2068.363    25.720    -4.53    8.16
  -1692.293    20.437   -14.05   12.70
  -1316.226    12.032   -22.35   14.13
   -940.159     4.775   -19.30   10.53
   -564.094     0.718   -10.79    2.97
   -188.030     0.006    -1.89    0.41
    188.033    -0.171    -0.47    0.17
    564.095     0.237     1.09    2.06
    940.155     2.057     4.84    5.44
   1316.214     5.071     8.01    8.15
   1692.272     8.169     8.24    8.97
   2068.328    12.185    10.68    9.74
   2444.383    15.476     8.75    9.34
   2820.438    20.395    13.08    6.91
   3196.490    21.237     2.24    6.57
   3572.542    23.090     4.93    5.09
   3948.592    24.495     3.74    4.29
   4324.641    25.882     3.69    4.63
   4700.689    26.023     0.38    4.23
   5076.736    23.596    -6.45    5.94
   5452.781    22.551    -2.78    5.48
   5828.825    21.884    -1.77    4.40
   6204.868    20.032    -4.93    4.81
   6580.910    18.801    -3.27    4.88
   6956.950    18.564    -0.63    4.62
   7332.989    18.109    -1.21    4.89
   7709.027    18.406     0.79    5.05
   8085.064    19.932     4.06    5.21
   8461.099    21.558     4.32    5.18
   8837.134    21.901     0.91    4.38
   9213.167    21.995     0.25    3.98
   9589.199    20.001    -5.30    4.08
   9965.229    17.827    -5.78    4.45
  10341.259    16.106    -4.58    3.75
  10717.287    14.477    -4.33    2.70
  11093.314    15.523     2.78    4.03
  11469.340    17.057     4.08    4.28
  11845.364    17.751     1.84    4.21
  12221.388    17.071    -1.81    4.11
  12597.410    15.951    -2.98    3.98
  12973.431    14.380    -4.18    2.26
  13349.451    13.906    -1.26    1.39
  13725.469    14.125     0.58    1.62
  14101.487    14.391     0.71    1.94
  14477.503    13.909    -1.28    3.19
  14853.518    12.606    -3.46    3.94
  15229.532    11.416    -3.17    4.04
  15605.544    10.801    -1.64    3.43
  15981.556    11.544     1.98    3.25
  16357.566    14.237     7.16    3.67
  16733.770    15.801     4.16    3.46
  17110.015    16.558     2.01    3.06
  17486.258    16.801     0.65    2.80
  17862.501    15.801    -2.66    2.46
  18238.742    16.109     0.82    2.81
  18614.983    16.071    -0.10    3.19
  18991.222    15.621    -1.20    4.01
  19367.459    15.724     0.27    4.70
  19743.696    16.038     0.83    4.99
  20119.932    16.504     1.24    5.02
  20496.166    16.955     1.20    4.47
  20872.399    17.064     0.29    4.32
  21248.631    16.606    -1.22    3.91
  21624.862    16.275    -0.88    3.61
  22001.092    15.801    -1.26    4.59
  22377.320    15.985     0.49    4.79
  22753.548    16.032     0.12    4.45
  23129.774    14.895    -3.02    4.50
  23505.999    14.260    -1.69    3.23
  23882.223    12.882    -3.66    3.31
  24258.446    11.098    -4.74    3.95
  24634.667     9.109    -5.29    4.17
  25010.888     6.963    -5.70    3.37
  25387.107     7.339     1.00    3.25
  25763.325     7.647     0.82    3.74
  26139.542     7.801     0.41    4.28
  26515.758     7.477    -0.86    4.48
  26891.973     6.673    -2.14    4.37
  27268.186     5.354    -3.51    3.82
  27644.399     5.079    -0.73    3.39
  28020.610     4.720    -0.95    3.37
  28396.820     4.801     0.22    3.63
  28773.029     5.585     2.08    3.89
  29149.237     7.109     4.05    4.09
  29525.444     9.113     5.33    3.31
  29901.650    10.621     4.01    2.26
  30277.854    11.442     2.18    1.55
  30654.058    11.773     0.88    1.36
  31030.260    11.621    -0.40    2.00
  31406.461    11.125    -1.32    2.50
  31782.661    10.570    -1.48    3.38
  32158.860    10.564    -0.02    3.51
  32535.058    10.959     1.05    3.85
  32911.255    12.639     4.47    3.70
  33287.450    12.673     0.09    4.82
  33663.645     9.801    -7.63    6.76
  34039.838     7.258    -6.76    7.56
  34416.030     3.882    -8.97    6.06
  34792.222     1.747    -5.68    2.44
  35168.412     2.666     2.44    2.89
  35544.601     4.287     4.31    3.28
  35920.789     5.658     3.64    3.67
  36296.975     7.951     6.09    3.63
  36673.161     9.468     4.03    3.21
  37049.346    11.044     4.19    2.43
  37425.529    11.468     1.13    1.83
  37801.711    11.617     0.40    1.59
  38177.893    11.932     0.84    2.22
  38554.073    12.854     2.45    3.05
  38930.252    13.057     0.54    3.26
  39306.430    13.098     0.11    3.04
  39682.607    12.696    -1.07    2.54
  40058.783    12.101    -1.58    2.13
  40434.958    11.468    -1.68    1.12
  40811.131    11.459    -0.02    1.15
  41187.304    11.909     1.20    1.97
  41563.476    13.098     3.16    2.91
  41939.646    15.341     5.96    3.72
  42315.816    17.968     6.98    3.91
  42691.984    18.724     2.01    3.81
  43068.151    18.237    -1.30    4.35
  43444.317    16.531    -4.54    4.32
  43820.483    15.493    -2.76    3.21
  44196.647    15.459    -0.09    2.87
  44572.810    16.391     2.48    2.50
  44948.972    16.485     0.25    1.86
  45325.133    16.391    -0.25    1.68
  45701.293    16.468     0.20    1.69
  46077.451    15.936    -1.41    1.55
  46453.609    15.544    -1.04    1.39
  46829.766    15.458    -0.23    1.26
  47205.921    15.442    -0.04    1.31
  47582.076    15.647     0.55    1.50
  47958.230    15.912     0.70    1.53
  48334.382    15.612    -0.80    1.91
  48710.534    15.773     0.43    2.10
  49086.684    15.932     0.42    2.18
  49462.833    15.501    -1.15    2.24
  49838.982    15.936     1.16    2.88
  50215.129    15.878    -0.15    3.47
  50591.275    15.906     0.08    3.72
  50967.421    15.432    -1.26    3.92
  51343.565    15.233    -0.53    3.81
  51719.708    14.676    -1.48    3.18
  52095.850    13.538    -3.03    2.04
  52471.991    13.612     0.20    2.22
  52848.131    13.801     0.50    2.19
  53224.271    13.458    -0.91    1.92
  53600.409    13.493     0.09    1.94
  53976.546    12.827    -1.77    2.15
  54352.682    11.829    -2.65    2.86
  54728.817     9.963    -4.96    4.07
  55104.951     7.936    -5.39    3.79
  55481.084     6.169    -4.70    3.61
  55857.216     5.376    -2.11    3.15
  56233.347     5.017    -0.95    2.56
  56609.477     5.538     1.38    2.59
  56985.606     6.643     2.94    2.87
  57361.734     5.980    -1.76    2.59
  57737.861     6.206     0.60    2.89
  58113.987     5.126    -2.87    2.66
  58490.112     4.064    -2.82    1.41
  58866.235     3.829    -0.63    1.30
  59242.358     4.720     2.37    2.50
  59618.480     7.440     7.23    4.22
  59994.601    10.748     8.80    4.96
  60370.721    14.852    10.91    4.26
  60746.840    17.372     6.70    3.05
  61122.958    19.416     5.43    2.48
  61499.075    20.169     2.00    1.85
  61875.192    19.968    -0.54    2.92
  62251.307    19.980     0.03    3.21
  62627.421    19.038    -2.51    3.36
  63003.534    18.596    -1.18    3.16
  63379.646    19.669     2.85    2.86
  63755.757    18.955    -1.90    3.61
  64131.867    18.662    -0.78    4.40
  64507.976    17.451    -3.22    4.83
  64884.085    15.442    -5.34    5.55
  65260.192    14.829    -1.63    6.81
  65636.298    12.260    -6.83    7.79
  66012.404     9.693    -6.83    7.56
  66388.508     8.125    -4.17    7.03
  66764.611     6.011    -5.62    5.67
  67140.714     4.356    -4.40    3.33
  67516.815     3.801    -1.48    0.00
  67892.916     4.380     1.54    2.75
  68269.016     5.990     4.28    5.36
  68645.114     7.391     3.72    6.26
  69021.212     9.301     5.08    6.97
  69397.309    11.827     6.72    7.98
  69773.404    14.639     7.48    7.87
  70149.499    16.698     5.48    7.21
  70525.593    19.356     7.07    5.59
  70901.686    19.237    -0.32    5.33
  71277.778    17.647    -4.23    5.70
  71653.869    16.419    -3.27    5.30
  72029.959    13.152    -8.68    6.32
  72406.049    12.152    -2.66    6.06
  72782.137    11.693    -1.22    6.40
  73158.224    12.909     3.23    7.04
  73534.311    15.551     7.02    8.23
  73910.396    22.698    19.00   10.73
  74286.481    28.827    16.29    9.82
  74662.564    34.747    15.74    6.87
  75038.647    37.090     6.23    4.68
  75414.729    37.301     0.56    5.38
  75790.809    36.750    -1.47    5.51
  76166.889    35.098    -4.39    5.87
  76542.968    32.750    -6.24    7.02
  76919.047    31.940    -2.15    7.06
  77295.124    31.160    -2.07    7.08
  77671.200    33.775     6.95    6.49
  78047.275    35.332     4.14    4.33
  78423.350    35.570     0.63    4.21
  78799.423    35.639     0.18    3.33
  79175.496    35.774     0.36    3.35
  79551.568    37.038     3.36    2.94
  79927.639    38.273     3.28    2.05
  80303.708    39.211     2.49    1.89
  80679.777    39.519     0.82    1.92
  81055.846    39.558     0.10    2.03
  81431.913    39.955     1.06    2.27
  81807.979    39.468    -1.30    2.73
  82184.045    38.852    -1.64    2.68
  82560.109    39.531     1.80    2.43
  82936.173    38.724    -2.14    2.41
  83312.236    38.666    -0.15    2.53
  83688.298    38.071    -1.58    2.33
  84064.359    34.693    -8.98    6.28
  84440.419    33.301    -3.70    6.90
  84816.478    33.391     0.24    6.40
  85192.536    34.391     2.66    6.63
  85568.594    37.606     8.55    3.86
  85944.650    38.416     2.15    2.91
  86320.706    38.468     0.14    2.43
  86696.761    38.288    -0.48    2.43
  87072.815    38.248    -0.11    2.41
  87448.868    37.612    -1.69    3.43
  87824.920    36.666    -2.52    3.47
  88200.972    37.160     1.31    3.43
  88577.022    37.216     0.15    3.54
  88953.072    37.884     1.78    3.04
  89329.121    38.442     1.48    2.45
  89705.169    39.152     1.89    2.55
  90081.216    39.206     0.14    2.29
  90457.262    39.639     1.15    2.14
  90833.308    39.458    -0.48    2.71
  91209.352    39.647     0.50    2.54
  91585.424    39.929     0.75    2.73
  91961.644    40.666     1.96    2.50
  92337.863    39.980    -1.82    2.55
  92714.081    40.051     0.19    3.10
  93090.299    39.985    -0.17    3.10
  93466.515    39.442    -1.44    3.13
  93842.731    38.959    -1.28    3.05
  94218.946    38.017    -2.50    2.87
  94595.160    37.117    -2.39    2.67
  94971.373    36.151    -2.57    1.75
  95347.585    35.995    -0.41    1.39
  95723.797    36.314     0.85    1.78
  96100.008    36.643     0.88    1.67
  96476.218    36.774     0.35    1.64
  96852.427    37.395     1.65    1.66
  97228.635    37.495     0.27    1.75
  97604.842    37.827     0.88    2.06
  97981.049    38.176     0.93    2.05
  98357.255    38.828     1.73    2.22
  98733.460    38.901     0.19    2.27
  99109.664    39.932     2.74    2.59
  99485.867    39.775    -0.42    2.51
  99862.070    39.585    -0.50    2.45
 100238.271    39.211    -0.99    2.12
 100614.472    39.273     0.16    2.02
 100990.672    38.218    -2.81    2.92
 101366.872    37.485    -1.95    2.95
 101743.070    36.495    -2.63    2.80
 102119.268    36.057    -1.16    2.33
 102495.465    35.980    -0.20    2.00
 102871.661    35.773    -0.55    1.90
 103247.856    35.666    -0.29    1.89
 103624.050    35.260    -1.08    1.73
 104000.244    35.538     0.74    1.97
 104376.437    36.051     1.36    2.35
 104752.629    37.287     3.29    2.71
 105128.820    36.570    -1.91    3.16
 105505.011    36.064    -1.35    3.39
 105881.200    35.038    -2.73    3.19
 106257.389    33.747    -3.43    2.16
 106633.578    33.109    -1.70    1.92
 107009.765    33.064    -0.12    1.81
 107385.951    33.023    -0.11    1.57
 107762.137    32.855    -0.45    1.43
 108138.322    32.884     0.08    1.25
 108514.507    32.647    -0.63    1.48
 108890.690    32.570    -0.20    1.40
 109266.873    32.957     1.03    1.55
 109643.055    32.477    -1.28    1.75
 110019.236    32.206    -0.72    1.72
 110395.416    31.720    -1.29    1.57
 110771.596    33.160     3.83    4.71
 111147.775    35.590     6.46    6.20
 111523.953    38.237     7.03    6.92
 111900.130    41.211     7.91    6.45
 112276.307    43.237     5.38    5.50
 112652.483    44.801     4.16    3.99
 113028.658    45.698     2.39    2.79
 113404.832    46.090     1.04    2.51
 113781.006    46.023    -0.18    2.17
 114157.178    45.233    -2.10    2.47
 114533.350    43.912    -3.51    3.38
 114909.522    42.666    -3.31    3.51
 115285.692    41.083    -4.21    3.85
 115661.862    39.488    -4.24    4.03
 116038.031    38.493    -2.65    4.75
 116414.200    37.064    -3.80    4.81
 116790.367    35.718    -3.58    4.76
 117166.534    33.544    -5.78    5.36
 117542.700    31.585    -5.21    4.47
 117918.866    30.288    -3.45    3.42
 118295.030    29.169    -2.97    3.14
 118671.194    29.878     1.88    3.82
 119047.358    28.828    -2.79    3.38
 119423.520    28.748    -0.21    3.86
 119799.682    30.351     4.26    4.81
 120175.843    33.551     8.51    6.73
 120552.003    38.963    14.39    7.73
 120928.163    42.936    10.56    6.11
 121304.322    42.612    -0.86    5.33
 121680.480    40.017    -6.90    6.96
 122056.637    37.401    -6.96    6.70
 122432.794    38.126     1.93    6.92
 122808.950    40.485     6.27    7.45
 123185.106    44.612    10.97    4.78
 123561.260    45.929     3.50    3.11
 123937.414    43.854    -5.52    3.83
 124313.567    42.275    -4.20    4.55
 124689.720    38.936    -8.88    5.75
 125065.872    38.980     0.12    6.34
 125442.023    40.856     4.99    6.96
 125818.173    44.064     8.53    6.17
 126194.323    46.826     7.34    4.05
 126570.472    47.448     1.65    3.92
 126946.620    47.380    -0.18    3.96
 127322.768    46.368    -2.69    4.94
 127698.915    44.071    -6.11    5.35
 128075.061    43.747    -0.86    4.69
 128451.207    44.134     1.03    3.55
 128827.351    44.519     1.02    2.50
 129203.496    44.468    -0.14    2.93
 129579.639    43.395    -2.85    3.15
 129955.782    43.722     0.87    3.93
 130331.924    43.827     0.28    4.50
 130708.066    43.698    -0.34    4.96
 131084.206    44.538     2.23    5.10
 131460.347    44.621     0.22    4.97
 131836.486    46.384     4.69    5.18
 132212.625    49.071     7.14    4.66
 132588.763    49.775     1.87    4.55
 132964.901    51.020     3.31    3.06
 133341.037    47.083   -10.47    5.94
 133717.173    44.090    -7.96    6.26
 134093.309    44.106     0.04    5.97
 134469.444    44.044    -0.17    5.65
 134845.578    45.440     3.71    5.71
 135221.711    48.011     6.84    4.42
 135597.844    48.237     0.60    3.95
 135973.977    48.017    -0.58    3.75
 136350.108    47.827    -0.51    3.30
 136726.239    47.222    -1.61    3.18
 137102.369    47.354     0.35    2.90
 137478.499    46.963    -1.04    2.54
 137854.628    46.476    -1.30    2.88
 138230.756    44.504    -5.24    5.18
 138606.884    42.747    -4.67    6.35
 138983.011    42.477    -0.72    6.86
 139359.137    44.944     6.56    6.77
 139735.263    46.057     2.96    4.85
 140111.388    46.852     2.11    3.87
 140487.513    46.162    -1.83    3.84
 140863.637    44.617    -4.11    2.38
 141239.760    44.079    -1.43    3.14
 141615.882    41.327    -7.32    5.53
 141992.004    38.852    -6.58    6.01
 142368.126    36.450    -6.39    5.39
 142744.247    34.748    -4.52    3.73
 143120.367    35.143     1.05    3.13
 143496.486    37.032     5.02    5.17
 143872.605    37.963     2.48    5.93
 144248.723    39.301     3.56    6.50
 144624.841    40.801     3.99    6.49
 145000.958    40.963     0.43    6.21
 145377.075    44.017     8.12    5.17
 145753.190    45.585     4.17    2.57
 146129.306    44.090    -3.97    2.56
 146505.420    43.442    -1.72    2.50
 146881.534    43.912     1.25    2.95
 147257.648    45.288     3.66    3.19
 147633.760    45.775     1.29    2.65
 148009.873    45.579    -0.52    2.90
 148385.984    45.222    -0.95    2.77
 148762.095    46.544     3.52    3.81
 149138.206    47.090     1.45    4.29
 149514.316    47.745     1.74    4.43
 149890.425    47.109    -1.69    5.09
 150266.534    44.523    -6.87    6.07
 150642.642    42.276    -5.97    6.02
 151018.749    41.748    -1.40    6.35
 151394.856    41.972     0.60    6.35
 151770.962    43.504     4.07    6.40
 152147.068    46.936     9.13    4.47
 152523.173    48.044     2.95    3.50
 152899.278    47.570    -1.26    3.30
 153275.382    46.936    -1.69    3.40
 153651.485    46.201    -1.95    3.21
 154027.588    46.468     0.71    3.49
 154403.690    47.909     3.83    3.48
 154779.792    48.963     2.80    3.00
 155155.893    48.032    -2.48    3.88
 155531.994    49.196     3.09    4.28
 155908.094    49.079    -0.31    4.21
 156284.193    49.698     1.65    3.60
 156660.292    49.634    -0.17    3.59
 157036.391    48.339    -3.44    4.03
 157412.489    46.775    -4.16    3.46
 157788.586    45.301    -3.92    2.84
 158164.682    43.720    -4.20    4.75
 158540.779    38.612   -13.58    8.48
 158916.874    32.963   -15.02    8.38
 159292.969    29.854    -8.27    6.55
 159669.064    31.273     3.77    8.22
 160045.158    35.852    12.18    9.10
 160421.251    41.134    14.04    6.43
 160797.344    44.006     7.64    2.78
 161173.436    44.395     1.04    2.62
 161549.528    43.750    -1.72    2.74
 161925.619    43.750     0.00    3.40
 162301.710    42.662    -2.89    3.74
 162677.800    41.698    -2.56    3.92
 163053.890    41.585    -0.30    4.07
 163429.979    40.327    -3.34    3.92
 163806.068    39.570    -2.01    4.08
 164182.156    38.676    -2.38    3.52
 164558.243    38.621    -0.14    3.09
 164934.330    39.673     2.80    3.72
 165310.417    39.773     0.27    3.82
 165686.503    40.698     2.46    4.09
 166062.588    41.639     2.50    3.31
 166438.673    42.544     2.41    2.91
 166814.809    43.109     1.50    2.61
 167190.998    43.117     0.02    1.83
 167567.186    43.617     1.33    1.80
 167943.373    43.544    -0.19    1.74
 168319.560    42.596    -2.52    4.50
 168695.746    40.990    -4.27    5.92
 169071.932    40.531    -1.22    6.34
 169448.117    40.585     0.14    6.25
 169824.302    41.747     3.09    5.63
 170200.486    43.919     5.77    2.51
 170576.670    44.074     0.41    2.51
