-208742.707    17.736     0.00    4.66
-208366.658    17.332    -1.08    4.40
-207990.609    14.886    -6.50    5.05
-207614.558    12.775    -5.61    5.08
-207238.506    13.113     0.90    5.79
-206862.453    12.437    -1.80    6.53
-206486.400    12.813     1.00    7.29
-206110.345    13.306     1.31    7.17
-205734.289    12.326    -2.61    7.09
-205358.232    11.018    -3.48    5.66
-204982.175    10.775    -0.65    4.46
-204606.116     9.890    -2.35    3.80
-204230.056     9.734    -0.41    3.38
-203853.995    10.018     0.76    3.64
-203477.933     9.433    -1.56    3.32
-203101.870     8.906    -1.40    3.68
-202725.807     8.354    -1.47    3.69
-202349.742     8.326    -0.07    3.69
-201973.676     9.070     1.98    3.37
-201597.609    10.553     3.94    2.44
-201221.541    10.977     1.13    1.97
-200845.472    11.383     1.08    2.13
-200469.402    11.464     0.22    2.49
-200093.331    11.032    -1.15    3.01
-199717.259    10.216    -2.17    3.41
-199341.185     9.685    -1.41    3.76
-198965.111     9.788     0.27    3.24
-198589.036     9.691    -0.26    3.10
-198212.960     9.865     0.46    2.73
-197836.883    10.167     0.80    3.76
-197460.804    11.591     3.79    4.97
-197084.725    12.801     3.22    4.87
-196708.644    14.813     5.35    4.74
-196332.563    15.788     2.59    4.36
-195956.480    16.959     3.11    4.22
-195580.397    19.050     5.56    3.41
-195204.312    21.608     6.80    3.80
-194828.226    23.117     4.01    4.16
-194452.140    24.437     3.51    4.91
-194076.052    25.788     3.59    5.98
-193699.963    27.572     4.74    6.00
-193323.873    29.386     4.82    5.25
-192947.782    30.890     4.00    1.95
-192571.690    30.352    -1.43    2.07
-192195.597    30.140    -0.56    2.55
-191819.503    30.275     0.36    2.99
-191443.408    30.117    -0.42    3.75
-191067.311    29.967    -0.40    4.91
-190691.214    29.038    -2.47    5.49
-190315.115    27.941    -2.92    6.16
-189939.016    28.914     2.58    4.79
-189562.915    29.775     2.29    4.34
-189186.813    30.608     2.22    4.37
-188810.711    32.010     3.73    2.49
-188434.607    30.275    -4.61    4.23
-188058.502    29.248    -2.73    5.02
-187682.396    29.086    -0.43    5.42
-187306.288    29.896     2.16    5.58
-186930.180    30.608     1.89    5.63
-186554.071    31.480     2.32    4.17
-186177.960    32.958     3.93    3.26
-185801.849    33.572     1.63    3.13
-185425.736    34.044     1.25    2.42
-185049.623    34.538     1.31    2.23
-184673.508    34.121    -1.11    2.47
-184297.392    33.923    -0.53    2.64
-183921.275    34.147     0.59    2.91
-183545.157    35.356     3.22    2.23
-183169.037    35.005    -0.93    2.05
-182792.917    35.275     0.72    1.93
-182416.796    34.818    -1.22    1.82
-182040.673    34.916     0.26    1.80
-181664.549    35.121     0.55    1.81
-181288.425    35.046    -0.20    2.20
-180912.299    35.707     1.76    2.23
-180536.172    36.518     2.16    2.27
-180160.043    36.091    -1.14    2.59
-179783.914    35.975    -0.31    2.37
-179407.784    35.869    -0.28    2.64
-179031.652    35.196    -1.79    2.55
-178655.520    35.380     0.49    2.39
-178279.386    35.506     0.33    2.18
-177903.251    35.653     0.39    1.98
-177527.115    35.400    -0.67    2.22
-177150.978    35.038    -0.96    2.16
-176774.839    34.707    -0.88    2.35
-176398.700    34.248    -1.22    2.13
-176022.559    34.414     0.44    2.26
-175646.417    34.967     1.47    2.68
-175270.274    35.813     2.25    2.69
-174894.130    36.332     1.38    2.70
-174517.985    37.248     2.44    2.67
-174141.839    37.140    -0.29    2.59
-173765.691    36.525    -1.63    2.53
-173389.543    36.352    -0.46    2.11
-173013.393    35.815    -1.43    1.89
-172637.242    35.044    -2.05    2.88
-172261.090    34.222    -2.18    4.53
-171884.937    34.800     1.54    4.62
-171508.782    33.761    -2.76    5.27
-171132.627    33.700    -0.16    5.44
-170756.470    33.044    -1.74    5.60
-170380.312    33.219     0.47    5.71
-170004.153    34.977     4.67    4.41
-169627.993    36.005     2.73    3.17
-169251.831    34.950    -2.80    3.88
-168875.669    33.941    -2.68    4.81
-168499.505    32.886    -2.81    5.27
-168123.340    32.608    -0.74    5.73
-167747.174    33.248     1.70    5.68
-167371.007    34.080     2.21    5.49
-166994.838    35.095     2.70    5.00
-166618.668    36.121     2.73    3.84
-166242.498    36.696     1.53    3.36
-165866.326    35.896    -2.13    3.44
-165490.152    35.224    -1.79    3.46
-165113.978    33.788    -3.82    4.07
-164737.802    33.685    -0.27    4.15
-164361.626    33.675    -0.03    4.75
-163985.448    32.932    -1.97    4.24
-163609.268    32.410    -1.39    4.56
-163233.088    32.194    -0.57    4.80
-162856.907    31.842    -0.93    5.06
-162480.724    31.005    -2.23    4.89
-162104.540    30.941    -0.17    4.30
-161728.355    31.900     2.55    4.25
-161352.168    32.813     2.43    3.69
-160975.981    33.680     2.30    3.06
-160599.792    34.044     0.97    2.59
-160223.602    34.380     0.89    2.23
-159847.411    34.890     1.36    2.16
-159471.218    35.437     1.45    1.92
-159095.024    35.224    -0.57    2.05
-158718.830    35.636     1.10    1.96
-158342.634    35.300    -0.89    1.98
-157966.436    35.121    -0.48    1.77
-157590.238    35.462     0.91    1.69
-157214.038    35.680     0.58    1.86
-156837.837    36.194     1.36    2.01
-156461.635    36.636     1.18    2.31
-156085.431    36.923     0.76    2.28
-155709.227    37.053     0.34    2.42
-155333.021    36.433    -1.65    2.85
-154956.814    35.044    -3.69    3.62
-154580.605    34.354    -1.83    3.91
-154204.396    34.354     0.00    3.71
-153828.185    35.147     2.11    3.20
-153451.973    36.480     3.54    1.87
-153075.759    36.653     0.46    1.77
-152699.545    36.685     0.08    2.00
-152323.329    36.626    -0.16    2.29
-151947.112    36.722     0.26    2.53
-151570.893    36.012    -1.89    2.83
-151194.674    35.962    -0.13    2.96
-150818.453    35.685    -0.74    3.18
-150442.231    34.696    -2.63    4.27
-150066.008    34.830     0.36    4.29
-149689.783    34.091    -1.97    4.29
-149313.557    33.414    -1.80    4.89
-148937.330    33.301    -0.30    4.81
-148561.102    33.327     0.07    4.79
-148184.982    34.599     3.38    4.14
-147809.009    35.659     2.82    2.63
-147433.035    34.967    -1.84    2.87
-147057.060    34.480    -1.30    2.82
-146681.084    32.923    -4.14    4.59
-146305.106    30.890    -5.41    5.54
-145929.128    28.464    -6.45    5.90
-145553.147    25.933    -6.73    6.37
-145177.166    23.815    -5.63    5.65
-144801.183    23.244    -1.52    5.10
-144425.199    21.762    -3.94    3.60
-144049.214    21.196    -1.51    2.73
-143673.227    20.886    -0.82    2.71
-143297.240    20.916     0.08    2.94
-142921.250    21.247     0.88    3.23
-142545.260    22.839     4.23    4.73
-142169.268    24.506     4.43    5.56
-141793.275    25.167     1.76    5.89
-141417.281    25.275     0.29    5.59
-141041.285    25.582     0.82    5.94
-140665.289    28.225     7.03    6.13
-140289.290    31.113     7.68    5.66
-139913.291    33.608     6.64    3.21
-139537.290    34.248     1.70    2.43
-139161.288    34.194    -0.15    2.05
-138785.285    34.113    -0.22    3.03
-138409.280    35.247     3.02    3.55
-138033.274    35.249     0.01    4.47
-137657.267    34.700    -1.46    4.95
-137281.258    35.025     0.86    4.16
-136905.248    34.147    -2.34    3.61
-136529.237    32.330    -4.83    5.32
-136153.224    29.670    -7.08    6.55
-135777.210    27.993    -4.46    6.39
-135401.195    29.354     3.62    6.31
-135025.179    32.164     7.47    5.05
-134649.161    34.380     5.89    2.65
-134273.142    34.875     1.32    2.36
-133897.121    35.108     0.62    2.38
-133521.099    35.403     0.78    2.24
-133145.076    35.880     1.27    2.26
-132769.052    35.572    -0.82    2.54
-132393.026    35.140    -1.15    2.75
-132016.999    34.330    -2.15    2.41
-131640.970    34.198    -0.35    2.43
-131264.940    33.175    -2.72    3.69
-130888.909    32.059    -2.97    3.89
-130512.876    31.200    -2.28    3.76
-130136.843    31.222     0.06    4.04
-129760.807    31.696     1.26    3.88
-129384.771    33.869     5.78    3.59
-129008.733    33.762    -0.29    3.63
-128632.694    32.923    -2.23    3.55
-128256.653    33.441     1.38    2.85
-127880.611    32.985    -1.21    2.80
-127504.568    33.386     1.07    2.54
-127128.523    32.993    -1.05    3.15
-126752.477    31.813    -3.14    3.87
-126376.429    31.303    -1.36    3.82
-126000.381    31.545     0.64    3.80
-125624.330    31.842     0.79    3.54
-125248.279    33.248     3.74    3.12
-124872.226    32.975    -0.73    3.44
-124496.172    32.788    -0.50    3.44
-124120.116    31.916    -2.32    3.17
-123744.059    31.459    -1.21    2.90
-123368.001    32.459     2.66    2.90
-122991.941    33.140     1.81    2.30
-122615.880    33.377     0.63    2.64
-122239.817    34.275     2.39    2.80
-121863.753    33.719    -1.48    2.61
-121487.688    33.302    -1.11    2.54
-121111.622    32.886    -1.11    2.66
-120735.553    32.608    -0.74    2.39
-120359.484    33.224     1.64    2.44
-119983.413    34.245     2.72    2.81
-119607.341    35.383     3.02    2.11
-119231.267    36.032     1.72    2.05
-118855.192    36.572     1.44    2.33
-118479.116    36.993     1.12    2.45
-118103.038    37.572     1.54    2.22
-117726.959    37.762     0.50    2.63
-117350.878    37.198    -1.50    3.41
-116974.796    37.608     1.09    3.47
-116598.713    37.248    -0.96    4.34
-116222.628    37.450     0.54    4.44
-115846.542    38.722     3.38    3.28
-115470.454    37.608    -2.96    4.76
-115094.365    37.437    -0.46    4.75
-114718.275    36.414    -2.72    5.61
-114342.183    36.167    -0.66    5.38
-113966.090    35.557    -1.62    5.25
-113589.995    34.941    -1.64    5.38
-113213.899    35.839     2.39    5.69
-112837.801    35.696    -0.38    6.28
-112461.702    34.775    -2.45    6.43
-112085.602    34.967     0.51    6.41
-111709.500    34.302    -1.77    6.63
-111333.397    32.839    -3.89    6.66
-110957.292    30.380    -6.54    6.48
-110581.186    29.890    -1.30    6.15
-110205.078    30.410     1.38    5.90
-109828.969    32.485     5.52    5.52
-109452.859    35.044     6.80    3.43
-109076.747    35.775     1.94    2.81
-108700.634    36.518     1.98    3.31
-108324.519    37.329     2.16    2.54
-107948.403    36.842    -1.29    2.92
-107572.285    36.275    -1.51    2.65
-107196.166    35.903    -0.99    1.97
-106820.045    35.450    -1.21    2.11
-106443.923    35.196    -0.68    1.98
-106067.800    35.626     1.14    2.35
-105691.675    35.070    -1.48    2.69
-105315.549    35.512     1.18    2.66
-104939.421    35.354    -0.42    2.78
-104563.291    35.406     0.14    2.73
-104187.161    36.429     2.72    3.15
-103811.028    37.518     2.90    3.37
-103434.895    38.959     3.83    2.19
-103058.760    38.850    -0.29    2.62
-102682.623    38.275    -1.53    2.92
-102306.485    37.167    -2.95    3.81
-101930.345    34.302    -7.62    5.89
-101554.204    32.707    -4.24    6.14
-101178.062    32.572    -0.36    6.67
-100801.918    34.775     5.86    6.52
-100425.772    36.865     5.56    4.42
-100049.625    37.301     1.16    4.04
 -99673.477    37.194    -0.29    4.13
 -99297.327    37.018    -0.47    4.01
 -98921.176    37.748     1.94    3.77
 -98545.023    37.480    -0.71    4.10
 -98168.869    37.194    -0.76    3.95
 -97792.713    37.352     0.42    3.84
 -97416.555    37.080    -0.72    3.54
 -97040.396    37.985     2.41    2.87
 -96664.236    38.670     1.82    3.34
 -96288.074    39.119     1.19    3.47
 -95911.911    39.634     1.37    3.06
 -95535.746    40.113     1.27    2.69
 -95159.580    38.997    -2.97    3.31
 -94783.412    38.437    -1.49    2.62
 -94407.243    38.414    -0.06    2.78
 -94031.072    38.959     1.45    2.36
 -93654.899    39.480     1.38    2.47
 -93278.726    39.464    -0.04    2.53
 -92902.550    38.890    -1.53    2.50
 -92526.373    38.198    -1.84    2.94
 -92150.195    37.582    -1.64    2.75
 -91774.015    37.005    -1.54    2.40
 -91397.833    37.531     1.40    2.88
 -91021.650    39.059     4.06    2.77
 -90645.466    40.302     3.30    2.73
 -90269.280    40.788     1.29    2.80
 -89893.092    41.150     0.96    2.59
 -89516.903    40.326    -2.19    3.24
 -89140.713    39.480    -2.25    3.50
 -88764.521    38.469    -2.69    3.52
 -88388.327    38.734     0.70    3.85
 -88012.132    38.719    -0.04    3.33
 -87635.935    39.696     2.60    2.32
 -87259.737    39.916     0.58    2.37
 -86883.537    39.032    -2.35    3.39
 -86507.336    38.880    -0.40    3.47
 -86131.133    38.959     0.21    3.72
 -85754.928    38.967     0.02    3.95
 -85378.722    38.572    -1.05    3.55
 -85002.515    38.675     0.27    3.81
 -84626.306    38.012    -1.76    3.43
 -84250.095    37.815    -0.52    4.48
 -83873.883    35.221    -6.90    6.34
 -83497.669    30.664   -12.11    8.30
 -83121.454    27.326    -8.87    7.41
 -82745.237    26.070    -3.34    5.72
 -82369.018    27.691     4.31    6.11
 -81992.798    31.643    10.50    5.38
 -81616.577    34.383     7.28    3.59
 -81240.354    35.886     3.99    3.51
 -80864.129    36.475     1.57    3.21
 -80487.903    37.437     2.56    3.31
 -80111.675    37.827     1.04    3.28
 -79735.446    37.248    -1.54    3.35
 -79359.215    37.300     0.14    3.30
 -78982.982    37.464     0.44    3.88
 -78606.748    38.075     1.62    3.88
 -78230.512    38.249     0.46    3.79
 -77854.275    38.545     0.79    3.53
 -77478.036    38.302    -0.65    2.96
 -77101.796    37.896    -1.08    2.45
 -76725.554    37.538    -0.95    2.13
 -76349.310    37.172    -0.97    2.26
 -75973.065    37.330     0.42    2.57
 -75596.818    37.275    -0.15    2.50
 -75220.570    37.091    -0.49    2.36
 -74844.320    37.525     1.15    2.39
 -74468.068    37.711     0.49    2.02
 -74091.815    37.993     0.75    2.20
 -73715.560    37.459    -1.42    2.43
 -73339.304    37.437    -0.06    2.46
 -72963.303    37.172    -0.70    2.64
 -72587.368    37.194     0.06    2.58
 -72211.432    37.550     0.95    2.74
 -71835.495    37.250    -0.80    2.84
 -71459.556    37.103    -0.39    2.60
 -71083.615    37.788     1.82    2.98
 -70707.673    38.815     2.73    2.77
 -70331.729    38.977     0.43    2.57
 -69955.784    39.722     1.98    2.40
 -69579.836    39.803     0.21    2.35
 -69203.888    39.625    -0.47    2.41
 -68827.937    39.326    -0.79    2.54
 -68451.985    39.032    -0.78    2.20
 -68076.032    39.354     0.86    2.35
 -67700.077    39.275    -0.21    2.45
 -67324.120    39.643     0.98    2.35
 -66948.161    39.636    -0.02    2.74
 -66572.201    39.172    -1.23    3.04
 -66196.239    39.025    -0.39    3.10
 -65820.276    38.941    -0.22    3.08
 -65444.311    39.172     0.61    3.25
 -65068.344    39.426     0.68    3.53
 -64692.376    38.788    -1.70    3.44
 -64316.406    38.977     0.50    3.28
 -63940.435    39.275     0.79    3.37
 -63564.461    39.117    -0.42    3.56
 -63188.487    38.386    -1.94    3.92
 -62812.510    37.813    -1.52    3.69
 -62436.532    36.813    -2.66    3.46
 -62060.552    36.437    -1.00    3.68
 -61684.571    36.275    -0.43    3.59
 -61308.588    36.748     1.26    4.12
 -60932.603    36.839     0.24    4.10
 -60556.617    37.164     0.86    3.38
 -60180.628    37.095    -0.18    3.14
 -59804.639    36.858    -0.63    3.13
 -59428.647    36.801    -0.15    3.28
 -59052.654    35.711    -2.90    3.29
 -58676.660    34.837    -2.32    3.45
 -58300.663    34.064    -2.06    3.32
 -57924.665    33.327    -1.96    4.34
 -57548.666    32.140    -3.16    5.34
 -57172.664    32.326     0.50    5.56
 -56796.661    31.653    -1.79    5.26
 -56420.656    32.839     3.15    5.36
 -56044.650    35.044     5.86    4.43
 -55668.642    35.582     1.43    3.40
 -55292.632    33.950    -4.34    4.10
 -54916.621    32.018    -5.14    4.66
 -54540.608    31.326    -1.84    4.24
 -54164.593    31.247    -0.21    4.34
 -53788.576    31.485     0.63    3.56
 -53412.558    32.518     2.75    3.11
 -53036.538    31.896    -1.65    3.29
 -52660.517    30.967    -2.47    2.97
 -52284.493    30.681    -0.76    2.80
 -51908.468    31.326     1.72    2.67
 -51532.442    32.121     2.11    2.87
 -51156.413    32.747     1.66    2.87
 -50780.383    33.403     1.74    3.02
 -50404.352    33.167    -0.63    4.12
 -50028.318    31.813    -3.60    5.33
 -49652.283    30.775    -2.76    5.52
 -49276.246    30.696    -0.21    5.26
 -48900.208    31.653     2.55    4.39
 -48524.167    33.095     3.84    2.75
 -48148.125    32.506    -1.57    2.52
 -47772.082    31.775    -1.94    2.92
 -47396.036    30.788    -2.62    3.31
 -47019.989    29.842    -2.52    3.31
 -46643.940    30.005     0.43    3.20
 -46267.890    31.086     2.87    3.08
 -45891.837    31.363     0.74    3.17
 -45515.783    31.650     0.76    2.98
 -45139.727    32.121     1.25    2.90
 -44763.670    31.914    -0.55    2.44
 -44387.611    32.326     1.10    2.80
 -44011.550    32.248    -0.21    2.52
 -43635.487    31.670    -1.54    2.91
 -43259.423    31.670     0.00    2.94
 -42883.357    30.890    -2.07    2.41
 -42507.289    30.680    -0.56    2.48
 -42131.219    31.512     2.21    3.00
 -41755.148    32.525     2.69    3.30
 -41379.075    32.247    -0.74    3.92
 -41003.000    31.459    -2.10    4.43
 -40626.923    31.221    -0.63    4.30
 -40250.845    30.545    -1.80    4.65
 -39874.765    29.572    -2.59    5.93
 -39498.683    30.108     1.43    6.70
 -39122.599    30.993     2.35    6.36
 -38746.514    32.454     3.89    5.50
 -38370.427    33.248     2.11    3.62
 -37994.338    33.429     0.48    3.31
 -37618.247    33.518     0.24    3.34
 -37242.155    34.198     1.81    3.18
 -36866.061    34.454     0.68    3.17
 -36489.965    34.326    -0.34    2.98
 -36113.867    33.219    -2.94    4.40
 -35737.768    30.196    -8.04    6.96
 -35361.667    27.916    -6.06    7.31
 -34985.564    24.618    -8.77    7.26
 -34609.459    22.429    -5.82    7.80
 -34233.352    20.032    -6.37    8.63
 -33857.244    15.788   -11.28    8.57
 -33481.134    13.194    -6.90    6.91
 -33105.022    11.664    -4.07    6.18
 -32728.908    12.711     2.78    5.81
 -32352.793    12.372    -0.90    5.33
 -31976.676    10.923    -3.85    5.52
 -31600.557     8.839    -5.54    5.59
 -31224.436     6.038    -7.45    4.38
 -30848.313     6.198     0.43    4.53
 -30472.189     5.059    -3.03    4.57
 -30096.063     4.711    -0.92    4.12
 -29719.935     5.653     2.51    4.47
 -29343.805     6.464     2.16    4.03
 -28967.673     9.064     6.91    4.55
 -28591.540    10.646     4.21    5.20
 -28215.405     9.044    -4.26    7.59
 -27839.268     9.813     2.05    8.46
 -27463.129    10.080     0.71    8.36
 -27086.988    11.113     2.74    8.01
 -26710.846    15.302    11.14    5.08
 -26334.702    15.985     1.82    4.63
 -25958.556    16.100     0.30    4.22
 -25582.408    16.302     0.54    3.29
 -25206.258    14.429    -4.98    3.34
 -24830.107    12.275    -5.73    4.41
 -24453.953    13.459     3.15    5.40
 -24077.798    13.950     1.31    6.09
 -23701.641    15.000     2.79    5.52
 -23325.483    15.143     0.38    5.41
 -22949.322    15.788     1.71    5.20
 -22573.160    17.734     5.17    5.04
 -22196.995    19.103     3.64    4.55
 -21820.829    20.275     3.11    4.07
 -21444.661    20.788     1.36    3.58
 -21068.492    21.075     0.76    3.17
 -20692.320    20.572    -1.34    3.52
 -20316.147    18.761    -4.81    4.13
 -19939.971    19.140     1.01    4.86
 -19563.794    19.025    -0.31    5.49
 -19187.615    20.140     2.96    5.23
 -18811.434    22.170     5.40    3.78
 -18435.252    21.091    -2.87    4.58
 -18059.067    19.685    -3.74    6.39
 -17682.881    18.437    -3.32    6.41
 -17306.693    18.982     1.45    6.18
 -16930.503    20.222     3.30    5.72
 -16554.311    21.303     2.87    3.68
 -16178.117    20.869    -1.15    4.60
 -15801.921    20.497    -0.99    5.49
 -15425.724    19.301    -3.18    6.00
 -15049.525    19.198    -0.27    6.04
 -14673.323    20.046     2.26    5.77
 -14297.120    20.326     0.74    5.51
 -13920.915    20.222    -0.28    5.08
 -13544.709    21.136     2.43    4.57
 -13168.500    21.352     0.57    4.27
 -12792.289    21.459     0.29    3.85
 -12416.077    21.582     0.33    3.53
 -12039.863    20.634    -2.52    4.95
 -11663.646    20.403    -0.61    5.63
 -11287.428    20.626     0.59    5.72
 -10911.208    20.506    -0.32    5.76
 -10534.987    20.275    -0.61    5.77
 -10158.763    19.053    -3.25    5.69
  -9782.537    18.950    -0.27    5.59
  -9406.310    17.896    -2.80    5.04
  -9030.080    16.221    -4.45    7.03
  -8653.849    15.327    -2.37    7.31
  -8277.616    15.646     0.85    6.86
  -7901.381    16.950     3.46    6.35
  -7525.144    17.696     1.98    6.04
  -7148.905    19.775     5.53    5.35
  -6772.664    20.711     2.49    5.34
  -6396.422    22.012     3.46    5.21
  -6020.177    21.091    -2.45    5.00
  -5643.931    21.143     0.14    5.40
  -5267.682    20.454    -1.83    6.46
  -4891.432    22.086     4.34    5.79
  -4515.180    23.249     3.09    5.74
  -4138.926    23.900     1.73    4.29
  -3762.670    23.418    -1.28    4.02
  -3386.412    22.572    -2.25    4.90
  -3010.152    19.356    -8.55    5.80
  -2633.890    18.518    -2.23    5.46
  -2257.626    16.140    -6.32    5.91
  -1881.361    13.818    -6.17    6.27
  -1505.093    10.675    -8.35    8.58
  -1128.824     7.143    -9.39    8.58
   -752.552     3.086   -10.78    6.85
   -376.279     0.044    -8.08    4.52
     -0.004    -1.725    -4.70    0.00
    376.273    -1.725     0.00    0.00
    752.552    -1.725     0.00    0.00
   1128.833    -1.597     0.34    0.34
   1505.116    -1.475     0.32    0.44
   1881.340    -1.199     0.73    0.65
   2257.236    -0.450     1.99    1.83
   2633.134     1.069     4.04    3.33
   3009.034     4.480     9.07    6.12
   3384.935     8.383    10.38    7.18
   3760.839    12.842    11.86    7.07
   4136.745    18.059    13.88    6.43
   4512.652    22.191    10.99    4.57
   4888.562    23.147     2.54    3.89
   5264.473    24.403     3.34    3.96
   5640.386    23.117    -3.42    4.86
   6016.302    21.696    -3.78    4.07
   6392.219    21.711     0.04    4.36
   6768.138    21.685    -0.07    4.25
   7144.060    22.113     1.14    3.56
   7519.983    22.839     1.93    3.78
   7895.908    23.164     0.86    2.90
   8271.835    22.906    -0.68    3.18
   8647.764    22.170    -1.96    3.64
   9023.695    20.931    -3.29    4.69
   9399.628    18.198    -7.27    6.63
   9775.563    15.696    -6.66    6.24
  10151.500    13.896    -4.79    5.31
  10527.439    13.275    -1.65    5.23
  10903.380    12.636    -1.70    4.57
  11279.323    12.564    -0.19    3.60
  11655.268    13.736     3.12    4.15
  12031.215    14.626     2.37    3.61
  12407.164    14.865     0.63    3.30
  12783.114    14.608    -0.68    3.90
  13159.067    13.967    -1.71    4.27
  13535.022    13.356    -1.63    4.51
  13910.979    13.095    -0.69    4.66
  14286.938    13.437     0.91    5.34
  14662.898    13.643     0.55    6.13
  15038.861    15.491     4.91    7.82
  15414.826    16.431     2.50    8.56
  15790.793    17.531     2.93    8.74
  16166.761    19.985     6.53    7.09
  16542.732    21.636     4.39    4.81
  16918.705    22.172     1.43    3.31
  17294.680    22.414     0.64    3.48
  17670.657    22.685     0.72    3.85
  18046.635    22.557    -0.34    4.39
  18422.616    22.113    -1.18    4.87
  18798.599    21.143    -2.58    4.85
  19174.584    19.916    -3.26    5.17
  19550.571    19.650    -0.71    4.34
  19926.559    17.977    -4.45    3.84
  20302.550    17.352    -1.66    3.17
  20678.543    17.143    -0.55    2.93
  21054.538    17.032    -0.30    2.76
  21430.535    16.734    -0.79    3.24
  21806.534    17.646     2.43    5.09
  22182.535    18.736     2.90    8.44
  22558.538    21.550     7.48   10.57
  22934.543    23.747     5.84   10.49
  23310.550    25.300     4.13   11.12
  23686.559    26.858     4.14   10.59
  24062.571    29.512     7.06    9.77
  24438.584    31.480     5.23    9.16
  24814.599    31.170    -0.83    9.47
  25190.616    30.012    -3.08    9.15
  25566.636    29.326    -1.82    8.42
  25942.657    28.800    -1.40    7.22
  26318.680    29.923     2.99    6.37
  26694.706    31.531     4.28    5.82
  27070.733    33.064     4.08    4.77
  27446.763    34.437     3.65    3.59
  27822.795    36.221     4.74    3.73
  28198.828    36.219    -0.00    4.24
  28574.864    35.788    -1.15    4.44
  28950.902    35.975     0.50    4.58
  29326.942    36.525     1.46    4.44
  29702.984    37.634     2.95    4.08
  30079.028    38.950     3.50    2.87
  30455.074    38.485    -1.24    2.95
  30831.122    38.147    -0.90    2.67
  31207.172    37.696    -1.20    2.82
  31583.224    37.302    -1.05    3.06
  31959.279    38.117     2.17    3.16
  32335.335    39.075     2.55    3.32
  32711.393    39.553     1.27    3.27
  33087.454    40.018     1.24    2.62
  33463.517    40.275     0.68    2.34
  33839.581    39.977    -0.79    2.15
  34215.648    39.491    -1.29    2.27
  34591.717    39.664     0.46    2.46
  34967.788    39.967     0.81    2.41
  35343.861    40.150     0.49    2.73
  35719.936    40.518     0.98    2.60
  36096.013    40.225    -0.78    2.26
  36472.093    40.117    -0.29    1.88
  36848.174    40.248     0.35    2.05
  37224.258    40.433     0.49    2.14
  37600.343    40.993     1.49    2.46
  37976.431    41.032     0.10    3.20
  38352.521    39.414    -4.30    4.78
  38728.613    38.967    -1.19    5.15
  39104.707    37.914    -2.80    5.04
  39480.803    39.070     3.07    4.91
  39856.901    39.941     2.32    4.11
  40233.002    40.414     1.26    3.42
  40609.104    40.626     0.56    3.19
  40985.209    41.032     1.08    3.20
  41361.315    41.813     2.08    2.71
  41737.424    42.018     0.55    2.17
  42113.535    41.842    -0.47    2.35
  42489.648    41.711    -0.35    2.09
  42865.763    41.485    -0.60    2.24
  43241.880    39.933    -4.13    3.47
  43618.000    38.788    -3.04    3.55
  43994.121    38.813     0.07    3.05
  44370.245    38.380    -1.15    2.80
  44746.371    38.719     0.90    2.45
  45122.499    38.643    -0.20    2.27
  45498.629    38.997     0.94    2.22
  45874.761    39.557     1.49    1.99
  46250.895    39.941     1.02    2.09
  46627.032    40.010     0.18    2.25
  47003.171    40.545     1.42    1.97
  47379.311    40.545     0.00    2.45
  47755.454    40.221    -0.86    2.93
  48131.599    39.375    -2.25    3.56
  48507.747    38.383    -2.64    3.49
  48883.896    38.070    -0.83    4.11
  49260.047    38.736     1.77    4.10
  49636.201    40.018     3.41    3.57
  50012.357    41.167     3.05    2.86
  50388.515    41.557     1.04    2.85
  50764.675    41.196    -0.96    3.95
  51140.837    40.330    -2.30    5.10
  51517.002    39.599    -1.94    4.87
  51893.168    37.923    -4.45    5.57
  52269.337    38.117     0.51    5.38
  52645.508    38.736     1.65    4.98
  53021.681    39.869     3.01    3.12
  53397.857    39.064    -2.14    3.51
  53774.034    37.761    -3.46    4.52
  54150.214    34.707    -8.12    6.58
  54526.395    32.582    -5.65    8.78
  54902.579    29.572    -8.00    9.66
  55278.766    28.352    -3.24    9.64
  55654.954    27.095    -3.34    9.02
  56031.144    25.531    -4.16    8.83
  56407.337    25.923     1.04    9.39
  56783.532    25.403    -1.38    9.24
  57159.729    22.959    -6.50    7.86
  57535.928    22.886    -0.19    8.08
  57912.130    23.302     1.11   10.14
  58288.334    23.599     0.79   11.35
  58664.539    23.896     0.79   11.74
  59040.747    25.582     4.48   12.50
  59416.958    25.931     0.93   12.03
  59793.170    29.198     8.68   11.07
  60169.385    32.634     9.13    8.99
  60545.602    35.747     8.28    6.98
  60921.821    36.685     2.49    8.11
  61298.042    35.005    -4.47    9.23
  61674.265    34.685    -0.85    8.16
  62050.491    33.512    -3.12    7.29
  62426.719    32.659    -2.27    6.75
  62802.949    32.302    -0.95    6.08
  63179.181    32.813     1.36    6.67
  63555.416    34.377     4.16    6.97
  63931.653    38.108     9.92    6.58
  64307.892    40.086     5.26    6.10
  64684.133    42.383     6.11    4.44
  65060.376    42.923     1.44    3.91
  65436.622    43.248     0.86    3.59
  65812.870    44.392     3.04    2.92
  66189.120    44.950     1.48    3.28
  66565.372    45.070     0.32    3.72
  66941.627    44.830    -0.64    3.12
  67317.884    41.070   -10.00    7.01
  67694.143    36.491   -12.17   10.60
  68070.404    30.748   -15.26   11.02
  68446.667    26.459   -11.40    8.47
  68822.933    27.198     1.96    8.22
  69199.201    32.059    12.92    8.44
  69575.471    34.512     6.52    7.97
  69951.744    34.075    -1.16    7.29
  70328.019    33.886    -0.50    6.43
  70704.296    34.801     2.43    5.69
  71080.575    35.680     2.34    4.55
  71456.856    38.221     6.75    3.69
  71833.140    38.464     0.65    3.94
  72209.426    38.108    -0.95    4.00
  72585.714    37.650    -1.22    4.43
  72962.005    35.865    -4.74    4.64
  73338.298    34.248    -4.30    4.94
  73714.593    32.377    -4.97    4.77
  74090.890    30.842    -4.08    4.75
  74467.190    31.643     2.13    4.40
  74843.491    30.762    -2.34    4.72
  75219.796    31.070     0.82    4.31
  75596.102    32.164     2.91    4.06
  75972.411    33.801     4.35    3.18
  76348.722    35.275     3.92    2.08
  76725.035    35.608     0.89    2.06
  77101.109    35.198    -1.09    2.42
  77476.970    34.599    -1.59    2.90
  77852.833    34.032    -1.51    2.75
  78228.698    33.680    -0.93    2.29
  78604.566    33.525    -0.41    2.09
  78980.436    34.224     1.86    1.72
  79356.308    34.575     0.93    2.02
  79732.182    34.761     0.50    2.08
  80108.059    35.075     0.83    2.36
  80483.938    34.933    -0.38    2.34
  80859.819    34.762    -0.45    2.22
  81235.703    34.327    -1.16    2.36
  81611.589    33.557    -2.05    2.72
  81987.477    33.386    -0.45    2.75
  82363.368    33.815     1.14    2.73
  82739.260    34.300     1.29    2.64
  83115.156    34.732     1.15    2.39
  83491.053    34.429    -0.81    2.42
  83866.953    34.403    -0.07    2.60
  84242.855    34.059    -0.92    3.05
  84618.759    34.140     0.22    3.62
  84994.666    33.997    -0.38    3.99
  85370.575    34.095     0.26    4.41
  85746.486    32.714    -3.68    6.22
  86122.400    30.005    -7.21    8.36
  86498.315    27.711    -6.10    9.32
  86874.234    25.564    -5.71    9.11
  87250.154    26.959     3.71    8.83
  87626.077    30.815    10.26    6.22
  88002.002    31.075     0.69    6.31
  88377.930    30.032    -2.78    5.71
  88753.860    30.977     2.52    5.38
  89129.792    32.113     3.02    4.82
  89505.726    31.080    -2.75    5.06
  89881.663    30.531    -1.46    4.98
  90257.602    30.326    -0.55    4.56
  90633.544    30.719     1.05    4.33
  91009.487    31.896     3.13    3.77
  91385.434    31.191    -1.88    4.14
  91761.382    31.827     1.69    4.09
  92137.333    31.550    -0.74    4.11
  92513.286    31.059    -1.31    4.58
  92889.242    31.634     1.53    4.00
  93265.200    31.301    -0.88    4.46
  93641.160    31.985     1.82    3.76
  94017.122    32.653     1.78    3.08
  94393.087    32.725     0.19    3.29
  94769.055    33.091     0.97    3.60
  95145.024    33.221     0.35    3.60
  95520.996    34.761     4.10    2.43
  95896.971    35.018     0.68    2.76
  96272.947    34.839    -0.48    3.35
  96648.926    34.916     0.20    3.39
  97024.908    35.858     2.51    2.71
  97400.892    36.012     0.41    2.11
  97776.878    35.464    -1.46    2.39
  98152.867    35.170    -0.78    2.96
  98528.857    34.875    -0.78    3.01
  98904.851    34.734    -0.37    2.88
  99280.846    35.064     0.88    2.75
  99656.844    34.143    -2.45    3.37
 100032.845    32.531    -4.29    4.08
 100408.848    31.896    -1.69    4.23
 100784.853    31.725    -0.46    4.44
 101160.860    31.993     0.71    4.38
 101536.870    33.302     3.48    3.30
 101912.883    33.302     0.00    3.26
 102288.898    31.303    -5.32    5.54
 102664.915    28.685    -6.96    7.08
 103040.934    26.608    -5.52    7.06
 103416.956    26.846     0.63    7.33
 103792.980    27.064     0.58    7.56
 104169.007    27.167     0.27    7.30
 104545.036    23.719    -9.17   11.04
 104921.068    18.800   -13.08   12.17
 105297.102    18.869     0.19   12.02
 105673.138    19.959     2.90   11.54
 106049.177    24.906    13.16   10.12
 106425.218    28.175     8.69    5.90
 106801.261    28.167    -0.02    4.00
 107177.307    26.500    -4.43    6.25
 107553.356    23.736    -7.35    7.37
 107929.406    22.664    -2.85    8.00
 108305.460    21.869    -2.11    7.86
 108681.515    20.248    -4.31    7.41
 109057.573    18.091    -5.74    7.30
 109433.634    16.300    -4.76    5.75
 109809.697    16.164    -0.36    4.69
 110185.762    17.018     2.27    4.47
 110561.830    17.722     1.87    3.98
 110937.900    16.664    -2.81    2.83
 111313.972    17.275     1.63    2.70
 111690.047    17.736     1.23    2.75
 112066.125    17.659    -0.20    2.82
 112442.205    17.091    -1.51    3.08
 112818.287    16.762    -0.87    2.90
 113194.372    18.164     3.73    3.62
 113570.459    19.675     4.02    3.68
 113946.549    20.967     3.44    2.49
 114322.641    21.246     0.74    3.94
 114698.735    18.518    -7.25    7.06
 115074.832    16.059    -6.54    8.74
 115450.932    14.977    -2.87    9.62
 115827.034    14.224    -2.00    9.91
 116203.138    14.059    -0.44    9.76
 116579.245    14.326     0.71    9.12
 116955.354    14.406     0.21    8.59
 117331.466    16.032     4.32    7.10
 117707.580    16.890     2.28    5.23
 118083.697    17.967     2.86    3.78
 118459.816    16.459    -4.01    3.25
 118835.937    15.886    -1.52    3.23
 119212.061    14.890    -2.65    3.20
 119588.188    14.572    -0.85    2.96
 119964.317    14.403    -0.45    2.93
 120340.448    14.850     1.19    2.88
 120716.582    15.761     2.42    2.77
 121092.718    16.140     1.01    2.80
 121468.857    16.410     0.72    2.70
 121844.999    16.950     1.44    3.02
 122221.142    18.170     3.24    3.76
 122597.289    19.164     2.64    4.01
 122973.438    16.372    -7.42    7.65
 123349.589    14.454    -5.10    9.16
 123725.743    13.248    -3.21    9.55
 124101.899    13.300     0.14    9.66
 124478.058    14.354     2.80    9.23
 124854.219    17.865     9.33    7.29
 125230.383    20.464     6.91    3.48
 125606.549    20.916     1.20    2.63
 125982.717    20.969     0.14    2.19
 126358.889    20.839    -0.35    2.48
 126735.062    21.095     0.68    2.75
 127111.239    21.539     1.18    3.54
 127487.417    21.302    -0.63    4.29
 127863.599    20.545    -2.01    5.07
 128239.782    17.222    -8.83    7.95
 128615.969    12.143   -13.50    9.00
 128992.157     9.437    -7.19    7.75
 129368.349     9.650     0.57    7.34
 129744.542    10.788     3.02    6.48
 130120.739    13.012     5.91    4.52
 130496.938    12.880    -0.35    3.87
 130873.139    12.091    -2.10    2.40
 131249.343    12.018    -0.19    2.59
 131625.549    12.086     0.18    3.63
 132001.758    13.249     3.09    4.92
 132377.970    14.358     2.95    5.38
 132754.184    16.890     6.73    4.84
 133130.400    18.352     3.88    3.30
 133506.619    18.712     0.96    3.28
 133882.841    16.967    -4.64    4.36
 134259.065    14.680    -6.08    4.40
 134635.292    12.707    -5.24    3.59
 135011.521    11.222    -3.95    1.90
 135387.752    11.664     1.17    1.95
 135763.987    11.634    -0.08    1.97
 136140.224    12.121     1.29    2.12
 136516.463    12.653     1.41    2.31
 136892.705    13.454     2.13    2.76
 137268.949    14.070     1.64    2.61
 137645.196    14.147     0.20    1.87
 138021.446    14.518     0.99    1.80
 138397.698    14.377    -0.37    1.65
 138773.953    15.221     2.24    1.96
 139150.210    16.301     2.87    2.71
 139526.470    17.380     2.87    2.92
 139902.732    19.087     4.54    2.76
 140278.997    19.865     2.07    2.64
 140655.265    19.117    -1.99    2.82
 141031.535    18.734    -1.02    2.69
 141407.807    18.248    -1.29    2.34
 141784.083    18.219    -0.08    2.12
 142160.360    18.459     0.64    2.09
 142536.641    18.512     0.14    2.21
 142912.924    18.464    -0.13    2.31
 143289.209    17.788    -1.80    3.24
 143665.497    17.531    -0.68    3.09
 144041.788    17.377    -0.41    2.82
 144418.081    17.815     1.16    2.82
 144794.377    18.147     0.88    2.54
 145170.675    17.356    -2.10    3.34
 145546.976    16.842    -1.36    4.36
 145923.280    17.896     2.80    6.19
 146299.586    18.608     1.89    7.23
 146675.895    20.813     5.86    7.51
 147052.206    23.685     7.63    6.92
 147428.520    26.191     6.66    5.29
 147804.837    27.485     3.44    4.73
 148181.156    28.830     3.57    4.85
 148557.478    30.406     4.19    3.81
 148933.802    31.121     1.90    3.37
 149310.129    31.032    -0.24    2.91
 149686.459    31.801     2.04    2.53
 150062.791    32.459     1.75    2.78
 150439.126    32.967     1.35    2.49
 150815.463    32.329    -1.70    4.19
 151191.803    29.875    -6.52    5.15
 151568.146    28.064    -4.81    4.86
 151944.491    27.167    -2.39    4.44
 152320.363    28.572     3.74    5.52
 152696.187    32.108     9.41    6.10
 153072.013    34.454     6.24    4.76
 153447.841    36.506     5.46    3.30
 153823.672    37.136     1.68    3.55
 154199.506    36.933    -0.54    3.16
 154575.343    36.914    -0.05    3.16
 154951.182    36.591    -0.86    2.96
 155327.024    34.557    -5.41    3.87
 155702.868    34.383    -0.46    3.67
 156078.715    34.117    -0.71    6.45
 156454.565    34.143     0.07    8.49
 156830.417    34.400     0.68    8.18
 157206.272    36.626     5.92    7.41
 157582.130    39.172     6.77    7.37
 157957.990    40.993     4.84    6.16
 158333.853    41.923     2.48    5.54
 158709.718    42.545     1.65    5.42
 159085.586    42.914     0.98    4.52
 159461.457    42.480    -1.15    4.51
 159837.330    40.480    -5.32    5.74
 160213.206    36.497   -10.60    8.91
 160589.085    31.095   -14.37   10.93
 160964.966    29.247    -4.92   11.28
 161340.850    31.196     5.18   12.50
 161716.737    37.993    18.08   11.56
 162092.626    42.933    13.14    8.38
 162468.518    43.722     2.10    8.27
 162844.413    45.117     3.71    6.45
 163220.310    45.800     1.82    4.94
 163596.210    44.869    -2.48    5.43
 163972.113    44.125    -1.98    5.15
 164348.018    44.044    -0.21    5.36
 164723.926    44.441     1.06    5.12
 165099.837    46.302     4.95    3.92
 165475.750    45.275    -2.73    4.91
 165851.666    42.512    -7.35    7.13
 166227.585    40.775    -4.62    7.41
 166603.506    41.914     3.03    7.34
 166979.430    44.400     6.61    6.88
 167355.357    46.459     5.48    5.86
 167731.286    47.433     2.59    2.70
 168107.218    45.696    -4.62    3.82
 168483.153    44.617    -2.87    3.69
 168859.091    43.707    -2.42    3.17
 169235.031    44.086     1.01    2.97
 169610.973    43.600    -1.29    3.01
 169986.919    42.969    -1.68    4.49
 170362.867    40.525    -6.50    6.56
 170738.818    39.617    -2.42    6.50
 171114.772    38.136    -3.94    6.63
 171490.728    35.113    -8.04    8.68
 171866.687    30.747   -11.61   10.39
 172242.649    24.429   -16.81    9.49
 172618.613    21.975    -6.53    8.69
 172994.580    24.329     6.26   10.95
 173370.550    29.400    13.49   14.00
 173746.523    32.722     8.84   14.31
 174122.498    32.591    -0.35   14.87
 174498.476    36.512    10.43   15.17
 174874.457    39.224     7.21   13.81
 175250.440    42.564     8.89   11.44
 175626.426    44.497     5.14    7.83
 176002.415    45.147     1.73    5.60
 176378.407    44.329    -2.17    5.15
 176754.401    42.147    -5.80    7.20
 177130.398    40.095    -5.46    7.94
 177506.398    39.386    -1.89    7.84
 177882.400    40.275     2.36    7.81
 178258.406    41.680     3.74    7.18
 178634.414    42.326     1.72    6.72
 179010.424    44.121     4.77    5.22
 179386.438    44.518     1.06    4.26
 179762.454    44.900     1.02    3.84
 180138.473    45.643     1.98    3.56
 180514.494    45.327    -0.84    4.22
 180890.519    45.518     0.51    4.15
 181266.546    45.429    -0.24    4.26
 181642.576    45.591     0.43    4.88
 182018.608    43.775    -4.83    6.84
 182394.644    41.198    -6.85    7.54
 182770.682    40.080    -2.97    6.96
 183146.723    39.813    -0.71    6.29
 183522.767    40.275     1.23    5.93
 183898.813    41.818     4.10    5.27
 184274.862    43.410     4.23    4.01
 184650.914    43.491     0.22    3.38
 185026.969    44.091     1.59    2.95
 185403.026    44.750     1.75    2.97
 185779.087    45.761     2.69    2.51
 186155.150    46.711     2.52    2.76
 186531.215    47.634     2.45    3.04
 186907.284    48.275     1.70    2.67
 187283.355    48.329     0.14    2.41
 187659.429    48.557     0.61    2.53
 188035.506    49.248     1.84    2.35
 188411.586    50.441     3.17    2.51
 188787.668    51.459     2.71    1.92
 189163.753    51.997     1.43    1.73
 189539.841    52.582     1.56    1.87
 189915.932    52.711     0.34    1.89
 190292.026    52.941     0.61    1.95
 190668.122    52.491    -1.20    2.20
 191044.221    52.383    -0.29    2.23
 191420.323    52.329    -0.14    2.01
 191796.428    52.450     0.32    2.15
 192172.536    52.680     0.61    2.53
 192548.646    53.172     1.31    2.38
 192924.759    52.788    -1.02    2.79
 193300.875    52.377    -1.09    2.64
 193676.994    50.896    -3.94    3.71
 194053.115    49.429    -3.90    3.98
 194429.240    48.748    -1.81    3.31
 194805.367    48.303    -1.19    2.88
 195181.497    49.091     2.10    3.65
 195557.630    50.302     3.22    3.45
 195933.765    48.117    -5.81    5.81
 196309.904    47.095    -2.72    5.79
 196686.045    45.119    -5.26    4.49
 197062.189    44.617    -1.33    3.32
 197438.336    45.599     2.61    2.73
 197814.486    46.005     1.08    3.38
 198190.638    46.993     2.63    4.32
 198566.793    47.140     0.39    4.72
 198942.952    48.839     4.52    3.96
 199319.113    48.531    -0.82    4.39
 199695.277    49.121     1.57    4.11
 200071.443    49.518     1.06    4.43
 200447.613    51.300     4.74    3.65
 200823.785    51.933     1.68    3.27
 201199.960    52.164     0.61    3.03
 201576.138    52.167     0.01    2.89
 201952.319    52.032    -0.36    2.60
 202328.503    52.748     1.91    2.01
 202704.689    52.582    -0.44    2.23
 203080.879    52.150    -1.15    2.47
 203457.071    52.170     0.05    2.71
 203833.266    52.480     0.83    2.85
 204209.464    53.113     1.68    2.39
 204585.665    53.506     1.04    2.31
 204961.869    53.086    -1.12    2.83
 205338.075    52.403    -1.81    2.83
 205714.285    52.813     1.09    3.03
 206090.497    52.248    -1.50    3.46
 206466.712    51.959    -0.77    3.82
 206842.930    52.352     1.04    4.10
 207219.151    52.591     0.63    3.80
 207595.375    52.969     1.01    3.16
 207971.601    52.977     0.02    2.59
 208347.831    53.275     0.79    2.60
 208724.063    53.680     1.08    2.49
 209100.298    54.044     0.97    2.06
 209476.536    53.431    -1.63    1.99
 209852.777    52.967    -1.23    2.39
 210229.021    52.788    -0.48    2.20
 210605.268    52.858     0.19    2.37
 210981.517    52.916     0.15    2.39
 211357.770    52.437    -1.27    2.36
 211734.025    52.198    -0.64    2.51
 212110.284    51.485    -1.89    2.90
 212486.545    50.959    -1.40    3.32
 212862.809    50.196    -2.03    3.77
 213239.076    50.634     1.16    3.84
 213615.346    50.700     0.18    3.88
 213991.618    51.275     1.53    3.32
 214367.894    51.221    -0.14    3.53
 214744.173    51.354     0.35    3.51
 215120.454    51.437     0.22    3.62
 215496.738    52.005     1.51    2.91
 215873.026    52.245     0.64    1.85
 216249.316    52.224    -0.06    2.03
 216625.609    52.788     1.50    1.76
 217001.905    52.441    -0.92    1.92
 217378.204    52.480     0.10    2.34
 217754.506    52.441    -0.10    2.31
 218130.810    52.352    -0.24    2.86
 218507.118    52.538     0.49    3.37
 218883.429    52.582     0.12    3.63
 219259.742    54.275     4.50    3.00
 219636.059    54.608     0.89    2.04
 220012.378    54.909     0.80    1.88
 220388.700    54.469    -1.17    2.46
 220765.026    53.788    -1.81    2.56
 221141.354    53.038    -1.99    2.67
 221517.685    52.761    -0.74    2.35
 221894.019    52.491    -0.72    2.19
 222270.356    52.218    -0.73    2.29
 222646.696    53.275     2.81    2.01
 223023.039    53.375     0.27    1.65
 223399.384    53.491     0.31    1.89
 223775.733    53.300    -0.51    1.93
 224152.085    53.025    -0.73    1.99
 224528.439    53.248     0.59    2.47
 224904.797    53.557     0.82    2.49
 225281.158    53.354    -0.54    2.57
 225657.521    54.091     1.96    2.64
 226033.887    54.788     1.85    3.03
 226410.257    55.275     1.29    2.86
 226786.629    54.896    -1.01    2.72
 227162.837    54.250    -1.72    2.66
 227538.619    53.670    -1.54    2.63
 227914.404    53.491    -0.48    2.52
 228290.192    54.680     3.16    2.66
 228665.983    55.358     1.80    2.62
 229041.777    55.454     0.26    2.58
 229417.574    55.275    -0.48    2.69
 229793.374    55.167    -0.29    2.55
 230169.177    54.711    -1.21    2.52
 230544.983    54.553    -0.42    2.31
 230920.792    54.643     0.24    1.94
 231296.603    54.326    -0.84    1.62
 231672.418    54.275    -0.14    1.97
 232048.236    53.329    -2.52    3.48
 232424.056    52.880    -1.19    4.01
 232799.880    53.700     2.18    4.31
 233175.707    54.410     1.89    4.12
 233551.536    54.916     1.35    3.54
 233927.369    55.167     0.67    2.48
 234303.204    54.113    -2.80    2.46
 234679.043    54.572     1.22    2.62
 235054.885    54.818     0.65    2.76
 235430.729    54.608    -0.56    2.69
 235806.577    54.025    -1.55    3.14
 236182.427    53.636    -1.03    3.18
 236558.281    53.250    -1.03    2.66
 236934.137    53.485     0.63    2.63
 237309.997    54.095     1.62    2.29
 237685.859    54.916     2.18    2.41
 238061.725    55.377     1.23    2.39
 238437.593    55.303    -0.20    2.47
 238813.465    54.775    -1.40    2.84
 239189.339    54.147    -1.67    3.63
 239565.217    53.734    -1.10    4.27
 239941.097    53.762     0.07    4.26
 240316.981    53.827     0.17    4.30
 240692.867    53.572    -0.68    4.14
 241068.757    53.059    -1.37    4.16
 241444.650    51.858    -3.19    5.59
 241820.545    51.582    -0.73    5.35
 242196.444    51.475    -0.29    5.53
 242572.345    52.977     4.00    5.29
 242948.250    55.525     6.78    2.56
 243324.158    56.038     1.37    2.10
 243700.069    55.685    -0.94    2.06
 244075.982    55.224    -1.23    2.08
 244451.899    55.377     0.41    2.21
 244827.819    54.834    -1.45    2.15
 245203.742    54.756    -0.21    2.28
