-333061.987   187.457     0.00    6.80
-332685.665   186.505    -2.53    6.23
-332309.346   184.227    -6.05    6.48
-331933.029   182.611    -4.29    5.64
-331556.715   182.073    -1.43    4.92
-331180.403   180.386    -4.48    5.90
-330804.094   178.655    -4.60    6.16
-330427.787   176.201    -6.52    6.70
-330051.483   174.727    -3.92    6.91
-329675.182   175.757     2.74    7.56
-329298.883   177.280     4.05    7.36
-328922.586   180.439     8.40    6.07
-328546.292   182.321     5.00    5.05
-328170.000   184.668     6.24    8.34
-327793.711   186.836     5.76    8.31
-327417.425   188.296     3.88    7.55
-327041.141   185.540    -7.32    9.58
-326664.859   182.073    -9.21    6.22
-326288.580   180.992    -2.87    5.13
-325912.304   182.306     3.49    4.27
-325536.030   183.501     3.18    3.86
-325159.758   183.452    -0.13    4.06
-324783.490   184.961     4.01    4.86
-324407.223   187.834     7.64    4.21
-324030.959   189.911     5.52    3.72
-323654.698   190.569     1.75    3.77
-323278.439   191.347     2.07    3.95
-322902.182   194.043     7.16    5.56
-322525.928   195.439     3.71    5.46
-322149.677   195.167    -0.72    5.93
-321773.428   194.744    -1.12    6.45
-321397.181   192.629    -5.62    6.18
-321020.937   191.962    -1.77    5.14
-320644.696   192.740     2.07    4.67
-320268.456   194.019     3.40    5.48
-319892.220   198.154    10.99    6.39
-319515.986   199.964     4.81    5.90
-319139.754   200.306     0.91    6.01
-318763.525   200.911     1.61    5.74
-318387.298   202.887     5.25    6.08
-318011.074   204.167     3.40    5.69
-317634.852   204.154    -0.03    5.38
-317258.633   202.154    -5.32    4.96
-316882.416   198.806    -8.90    4.84
-316506.202   197.167    -4.36    4.42
-316129.990   194.911    -6.00    4.64
-315753.780   192.347    -6.82    4.88
-315377.573   190.439    -5.07    5.02
-315001.369   190.757     0.85    5.59
-314625.167   189.911    -2.25    5.62
-314248.967   188.942    -2.58    5.39
-313872.770   188.154    -2.09    5.77
-313496.575   186.154    -5.32    5.87
-313120.383   184.479    -4.45    4.88
-312744.193   183.858    -1.65    4.62
-312368.006   183.398    -1.23    4.74
-311991.821   182.680    -1.91    4.67
-311615.638   181.937    -1.98    5.23
-311239.458   179.911    -5.39    5.29
-310863.281   178.701    -3.22    4.67
-310487.106   179.321     1.65    5.91
-310110.933   181.193     4.98    6.87
-309734.763   184.749     9.45    6.65
-309358.595   186.809     5.48    5.21
-308982.429   190.776    10.55    6.07
-308606.266   196.321    14.74    8.22
-308230.106   199.014     7.16    7.87
-307853.947   199.849     2.22    6.71
-307477.792   197.167    -7.13    7.66
-307101.638   193.701    -9.22    5.84
-306725.487   193.803     0.27    6.04
-306349.339   195.501     4.51    6.82
-305973.193   198.189     7.15    5.71
-305597.049   199.475     3.42    4.70
-305220.908   198.321    -3.07    4.93
-304844.769   195.965    -6.26    5.33
-304468.633   191.911   -10.78    5.99
-304092.498   188.296    -9.61    4.89
-303716.367   185.732    -6.82    4.77
-303340.238   183.668    -5.49    4.73
-302964.111   182.142    -4.06    5.01
-302587.986   181.181    -2.55    5.27
-302211.864   179.965    -3.23    4.97
-301835.745   179.587    -1.01    4.08
-301459.627   178.661    -2.46    3.12
-301083.513   178.501    -0.43    3.93
-300707.400   179.167     1.77    4.97
-300331.290   181.022     4.93    6.81
-299955.182   183.732     7.20    8.52
-299579.077   187.689    10.52    6.84
-299202.974   189.552     4.95    5.26
-298826.874   190.858     3.47    4.32
-298450.776   192.154     3.45    4.26
-298074.680   194.780     6.98    4.60
-297698.586   196.603     4.85    5.34
-297322.495   198.911     6.14    6.13
-296946.407   202.772    10.27    7.37
-296570.320   203.385     1.63    7.00
-296194.237   201.043    -6.23    7.35
-295818.155   196.965   -10.84    7.96
-295442.076   193.587    -8.98    5.01
-295065.999   193.654     0.18    5.40
-294689.925   194.373     1.91    6.27
-294313.853   196.219     4.91    6.03
-293937.783   197.217     2.65    5.86
-293561.715   199.783     6.82    6.06
-293185.650   202.050     6.03    6.00
-292809.588   203.142     2.90    5.27
-292433.528   201.680    -3.89    5.76
-292057.470   200.174    -4.01    5.59
-291681.414   199.154    -2.71    6.26
-291305.361   199.373     0.58    6.67
-290929.310   199.186    -0.50    5.71
-290553.261   198.506    -1.81    4.80
-290177.215   199.091     1.56    4.63
-289801.171   198.749    -0.91    4.29
-289425.130   197.884    -2.30    5.76
-289049.090   195.965    -5.10    5.86
-288673.054   194.625    -3.56    5.61
-288297.019   193.937    -1.83    5.24
-287920.987   194.586     1.73    5.45
-287544.957   196.749     5.75    7.04
-287168.930   201.270    12.02   10.55
-286792.904   205.800    12.05   10.06
-286416.881   206.385     1.56    9.18
-286040.861   203.988    -6.37   10.04
-285664.843   199.280   -12.52    7.61
-285288.827   196.992    -6.08    5.34
-284912.813   195.937    -2.81    5.16
-284536.802   194.711    -3.26    5.98
-284160.793   193.641    -2.85    6.30
-283784.786   193.321    -0.85    6.54
-283408.782   190.964    -6.27    6.75
-283032.780   189.884    -2.87    6.53
-282656.780   186.992    -7.69    6.53
-282280.783   184.997    -5.31    6.26
-281904.788   184.706    -0.77    6.74
-281528.795   182.261    -6.50    6.01
-281152.804   181.452    -2.15    4.81
-280776.816   181.436    -0.04    5.03
-280400.830   180.990    -1.19    4.61
-280024.846   180.270    -1.91    4.42
-279648.865   179.962    -0.82    3.89
-279272.886   179.655    -0.82    4.25
-278896.909   180.633     2.60    6.70
-278520.935   180.885     0.67    7.28
-278144.963   180.706    -0.48    6.63
-277768.993   182.356     4.39    7.76
-277393.025   181.014    -3.57    8.53
-277017.060   179.629    -3.68    9.53
-276641.097   177.371    -6.01   10.15
-276265.136   174.235    -8.34    7.27
-275889.178   171.425    -7.48    6.00
-275513.222   170.193    -3.28    5.00
-275137.268   169.386    -2.15    5.04
-274761.316   168.533    -2.27    5.20
-274385.367   166.636    -5.05    6.84
-274009.419   165.043    -4.24    6.09
-273633.475   167.069     5.39    7.49
-273257.532   169.587     6.70    6.82
-272881.592   170.536     2.53    5.56
-272505.654   170.316    -0.58    5.97
-272129.718   167.235    -8.20    5.02
-271753.784   165.832    -3.73    4.47
-271377.853   164.856    -2.60    5.24
-271001.924   163.065    -4.76    5.84
-270625.997   162.347    -1.91    5.47
-270250.073   161.883    -1.23    5.58
-269874.150   161.641    -0.65    6.98
-269498.230   162.127     1.29    7.19
-269122.312   161.648    -1.28    7.98
-268746.397   160.786    -2.29    8.01
-268370.484   160.262    -1.39    7.72
-267994.573   160.526     0.70    8.02
-267618.664   160.201    -0.87    7.14
-267242.757   159.543    -1.75    6.63
-266866.853   159.965     1.12    5.29
-266490.951   159.411    -1.47    4.62
-266115.051   159.516     0.28    5.09
-265739.153   160.479     2.56    5.71
-265363.258   159.992    -1.29    6.13
-264987.365   159.025    -2.57    6.20
-264611.474   155.167   -10.26    7.26
-264235.376   150.091   -13.50    7.09
-263859.043   146.254   -10.20    4.99
-263482.711   144.911    -3.57    4.32
-263106.382   146.965     5.46    6.12
-262730.055   150.641     9.77    6.96
-262353.730   151.186     1.45    6.82
-261977.407   149.965    -3.24    6.99
-261601.087   150.622     1.74    7.67
-261224.769   150.280    -0.91    8.01
-260848.453   155.219    13.13   10.52
-260472.139   161.614    16.99    8.07
-260095.827   164.861     8.63    8.39
-259719.518   164.964     0.27    8.31
-259343.211   165.606     1.71    8.44
-258966.906   166.479     2.32    6.80
-258590.603   166.078    -1.07    4.13
-258214.302   166.526     1.19    3.96
-257838.004   169.373     7.56    8.67
-257461.708   171.311     5.15    9.40
-257085.414   172.706     3.71    9.23
-256709.122   173.776     2.84    8.83
-256332.833   173.967     0.51    6.42
-255956.545   175.039     2.85    5.58
-255580.260   175.990     2.53    5.58
-255203.977   176.526     1.43    5.77
-254827.696   175.655    -2.32    6.12
-254451.417   176.450     2.11    5.03
-254075.141   177.100     1.73    4.31
-253698.867   177.386     0.76    4.02
-253322.595   175.193    -5.83    5.91
-252946.325   173.439    -4.66    6.52
-252570.057   173.235    -0.54    6.77
-252193.791   173.371     0.36    7.38
-251817.528   174.046     1.80    6.84
-251441.267   172.347    -4.52    7.17
-251065.008   169.499    -7.57    5.41
-250688.751   167.761    -4.62    5.41
-250312.496   169.016     3.34    6.59
-249936.244   171.106     5.55    7.62
-249559.993   171.219     0.30    7.73
-249183.745   174.776     9.45    7.71
-248807.499   176.552     4.72    8.47
-248431.255   178.911     6.27    8.44
-248055.013   179.014     0.27    8.44
-247678.774   178.371    -1.71    9.23
-247302.536   179.490     2.98    8.74
-246926.301   180.811     3.51    8.42
-246550.068   181.133     0.86    7.56
-246173.837   181.533     1.06    8.19
-245797.608   183.425     5.03    9.03
-245421.381   184.803     3.66    8.45
-245045.156   185.830     2.73    7.65
-244668.934   187.454     4.32    6.77
-244292.714   188.961     4.01    5.81
-243916.495   190.806     4.90    4.31
-243540.279   190.398    -1.09    4.64
-243164.066   187.578    -7.50    5.84
-242787.854   183.543   -10.73    5.52
-242411.644   180.148    -9.02    5.13
-242035.437   178.306    -4.90    4.68
-241659.231   177.629    -1.80    5.08
-241283.028   177.154    -1.26    6.18
-240906.827   176.911    -0.65    6.56
-240530.628   176.111    -2.13    6.35
-240154.431   175.711    -1.06    5.38
-239778.236   176.358     1.72    5.27
-239402.043   177.046     1.83    5.85
-239025.853   177.127     0.22    6.34
-238649.664   177.938     2.16    5.99
-238273.478   179.300     3.62    6.37
-237897.294   180.732     3.81    7.58
-237521.112   182.358     4.32    7.26
-237144.932   184.316     5.21    6.69
-236768.754   185.501     3.15    6.98
-236392.578   186.757     3.34    7.81
-236016.404   189.398     7.02    8.30
-235640.233   193.154     9.99    8.96
-235264.063   196.142     7.94    8.79
-234887.896   201.439    14.08    7.53
-234511.730   207.174    15.25   15.62
-234135.567   209.885     7.21   16.00
-233759.406   209.184    -1.87    9.78
-233383.247   210.860     4.46   10.87
-233007.090   211.776     2.44   10.23
-232630.935   214.533     7.33   14.35
-232254.782   225.046    27.95   20.44
-231878.631   228.189     8.36   18.43
-231502.483   223.219   -13.21   22.33
-231126.336   212.716   -27.92   24.84
-230750.192   202.235   -27.86   15.98
-230374.049   202.167    -0.18   13.58
-229997.909   208.373    16.50   14.73
-229621.771   209.501     3.00   13.88
-229245.634   204.371   -13.64   12.89
-228869.500   198.014   -16.90   11.78
-228493.368   193.181   -12.85   10.11
-228117.238   189.992    -8.48   10.27
-227741.110   187.749    -5.96   10.12
-227364.984   184.088    -9.73    8.94
-226988.860   181.193    -7.70    8.70
-226612.739   177.039   -11.04    9.86
-226236.619   173.494    -9.43    9.54
-225860.501   174.992     3.98   15.59
-225484.386   177.467     6.58   17.77
-225108.272   177.727     0.69   16.91
-224732.161   174.511    -8.55   18.75
-224356.051   166.262   -21.93   15.27
-223979.944   158.885   -19.61    6.67
-223603.838   156.385    -6.65    5.15
-223227.735   155.227    -3.08    5.86
-222851.634   155.127    -0.26    6.24
-222475.534   156.761     4.34   10.23
-222099.437   154.425    -6.21   11.44
-221723.342   153.506    -2.44   12.26
-221347.249   152.019    -3.95   10.81
-220971.158   154.883     7.61   12.37
-220595.069   157.809     7.78   12.81
-220218.982   156.270    -4.09   11.32
-219842.896   152.300   -10.56    8.07
-219466.813   149.358    -7.82    6.24
-219090.732   150.161     2.13    7.12
-218714.653   155.543    14.31    7.96
-218338.577   155.311    -0.62    7.39
-217962.502   154.344    -2.57    7.00
-217586.429   153.411    -2.48    9.89
-217210.358   151.990    -3.78   10.98
-216834.289   151.347    -1.71    7.56
-216458.222   150.560    -2.09    5.31
-216082.157   149.486    -2.86    4.48
-215706.094   150.450     2.56    6.75
-215330.033   155.398    13.16   13.20
-214953.974   159.830    11.79   16.50
-214577.918   159.911     0.22   17.72
-214201.863   158.655    -3.34   20.68
-213825.810   151.578   -18.82   13.21
-213449.759   150.883    -1.85   10.12
-213073.710   155.727    12.88   13.58
-212697.663   162.938    19.18   15.89
-212321.618   163.328     1.04   11.55
-211945.576   162.655    -1.79    7.41
-211569.535   161.884    -2.05    6.30
-211193.496   159.809    -5.52    6.59
-210817.459   157.490    -6.17    6.62
-210441.424   154.286    -8.52    7.78
-210065.391   149.857   -11.78    7.06
-209689.360   147.811    -5.44    6.48
-209313.331   142.526   -14.05    7.48
-208937.304   139.022    -9.32    7.95
-208561.279   138.019    -2.67    8.39
-208185.256   137.695    -0.86    8.38
-207809.235   139.385     4.49    6.98
-207433.215   138.244    -3.03    6.39
-207057.198   138.533     0.77    6.59
-206681.183   140.311     4.73    7.20
-206305.170   137.780    -6.73    8.53
-205929.158   139.073     3.44    8.97
-205553.149   138.411    -1.76    9.71
-205177.142   132.424   -15.92   11.18
-204801.136   129.385    -8.08   10.98
-204425.133   123.856   -14.71    8.92
-204049.131   121.860    -5.31    7.89
-203673.132   120.560    -3.46    7.63
-203297.134   119.311    -3.32    8.34
-202921.139   117.398    -5.09    8.43
-202545.145   116.168    -3.27    8.09
-202169.153   117.154     2.62   10.29
-201793.163   118.641     3.95   10.46
-201417.176   117.154    -3.95   11.56
-201041.190   113.526    -9.65    9.72
-200665.206   110.344    -8.47    6.70
-200289.224   108.211    -5.67    5.61
-199913.243   108.321     0.29    6.48
-199537.265   106.452    -4.97    7.29
-199161.289   107.100     1.73    9.75
-198785.315   106.655    -1.19    9.77
-198409.342   105.424    -3.27    9.91
-198033.372   102.772    -7.05   10.27
-197657.403   103.167     1.05    9.19
-197281.437   107.883    12.54   12.00
-196905.472   112.193    11.46   13.75
-196529.509   120.167    21.21   13.13
-196153.548   123.588     9.10   10.88
-195777.589   125.127     4.10   13.06
-195401.632   134.695    25.45   24.92
-195025.677   136.262     4.17   28.19
-194649.724   129.437   -18.15   33.09
-194273.773   119.050   -27.63   31.74
-193897.823   106.065   -34.54   20.83
-193521.876   104.373    -4.50   16.39
-193145.930   111.680    19.44   19.55
-192769.987   120.533    23.55   15.94
-192394.045   127.990    19.84   11.46
-192018.105   130.142     5.72   10.27
-191642.167   129.300    -2.24   10.33
-191266.231   130.962     4.42   17.42
-190890.297   129.883    -2.87   20.64
-190514.365   131.516     4.34   23.58
-190138.434   126.398   -13.61   23.50
-189762.506   119.349   -18.75   17.14
-189386.579   120.073     1.93   14.41
-189010.343   125.043    13.21   17.46
-188634.042   132.289    19.26   18.19
-188257.744   133.065     2.06   17.32
-187881.447   127.235   -15.49   20.65
-187505.152   120.937   -16.74   19.68
-187128.859   112.885   -21.40   12.01
-186752.568   112.578    -0.82   10.74
-186376.279   117.371    12.74   12.40
-185999.992   123.116    15.27   10.95
-185623.706   124.911     4.77   11.24
-185247.423   123.550    -3.62   10.97
-184871.141   121.727    -4.85   11.12
-184494.861   120.046    -4.47    9.96
-184118.583   119.965    -0.22    8.27
-183742.307   123.398     9.12   10.24
-183366.033   129.099    15.15   14.41
-182989.761   146.270    45.64   25.88
-182613.490   165.988    52.40   33.92
-182237.221   183.967    47.78   38.98
-181860.955   196.732    33.93   37.77
-181484.690   199.100     6.30   36.62
-181108.427   195.526    -9.50   36.76
-180732.165   200.253    12.56   41.49
-180355.906   211.674    30.35   41.12
-179979.649   223.911    32.52   35.38
-179603.393   232.014    21.54   37.83
-179227.139   226.511   -14.62   37.47
-178850.887   216.022   -27.88   42.01
-178474.637   210.398   -14.95   38.01
-178098.389   216.674    16.68   40.31
-177722.142   237.479    55.30   43.31
-177345.897   261.695    64.36   34.81
-176969.655   277.088    40.91   14.16
-176593.414   269.450   -20.30   16.71
-176217.175   260.578   -23.58   16.27
-175840.937   255.994   -12.18   15.18
-175464.702   255.347    -1.72   17.57
-175088.468   255.217    -0.35   18.88
-174712.236   255.701     1.29   17.23
-174336.006   248.990   -17.84   18.37
-173959.778   244.450   -12.07   19.51
-173583.552   241.992    -6.53   16.88
-173207.327   236.014   -15.89   16.04
-172831.105   235.986    -0.07   18.08
-172454.884   234.371    -4.29   18.20
-172078.664   231.490    -7.66   19.27
-171702.447   234.425     7.80   24.64
-171326.232   235.965     4.09   26.12
-170950.018   235.100    -2.30   27.59
-170573.806   232.940    -5.74   23.63
-170197.596   231.757    -3.14   22.95
-169821.388   233.036     3.40   25.61
-169445.181   240.133    18.87   27.89
-169068.977   237.706    -6.45   28.59
-168692.774   237.201    -1.34   29.07
-168316.573   228.306   -23.64   20.33
-167940.374   219.962   -22.18   18.76
-167564.176   216.832    -8.32   17.85
-167187.980   205.717   -29.55   14.03
-166811.786   199.490   -16.55   19.39
-166435.594   197.501    -5.29   19.07
-166059.404   197.856     0.94   21.46
-165683.215   199.091     3.28   23.60
-165307.029   201.780     7.15   28.54
-164930.844   196.127   -15.03   37.72
-164554.661   196.668     1.44   38.73
-164178.479   185.641   -29.31   37.78
-163802.299   173.424   -32.48   36.60
-163426.122   169.036   -11.66   31.39
-163049.945   161.208   -20.81   26.72
-162673.771   165.186    10.57   31.15
-162297.599   170.148    13.19   31.13
-161921.428   171.332     3.15   32.65
-161545.259   170.992    -0.90   31.36
-161169.091   169.193    -4.78   30.27
-160792.926   171.235     5.43   31.07
-160416.762   174.411     8.44   33.84
-160040.600   177.858     9.16   31.74
-159664.440   179.106     3.32   28.76
-159288.282   174.552   -12.11   27.02
-158912.125   172.450    -5.59   21.71
-158535.970   174.661     5.88   21.79
-158159.817   173.776    -2.35   16.36
-157783.665   171.803    -5.25   15.51
-157407.515   173.641     4.89   17.31
-157031.367   182.036    22.32   22.50
-156655.221   182.695     1.75   23.00
-156279.077   174.834   -20.90   25.96
-155902.934   169.253   -14.84   22.97
-155526.793   171.701     6.51   24.02
-155150.654   187.884    43.03   29.11
-154774.516   198.937    29.39   28.59
-154398.380   200.674     4.62   27.90
-154022.246   191.633   -24.04   30.40
-153646.114   179.533   -32.17   26.14
-153269.983   177.161    -6.31   18.40
-152893.854   178.962     4.79   18.05
-152517.727   177.219    -4.64   20.75
-152141.601   175.849    -3.64   18.35
-151765.478   179.479     9.65   21.09
-151389.356   182.479     7.98   20.00
-151013.235   183.452     2.59   17.35
-150637.117   186.296     7.56   19.79
-150261.000   182.316   -10.58   17.70
-149884.885   180.398    -5.10   18.56
-149508.771   172.757   -20.32   23.14
-149132.659   164.834   -21.07   22.41
-148756.549   161.127    -9.86   23.35
-148380.441   165.885    12.65   23.46
-148004.334   167.701     4.83   21.47
-147628.230   162.939   -12.66   24.18
-147252.126   158.965   -10.57   25.24
-146876.025   158.217    -1.99   29.80
-146499.925   164.452    16.58   26.39
-146123.827   168.142     9.81   22.51
-145747.730   170.067     5.12   16.43
-145371.636   168.806    -3.35   15.95
-144995.542   158.069   -28.55   21.57
-144619.451   152.272   -15.41   22.56
-144243.361   146.219   -16.10   27.99
-143867.273   137.533   -23.10   29.70
-143491.187   129.475   -21.43   28.44
-143115.102   121.629   -20.86   22.79
-142739.019   117.219   -11.73   18.86
-142362.938   115.154    -5.49   17.60
-141986.859   116.911     4.67   17.54
-141610.781   114.296    -6.95   17.69
-141234.704   110.217   -10.85   17.31
-140858.630   112.857     7.02   18.80
-140482.557   114.965     5.61   20.71
-140106.486   116.316     3.59   21.72
-139730.416   122.046    15.24   18.53
-139354.348   122.397     0.93   17.71
-138978.282   125.561     8.41   17.23
-138602.217   128.332     7.37   17.08
-138226.154   134.830    17.28   17.20
-137850.093   134.655    -0.47   19.69
-137474.033   136.858     5.86   21.47
-137097.975   137.016     0.42   20.90
-136721.919   136.148    -2.31   22.25
-136345.864   141.578    14.44   17.44
-135969.811   139.019    -6.80   15.58
-135593.760   141.569     6.78   13.67
-135217.710   145.511    10.48   15.38
-134841.662   147.483     5.24   16.15
-134465.616   154.262    18.03   18.84
-134089.571   157.560     8.77   17.58
-133713.528   152.289   -14.02   17.15
-133337.486   146.614   -15.09   14.57
-132961.446   146.494    -0.32   13.61
-132585.408   150.886    11.68   14.74
-132209.371   158.358    19.87   12.30
-131833.336   162.911    12.11   10.95
-131457.303   164.424     4.02   11.63
-131081.271   168.701    11.37   11.24
-130705.241   172.988    11.40   13.67
-130329.213   176.749    10.00   14.67
-129953.186   177.937     3.16   16.47
-129577.161   172.744   -13.81   10.65
-129201.137   170.227    -6.70   11.03
-128825.115   171.167     2.50   11.69
-128449.095   182.130    29.15   20.15
-128073.076   198.193    42.72   28.56
-127697.059   214.046    42.16   26.16
-127321.043   224.272    27.20   21.00
-126945.029   232.992    23.19    5.34
-126569.017   233.522     1.41    3.02
-126193.006   231.253    -6.03    4.53
-125816.997   228.962    -6.09    4.39
-125440.989   226.425    -6.75    4.04
-125064.983   224.039    -6.34    3.52
-124688.979   223.603    -1.16    3.66
-124312.976   222.424    -3.14    4.87
-123936.975   219.884    -6.75    6.57
-123560.975   217.219    -7.09    7.23
-123184.977   214.316    -7.72    6.29
-122808.981   212.181    -5.68    4.54
-122432.986   212.516     0.89    3.71
-122056.993   212.380    -0.36    3.09
-121681.001   211.603    -2.07    3.16
-121305.011   211.727     0.33    3.51
-120929.023   212.289     1.50    3.91
-120553.036   212.289     0.00    6.00
-120177.051   209.856    -6.47   11.31
-119801.067   206.332    -9.37   14.71
-119425.085   201.648   -12.46   19.75
-119049.104   204.938     8.75   18.53
-118673.125   205.962     2.72   16.72
-118297.148   204.809    -3.07   16.96
-117921.172   201.629    -8.46   17.82
-117545.198   196.560   -13.48   20.07
-117169.225   194.475    -5.54   21.86
-116793.254   192.073    -6.39   22.11
-116417.284   185.201   -18.28   25.88
-116041.316   171.560   -36.28   32.30
-115665.350   154.093   -46.46   34.18
-115289.385   131.860   -59.14   30.26
-114913.421   114.937   -45.01   17.54
-114537.459   108.244   -17.80   12.26
-114161.442   104.219   -10.71   11.66
-113785.167   101.189    -8.05   12.50
-113408.893    98.244    -7.83   12.58
-113032.621    97.655    -1.57   13.41
-112656.350    93.857   -10.09   13.91
-112280.081    87.201   -17.69   12.93
-111903.814    79.578   -20.26   15.26
-111527.547    69.961   -25.56   22.26
-111151.283    58.587   -30.23   20.98
-110775.020    55.219    -8.95   17.53
-110398.758    54.832    -1.03   19.56
-110022.499    59.939    13.57   21.58
-109646.240    65.398    14.51   20.16
-109269.983    72.189    18.05   16.50
-108893.728    79.757    20.12   11.96
-108517.474    77.111    -7.03   14.23
-108141.222    72.133   -13.23   16.26
-107764.971    64.911   -19.20   22.73
-107388.722    57.856   -18.75   25.24
-107012.474    56.262    -4.23   22.76
-106636.228    52.437   -10.17   21.99
-106259.983    51.964    -1.26   20.10
-105883.740    52.411     1.19   19.47
-105507.498    54.560     5.71   23.12
-105131.258    53.686    -2.32   22.57
-104755.020    49.050   -12.32   19.88
-104378.783    48.211    -2.23   20.32
-104002.547    45.253    -7.86   18.19
-103626.313    42.689    -6.82   14.69
-103250.080    46.289     9.57   17.15
-102873.849    49.803     9.34   18.72
-102497.620    47.885    -5.10   18.53
-102121.392    48.861     2.60   16.66
-101745.165    46.857    -5.33   15.03
-101368.940    45.111    -4.64   15.22
-100992.716    42.783    -6.19   15.55
-100616.494    40.306    -6.58   14.15
-100240.273    39.674    -1.68   13.51
 -99864.054    40.142     1.24   13.45
 -99487.837    40.437     0.79   11.64
 -99111.621    40.828     1.04   10.53
 -98735.406    37.398    -9.12    9.77
 -98359.193    34.106    -8.75    7.52
 -97982.981    31.261    -7.56    6.54
 -97606.771    28.193    -8.15    8.21
 -97230.562    26.740    -3.86    9.37
 -96854.355    27.262     1.39   10.21
 -96478.149    27.965     1.87   10.33
 -96101.944    28.095     0.35    8.58
 -95725.742    26.501    -4.24    6.17
 -95349.540    26.439    -0.16    6.58
 -94973.340    30.461    10.69   14.40
 -94597.142    32.116     4.40   14.79
 -94220.945    30.648    -3.90   11.51
 -93844.749    35.127    11.91   12.56
 -93468.555    47.253    32.23   18.64
 -93092.362    60.321    34.74   20.72
 -92716.171    70.522    27.12   14.82
 -92339.982    75.270    12.62   12.35
 -91963.793    79.356    10.86   13.72
 -91587.606    84.385    13.37   17.56
 -91211.421    89.296    13.05   17.24
 -90835.237    90.474     3.13   12.45
 -90459.055    87.857    -6.96   12.42
 -90082.874    83.464   -11.68   12.53
 -89706.694    79.506   -10.52   12.04
 -89330.516    78.809    -1.85    9.74
 -88954.339    79.641     2.21    8.50
 -88578.164    83.680    10.74    8.89
 -88201.990    89.501    15.47    8.61
 -87825.818    95.014    14.66    8.16
 -87449.647    98.722     9.86    8.56
 -87073.477   102.885    11.07   10.18
 -86697.309   113.834    29.11   20.16
 -86321.142   126.689    34.17   22.12
 -85944.977   135.543    23.54   18.80
 -85568.813   134.154    -3.69   17.39
 -85192.651   128.641   -14.66   15.56
 -84816.490   124.578   -10.80   18.79
 -84440.330   123.317    -3.35   23.66
 -84064.172   126.988     9.76   24.64
 -83688.015   126.424    -1.50   20.52
 -83311.860   126.522     0.26   17.38
 -82935.706   131.783    13.99   21.89
 -82559.554   139.560    20.67   24.72
 -82183.403   147.629    21.45   20.21
 -81807.253   151.385     9.98   17.21
 -81431.105   140.174   -29.80   20.69
 -81054.958   126.911   -35.26   17.60
 -80678.812   115.347   -30.74   12.20
 -80302.668   106.936   -22.36   11.01
 -79926.525    97.772   -24.36   10.09
 -79550.384    92.208   -14.79    8.58
 -79174.244    88.560    -9.70    8.22
 -78798.106    85.803    -7.33    8.11
 -78421.969    83.722    -5.53    9.51
 -78045.833    79.311   -11.73    9.45
 -77669.699    75.629    -9.79    9.72
 -77293.566    70.501   -13.63    8.18
 -76917.434    68.883    -4.30    8.80
 -76541.304    70.885     5.32   10.52
 -76165.175    74.800    10.41   11.19
 -75789.048    81.069    16.67   10.39
 -75412.922    85.780    12.52    8.57
 -75036.797    88.988     8.53    7.11
 -74660.674    93.992    13.30    8.02
 -74284.552    99.280    14.06    9.82
 -73908.431   107.270    21.24   13.06
 -73532.312   122.717    41.07   22.79
 -73156.194   139.516    44.67   27.61
 -72780.078   158.262    49.84   22.00
 -72403.963   170.506    32.55    8.45
 -72027.849   173.046     6.75    4.39
 -71651.737   172.217    -2.21    5.18
 -71275.626   171.732    -1.29    5.17
 -70899.516   169.836    -5.04    4.93
 -70523.408   169.217    -1.65    4.52
 -70147.301   169.039    -0.47    3.81
 -69771.196   168.516    -1.39    3.67
 -69395.091   169.937     3.78    3.98
 -69018.988   171.490     4.13    3.61
 -68642.887   173.014     4.05    2.91
 -68266.787   173.328     0.84    2.73
 -67890.688   174.016     1.83    2.38
 -67514.590   174.167     0.40    2.77
 -67138.494   173.911    -0.68    3.00
 -66762.400   172.809    -2.93    4.02
 -66386.306   173.253     1.18    4.31
 -66010.214   172.857    -1.05    4.38
 -65634.123   171.938    -2.44    4.07
 -65258.034   171.967     0.08    3.34
 -64881.946   171.937    -0.08    3.08
 -64505.859   171.686    -0.67    3.23
 -64129.773   172.316     1.68    3.23
 -63753.689   172.578     0.69    3.30
 -63377.606   171.885    -1.84    3.18
 -63001.525   171.095    -2.10    2.82
 -62625.445   171.965     2.31    2.74
 -62249.366   172.561     1.58    3.52
 -61873.288   173.695     3.01    3.53
 -61497.212   175.100     3.74    3.85
 -61121.137   176.857     4.67    4.47
 -60745.063   178.522     4.43    3.74
 -60368.991   179.270     1.99    4.02
 -59992.920   180.398     3.00    3.60
 -59616.850   180.054    -0.92    3.70
 -59240.782   180.641     1.56    3.11
 -58864.715   180.235    -1.08    3.33
 -58488.649   179.385    -2.26    3.17
 -58112.585   179.761     1.00    3.66
 -57736.522   180.073     0.83    4.01
 -57360.460   180.385     0.83    3.90
 -56984.399   181.753     3.64    4.80
 -56608.340   184.809     8.12    4.85
 -56232.282   187.019     5.88    4.59
 -55856.225   189.311     6.09    4.28
 -55480.170   191.016     4.53    3.11
 -55104.116   191.522     1.35    2.90
 -54728.063   191.587     0.17    3.07
 -54352.011   190.939    -1.72    3.06
 -53975.961   190.065    -2.32    3.50
 -53599.912   188.937    -3.00    3.86
 -53223.864   186.797    -5.69    4.49
 -52847.818   184.858    -5.15    3.88
 -52471.773   184.100    -2.02    3.29
 -52095.729   182.078    -5.38    8.74
 -51719.686   173.501   -22.81   17.80
 -51343.645   163.344   -27.01   22.86
 -50967.605   146.091   -45.88   24.80
 -50591.566   131.201   -39.60   17.28
 -50215.528   121.261   -26.43    9.87
 -49839.492   115.641   -14.95    7.37
 -49463.457   113.086    -6.79    7.92
 -49087.423   110.065    -8.03    7.37
 -48711.391   106.911    -8.39    5.93
 -48335.359   102.587   -11.50    5.93
 -47959.329    98.398   -11.14    6.49
 -47583.301    95.262    -8.34    6.34
 -47207.273    91.885    -8.98    4.36
 -46831.247    89.625    -6.01    3.75
 -46455.222    87.552    -5.51    4.15
 -46079.198    87.069    -1.28    4.33
 -45703.176    87.078     0.02    4.40
 -45327.154    86.347    -1.94    5.50
 -44951.134    84.706    -4.36    6.11
 -44575.116    81.806    -7.71    7.63
 -44199.098    75.452   -16.90   10.38
 -43823.082    67.142   -22.10   13.95
 -43447.067    56.695   -27.78   15.92
 -43071.053    50.116   -17.50   13.75
 -42695.040    47.061    -8.13   11.45
 -42319.029    46.025    -2.75   10.86
 -41943.019    46.344     0.85   12.55
 -41567.010    45.776    -1.51   12.37
 -41191.002    44.100    -4.46   12.74
 -40814.995    43.858    -0.64   14.19
 -40438.990    45.300     3.83   13.60
 -40062.986    47.636     6.21   12.21
 -39686.983    48.424     2.10   10.54
 -39310.982    51.100     7.12    7.28
 -38934.852    50.809    -0.78    7.15
 -38558.611    45.464   -14.21   11.09
 -38182.370    37.501   -21.16   14.06
 -37806.131    30.992   -17.30   11.90
 -37429.893    31.834     2.24   12.75
 -37053.656    37.633    15.41   13.83
 -36677.420    43.450    15.46   11.44
 -36301.186    47.526    10.84    8.81
 -35924.952    46.880    -1.72    8.71
 -35548.720    43.695    -8.47    8.52
 -35172.489    39.100   -12.21    9.68
 -34796.260    35.262   -10.20    9.15
 -34420.031    30.425   -12.86    9.54
 -34043.804    26.911    -9.34    8.04
 -33667.578    24.270    -7.02    7.42
 -33291.353    22.270    -5.32    7.17
 -32915.129    19.701    -6.83    7.52
 -32538.907    19.464    -0.63    8.10
 -32162.685    17.988    -3.92    7.48
 -31786.465    16.911    -2.86    5.94
 -31410.246    13.884    -8.05    7.23
 -31034.028     9.988   -10.36    7.07
 -30657.812     6.641    -8.90    6.04
 -30281.596     4.280    -6.28    4.43
 -29905.382     2.201    -5.53    0.84
 -29529.169     1.942    -0.69    0.18
 -29152.957     2.116     0.46    0.57
 -28776.746     2.095    -0.06    0.56
 -28400.537     2.208     0.30    0.94
 -28024.328     2.373     0.44    1.12
 -27648.121     3.078     1.87    1.93
 -27271.915     3.655     1.53    1.89
 -26895.710     4.016     0.96    1.80
 -26519.506     3.776    -0.64    1.44
 -26143.304     3.398    -1.00    1.37
 -25767.102     3.091    -0.82    1.30
 -25390.902     3.219     0.34    1.38
 -25014.703     2.883    -0.89    1.21
 -24638.505     2.543    -0.91    0.97
 -24262.308     2.479    -0.17    0.87
 -23886.112     2.533     0.14    1.16
 -23509.918     2.452    -0.22    1.19
 -23133.724     2.335    -0.31    1.15
 -22757.532     2.219    -0.31    0.98
 -22381.341     2.069    -0.40    0.55
 -22005.151     2.356     0.76    1.16
 -21628.962     2.552     0.52    1.44
 -21252.774     2.772     0.59    1.48
 -20876.588     2.373    -1.06    0.88
 -20500.402     2.193    -0.48    0.72
 -20124.218     2.127    -0.18    0.71
 -19748.035     1.964    -0.43    0.32
 -19371.853     1.911    -0.14    0.00
 -18995.672     1.911     0.00    0.00
 -18619.492     2.127     0.57    0.75
 -18243.313     2.116    -0.03    0.73
 -17867.136     2.437     0.85    1.03
 -17490.959     3.161     1.92    1.40
 -17114.784     3.668     1.35    1.30
 -16738.610     4.161     1.31    1.16
 -16362.437     4.358     0.52    1.48
 -15986.265     4.286    -0.19    1.69
 -15610.094     4.494     0.55    1.92
 -15233.924     4.885     1.04    1.78
 -14857.755     4.830    -0.15    2.15
 -14481.588     4.695    -0.36    2.03
 -14105.421     4.622    -0.19    2.15
 -13729.256     4.490    -0.35    1.72
 -13353.092     4.100    -1.04    1.87
 -12976.929     3.992    -0.29    2.15
 -12600.767     3.461    -1.41    2.22
 -12224.606     3.050    -1.09    2.10
 -11848.446     2.736    -0.83    1.85
 -11472.287     3.332     1.58    2.53
 -11096.129     3.633     0.80    3.09
 -10719.973     3.046    -1.56    3.06
 -10343.817     2.106    -2.50    2.90
  -9967.663     1.424    -1.81    2.80
  -9591.510     0.655    -2.04    1.71
  -9215.357     0.344    -0.83    1.04
  -8839.206     0.736     1.04    1.62
  -8463.056     1.065     0.87    1.86
  -8086.907     0.622    -1.18    1.41
  -7710.759     0.587    -0.09    1.20
  -7334.612     0.706     0.32    1.49
  -6958.466     1.332     1.66    2.30
  -6582.322     1.967     1.69    2.59
  -6206.178     2.373     1.08    2.70
  -5830.035     2.078    -0.78    2.71
  -5453.894     1.526    -1.47    2.36
  -5077.754     0.911    -1.64    1.93
  -4701.614     0.154    -2.01    0.87
  -4325.476    -0.089    -0.64    0.00
  -3949.338    -0.089     0.00    0.00
  -3573.202    -0.089     0.00    0.00
  -3197.067    -0.089     0.00    0.00
  -2820.933    -0.089     0.00    0.00
  -2444.800    -0.089     0.00    0.00
  -2068.668    -0.089     0.00    0.00
  -1692.537    -0.089     0.00    0.00
  -1316.407    -0.089     0.00    0.00
   -940.278    -0.089     0.00    0.00
   -564.150    -0.089     0.00    0.00
   -188.024    -0.089     0.00    0.00
    188.102    -0.089     0.00    0.00
    564.227    -0.089     0.00    0.00
    940.351    -0.089     0.00    0.00
   1316.473    -0.089     0.00    0.00
   1692.595    -0.089     0.00    0.00
   2068.715    -0.089     0.00    0.00
   2444.835    -0.089     0.00    0.00
   2820.954    -0.089     0.00    0.00
   3197.071    -0.089     0.00    0.00
   3573.187    -0.089     0.00    0.00
   3949.303    -0.089     0.00    0.00
   4325.417    -0.089     0.00    0.00
   4701.531     0.437     1.40    1.86
   5077.643     1.425     2.62    2.93
   5453.755     2.039     1.63    3.15
   5829.865     2.780     1.97    3.65
   6205.974     3.383     1.61    3.46
   6582.083     3.452     0.18    3.47
   6958.190     5.272     4.84    5.05
   7334.296     7.208     5.15    5.97
   7710.401     9.806     6.91    5.48
   8086.506    12.692     7.67    4.25
   8462.609    15.142     6.51    5.25
   8838.711    19.603    11.86   10.66
   9214.813    26.217    17.58   13.22
   9590.913    33.398    19.09   15.75
   9967.012    41.776    22.28   15.54
  10343.111    47.701    15.75   14.12
  10719.208    50.306     6.93   15.63
  11095.304    50.501     0.52   15.94
  11471.400    55.830    14.17   12.74
  11847.494    62.253    17.08   13.62
  12223.587    70.136    20.96   14.83
  12599.680    80.425    27.36   16.15
  12975.771    82.884     6.54   17.29
  13351.862    82.398    -1.29   23.04
  13727.951    85.587     8.48   28.60
  14104.039    82.506    -8.19   26.53
  14480.127    78.050   -11.85   23.30
  14856.214    74.436    -9.61   16.60
  15232.299    69.552   -12.99   11.56
  15608.384    65.911    -9.68   12.73
  15984.467    62.321    -9.55   17.31
  16360.550    58.201   -10.96   19.38
  16736.632    54.122   -10.85   19.67
  17112.712    53.344    -2.07   20.67
  17488.792    53.142    -0.54   18.24
  17864.871    62.272    24.28   19.61
  18240.949    72.069    26.05   17.43
  18617.025    74.552     6.60   18.61
  18993.101    73.117    -3.82   11.65
  19369.176    81.373    21.95   21.88
  19745.250    89.154    20.69   25.65
  20121.323    92.181     8.05   23.58
  20497.396    91.262    -2.44   21.95
  20873.467    97.300    16.05   30.49
  21249.537   118.962    57.60   48.77
  21625.606   159.836   108.69   71.34
  22001.675   208.479   129.34   68.69
  22377.742   244.014    94.49   52.93
  22753.808   269.809    68.59   42.71
  23129.874   276.065    16.64   39.43
  23505.939   268.122   -21.12   38.37
  23882.002   256.244   -31.58   34.44
  24258.065   241.772   -38.48   33.40
  24634.127   223.046   -49.79   35.58
  25010.188   197.506   -67.92   39.66
  25386.247   171.999   -67.83   41.09
  25762.306   148.167   -63.37   35.86
  26138.365   130.648   -46.59   24.15
  26514.422   121.383   -24.64   12.06
  26890.478   116.533   -12.90    5.69
  27266.533   115.606    -2.47    7.49
  27642.588   117.358     4.66    8.40
  28018.641   122.786    14.43   13.83
  28394.694   131.695    23.69   16.64
  28770.745   137.142    14.48   17.65
  29146.796   142.095    13.17   25.91
  29522.846   134.780   -19.45   27.01
  29898.895   123.695   -29.48   24.47
  30274.943   113.411   -27.35   11.58
  30650.990   109.614   -10.10    5.73
  31027.036   112.560     7.83    7.15
  31403.082   114.938     6.32    8.08
  31779.126   116.197     3.35    7.63
  32155.170   115.911    -0.76    6.50
  32531.212   113.988    -5.11    5.54
  32907.254   114.078     0.24    5.60
  33283.295   115.806     4.60    6.18
  33659.335   115.633    -0.46    6.13
  34035.374   117.069     3.82    7.17
  34411.412   117.373     0.81    6.86
  34787.450   118.425     2.80    7.46
  35163.486   119.095     1.78    7.21
  35539.522   117.595    -3.99    6.59
  35915.556   117.036    -1.49    6.42
  36291.748   118.371     3.55    6.60
  36667.961   117.886    -1.29    6.14
  37044.174   116.373    -4.02    5.36
  37420.385   114.803    -4.17    3.41
  37796.595   115.046     0.65    3.47
  38172.805   116.911     4.96    4.36
  38549.014   118.306     3.71    5.14
  38925.221   120.578     6.04    5.34
  39301.428   121.300     1.92    4.87
  39677.634   123.629     6.19    4.77
  40053.840   126.148     6.70    4.28
  40430.044   128.550     6.38    4.45
  40806.247   132.280     9.91    6.90
  41182.450   135.219     7.81    6.59
  41558.652   137.727     6.67    5.82
  41934.853   139.154     3.79    6.69
  42311.053   141.424     6.03    8.15
  42687.252   143.356     5.13    7.96
  43063.451   144.111     2.01    7.37
  43439.648   142.069    -5.43    7.05
  43815.845   138.425    -9.69    4.37
  44192.041   136.911    -4.03    3.24
  44568.236   136.911     0.00    3.49
  44944.430   137.452     1.44    3.96
  45320.623   138.358     2.41    3.32
  45696.816   139.050     1.84    3.86
  46073.007   140.886     4.88    3.98
  46449.198   143.911     8.04    4.15
  46825.388   146.398     6.61    4.72
  47201.577   148.095     4.51    6.04
  47577.766   148.832     1.96    7.38
  47953.953   149.648     2.17    6.56
  48330.140   151.689     5.43    8.55
  48706.326   156.347    12.38   10.98
  49082.511   164.383    21.36   11.90
  49458.695   166.578     5.83    9.65
  49834.878   163.860    -7.23   12.00
  50211.061   156.599   -19.30   12.51
  50587.243   149.398   -19.14    8.42
  50963.424   146.019    -8.98    4.51
  51339.604   147.425     3.74    5.15
  51715.783   149.306     5.00    4.92
  52091.962   149.235    -0.19    4.99
  52468.139   149.065    -0.45    4.73
  52844.316   148.732    -0.89    4.45
  53220.492   150.595     4.95    4.72
  53596.668   152.127     4.07    4.46
  53972.842   149.450    -7.12    9.83
  54349.016   142.475   -18.54   13.70
  54725.189   135.289   -19.10   13.31
  55101.361   130.450   -12.87   13.30
  55477.532   126.262   -11.13    9.57
  55853.703   125.208    -2.80    7.86
  56229.873   124.860    -0.93    6.83
  56606.042   122.942    -5.10    7.02
  56982.210   118.552   -11.67    7.91
  57358.377   114.437   -10.94    7.22
  57734.544   113.356    -2.88    6.32
  58110.710   115.885     6.73    8.15
  58486.875   119.019     8.33    9.45
  58863.039   126.578    20.09   11.29
  59239.203   134.885    22.08   11.65
  59615.365   143.992    24.21   10.73
  59991.527   151.043    18.74    9.52
  60367.688   154.270     8.58    8.12
  60743.849   156.193     5.11    7.32
  61120.009   160.939    12.62   12.41
  61496.167   169.306    22.24   17.97
  61872.326   185.316    42.56   23.87
  62248.483   198.776    35.78   23.96
  62624.639   209.803    29.31   17.09
  63000.795   213.161     8.93   11.48
  63376.950   209.321   -10.21   13.32
  63753.105   204.962   -11.59   14.11
  64129.258   203.967    -2.65   15.50
  64505.411   197.885   -16.17   17.96
  64881.563   195.411    -6.58   17.19
  65257.714   194.437    -2.59   17.23
  65633.865   189.253   -13.78   16.13
  66010.015   186.174    -8.19   15.26
  66386.164   180.398   -15.36   14.01
  66762.312   171.578   -23.45   16.40
  67138.460   161.636   -26.43   16.10
  67514.607   153.587   -21.40    9.66
  67890.753   151.569    -5.36    6.34
  68266.898   151.452    -0.31    3.84
  68643.043   153.127     4.45    3.21
  69019.187   157.560    11.78    7.63
  69395.330   164.025    17.19   10.97
  69771.472   172.680    23.01   12.19
  70147.614   180.761    21.48    9.31
  70523.755   186.467    15.17    7.23
  70899.895   191.270    12.77    7.50
  71276.035   195.127    10.25    7.69
  71652.174   198.727     9.57    6.93
  72028.312   203.450    12.56    9.51
  72404.449   209.595    16.34   11.73
  72780.586   217.161    20.11   15.25
  73156.722   226.806    25.64   16.86
  73532.857   242.014    40.43   19.70
  73908.992   261.328    51.35   24.35
  74285.126   270.193    23.57   21.20
  74661.259   276.543    16.88   18.59
  75037.391   277.965     3.78   25.43
  75413.523   270.316   -20.33   30.94
  75789.654   268.235    -5.53   31.96
  76165.784   271.757     9.36   32.88
  76541.914   278.244    17.25   38.22
  76918.043   289.019    28.65   41.79
  77294.171   311.937    60.93   42.35
  77670.299   332.016    53.38   49.09
  78046.426   343.490    30.50   49.80
  78422.552   359.992    43.87   55.94
  78798.677   363.578     9.53   66.60
  79174.802   358.201   -14.30   71.35
  79550.926   379.161    55.73   77.87
  79927.050   382.043     7.66   74.31
  80303.172   389.661    20.26   69.57
  80679.294   404.398    39.18   67.28
  81055.416   417.014    33.54   65.53
  81431.536   425.397    22.29   65.51
  81807.656   463.668   101.75   67.22
  82183.776   496.235    86.59   55.97
  82559.895   515.668    51.67   43.34
  82936.013   517.311     4.37   37.04
  83312.130   507.938   -24.92   40.97
  83688.247   497.437   -27.92   36.44
  84064.363   489.990   -19.80   30.57
  84440.478   491.091     2.93   26.97
  84816.593   499.722    22.95   26.70
  85192.707   505.411    15.13   23.45
  85568.820   508.780     8.96   21.22
  85944.933   520.050    29.97   31.86
  86321.045   538.695    49.57   49.43
  86697.156   576.106    99.47   63.43
  87073.267   599.701    62.73   59.03
  87449.377   605.860    16.38   56.27
  87825.487   594.063   -31.37   65.20
  88201.595   562.701   -83.39   77.22
  88577.704   544.100   -49.45   69.54
  88953.811   539.133   -13.21   54.98
  89329.918   540.347     3.23   54.40
  89706.024   539.937    -1.09   62.08
  90082.130   512.526   -72.88   52.56
  90458.235   493.065   -51.74   31.48
  90834.339   491.832    -3.28   24.17
  91210.443   491.884     0.14   27.17
  91586.546   494.786     7.72   30.09
  91962.648   489.603   -13.78   25.74
  92338.750   486.244    -8.93   17.72
  92714.851   489.992     9.96   21.54
  93090.952   497.316    19.47   20.33
  93467.052   504.830    19.98   24.40
  93843.151   524.569    52.48   33.27
  94219.250   543.205    49.55   31.39
  94595.348   535.261   -21.12   47.50
  94971.445   501.464   -89.86   70.83
  95347.542   452.050  -131.39   82.02
  95723.638   391.834  -160.11   64.93
  96099.734   357.516   -91.25   39.26
  96475.829   338.569   -50.38   18.70
  96851.924   330.385   -21.76   10.48
  97228.017   327.039    -8.90    8.46
  97604.111   323.722    -8.82    5.17
  97980.203   323.911     0.50    4.74
  98356.295   326.011     5.58    7.33
  98732.387   326.683     1.79    7.96
  99108.477   328.479     4.78   10.60
  99484.568   324.938    -9.41   10.67
  99860.657   326.208     3.38   12.46
 100236.746   329.127     7.76   14.39
 100612.835   326.454    -7.11   12.47
 100988.922   335.161    23.15   17.35
 101365.010   343.990    23.48   18.83
 101741.096   346.641     7.05   17.90
 102117.182   352.911    16.67   19.35
 102493.268   351.253    -4.41   19.06
 102869.353   349.014    -5.95   17.29
 103245.437   356.776    20.64   20.09
 103621.521   366.424    25.65   21.31
 103997.604   370.772    11.56   20.50
 104373.687   369.193    -4.20   22.16
 104749.769   355.937   -35.25   25.67
 105125.850   343.442   -33.22   24.45
 105501.931   337.373   -16.14   18.47
 105878.012   336.425    -2.52   17.64
 106254.091   338.689     6.02   18.60
 106630.171   335.289    -9.04   19.43
 107006.249   329.328   -15.85   18.52
 107382.327   324.964   -11.60   19.56
 107758.405   319.860   -13.57   16.02
 108134.482   321.019     3.08   16.96
 108510.558   317.757    -8.67   19.88
 108886.634   307.732   -26.66   20.65
 109262.709   301.373   -16.91   15.16
 109638.784   300.506    -2.31   16.28
 110014.858   308.809    22.08   19.84
 110390.932   317.587    23.34   17.84
 110767.005   324.437    18.22   16.40
 111143.103   325.506     2.84   16.38
 111519.289   320.099   -14.37   16.92
 111895.473   322.321     5.91   21.61
 112271.658   322.201    -0.32   25.51
 112647.842   319.883    -6.16   20.37
 113024.025   321.783     5.05   18.47
 113400.208   319.744    -5.42   12.81
 113776.390   322.016     6.04   14.05
 114152.572   327.193    13.76   15.24
 114528.753   339.533    32.80   24.85
 114904.934   354.937    40.95   36.17
 115281.114   357.526     6.88   33.80
 115657.294   354.450    -8.18   35.29
 116033.473   339.992   -38.43   34.73
 116409.652   326.450   -36.00   16.80
 116785.830   332.964    17.32   32.48
 117162.007   359.078    69.42   61.42
 117538.184   379.992    55.60   69.13
 117914.361   376.225   -10.01   71.12
 118290.537   353.603   -60.14   64.93
 118666.712   328.988   -65.44   34.28
 119042.887   319.106   -26.27   11.87
 119419.062   322.783     9.78   18.64
 119795.236   328.439    15.04   21.10
 120171.409   333.358    13.08   22.18
 120547.582   337.296    10.47   24.75
 120923.755   342.727    14.44   28.99
 121299.927   353.069    27.49   37.42
 121676.098   360.727    20.36   41.46
 122052.269   360.211    -1.37   37.44
 122428.440   366.641    17.09   35.16
 122804.610   362.461   -11.11   31.87
 123180.779   350.595   -31.54   27.65
 123556.948   337.994   -33.50   24.85
 123933.117   322.614   -40.89   19.72
 124309.285   313.633   -23.87   13.46
 124685.453   306.937   -17.80   12.45
 125061.620   301.911   -13.36    9.34
 125437.786   299.154    -7.33    9.56
 125813.952   295.536    -9.62   10.24
 126190.118   293.885    -4.39   10.58
 126566.283   288.753   -13.64   12.33
 126942.448   280.595   -21.69   10.49
 127318.612   275.270   -14.16    7.42
 127694.776   274.490    -2.07    6.32
 128070.939   275.550     2.82    6.48
 128447.102   277.142     4.23    6.42
 128823.265   278.467     3.52    6.74
 129199.426   277.686    -2.08    7.44
 129575.588   284.270    17.50   12.09
 129951.749   289.797    14.69   11.05
 130327.909   293.344     9.43   10.04
 130704.070   291.614    -4.60   11.35
 131080.229   286.490   -13.62   13.30
 131456.388   283.296    -8.49   11.34
 131832.547   282.398    -2.39   11.29
 132208.705   283.861     3.89   11.85
 132584.863   283.219    -1.71   11.53
 132961.020   278.648   -12.15    9.36
 133337.177   278.992     0.92    9.22
 133713.334   284.321    14.17   10.51
 134089.490   288.885    12.13    9.03
 134465.646   292.800    10.41    8.03
 134841.801   298.655    15.56   15.17
 135217.955   315.911    45.88   37.00
 135594.110   325.358    25.12   36.47
 135970.264   328.937     9.51   33.55
 136346.417   336.411    19.87   31.90
 136722.570   331.533   -12.97   20.42
 137098.723   329.569    -5.22   12.14
 137474.875   325.289   -11.38   14.10
 137851.026   318.065   -19.21   16.42
 138227.178   307.938   -26.92   17.06
 138603.329   299.065   -23.59   12.65
 138979.479   293.244   -15.47    7.38
 139355.629   289.937    -8.79    8.59
 139731.779   287.587    -6.25    7.26
 140107.928   285.629    -5.20    8.95
 140484.077   282.043    -9.53    7.37
 140860.225   283.050     2.68    7.56
 141236.373   286.398     8.90   10.86
 141612.521   295.019    22.92   15.19
 141988.668   299.154    10.99   13.90
 142364.814   307.834    23.08   16.59
 142740.961   311.599    10.01   17.53
 143117.107   301.680   -26.37   20.32
 143493.252   295.501   -16.43   23.45
 143869.397   285.244   -27.27   19.57
 144245.542   274.603   -28.29    8.23
 144621.687   272.073    -6.73    6.11
 144997.831   277.578    14.63   13.74
 145373.974   283.043    14.53   17.66
 145750.117   285.595     6.79   16.95
 146126.260   288.668     8.17   15.33
 146502.402   287.706    -2.56   14.71
 146878.545   290.736     8.06   15.73
 147254.686   291.689     2.53   14.28
 147630.827   296.506    12.81   16.18
 148006.968   303.965    19.83   15.63
 148383.109   315.100    29.60   17.94
 148759.249   320.695    14.87   19.96
 149135.389   323.397     7.18   19.00
 149511.528   324.836     3.83   18.13
 149887.667   323.706    -3.00   17.20
 150263.806   318.614   -13.54   16.42
 150639.944   314.039   -12.16   15.25
 151016.082   308.595   -14.47   14.11
 151392.219   307.701    -2.38   14.20
 151768.357   305.727    -5.25   11.64
 152144.493   309.296     9.49   14.42
 152520.630   310.356     2.82   13.58
 152896.766   312.806     6.51   12.21
 153272.902   318.398    14.87   15.55
 153649.037   332.054    36.31   26.24
 154025.172   342.809    28.59   28.02
 154401.307   348.371    14.79   26.13
 154777.441   350.803     6.47   26.74
 155153.575   350.695    -0.29   29.92
 155529.709   349.744    -2.53   26.55
 155905.842   359.244    25.26   26.48
 156281.975   359.086    -0.42   25.29
 156658.108   362.722     9.67   26.64
 157034.240   365.834     8.27   27.50
 157410.372   370.411    12.17   29.99
 157786.504   393.167    60.50   44.75
 158162.635   421.046    74.12   71.03
 158538.766   454.757    89.63   74.97
 158914.896   494.328   105.20   62.63
 159291.027   506.289    31.80   48.59
 159667.157   491.344   -39.74   39.67
 160043.286   472.854   -49.16   32.39
 160419.416   466.014   -18.19   36.20
 160795.545   455.834   -27.06   35.39
 161171.673   450.994   -12.87   30.23
 161547.802   450.046    -2.52   36.52
 161923.930   451.550     4.00   39.75
 162300.057   453.385     4.88   39.24
 162676.185   439.936   -35.76   32.15
 163052.312   436.019   -10.41   29.76
 163428.439   441.332    14.13   30.70
 163804.565   459.280    47.72   40.03
 164180.691   466.411    18.96   36.75
 164556.817   466.425     0.04   35.57
 164932.943   466.086    -0.90   36.36
 165309.068   469.964    10.31   35.23
 165685.193   459.506   -27.80   38.47
 166061.317   449.830   -25.72   38.48
 166437.442   446.340    -9.28   37.77
 166813.566   433.962   -32.91   42.02
 167189.690   421.475   -33.20   39.81
 167565.813   412.189   -24.69   40.26
 167941.936   390.262   -58.30   25.84
 168318.059   391.316     2.80   25.08
 168694.182   394.938     9.63   28.80
 169070.304   394.711    -0.60   27.10
 169446.426   386.100   -22.89   27.57
 169822.548   387.122     2.72   30.66
 170198.669   386.464    -1.75   29.50
 170574.791   391.911    14.48   30.40
 170950.911   402.911    29.25   28.48
 171327.032   408.311    14.36   29.39
 171703.152   408.091    -0.59   27.98
 172079.273   412.883    12.74   27.52
 172455.392   417.154    11.36   29.81
 172831.512   424.073    18.40   29.37
 173207.631   434.425    27.52   34.56
 173583.750   438.501    10.84   33.99
 173959.869   435.883    -6.96   34.00
 174335.988   427.552   -22.15   31.02
 174712.106   425.780    -4.71   27.46
 175088.224   419.689   -16.19   28.33
 175464.341   418.116    -4.18   31.42
 175840.459   412.783   -14.18   27.39
 176216.576   414.201     3.77   25.19
 176592.693   418.262    10.80   28.04
 176968.810   417.706    -1.48   28.72
 177344.926   423.344    14.99   29.09
 177721.043   422.398    -2.51   28.61
 178097.159   419.036    -8.94   26.07
 178473.274   417.140    -5.04   25.67
 178849.390   418.965     4.85   25.02
 179225.505   424.506    14.73   23.56
 179601.620   426.992     6.61   21.77
 179977.735   420.937   -16.10   20.74
 180353.849   418.994    -5.17   19.80
 180729.964   412.986   -15.97   19.46
 181106.078   406.142   -18.20   22.09
 181482.192   398.992   -19.01   18.93
 181858.305   390.706   -22.03   16.21
 182234.419   385.595   -13.59   15.42
 182610.532   387.757     5.75   17.51
 182986.645   390.425     7.09   23.18
 183362.757   393.167     7.29   23.71
 183738.870   398.911    15.27   20.39
 184114.982   393.603   -14.11   18.35
 184491.094   390.757    -7.57   17.21
 184867.206   388.505    -5.99   19.00
 185243.318   388.884     1.01   20.40
 185619.429   389.100     0.57   22.26
 185995.540   384.452   -12.36   22.96
 186371.676   384.911     1.22   23.04
 186747.832   388.857    10.49   25.00
 187123.987   395.219    16.91   24.08
 187500.141   394.424    -2.11   20.10
 187876.296   387.885   -17.38   22.16
 188252.450   380.437   -19.80   23.51
 188628.604   375.475   -13.19   21.18
 189004.758   376.424     2.52   21.24
 189380.912   387.344    29.03   24.61
 189757.066   398.167    28.78   20.82
 190133.219   399.127     2.55   18.32
 190509.372   397.122    -5.33   20.50
 190885.525   400.806     9.79   22.99
 191261.678   400.630    -0.47   23.26
 191637.831   398.680    -5.18   23.52
 192013.983   403.674    13.28   24.48
 192390.135   400.133    -9.41   23.91
 192766.288   393.424   -17.84   24.09
 193142.439   388.328   -13.55   22.33
 193518.591   386.065    -6.02   18.79
 193894.743   385.385    -1.81   17.28
 194270.894   383.722    -4.42   19.18
 194647.045   384.043     0.85   23.25
 195023.196   380.347    -9.82   23.94
 195399.347   376.296   -10.77   23.71
 195775.498   376.161    -0.36   22.36
 196151.649   372.911    -8.64   18.56
 196527.799   377.235    11.50   17.54
 196903.949   379.776     6.75   15.22
 197280.099   385.154    14.30   15.88
 197656.249   389.382    11.24   14.00
 198032.399   393.501    10.95   18.69
 198408.549   395.347     4.91   21.24
 198784.698   396.189     2.24   20.40
 199160.847   403.270    18.83   23.13
 199536.996   406.883     9.61   22.78
 199913.145   413.306    17.07   20.70
 200289.294   413.885     1.54   18.54
 200665.443   409.095   -12.73   15.66
 201041.592   410.208     2.96   17.52
 201417.740   407.398    -7.47   16.47
 201793.888   406.036    -3.62   18.63
 202170.036   408.803     7.36   19.92
 202546.184   406.270    -6.73   19.86
 202922.332   400.884   -14.32   19.23
 203298.480   395.046   -15.52   18.13
 203674.628   387.316   -20.55   17.54
 204050.775   379.244   -21.46   17.72
 204426.922   377.450    -4.77   16.31
 204803.070   379.761     6.15   17.99
 205179.217   388.050    22.04   20.34
 205555.364   392.111    10.80   18.39
 205931.511   391.174    -2.49   18.94
 206307.657   388.569    -6.93   18.02
 206683.804   386.227    -6.23   15.76
 207059.951   393.411    19.10   17.35
 207436.097   397.217    10.12   17.96
 207812.243   400.154     7.81   16.27
 208188.389   402.680     6.72   17.04
 208564.535   399.511    -8.43   17.49
 208940.681   394.424   -13.52   19.04
 209316.827   391.809    -6.95   18.71
 209692.973   390.857    -2.53   18.44
 210069.119   400.965    26.87   22.85
 210445.264   407.668    17.82   21.04
 210821.410   407.603    -0.17   22.73
 211197.555   402.065   -14.72   28.06
 211573.700   395.587   -17.22   32.73
 211949.845   401.270    15.11   43.18
 212325.990   399.174    -5.57   43.64
 212702.135   393.964   -13.85   36.81
 213078.280   400.398    17.10   39.89
 213454.425   413.347    34.43   46.24
 213830.570   431.806    49.07   44.94
 214206.714   440.494    23.10   44.10
 214582.859   425.753   -39.19   48.45
 214959.003   407.856   -47.58   38.97
 215335.148   403.757   -10.90   35.13
 215711.292   404.757     2.66   36.31
 216087.436   415.972    29.81   44.13
 216463.581   435.154    51.00   61.44
 216839.725   460.425    67.18   65.25
 217215.869   479.344    50.30   55.13
 217592.013   480.783     3.83   47.71
 217968.157   478.452    -6.20   46.07
 218344.300   465.116   -35.45   41.58
 218720.444   469.757    12.34   41.24
 219096.588   476.321    17.45   43.24
 219472.731   477.749     3.80   44.48
 219848.875   474.680    -8.16   42.44
 220225.019   471.148    -9.39   42.27
 220601.162   456.133   -39.92   38.31
 220977.305   447.100   -24.01   33.68
 221353.449   442.328   -12.69   27.93
 221729.592   443.019     1.84   27.32
 222105.735   447.757    12.60   31.47
 222481.878   454.286    17.36   31.63
 222858.022   470.911    44.20   41.44
 223234.165   489.358    49.04   44.94
 223610.308   509.272    52.94   45.54
 223986.451   513.860    12.20   41.66
 224362.594   518.127    11.35   41.31
 224738.737   512.732   -14.34   45.39
 225114.880   505.937   -18.06   45.24
 225491.023   505.321    -1.64   44.62
 225867.166   508.127     7.46   39.74
 226243.308   507.122    -2.67   39.12
 226619.451   496.244   -28.92   37.76
 226995.594   483.272   -34.49   35.37
 227371.737   469.614   -36.31   29.83
 227747.879   456.560   -34.71   26.29
 228124.022   447.208   -24.86   19.25
 228500.165   444.560    -7.04   19.53
 228876.307   442.997    -4.16   17.40
 229252.450   445.586     6.88   19.92
 229628.593   444.201    -3.68   20.32
 230004.735   445.722     4.04   21.80
 230380.878   455.373    25.66   29.97
 230757.021   458.911     9.41   27.94
 231133.163   471.490    33.44   36.00
 231509.306   487.437    42.40   40.33
 231885.448   497.860    27.71   35.80
 232261.591   510.467    33.52   30.98
 232637.733   515.885    14.40   32.69
 233013.876   518.386     6.65   31.63
 233390.019   514.311   -10.83   29.26
 233766.161   496.201   -48.15   40.03
 234142.304   474.368   -58.04   51.58
 234518.446   451.652   -60.39   48.64
