-296021.954     8.504     0.00    1.74
-295645.740     8.392    -0.30    1.58
-295269.527     8.094    -0.79    1.43
-294893.315     7.987    -0.28    1.36
-294517.104     7.689    -0.79    1.41
-294140.894     7.121    -1.51    1.83
-293764.685     7.202     0.22    1.86
-293388.478     7.148    -0.14    1.74
-293012.271     7.192     0.12    1.36
-292636.065     6.949    -0.65    1.20
-292259.860     6.889    -0.16    1.30
-291883.656     6.986     0.26    1.38
-291507.453     7.186     0.53    1.65
-291131.252     7.324     0.37    2.24
-290755.051     7.222    -0.27    2.02
-290378.851     7.040    -0.48    1.48
-290002.652     7.247     0.55    1.53
-289626.454     7.338     0.24    1.57
-289250.257     7.370     0.09    1.53
-288874.061     7.633     0.70    1.74
-288497.866     7.581    -0.14    1.93
-288121.673     7.760     0.48    1.71
-287745.480     8.239     1.27    3.24
-287369.288     8.136    -0.27    3.35
-286993.097     8.222     0.23    3.09
-286616.907     7.886    -0.89    1.80
-286240.718     7.658    -0.61    1.48
-285864.530     7.555    -0.27    1.33
-285488.343     7.554    -0.00    1.09
-285112.156     7.791     0.63    1.07
-284735.971     7.837     0.12    1.14
-284359.787     7.658    -0.48    1.09
-283983.604     7.229    -1.14    1.25
-283607.422     6.709    -1.38    2.41
-283231.240     5.148    -4.15    3.52
-282855.060     3.419    -4.60    3.86
-282478.881     1.716    -4.53    3.39
-282102.702     0.051    -4.42    1.91
-281726.525    -0.419    -1.25    0.00
-281350.348    -0.419     0.00    0.00
-280974.173    -0.419     0.00    0.00
-280597.998    -0.419     0.00    0.00
-280221.825    -0.419     0.00    0.00
-279845.652    -0.419     0.00    0.00
-279469.480    -0.419     0.00    0.00
-279093.309    -0.419     0.00    0.00
-278717.139    -0.419     0.00    0.00
-278340.971    -0.419     0.00    0.00
-277964.803    -0.419     0.00    0.00
-277588.636    -0.419     0.00    0.00
-277212.469     0.131     1.46    2.43
-276836.304     2.017     5.01    5.96
-276460.140     5.025     8.00    8.02
-276083.977     7.851     7.51    8.47
-275707.814     9.553     4.52    7.44
-275331.653    10.739     3.15    5.47
-274955.492     9.756    -2.61    4.06
-274579.333     7.970    -4.75    2.28
-274203.174     7.556    -1.10    1.46
-273827.016     7.797     0.64    1.46
-273450.859     9.175     3.66    2.69
-273074.703     9.633     1.22    2.52
-272698.548     9.760     0.34    2.39
-272322.394    10.423     1.76    2.59
-271946.241    10.692     0.72    2.84
-271570.089    11.581     2.36    3.06
-271193.937    11.442    -0.37    3.07
-270817.787    10.631    -2.16    3.30
-270441.637    10.094    -1.43    3.19
-270065.488     9.331    -2.03    2.30
-269689.341     8.635    -1.85    2.07
-269313.194     8.331    -0.81    1.54
-268937.048     8.002    -0.87    1.24
-268560.903     8.119     0.31    1.45
-268184.759     8.500     1.01    1.38
-267808.615     8.781     0.75    1.32
-267432.473     8.632    -0.40    1.30
-267056.331     8.318    -0.84    1.35
-266680.191     7.716    -1.60    1.08
-266304.051     7.453    -0.70    1.10
-265927.912     7.273    -0.48    1.10
-265551.774     7.275     0.01    1.04
-265175.637     7.247    -0.07    1.11
-264799.501     7.414     0.44    1.21
-264423.365     7.581     0.44    1.29
-264047.231     7.735     0.41    1.31
-263671.097     8.050     0.84    1.44
-263294.965     8.067     0.05    1.39
-262918.833     7.976    -0.24    1.39
-262542.702     8.148     0.46    1.41
-262166.572     8.017    -0.35    1.25
-261790.443     8.136     0.32    1.32
-261414.314     8.504     0.98    1.53
-261038.187     8.504     0.00    1.48
-260662.060     8.581     0.20    1.64
-260285.934     8.500    -0.22    1.74
-259909.809     8.581     0.22    2.34
-259533.685     9.423     2.24    3.35
-259157.562     9.997     1.53    3.80
-258781.440    10.824     2.20    3.68
-258405.318    10.500    -0.86    3.47
-258029.197    10.257    -0.65    3.03
-257653.077    10.119    -0.36    1.97
-257276.959    10.518     1.06    2.33
-256900.840    10.949     1.15    1.89
-256524.723    10.889    -0.16    1.87
-256148.607    10.220    -1.78    1.93
-255772.491     9.812    -1.09    1.56
-255396.376     9.527    -0.76    1.51
-255020.262     9.299    -0.61    1.52
-254644.149     9.401     0.27    1.57
-254268.037     9.186    -0.57    1.64
-253891.925     9.686     1.33    1.94
-253515.815    10.222     1.42    2.10
-253139.705    10.709     1.30    1.98
-252763.596    10.414    -0.78    2.17
-252387.488    10.094    -0.85    2.16
-252011.381     9.527    -1.51    1.81
-251635.274     9.202    -0.86    1.64
-251259.168     9.067    -0.36    1.45
-250883.063     9.022    -0.12    1.37
-250506.959     9.306     0.75    1.58
-250130.856     9.145    -0.43    1.50
-249754.754     9.359     0.57    1.61
-249378.652     9.273    -0.23    1.54
-249002.551     9.121    -0.40    1.54
-248626.451     9.160     0.10    1.50
-248250.352     9.502     0.91    1.68
-247874.254     9.786     0.76    1.64
-247498.156     9.905     0.32    1.38
-247122.059    10.055     0.40    1.35
-246745.963     9.931    -0.33    1.27
-246369.868     9.695    -0.63    1.23
-245993.774     9.878     0.49    1.43
-245617.680    10.392     1.37    1.98
-245241.587    11.446     2.80    2.42
-244865.495    12.797     3.59    1.99
-244489.404    13.497     1.86    1.87
-244113.314    12.786    -1.89    2.50
-243737.224    11.606    -3.14    2.71
-243361.135    10.229    -3.66    2.38
-242985.047     9.940    -0.77    2.23
-242608.960    10.186     0.65    2.59
-242232.873    10.068    -0.31    2.78
-241856.787    10.284     0.57    3.12
-241480.702     9.812    -1.25    3.14
-241104.618     8.803    -2.68    2.91
-240728.535     8.133    -1.78    2.73
-240352.452     7.683    -1.20    2.05
-239976.370     7.287    -1.05    1.22
-239600.289     7.427     0.37    1.50
-239224.208     6.986    -1.17    2.03
-238848.129     6.636    -0.93    2.00
-238472.050     6.662     0.07    2.05
-238095.972     7.025     0.97    2.16
-237719.894     7.765     1.97    1.47
-237343.818     7.874     0.29    1.27
-236967.742     7.635    -0.63    1.22
-236591.667     7.068    -1.51    1.19
-236215.593     6.863    -0.55    1.10
-235839.519     7.222     0.95    1.42
-235463.446     7.392     0.45    1.52
-235087.374     7.324    -0.18    1.48
-234711.303     7.392     0.18    1.63
-234335.232     7.121    -0.72    1.57
-233959.162     7.229     0.29    1.58
-233583.093     7.463     0.62    1.57
-233207.025     7.299    -0.44    1.54
-232830.912     7.401     0.27    1.48
-232454.704     7.386    -0.04    1.70
-232078.497     7.094    -0.78    2.04
-231702.291     7.109     0.04    2.09
-231326.085     7.002    -0.28    2.41
-230949.881     6.806    -0.52    2.24
-230573.676     6.878     0.19    2.18
-230197.473     6.818    -0.16    2.16
-229821.270     7.502     1.82    2.66
-229445.068     7.965     1.23    2.50
-229068.867     9.067     2.93    2.46
-228692.667     9.056    -0.03    1.87
-228316.467     8.976    -0.21    1.78
-227940.268     9.148     0.46    1.64
-227564.069     8.446    -1.87    1.13
-227187.872     7.775    -1.78    1.51
-226811.675     7.119    -1.74    1.55
-226435.479     6.530    -1.57    1.43
-226059.283     6.067    -1.23    1.09
-225683.088     5.765    -0.80    0.56
-225306.894     5.743    -0.06    0.55
-224930.701     5.636    -0.28    0.33
-224554.508     5.581    -0.15    0.00
-224178.316     5.581     0.00    0.00
-223802.125     5.581     0.00    0.00
-223425.934     5.712     0.35    0.81
-223049.744     6.306     1.58    1.81
-222673.555     7.365     2.81    2.55
-222297.366     8.231     2.30    2.56
-221921.178     8.530     0.79    2.27
-221544.991     8.692     0.43    1.82
-221168.805     8.608    -0.22    1.80
-220792.619     8.527    -0.22    1.84
-220416.434     8.932     1.08    1.72
-220040.249     8.940     0.02    1.68
-219664.065     8.797    -0.38    1.36
-219287.882     8.735    -0.17    1.35
-218911.700     9.291     1.48    2.72
-218535.518     9.986     1.85    3.37
-218159.337    10.222     0.63    3.26
-217783.157    11.119     2.39    4.45
-217406.977    10.712    -1.08    4.60
-217030.798     9.609    -2.93    4.34
-216654.619     8.709    -2.39    3.29
-216278.442     7.914    -2.11    2.27
-215902.265     8.119     0.55    3.08
-215526.088     8.683     1.50    3.92
-215149.912     8.381    -0.80    3.66
-214773.737     9.121     1.97    3.78
-214397.563     8.392    -1.94    2.15
-214021.389     7.905    -1.29    2.20
-213645.216     7.932     0.07    2.67
-213269.043     8.136     0.54    2.86
-212892.871     8.856     1.91    3.24
-212516.700     9.171     0.84    3.27
-212140.530     8.932    -0.63    3.08
-211764.360     7.870    -2.82    2.62
-211388.190     7.028    -2.24    1.70
-211012.022     6.991    -0.10    1.46
-210635.854     6.554    -1.16    1.30
-210259.686     6.453    -0.27    1.32
-209883.520     6.303    -0.40    1.21
-209507.353     6.017    -0.76    1.25
-209131.188     5.889    -0.34    1.15
-208755.023     5.643    -0.65    1.16
-208378.859     5.476    -0.45    0.86
-208002.695     5.257    -0.58    0.85
-207626.532     5.284     0.07    0.97
-207250.370     5.423     0.37    1.00
-206874.208     5.338    -0.23    1.12
-206498.047     5.119    -0.58    1.14
-206121.887     4.991    -0.34    0.99
-205745.727     5.121     0.35    1.12
-205369.567     5.299     0.47    1.17
-204993.409     5.453     0.41    1.00
-204617.251     5.606     0.41    0.99
-204241.093     5.635     0.08    1.05
-203864.936     5.709     0.20    1.13
-203488.780     5.635    -0.20    1.10
-203112.625     5.608    -0.07    1.09
-202736.470     5.716     0.29    0.95
-202360.315     5.800     0.22    0.71
-201984.161     5.889     0.24    0.73
-201608.008     5.786    -0.27    0.98
-201231.855     5.609    -0.47    1.06
-200855.703     5.606    -0.01    1.04
-200479.552     5.553    -0.14    1.06
-200103.401     5.530    -0.06    1.00
-199727.251     5.528    -0.00    1.06
-199351.101     5.527    -0.00    1.18
-198974.952     5.257    -0.72    1.51
-198598.804     5.068    -0.50    1.41
-198222.656     4.727    -0.91    1.49
-197846.508     4.442    -0.76    1.20
-197470.362     4.478     0.10    1.14
-197094.215     4.660     0.48    1.38
-196718.070     4.770     0.29    1.39
-196341.925     6.013     3.31    3.75
-195965.780     7.695     4.47    5.60
-195589.636     8.812     2.97    6.01
-195213.493    11.206     6.37    6.59
-194837.350    12.136     2.47    5.95
-194461.208    12.863     1.93    4.83
-194085.066    13.942     2.87    4.26
-193708.925    12.449    -3.97    5.32
-193332.785     9.658    -7.42    6.03
-192956.645     7.212    -6.50    5.81
-192580.505     6.716    -1.32    5.49
-192204.366     6.660    -0.15    4.88
-191828.228     8.206     4.11    3.91
-191452.090    10.136     5.13    3.75
-191075.953    11.376     3.29    3.16
-190699.817    11.791     1.11    2.91
-190323.680    12.878     2.89    3.18
-189947.545    13.932     2.80    3.68
-189571.410    14.553     1.65    4.36
-189195.275    12.991    -4.15    6.17
-188819.142    10.681    -6.14    7.01
-188443.008    11.554     2.32    7.47
-188066.875    12.381     2.20    7.80
-187690.743    12.081    -0.80    7.35
-187314.611    13.028     2.52    6.10
-186938.480    14.689     4.42    3.93
-186562.349    15.094     1.08    3.91
-186186.219    13.609    -3.95    5.51
-185810.089    10.692    -7.75    6.41
-185433.960    10.055    -1.69    6.94
-185057.832     9.359    -1.85    7.20
-184681.703    10.555     3.18    7.38
-184305.576    10.812     0.68    7.26
-183929.449     9.470    -3.57    6.62
-183553.322     6.527    -7.82    5.13
-183177.196     4.770    -4.67    3.51
-182801.071     3.844    -2.46    1.39
-182424.946     4.356     1.36    1.89
-182048.821     4.554     0.53    1.72
-181672.697     4.478    -0.20    1.73
-181296.574     4.344    -0.36    1.78
-180920.451     4.265    -0.21    1.56
-180544.328     4.094    -0.45    1.02
-180168.206     4.042    -0.14    1.19
-179792.085     4.212     0.45    1.22
-179415.964     4.359     0.39    1.24
-179039.843     4.284    -0.20    1.08
-178663.723     4.192    -0.24    1.10
-178287.604     4.042    -0.40    1.02
-177911.485     4.222     0.48    0.96
-177535.366     4.081    -0.37    0.93
-177159.248     4.148     0.18    1.01
-176783.131     4.338     0.50    1.01
-176407.014     4.338     0.00    0.95
-176030.897     4.555     0.58    1.14
-175654.781     4.635     0.21    1.03
-175278.665     4.581    -0.14    1.12
-174902.550     4.709     0.34    1.20
-174526.435     4.709     0.00    1.06
-174150.321     5.257     1.46    1.87
-173774.208     5.581     0.86    2.96
-173398.094     5.949     0.98    3.13
-173021.982     6.942     2.64    4.47
-172645.869     6.554    -1.03    3.50
-172269.757     7.831     3.40    5.00
-171893.646    10.770     7.81    6.62
-171517.535    13.606     7.54    6.78
-171141.425    15.005     3.72    6.19
-170765.315    16.453     3.85    5.87
-170389.205    16.528     0.20    5.77
-170013.096    15.914    -1.63    4.57
-169636.987    15.889    -0.07    4.42
-169260.879    14.094    -4.77    4.71
-168884.771    13.247    -2.25    5.13
-168508.664    13.423     0.47    5.31
-168132.557    14.324     2.40    6.51
-167756.451    15.878     4.13    6.65
-167380.345    15.739    -0.37    6.45
-167004.240    13.831    -5.07    6.18
-166628.134     9.914   -10.41    4.29
-166252.030     9.527    -1.03    3.86
-165875.926    10.148     1.65    4.30
-165499.822    10.716     1.51    4.29
-165123.719    10.365    -0.93    4.49
-164747.616     9.895    -1.25    4.60
-164371.513    10.881     2.62    5.83
-163995.411    12.423     4.10    6.59
-163619.310    14.959     6.74    7.26
-163243.208    17.376     6.43    7.64
-162867.108    21.186    10.13    6.79
-162491.007    23.581     6.37    6.72
-162114.908    23.986     1.08    7.36
-161738.808    24.658     1.79    6.56
-161362.709    23.414    -3.31    5.84
-160986.610    22.212    -3.20    4.19
-160610.512    21.981    -0.62    3.63
-160234.414    21.487    -1.31    3.09
-159858.317    22.055     1.51    2.96
-159482.220    22.257     0.54    2.99
-159106.123    23.392     3.02    3.16
-158730.027    24.932     4.10    2.93
-158353.931    25.609     1.80    2.85
-157977.836    25.212    -1.05    2.78
-157601.691    24.530    -1.82    3.37
-157225.522    23.608    -2.45    3.91
-156849.353    23.765     0.42    3.56
-156473.184    24.324     1.49    3.65
-156097.015    25.042     1.91    3.30
-155720.847    25.797     2.01    3.12
-155344.680    27.581     4.74    4.59
-154968.512    27.442    -0.37    4.99
-154592.345    27.121    -0.85    5.19
-154216.179    26.581    -1.44    4.58
-153840.013    27.800     3.24    5.73
-153463.847    31.247     9.17    4.90
-153087.682    31.949     1.87    4.14
-152711.517    29.442    -6.67    5.71
-152335.352    24.770   -12.42    6.23
-151959.188    21.497    -8.70    4.84
-151583.024    19.449    -5.45    4.29
-151206.861    18.478    -2.58    4.98
-150830.698    17.689    -2.10    5.54
-150454.535    17.449    -0.64    5.70
-150078.373    18.196     1.99    6.60
-149702.211    18.017    -0.48    6.67
-149326.049    20.392     6.31    6.52
-148949.888    23.156     7.35    6.45
-148573.727    27.202    10.76    7.65
-148197.566    32.229    13.36    5.73
-147821.406    34.013     4.74    4.39
-147445.246    33.493    -1.38    5.01
-147069.087    31.273    -5.90    5.46
-146692.928    27.837    -9.13    4.60
-146316.769    26.470    -3.64    3.41
-145940.610    26.889     1.11    3.44
-145564.452    26.942     0.14    3.51
-145188.294    26.662    -0.74    3.97
-144812.137    24.299    -6.28    5.26
-144435.980    21.581    -7.23    5.95
-144059.823    18.765    -7.49    5.71
-143683.667    16.870    -5.04    4.63
-143307.511    15.931    -2.50    5.14
-142931.355    13.365    -6.82    6.50
-142555.200    10.381    -7.93    6.57
-142179.045     6.606   -10.03    4.13
-141802.890     5.581    -2.73    2.83
-141426.736    10.121    12.07    8.20
-141050.582    14.959    12.86    8.72
-140674.428    19.897    13.13    6.67
-140298.274    22.786     7.68    3.41
-139922.121    22.553    -0.62    2.67
-139545.969    22.156    -1.06    2.81
-139169.816    21.291    -2.30    3.01
-138793.664    21.067    -0.60    2.49
-138417.512    20.449    -1.64    2.20
-138041.361    20.247    -0.54    1.66
-137665.209    19.949    -0.79    1.75
-137289.059    19.747    -0.54    1.80
-136912.908    19.247    -1.33    1.58
-136536.758    19.275     0.07    2.20
-136160.608    18.981    -0.78    2.31
-135784.458    18.632    -0.93    2.33
-135408.309    18.667     0.09    3.02
-135032.160    19.040     0.99    3.58
-134656.011    21.040     5.32    5.27
-134279.862    22.239     3.19    5.03
-133903.714    22.683     1.18    5.67
-133527.566    22.419    -0.70    5.78
-133151.419    21.256    -3.09    5.38
-132775.272    19.478    -4.73    3.82
-132399.125    18.133    -3.58    1.61
-132022.978    17.905    -0.61    1.67
-131646.831    17.453    -1.20    1.64
-131270.685    17.145    -0.82    1.71
-130894.539    17.470     0.86    2.56
-130518.394    17.991     1.39    3.75
-130142.248    18.386     1.05    4.31
-129766.103    17.739    -1.72    5.53
-129389.959    16.555    -3.15    5.65
-129013.814    15.268    -3.42    4.62
-128637.670    14.500    -2.04    4.82
-128261.526    13.770    -1.94    5.35
-127885.382    12.554    -3.23    4.99
-127509.239    11.145    -3.75    4.81
-127133.096    10.148    -2.65    4.98
-126756.953     8.889    -3.35    4.60
-126380.810     8.222    -1.77    4.13
-126004.668     8.299     0.20    4.59
-125628.526     9.365     2.83    4.85
-125252.384     9.453     0.23    4.40
-124876.242     9.658     0.55    4.50
-124500.101    10.470     2.16    4.29
-124123.960    11.107     1.69    3.43
-123747.819    11.905     2.12    2.82
-123371.678    11.716    -0.50    2.93
-122995.538    11.247    -1.25    3.62
-122619.398    11.550     0.80    4.85
-122243.258    12.324     2.06    5.66
-121867.118    13.401     2.86    5.84
-121490.979    12.081    -3.51    4.63
-121114.840    11.965    -0.31    3.31
-120738.701    11.581    -1.02    2.25
-120362.562    11.530    -0.14    2.11
-119986.424    10.897    -1.68    1.86
-119610.285    10.397    -1.33    1.56
-119234.148    10.175    -0.59    1.24
-118858.010     9.837    -0.90    1.35
-118481.872     8.991    -2.25    1.68
-118105.735     8.136    -2.27    1.71
-117729.598     7.284    -2.27    1.87
-117353.461     6.824    -1.22    2.78
-116977.324     6.392    -1.15    3.36
-116601.188     5.635    -2.01    3.02
-116225.052     5.757     0.33    3.42
-115848.916     5.427    -0.88    3.30
-115472.780     4.863    -1.50    2.61
-115096.644     4.720    -0.38    2.63
-114720.509     4.247    -1.26    2.26
-114344.374     4.554     0.81    2.77
-113968.239     4.028    -1.40    1.86
-113592.104     3.897    -0.35    1.88
-113215.969     4.017     0.32    1.85
-112839.835     4.500     1.28    2.97
-112463.701     4.897     1.06    3.81
-112087.567     4.806    -0.24    3.25
-111711.433     6.886     5.53    6.14
-111335.300    11.555    12.41   10.17
-110959.166    18.121    17.46   10.18
-110583.033    22.257    10.99    8.00
-110206.900    25.959     9.84    3.87
-109830.767    24.664    -3.44    5.95
-109454.635    22.376    -6.08    8.15
-109078.502    20.056    -6.17    9.70
-108702.370    18.609    -3.85    9.73
-108326.238    16.273    -6.21    9.49
-107950.106    14.160    -5.62    9.43
-107573.974    11.760    -6.38    8.68
-107197.843     9.528    -5.93    7.35
-106821.711     7.735    -4.77    4.94
-106445.580     7.275    -1.22    4.35
-106069.449     6.662    -1.63    3.82
-105693.318     7.555     2.37    4.30
-105317.188     9.324     4.70    5.64
-104941.057    12.042     7.23    6.06
-104564.927    14.376     6.20    5.83
-104188.797    15.942     4.16    5.00
-103812.667    15.743    -0.53    5.21
-103436.537    14.109    -4.35    6.56
-103060.407    10.028   -10.85    6.98
-102684.277     7.131    -7.70    6.14
-102308.148     4.878    -5.99    3.96
-101932.019     4.581    -0.79    1.72
-101555.890     5.397     2.17    2.10
-101179.761     5.607     0.56    1.87
-100803.632     5.770     0.43    2.83
-100427.503     5.581    -0.50    5.43
-100051.375     8.291     7.21    7.54
 -99675.246     9.716     3.79    7.75
 -99299.118     9.932     0.57    7.25
 -98922.990     8.895    -2.76    5.91
 -98546.862     6.889    -5.33    4.75
 -98170.734     5.606    -3.41    3.57
 -97794.606     5.495    -0.30    3.11
 -97418.479     6.554     2.81    4.04
 -97042.351     7.905     3.59    5.16
 -96666.224    11.878    10.56    7.23
 -96290.097    15.631     9.98    7.97
 -95913.970    17.905     6.05    7.20
 -95537.843    19.555     4.39    5.34
 -95161.716    18.370    -3.15    5.39
 -94785.589    17.889    -1.28    5.08
 -94409.463    17.959     0.19    5.23
 -94033.336    18.206     0.66    4.63
 -93657.210    17.870    -0.89    5.63
 -93281.084    16.581    -3.43    6.21
 -92904.958    16.392    -0.50    6.65
 -92528.832    14.720    -4.45    6.92
 -92152.706    13.633    -2.89    6.32
 -91776.580    13.273    -0.96    5.76
 -91400.454    15.181     5.07    6.12
 -91024.329    16.735     4.13    5.30
 -90648.203    13.923    -7.48    8.56
 -90272.078     8.442   -14.57    9.74
 -89895.953     2.606   -15.51    6.68
 -89519.827    -0.340    -7.83    0.49
 -89143.702    -0.419    -0.21    0.00
 -88767.577    -0.419     0.00    0.00
 -88391.452    -0.419     0.00    0.00
 -88015.327    -0.419     0.00    0.00
 -87639.203    -0.419     0.00    0.00
 -87263.078    -0.419     0.00    0.00
 -86886.954    -0.419     0.00    0.00
 -86510.829    -0.419     0.00    0.00
 -86134.705    -0.419     0.00    0.00
 -85758.580    -0.419     0.00    0.00
 -85382.456    -0.419     0.00    0.00
 -85006.332    -0.419     0.00    0.00
 -84630.208    -0.419     0.00    0.00
 -84254.084    -0.419     0.00    0.00
 -83877.960    -0.419     0.00    0.00
 -83501.836    -0.419     0.00    0.00
 -83125.712    -0.419     0.00    0.00
 -82749.589    -0.419     0.00    0.00
 -82373.455    -0.419     0.00    0.00
 -81997.322    -0.419     0.00    0.00
 -81621.189    -0.419     0.00    0.00
 -81245.056    -0.419     0.00    0.00
 -80868.923    -0.419     0.00    0.00
 -80492.791    -0.419     0.00    0.00
 -80116.658    -0.419     0.00    0.00
 -79740.525    -0.419     0.00    0.00
 -79364.392    -0.419     0.00    0.00
 -78988.260    -0.419     0.00    0.00
 -78612.127    -0.419     0.00    0.00
 -78235.995    -0.419     0.00    0.00
 -77859.862    -0.419     0.00    0.00
 -77483.730    -0.419     0.00    0.00
 -77107.597    -0.419     0.00    0.00
 -76731.465    -0.419     0.00    0.00
 -76355.333    -0.419     0.00    0.00
 -75979.200    -0.419     0.00    0.00
 -75603.068    -0.419     0.00    0.00
 -75226.936    -0.419     0.00    0.00
 -74850.804    -0.419     0.00    0.00
 -74474.672    -0.419     0.00    0.00
 -74098.539    -0.419     0.00    0.00
 -73722.407    -0.419     0.00    0.00
 -73346.275    -0.419     0.00    0.00
 -72970.143     0.284     1.87    2.85
 -72594.011     4.324    10.74    8.35
 -72217.879     9.581    13.97   10.03
 -71841.747    13.376    10.09    9.23
 -71465.615    17.581    11.18    5.68
 -71089.483    18.527     2.51    3.66
 -70713.351    17.786    -1.97    4.25
 -70337.219    18.171     1.02    3.73
 -69961.087    19.273     2.93    2.92
 -69584.955    19.886     1.63    3.05
 -69208.824    20.291     1.08    3.06
 -68832.692    18.284    -5.34    5.41
 -68456.560    16.986    -3.45    6.15
 -68080.428    14.094    -7.69    5.69
 -67704.296    11.050    -8.09    4.87
 -67328.164    13.530     6.59    6.35
 -66952.032    14.658     3.00    6.62
 -66575.900    16.497     4.89    6.17
 -66199.768    19.581     8.20    2.98
 -65823.636    18.942    -1.70    3.79
 -65447.504    13.739   -13.83    8.48
 -65071.372     8.581   -13.71    9.67
 -64695.240     3.229   -14.23    7.14
 -64319.108     4.040     2.16    8.20
 -63942.976     8.606    12.14    9.15
 -63566.844    12.206     9.57    7.36
 -63190.712    13.608     3.73    5.04
 -62814.580    11.273    -6.21    5.21
 -62438.448     8.040    -8.59    4.60
 -62062.316     6.662    -3.66    3.42
 -61686.184     8.392     4.60    5.04
 -61310.052    11.152     7.34    5.18
 -60933.919    12.239     2.89    4.23
 -60557.787    11.881    -0.95    4.13
 -60181.655    10.414    -3.90    3.18
 -59805.522     9.530    -2.35    2.60
 -59429.390     9.851     0.85    2.46
 -59053.258    11.055     3.20    2.49
 -58677.125    10.863    -0.51    2.71
 -58300.993    10.949     0.23    2.73
 -57924.860     9.664    -3.42    3.16
 -57548.728     8.765    -2.39    2.67
 -57172.595     8.581    -0.49    2.34
 -56796.462     8.747     0.44    2.49
 -56420.330     8.324    -1.12    2.47
 -56044.197     8.555     0.61    2.83
 -55668.064     9.311     2.01    3.93
 -55291.931    12.500     8.48    6.81
 -54915.798    17.419    13.08    7.93
 -54539.665    21.299    10.32    6.38
 -54163.532    22.683     3.68    3.51
 -53787.399    21.608    -2.86    3.31
 -53411.266    19.376    -5.93    2.56
 -53035.133    17.291    -5.54    2.91
 -52658.999    15.897    -3.71    3.68
 -52282.866    14.527    -3.64    3.81
 -51906.732    13.863    -1.77    3.93
 -51530.599    13.502    -0.96    3.51
 -51154.465    13.997     1.32    3.63
 -50778.332    14.212     0.57    2.98
 -50402.198    14.414     0.54    2.43
 -50026.064    13.889    -1.40    2.45
 -49649.930    13.965     0.20    2.81
 -49273.796    13.787    -0.48    3.34
 -48897.662    14.148     0.96    3.53
 -48521.528    15.202     2.80    3.01
 -48145.393    16.013     2.16    2.60
 -47769.259    15.881    -0.35    2.67
 -47393.125    15.878    -0.01    2.62
 -47016.990    14.581    -3.45    2.48
 -46640.856    14.401    -0.48    2.55
 -46264.721    13.914    -1.30    2.37
 -45888.586    13.175    -1.96    2.39
 -45512.451    12.812    -0.97    2.69
 -45136.316    12.318    -1.31    2.26
 -44760.181    12.359     0.11    2.29
 -44384.046    13.311     2.53    2.08
 -44007.910    14.109     2.12    1.75
 -43631.775    14.976     2.30    1.78
 -43255.639    15.683     1.88    1.39
 -42879.504    15.925     0.64    1.60
 -42503.368    16.318     1.05    1.84
 -42127.232    16.175    -0.38    2.31
 -41751.096    16.220     0.12    2.63
 -41374.960    16.401     0.48    2.39
 -40998.823    16.716     0.84    3.61
 -40622.687    15.042    -4.45    5.62
 -40246.551    11.606    -9.13    8.63
 -39870.414     9.397    -5.88    9.45
 -39494.277    10.160     2.03   10.19
 -39118.140    14.222    10.80   10.05
 -38742.003    19.119    13.02    6.02
 -38365.866    20.636     4.03    2.71
 -37989.729    19.986    -1.73    2.31
 -37613.591    19.229    -2.01    2.62
 -37237.454    18.392    -2.23    2.63
 -36861.316    18.094    -0.79    2.42
 -36485.178    18.467     0.99    2.60
 -36109.040    18.781     0.84    3.01
 -35732.902    19.028     0.66    3.24
 -35356.764    19.525     1.32    3.52
 -34980.626    18.965    -1.49    4.00
 -34604.487    19.607     1.71    3.75
 -34228.348    20.607     2.66    3.94
 -33852.209    21.265     1.75    2.52
 -33476.070    21.324     0.16    2.51
 -33099.931    21.554     0.61    2.57
 -32723.792    18.081    -9.23    7.69
 -32347.652    12.331   -15.29   10.78
 -31971.513     5.267   -18.78    9.38
 -31595.373     1.013   -11.31    5.13
 -31219.233    -0.419    -3.81    0.00
 -30843.093    -0.419     0.00    0.00
 -30466.953    -0.419     0.00    0.00
 -30090.812    -0.419     0.00    0.00
 -29714.671     0.350     2.05    3.54
 -29338.531     0.976     1.66    5.08
 -28962.390     0.743    -0.62    4.94
 -28586.249     0.017    -1.93    2.72
 -28210.107    -0.419    -1.16    0.00
 -27833.966    -0.419     0.00    0.00
 -27457.824    -0.419     0.00    0.00
 -27081.682    -0.419     0.00    0.00
 -26705.540    -0.419     0.00    0.00
 -26329.398    -0.419     0.00    0.00
 -25953.255     0.686     2.94    4.33
 -25577.113     2.862     5.79    7.19
 -25200.970     6.504     9.68    9.55
 -24824.827    12.338    15.51   11.02
 -24448.684    16.136    10.10    9.94
 -24072.540    18.716     6.86    7.47
 -23696.397    19.942     3.26    5.49
 -23320.253    20.107     0.44    3.61
 -22944.109    18.481    -4.32    3.19
 -22567.965    18.392    -0.24    2.87
 -22191.820    17.965    -1.13    3.18
 -21815.676    17.786    -0.48    2.49
 -21439.531    17.735    -0.14    2.68
 -21063.386    17.013    -1.92    3.28
 -20687.241    17.017     0.01    3.35
 -20311.095    17.392     1.00    3.31
 -19934.950    16.797    -1.58    3.74
 -19558.804    16.608    -0.50    3.79
 -19182.658    16.522    -0.23    3.95
 -18806.511    15.914    -1.62    3.94
 -18430.365    15.119    -2.11    4.01
 -18054.218    15.609     1.30    3.72
 -17678.071    15.949     0.91    3.25
 -17301.924    16.636     1.83    2.78
 -16925.776    17.607     2.58    3.01
 -16549.629    19.504     5.04    3.67
 -16173.481    19.094    -1.09    6.37
 -15797.333    16.791    -6.12    8.94
 -15421.184    16.186    -1.61    9.35
 -15045.036    16.786     1.59    8.00
 -14668.887    18.365     4.20    7.28
 -14292.738    19.401     2.76    5.86
 -13916.589    19.786     1.02    4.84
 -13540.439    19.878     0.25    4.42
 -13164.289    20.689     2.16    3.65
 -12788.139    21.932     3.31    3.70
 -12411.989    22.145     0.57    3.12
 -12035.838    22.299     0.41    3.39
 -11659.688    22.952     1.74    3.18
 -11283.537    22.453    -1.33    3.33
 -10907.385    22.094    -0.95    3.45
 -10531.234    21.164    -2.47    6.27
 -10155.082    19.818    -3.58    8.05
  -9778.930    18.818    -2.66    8.48
  -9402.778    19.844     2.73    8.03
  -9026.625    21.765     5.11    6.67
  -8650.472    24.106     6.22    3.40
  -8274.319    24.275     0.45    5.00
  -7898.166    21.856    -6.43    8.90
  -7522.031    19.965    -5.03   10.74
  -7145.933    18.275    -4.49   11.92
  -6769.834    13.743   -12.05   13.05
  -6393.735     9.067   -12.43   12.12
  -6017.635     9.040    -0.07   12.13
  -5641.536    11.376     6.21   12.23
  -5265.436    16.121    12.62   11.88
  -4889.335    22.531    17.04    8.28
  -4513.235    23.401     2.31    7.39
  -4137.134    18.986   -11.74   11.34
  -3761.033    14.528   -11.85   13.11
  -3384.931     8.376   -16.36   12.14
  -3008.830     3.186   -13.80    8.56
  -2632.728     0.053    -8.33    2.83
  -2256.626    -0.419    -1.26    0.00
  -1880.523    -0.419     0.00    0.00
  -1504.420    -0.419     0.00    0.00
  -1128.317    -0.419     0.00    0.00
   -752.213    -0.419     0.00    0.00
   -376.110    -0.419     0.00    0.00
     -0.006    -0.419     0.00    0.00
    376.099    -0.419     0.00    0.00
    752.203    -0.419     0.00    0.00
   1128.308    -0.419     0.00    0.00
   1504.414    -0.419     0.00    0.00
   1880.519    -0.419     0.00    0.00
   2256.625    -0.419     0.00    0.00
   2632.731    -0.419     0.00    0.00
   3008.838    -0.130     0.77    1.78
   3384.945     2.504     7.00    7.56
   3761.052     4.414     5.08    9.73
   4137.159     8.632    11.21   12.36
   4513.267    12.275     9.69   12.91
   4889.375    15.133     7.60   12.62
   5265.484    19.094    10.53   10.56
   5641.593    22.393     8.77    6.09
   6017.702    23.160     2.04    3.51
   6393.811    22.712    -1.19    3.65
   6769.921    22.148    -1.50    3.39
   7146.031    21.555    -1.58    3.54
   7522.142    21.311    -0.65    3.65
   7898.253    22.145     2.22    3.84
   8274.364    22.427     0.75    3.53
   8650.475    22.449     0.06    2.86
   9026.587    21.923    -1.40    2.52
   9402.699    21.273    -1.73    1.88
   9778.812    21.376     0.27    1.96
  10154.925    21.886     1.36    2.21
  10531.038    22.311     1.13    2.36
  10907.151    22.662     0.93    2.29
  11283.265    22.365    -0.79    2.38
  11659.380    22.743     1.01    2.01
  12035.494    22.425    -0.85    2.32
  12411.609    21.940    -1.29    1.99
  12787.725    21.735    -0.55    2.18
  13163.840    21.692    -0.11    2.44
  13539.956    20.914    -2.07    2.71
  13916.073    20.419    -1.32    2.87
  14292.190    20.660     0.64    2.78
  14668.307    20.607    -0.14    2.70
  15044.424    20.965     0.95    3.00
  15420.542    21.743     2.07    2.40
  15796.661    21.555    -0.50    2.72
  16172.779    21.756     0.54    2.85
  16548.898    21.053    -1.87    2.61
  16925.018    20.365    -1.83    2.64
  17301.137    20.202    -0.43    2.54
  17677.258    18.608    -4.24    2.03
  18053.378    17.635    -2.59    2.52
  18429.499    17.831     0.52    2.74
  18805.621    17.756    -0.20    2.73
  19181.742    18.683     2.47    3.47
  19557.864    20.148     3.90    3.63
  19933.987    21.068     2.44    3.36
  20310.110    20.689    -1.01    6.37
  20686.233    18.291    -6.37    8.40
  21062.357    17.094    -3.18    9.09
  21438.481    16.632    -1.23    8.98
  21814.605    17.359     1.93    9.06
  22190.730    18.949     4.23    8.06
  22566.856    22.119     8.43    3.62
  22942.981    22.386     0.71    3.00
  23319.107    21.940    -1.19    2.36
  23695.234    21.851    -0.24    2.67
  24071.361    21.689    -0.43    2.69
  24447.488    20.635    -2.80    2.96
  24823.616    19.803    -2.21    3.34
  25199.744    18.478    -3.52    3.04
  25575.873    17.806    -1.79    2.75
  25952.002    17.689    -0.31    2.84
  26328.131    17.658    -0.08    3.22
  26704.261    18.107     1.19    3.66
  27080.391    18.530     1.12    3.78
  27456.522    19.878     3.59    4.05
  27832.653    20.863     2.62    4.82
  28208.785    21.878     2.70    4.91
  28584.917    22.851     2.59    4.78
  28961.049    22.797    -0.14    4.03
  29337.182    20.867    -5.13    7.71
  29713.315    20.222    -1.71    8.30
  30089.449    18.324    -5.04    8.32
  30465.583    15.609    -7.22    9.53
  30841.718    10.392   -13.87   10.45
  31217.853     4.770   -14.95    8.89
  31593.988     1.107    -9.74    5.12
  31970.124     1.556     1.19    5.90
  32346.261     5.067     9.34    9.65
  32722.398     9.370    11.44   10.90
  33098.535    13.976    12.24   10.13
  33474.673    16.976     7.98    7.48
  33850.811    19.716     7.29    2.74
  34226.949    19.431    -0.76    2.74
  34603.088    18.976    -1.21    2.40
  34979.228    17.689    -3.42    3.00
  35355.368    16.689    -2.66    3.35
  35731.509    16.053    -1.69    3.40
  36107.650    16.350     0.79    3.55
  36483.791    16.453     0.27    3.72
  36859.933    17.495     2.77    3.05
  37236.075    17.870     1.00    2.51
  37612.218    18.013     0.38    1.97
  37988.361    17.831    -0.49    2.09
  38364.505    18.171     0.90    2.04
  38740.649    18.905     1.95    1.75
  39116.794    19.581     1.80    1.59
  39492.939    19.818     0.63    1.67
  39869.085    20.256     1.16    1.75
  40245.231    20.419     0.43    1.42
  40621.378    20.731     0.83    1.69
  40997.525    21.453     1.92    2.12
  41373.673    22.025     1.52    2.20
  41749.821    23.229     3.20    2.23
  42125.969    24.040     2.16    2.26
  42502.118    24.797     2.01    1.97
  42878.268    25.530     1.95    2.04
  43254.418    25.724     0.52    1.85
  43630.569    25.709    -0.04    2.08
  44006.720    25.712     0.01    2.17
  44382.871    25.581    -0.35    2.10
  44759.023    24.991    -1.57    2.16
  45135.176    24.423    -1.51    1.79
  45511.329    23.791    -1.68    1.61
  45887.483    22.818    -2.59    1.44
  46263.637    22.427    -1.04    1.25
  46639.791    22.040    -1.03    1.54
  47015.947    22.427     1.03    1.69
  47392.102    22.156    -0.72    1.81
  47768.258    21.952    -0.54    1.77
  48144.415    21.635    -0.84    1.84
  48520.572    20.608    -2.73    1.55
  48896.730    20.770     0.43    2.26
  49272.888    19.635    -3.02    5.52
  49649.047    16.303    -8.86    9.15
  50025.206    12.206   -10.89   11.17
  50401.366     9.042    -8.41   10.60
  50777.527     9.986     2.51   10.29
  51153.687    12.923     7.81   10.26
  51529.849    18.107    13.78    7.28
  51906.011    20.273     5.76    2.48
  52282.173    20.500     0.60    2.11
  52658.336    19.965    -1.42    2.39
  53034.500    18.636    -3.53    2.41
  53410.664    17.812    -2.19    2.08
  53786.829    17.042    -2.04    1.92
  54162.994    16.831    -0.56    1.81
  54539.160    16.239    -1.57    1.94
  54915.326    15.446    -2.11    2.19
  55291.493    14.419    -2.73    2.58
  55667.660    13.662    -2.01    3.00
  56043.828    13.442    -0.58    3.16
  56419.997    13.844     1.07    3.24
  56796.166    14.401     1.48    2.85
  57172.335    15.311     2.42    2.16
  57548.506    15.222    -0.24    1.80
  57924.676    15.068    -0.41    1.54
  58300.848    15.991     2.45    2.66
  58677.019    17.202     3.22    2.94
  59053.192    18.324     2.98    2.73
  59429.365    19.446     2.98    1.86
  59805.539    18.186    -3.35    3.34
  60181.713    16.797    -3.69    5.11
  60557.887    14.362    -6.47    5.22
  60934.063    13.068    -3.44    5.15
  61310.239    12.002    -2.83    4.10
  61686.415    11.414    -1.56    3.36
  62062.592    13.094     4.46    4.12
  62438.770    15.886     7.42    4.96
  62814.948    15.094    -2.11    7.13
  63191.127    16.318     3.25    8.53
  63567.306    18.175     4.94    8.75
  63943.486    19.870     4.51    8.53
  64319.667    22.658     7.41    4.73
  64695.848    25.281     6.97    5.91
  65072.029    28.824     9.42    6.86
  65448.212    31.171     6.24    6.21
  65824.395    33.923     7.32    3.86
  66200.578    33.229    -1.84    3.32
  66576.762    32.662    -1.51    3.25
  66952.947    31.752    -2.42    4.22
  67329.132    28.786    -7.89    4.91
  67705.230    26.306    -6.59    4.04
  68081.291    25.192    -2.96    3.38
  68457.352    25.350     0.42    3.40
  68833.414    24.859    -1.31    3.35
  69209.477    24.186    -1.79    3.35
  69585.540    23.247    -2.50    3.62
  69961.604    22.107    -3.03    3.01
  70337.668    22.239     0.35    3.13
  70713.733    22.401     0.43    3.76
  71089.799    23.731     3.54    3.61
  71465.865    24.581     2.26    4.18
  71841.932    24.981     1.06    3.91
  72217.999    26.291     3.48    4.71
  72594.067    28.554     6.02    5.05
  72970.136    30.040     3.95    4.57
  73346.206    31.664     4.32    3.73
  73722.276    30.863    -2.13    4.18
  74098.346    28.981    -5.00    4.47
  74474.417    28.932    -0.13    4.20
  74850.489    27.906    -2.73    3.72
  75226.562    27.160    -1.98    4.02
  75602.635    26.265    -2.38    4.12
  75978.709    26.581     0.84    4.84
  76354.783    27.709     3.00    5.79
  76730.859    29.331     4.31    5.91
  77106.934    31.747     6.43    5.49
  77483.011    33.889     5.69    4.09
  77859.088    35.324     3.82    3.24
  78235.166    35.530     0.55    3.15
  78611.244    33.991    -4.09    4.17
  78987.323    32.859    -3.01    4.07
  79363.403    33.175     0.84    4.04
  79739.483    33.635     1.22    3.88
  80115.564    34.081     1.19    3.19
  80491.646    33.555    -1.40    3.19
  80867.728    33.338    -0.58    3.36
  81243.811    33.914     1.53    2.79
  81619.895    33.870    -0.12    3.45
  81995.979    32.133    -4.62    4.97
  82372.064    29.473    -7.07    6.05
  82748.150    25.581   -10.35    6.03
  83124.236    22.055    -9.38    3.94
  83500.323    21.747    -0.82    2.92
  83876.411    21.423    -0.86    2.83
  84252.499    20.164    -3.35    4.16
  84628.588    19.094    -2.85    5.21
  85004.678    17.760    -3.55    5.41
  85380.768    18.854     2.91    5.85
  85756.860    22.040     8.47    5.57
  86132.951    24.689     7.04    4.11
  86509.044    26.419     4.60    1.86
  86885.137    27.171     2.00    2.00
  87261.231    27.527     0.95    2.07
  87637.325    26.940    -1.56    4.73
  88013.421    25.530    -3.75    6.80
  88389.517    24.709    -2.18    8.01
  88765.613    25.554     2.25    7.30
  89141.711    24.837    -1.91    7.64
  89517.809    25.739     2.40    6.72
  89893.908    26.164     1.13    7.06
  90270.007    27.311     3.05    5.84
  90646.107    29.025     4.56    2.37
  91022.208    29.121     0.26    1.77
  91398.310    29.555     1.15    1.78
  91774.412    29.956     1.07    2.01
  92150.515    29.528    -1.14    2.36
  92526.619    29.028    -1.33    2.90
  92902.723    29.303     0.73    2.30
  93278.828    29.837     1.42    2.15
  93654.934    30.311     1.26    2.41
  94031.041    29.350    -2.55    3.94
  94407.148    28.449    -2.40    4.62
  94783.256    28.350    -0.26    4.46
  95159.365    26.257    -5.57    6.11
  95535.475    24.528    -4.60    7.35
  95911.585    24.786     0.69    7.01
  96287.696    25.442     1.74    6.70
  96663.808    25.067    -1.00    7.93
  97039.920    22.824    -5.96   10.19
  97416.033    21.581    -3.31   10.12
  97792.147    21.986     1.08    9.86
  98168.262    22.381     1.05    8.90
  98544.377    26.006     9.64    4.57
  98920.494    27.160     3.07    2.67
  99296.610    25.148    -5.35    5.11
  99672.728    21.940    -8.53    6.91
 100048.847    18.739    -8.51    6.80
 100424.966    17.897    -2.24    6.91
 100801.086    17.739    -0.42    6.95
 101177.206    17.350    -1.03    6.78
 101553.328    18.997     4.38    6.75
 101929.450    18.976    -0.06    6.25
 102305.573    19.881     2.41    5.71
 102681.697    21.267     3.68    4.95
 103057.821    21.202    -0.17    4.69
 103433.946    20.040    -3.09    5.00
 103810.072    18.878    -3.09    4.34
 104186.199    18.148    -1.94    4.07
 104562.327    18.164     0.04    3.31
 104938.455    19.145     2.61    3.53
 105314.584    20.017     2.32    3.32
 105690.714    20.527     1.36    3.67
 106066.845    19.081    -3.84    4.64
 106442.976    17.042    -5.42    5.98
 106819.108    15.991    -2.79    6.18
 107195.241    15.743    -0.66    6.88
 107571.375    16.068     0.86    6.35
 107947.509    17.720     4.39    5.76
 108323.645    19.265     4.11    5.70
 108699.781    20.239     2.59    4.94
 109075.918    22.268     5.40    4.98
 109452.056    23.068     2.13    4.76
 109828.194    23.257     0.50    5.01
 110204.333    24.720     3.89    4.57
 110580.473    25.959     3.30    3.43
 110956.614    26.303     0.91    3.13
 111332.756    25.397    -2.41    3.92
 111708.898    22.606    -7.42    5.73
 112085.042    21.473    -3.01    5.82
 112461.186    20.991    -1.28    5.96
 112837.331    21.196     0.55    6.44
 113213.476    19.889    -3.48    6.76
 113589.623    19.013    -2.33    6.20
 113965.770    19.812     2.12    5.94
 114341.918    19.932     0.32    6.01
 114718.067    22.716     7.40    6.10
 115094.217    24.662     5.17    4.73
 115470.368    27.287     6.98    2.26
 115846.519    27.196    -0.24    1.93
 116222.671    27.042    -0.41    2.10
 116598.824    26.831    -0.56    2.45
 116974.978    26.423    -1.08    3.21
 117351.133    26.664     0.64    3.32
 117727.289    27.370     1.88    3.15
 118103.445    28.222     2.26    2.30
 118479.602    28.743     1.39    2.29
 118855.760    28.660    -0.22    2.46
 119231.919    28.344    -0.84    2.71
 119608.079    28.606     0.70    2.76
 119984.239    28.121    -1.29    3.66
 120360.401    27.683    -1.16    3.72
 120736.563    27.299    -1.02    3.71
 121112.726    27.040    -0.69    3.96
 121488.890    27.257     0.57    3.88
 121865.055    27.527     0.72    3.95
 122241.220    27.145    -1.02    4.06
 122617.387    25.478    -4.43    4.53
 122993.554    23.724    -4.66    5.31
 123369.722    22.427    -3.45    4.55
 123745.891    22.986     1.49    4.77
 124122.061    25.136     5.72    5.23
 124498.232    27.291     5.73    4.09
 124874.404    29.160     4.97    2.60
 125250.576    29.606     1.19    2.80
 125626.749    28.870    -1.96    2.96
 126002.924    28.581    -0.77    2.97
 126379.099    27.553    -2.73    3.36
 126755.275    26.506    -2.78    4.23
 127131.451    25.017    -3.96    4.67
 127507.629    23.220    -4.78    5.71
 127883.808    21.446    -4.72    5.48
 128259.987    19.473    -5.24    5.14
 128636.167    18.851    -1.65    5.11
 129012.349    18.658    -0.51    6.40
 129388.531    18.121    -1.43    7.40
 129764.714    15.956    -5.76    8.65
 130140.898    13.991    -5.22    8.79
 130517.082    10.446    -9.42    8.58
 130893.268     6.870    -9.50    7.47
 131269.454     3.735    -8.34    5.00
 131645.642     2.055    -4.47    2.61
 132021.830     1.581    -1.26    0.00
 132398.019     1.581     0.00    0.00
 132774.209     1.581     0.00    0.00
 133150.400     1.581     0.00    0.00
 133526.592     1.581     0.00    0.00
 133902.785     1.581     0.00    0.00
 134278.979     3.689     5.60    5.50
 134655.173     5.689     5.32    6.97
 135031.369     7.739     5.45    8.36
 135407.565     9.791     5.46    8.84
 135783.762    11.609     4.83    9.94
 136159.961    14.555     7.83   10.18
 136536.160    17.504     7.84    9.01
 136912.360    20.040     6.74    8.62
 137288.561    20.148     0.29    9.03
 137664.763    17.107    -8.08   10.47
 138040.965    15.760    -3.58   10.16
 138417.169    16.136     1.00   10.38
 138793.374    19.991    10.25   11.26
 139169.579    25.720    15.23    7.72
 139545.786    26.976     3.34    6.70
 139921.993    26.991     0.04    6.08
 140298.202    24.862    -5.66    6.37
 140674.411    24.633    -0.61    6.30
 141050.621    25.419     2.09    6.20
 141426.832    24.311    -2.95    8.00
 141803.044    25.530     3.24    7.57
 142179.257    26.311     2.08    8.52
 142555.461    28.299     5.29    5.54
 142931.486    29.171     2.32    2.78
 143307.512    29.797     1.67    2.06
 143683.539    29.476    -0.85    2.22
 144059.566    29.606     0.35    2.40
 144435.595    29.068    -1.43    2.63
 144811.625    29.202     0.36    3.06
 145187.655    29.765     1.50    3.07
 145563.687    30.797     2.74    2.86
 145939.719    30.365    -1.15    2.98
 146315.753    29.959    -1.08    3.37
 146691.787    28.268    -4.50    4.18
 147067.823    26.786    -3.94    5.49
 147443.859    26.350    -1.16    6.12
 147819.896    27.220     2.31    5.40
 148195.934    28.863     4.37    4.52
 148571.974    29.986     2.99    3.97
 148948.014    30.581     1.58    3.59
 149324.055    31.160     1.54    3.67
 149700.097    31.239     0.21    3.85
 150076.140    30.365    -2.32    4.23
 150452.184    28.581    -4.74    4.55
 150828.229    26.556    -5.39    4.18
 151204.275    25.220    -3.55    2.70
 151580.322    25.338     0.31    2.80
 151956.370    26.175     2.23    2.65
 152332.419    26.121    -0.14    2.67
 152708.469    24.365    -4.67    4.71
 153084.520    22.181    -5.81    6.03
 153460.572    21.306    -2.33    6.10
 153836.625    20.991    -0.84    6.07
 154212.679    21.121     0.35    5.27
 154588.734    22.658     4.09    5.36
 154964.790    23.473     2.17    5.65
 155340.847    24.818     3.58    5.61
 155716.905    27.427     6.94    4.11
 156092.964    26.401    -2.73    4.73
 156469.023    27.025     1.66    4.99
 156845.084    27.607     1.55    5.11
 157221.146    28.632     2.73    5.20
 157597.209    30.581     5.18    4.44
