# NaN NaN NaN ;Mean Elev.(m), Avg Gradient(m/km), RMS Gradient(m/km) - SRTM1     
#  101.375   0.011   5.364 ;Mean Elev.(m), Avg Gradient(m/km), RMS Gradient(m/km) - ASTER GDEM
#   82.909  -0.896   3.928 ;Mean Elev.(m), Avg Gradient(m/km), RMS Gradient(m/km) - GMTED2010 
  6 286.894394  -3.565529    85.622    85.584  4 52440.12127868 28.206
  7 286.898105  -3.560868    84.385    84.389  4 52475.12127735 43.299
  8 286.905061  -3.552575    81.466    80.681  6 52510.12123741 29.048
  9 286.905534  -3.553780    78.772    78.775  6 52545.12124530 41.876
 10 286.901179  -3.559383    81.057    81.107  5 52580.12127623 34.666
 11 286.899163  -3.560237    84.469    84.393  5 52615.12124425 29.987
 12 286.905735  -3.551958    84.688    84.660  7 52650.12122446 29.916
 14 286.900913  -3.557626    85.565    85.543  5 52720.12126076 21.422
 15 286.891869  -3.565299    86.279    86.279  4 52755.12128328 50.820
 16 286.902315  -3.554970    86.901    86.899  5 52790.12123369 38.005
 17 286.904231  -3.554553    85.579    85.506  6 52825.12130351 29.797
 18 286.905572  -3.552121    80.933    80.921  7 52860.12134985 36.215
 19 286.900305  -3.559682    80.821    80.555  5 52895.12137925 29.456
 20 286.899555  -3.559893    81.663    81.576  4 52930.12132821 43.148
 21 286.905258  -3.551758    81.617    81.628  6 52965.12132004 51.864
 22 286.896885  -3.562273    85.595    85.587  4 53000.12135261 46.419
 23 286.899821  -3.559271    83.322    83.318  5 53035.12130298 39.483
 24 286.902595  -3.555580    82.748    82.721  5 53070.12132219 31.132
 25 286.899465  -3.560546    85.109    85.081  5 53105.12130397 45.338
 26 286.903458  -3.554176    84.842    84.812  6 53140.12132885 27.900
 27 286.902292  -3.558335    84.523    84.495  5 53175.12136262 19.020
 28 286.900658  -3.558843    83.552    83.575  4 53210.12138029 36.001
 29 286.903541  -3.555748    79.769    79.770  5 53245.12134848 44.603
 30 286.901292  -3.557478    79.608    79.644  4 53280.12133039 36.895
 31 286.902336  -3.556526    82.667    82.716  5 53315.12134858 43.103
 32 286.905251  -3.554288    84.801    84.806  6 53350.12131458 47.204
 33 286.902651  -3.556732    84.952    84.930  5 53385.12129325 42.798
 34 286.908622  -3.548283    84.855    84.774  8 53420.12129972 39.369
 35 286.905326  -3.553560    84.774    84.736  6 53455.12130445 45.410
 36 286.896240  -3.563373    86.372    86.354  5 53490.12138814 30.918
 37 286.904856  -3.552425    82.665    82.501  6 53525.12137532 30.769
 38 286.896531  -3.562773    82.717    82.709  4 53560.12140089 41.507
 39 286.906483  -3.549538    78.545    78.451  7 53595.12134097 48.683
 40 286.898291  -3.561137    77.898    77.839  5 53630.12133240 36.538
 41 286.899537  -3.560683    79.186    79.205  5 53665.12135588 36.996
 42 286.904171  -3.554547    81.848    81.741  5 53700.12131162 15.341
 43 286.905968  -3.551909    83.514    83.485  6 53735.12123427 29.552
 44 286.907220  -3.550697    85.266    85.273  7 53770.12122225 44.066
 45 286.905408  -3.552531    85.479    85.416  6 53805.12121567 22.939
 47 286.903778  -3.554322    86.391    86.357  5 53875.12128223 25.838
 49 286.894808  -3.564111    80.972    79.575  5 53945.12134803 20.300
 50 286.900760  -3.558057    79.376    79.395  4 53980.12129609 44.916
 51 286.904409  -3.555129    80.802    80.220  6 54015.12131436 22.638
 52 286.907935  -3.547180    81.233    81.221  7 54050.12131825 32.843
 54 286.902404  -3.556985    86.151    86.190  5 54120.12123606 43.058
 55 286.901936  -3.557568    83.928    83.856  5 54155.12126623 21.025
 56 286.902581  -3.556330    85.692    85.756  6 54190.12123249 34.191
 57 286.901925  -3.557443    86.815    86.787  5 54225.12127697 50.501
 58 286.903022  -3.557385    84.503    84.514  5 54260.12129798 41.715
 59 286.903247  -3.555348    81.246    81.279  5 54295.12130179 50.630
 60 286.903860  -3.553381    79.544    79.574  6 54330.12129486 25.629
 61 286.902525  -3.556743    78.702    78.684  5 54365.12123937 27.072
 62 286.904093  -3.554993    81.063    81.101  6 54400.12123586 24.972
 63 286.902686  -3.554573    84.452    84.453  5 54435.12119330 21.456
 64 286.904745  -3.553359    84.582    84.554  6 54470.12121976 25.050
 65 286.902985  -3.555955    84.580    84.584  5 54505.12120706 23.266
 66 286.903855  -3.553785    86.064    85.995  5 54540.12123456 29.882
 68 286.902901  -3.556133    84.852    84.855  6 54610.12122707 25.875
 70 286.902206  -3.556818    80.968    80.991  4 54680.12123560 26.053
 71 286.903770  -3.555920    78.086    78.069  5 54715.12118661 18.750
 72 286.902656  -3.558007    79.654    79.592  5 54750.12120592 42.542
 73 286.903455  -3.556217    82.708    82.697  5 54785.12117445 32.517
 74 286.903171  -3.554606    82.089    82.114  5 54820.12119923 43.747
 75 286.903478  -3.555493    85.362    85.379  6 54855.12117172 32.557
 76 286.901624  -3.557885    86.378    86.370  4 54890.12120276 23.374
 78 286.901727  -3.557230    87.554    87.552  4 54960.12120151 29.342
 79 286.900747  -3.559192    86.641    86.599  5 54995.12122285 38.609
 80 286.902535  -3.556834    84.258    84.261  5 55030.12121268 31.511
 81 286.903095  -3.554785    82.001    82.308  5 55065.12120415 21.040
 83 286.902951  -3.556294    81.438    81.505  5 55135.12114832 45.956
 84 286.903486  -3.555513    83.679    83.683  6 55170.12111203 24.002
 85 286.902945  -3.557652    84.618    84.514  5 55205.12114169 17.321
 87 286.902368  -3.556195    85.144    85.141  5 55275.12113537 33.960
 88 286.902890  -3.555743    86.117    86.083  6 55310.12110268 32.734
 89 286.903508  -3.554877    85.201    85.251  6 55345.12110504 28.234
 90 286.902843  -3.555942    81.838    81.835  5 55380.12109804 45.553
 91 286.902941  -3.554682    80.260    80.189  5 55415.12112448 45.723
 92 286.903577  -3.555729    79.052    79.249  6 55450.12111051 19.895
 93 286.903600  -3.555449    77.510    76.886  6 55485.12103529 23.455
