# NaN NaN NaN ;Mean Elev.(m), Avg Gradient(m/km), RMS Gradient(m/km) - SRTM1     
#   50.278   0.091   5.090 ;Mean Elev.(m), Avg Gradient(m/km), RMS Gradient(m/km) - ASTER GDEM
#   57.471   0.009   5.840 ;Mean Elev.(m), Avg Gradient(m/km), RMS Gradient(m/km) - GMTED2010 
  7    16.426 52447.10735255 49.60 291.876798  -3.352378 21.912
  7    16.585 52447.10735319 46.98 291.876078  -3.349078 21.912
  7    16.584 52447.10735384 49.73 291.875348  -3.345768 21.912
  7    16.663 52447.10735448 45.85 291.874618  -3.342468 21.912
  7    16.510 52447.10735513 46.41 291.873888  -3.339158 21.912
  7    16.464 52447.10735577 44.71 291.873158  -3.335858 21.912
  7    16.523 52447.10735642 44.95 291.872438  -3.332558 21.912
  8    54.105 52482.10734263 49.82 291.882977  -3.350962 28.441
  8    54.258 52482.10734328 51.12 291.882247  -3.347652 28.441
  8    54.129 52482.10734392 52.28 291.881517  -3.344352 28.441
  8    54.010 52482.10734457 45.79 291.880787  -3.341042 28.441
  8    54.078 52482.10734521 48.02 291.880067  -3.337742 28.441
  8    54.169 52482.10734586 52.13 291.879337  -3.334432 28.441
  9    50.954 52517.10729651 45.22 291.889921  -3.352148 15.710
  9    51.684 52517.10729715 37.45 291.889201  -3.348848 15.710
  9    51.498 52517.10729780 38.18 291.888471  -3.345538 15.710
  9    51.428 52517.10729844 31.67 291.887741  -3.342238 15.710
  9    53.782 52517.10729909 32.22 291.887011  -3.338928 15.710
  9    51.360 52517.10729973 47.36 291.886291  -3.335628 15.710
  9    51.229 52517.10730038 46.89 291.885561  -3.332328 15.710
 10    49.478 52552.10734563 31.11 291.881662  -3.351045 21.393
 10    52.054 52552.10734628 25.49 291.880932  -3.347735 21.393
 10    50.978 52552.10734692 28.14 291.880212  -3.344435 21.393
 10    50.996 52552.10734756 33.62 291.879482  -3.341125 21.393
 10    48.042 52552.10734821 49.06 291.878752  -3.337825 21.393
 10    47.870 52552.10734885 54.21 291.878022  -3.334515 21.393
 11    51.468 52587.10732102 51.68 291.892646  -3.353979 21.492
 11    51.447 52587.10732166 35.08 291.891926  -3.350679 21.492
 11    51.393 52587.10732231 37.97 291.891196  -3.347369 21.492
 11    51.115 52587.10732295 38.76 291.890466  -3.344069 21.492
 11    51.015 52587.10732360 33.58 291.889736  -3.340769 21.492
 11    51.738 52587.10732424 47.26 291.889006  -3.337459 21.492
 11    51.931 52587.10732489 49.93 291.888286  -3.334159 21.492
 11    51.718 52587.10732553 51.18 291.887556  -3.330849 21.492
 12    54.215 52622.10728910 38.31 291.886660  -3.352892 19.605
 12    54.108 52622.10728975 37.56 291.885940  -3.349592 19.605
 12    54.477 52622.10729039 39.89 291.885210  -3.346282 19.605
 12    54.218 52622.10729104 49.50 291.884480  -3.342982 19.605
 12    54.269 52622.10729168 42.12 291.883750  -3.339672 19.605
 12    54.352 52622.10729233 41.07 291.883030  -3.336372 19.605
 12    54.227 52622.10729297 29.27 291.882300  -3.333062 19.605
 13    54.751 52657.10729528 38.26 291.891469  -3.354246 10.604
 13    54.772 52657.10729592 38.39 291.890739  -3.350946 10.604
 13    54.816 52657.10729657 47.18 291.890009  -3.347636 10.604
 13    55.038 52657.10729721 46.58 291.889279  -3.344336 10.604
 13    54.992 52657.10729786 41.82 291.888559  -3.341036 10.604
 13    54.864 52657.10729850 45.94 291.887822  -3.337724 22.309
 13    54.669 52657.10729914 33.44 291.887102  -3.334424 22.309
 13    54.419 52657.10729979 32.27 291.886372  -3.331114 22.309
 15    55.414 52727.10732232 37.78 291.889513  -3.352752 21.019
 15    55.522 52727.10732297 41.56 291.888783  -3.349442 21.019
 15    55.237 52727.10732361 30.70 291.888053  -3.346132 21.019
 15    55.540 52727.10732426 37.34 291.887323  -3.342832 21.019
 15    55.395 52727.10732490 49.61 291.886603  -3.339532 21.019
 15    55.490 52727.10732555 44.80 291.885873  -3.336222 21.019
 15    54.985 52727.10732619 26.87 291.885143  -3.332922 21.019
 16    56.160 52762.10733766 47.37 291.876517  -3.350200 19.086
 16    56.124 52762.10733830 46.83 291.875787  -3.346890 19.086
 16    56.160 52762.10733895 50.67 291.875067  -3.343590 19.086
 16    56.156 52762.10733959 47.64 291.874337  -3.340280 19.086
 16    56.223 52762.10734023 45.91 291.873607  -3.336980 19.086
 16    56.135 52762.10734088 44.69 291.872877  -3.333670 19.086
 17    56.579 52797.10729756 40.52 291.895135  -3.354651 19.537
 17    56.622 52797.10729821 41.65 291.894405  -3.351341 19.537
 17    56.483 52797.10729885 40.45 291.893675  -3.348041 19.537
 17    56.554 52797.10729950 29.96 291.892945  -3.344731 19.537
 17    56.637 52797.10730014 42.30 291.892225  -3.341431 19.537
 17    56.711 52797.10730079 41.92 291.891495  -3.338131 19.537
 17    56.802 52797.10730143 35.13 291.890765  -3.334821 19.537
 17    56.438 52797.10730208 23.27 291.890035  -3.331521 19.537
 18    56.362 52832.10736987 50.68 291.893974  -3.353185 17.891
 18    56.372 52832.10737051 40.79 291.893254  -3.349875 17.891
 18    56.478 52832.10737116 50.92 291.892524  -3.346575 17.891
 18    56.281 52832.10737180 52.59 291.891794  -3.343265 17.891
 18    56.253 52832.10737245 44.50 291.891064  -3.339965 17.891
 18    56.294 52832.10737309 51.01 291.890341  -3.336654 40.437
 18    56.351 52832.10737374 49.16 291.889611  -3.333354 40.437
 18    56.476 52832.10737438 50.45 291.888881  -3.330044 40.437
 19    53.630 52867.10741252 26.40 291.896031  -3.354464 19.548
 19    53.280 52867.10741316 26.45 291.895301  -3.351164 19.548
 19    51.749 52867.10741381 31.66 291.894571  -3.347854 19.548
 19    51.877 52867.10741445 39.04 291.893851  -3.344554 19.548
 19    53.055 52867.10741510 32.93 291.893121  -3.341244 19.548
 19    53.269 52867.10741574 30.64 291.892391  -3.337944 19.548
 19    53.111 52867.10741639 27.56 291.891661  -3.334634 19.548
 19    50.176 52867.10741703 25.21 291.890941  -3.331334 19.548
 20    48.655 52902.10743516 40.36 291.886440  -3.353425 15.336
 20    51.226 52902.10743580 27.17 291.885710  -3.350125 15.336
 20    51.234 52902.10743645 28.71 291.884980  -3.346815 15.336
 20    51.007 52902.10743709 47.03 291.884260  -3.343515 15.336
 20    53.422 52902.10743774 34.11 291.883530  -3.340205 15.336
 20    47.974 52902.10743838 44.95 291.882800  -3.336905 15.336
 20    47.876 52902.10743903 46.74 291.882070  -3.333595 15.336
 21    50.350 52937.10737511 41.90 291.885409  -3.351208 27.121
 21    50.017 52937.10737575 30.21 291.884679  -3.347908 27.121
 21    50.537 52937.10737640 44.92 291.883949  -3.344598 27.121
 21    50.559 52937.10737704 42.92 291.883229  -3.341298 27.121
 21    50.571 52937.10737769 48.53 291.882499  -3.337998 27.121
 21    50.577 52937.10737833 50.61 291.881769  -3.334688 27.121
 21    50.563 52937.10737898 53.70 291.881039  -3.331378 27.121
 22    51.284 52972.10740367 44.24 291.885810  -3.351283 14.144
 22    51.228 52972.10740432 31.04 291.885090  -3.347973 14.144
 22    51.481 52972.10740496 46.43 291.884360  -3.344673 14.144
 22    51.734 52972.10740561 41.80 291.883630  -3.341363 14.144
 22    51.289 52972.10740625 44.68 291.882900  -3.338063 14.144
 22    51.445 52972.10740690 43.34 291.882170  -3.334763 14.144
 22    51.347 52972.10740754 44.92 291.881441  -3.331450  9.615
 23    54.643 53007.10741484 26.96 291.881662  -3.352027 12.562
 23    54.368 53007.10741549 35.16 291.880932  -3.348717 12.562
 23    54.224 53007.10741613 37.99 291.880202  -3.345417 12.562
 23    54.403 53007.10741678 32.40 291.879482  -3.342107 12.562
 23    54.306 53007.10741742 36.34 291.878752  -3.338807 12.562
 23    54.323 53007.10741807 37.93 291.878022  -3.335507 12.562
 23    54.339 53007.10741871 41.08 291.877292  -3.332197 12.562
 24    51.182 53042.10736964 43.19 291.884558  -3.351134 13.972
 24    51.919 53042.10737028 35.75 291.883838  -3.347834 13.972
 24    51.850 53042.10737093 44.33 291.883108  -3.344524 13.972
 24    51.452 53042.10737157 42.10 291.882378  -3.341224 13.972
 24    51.526 53042.10737221 47.61 291.881648  -3.337914 13.972
 24    51.634 53042.10737286 50.42 291.880918  -3.334614 13.972
 24    51.365 53042.10737350 50.25 291.880195  -3.331302 14.575
 25    52.452 53077.10740199 51.45 291.883067  -3.353026 14.188
 25    52.439 53077.10740264 47.34 291.882347  -3.349726 14.188
 25    52.345 53077.10740328 42.28 291.881617  -3.346426 14.188
 25    52.431 53077.10740393 46.85 291.880887  -3.343116 14.188
 25    52.527 53077.10740457 41.98 291.880157  -3.339816 14.188
 25    52.273 53077.10740522 46.67 291.879427  -3.336506 14.188
 25    52.526 53077.10740586 42.55 291.878707  -3.333206 14.188
 26    55.120 53112.10737278 51.73 291.881303  -3.350644 27.799
 26    54.959 53112.10737343 51.67 291.880573  -3.347344 27.799
 26    54.955 53112.10737407 47.50 291.879843  -3.344034 27.799
 26    55.135 53112.10737472 46.54 291.879123  -3.340734 27.799
 26    55.072 53112.10737536 49.34 291.878393  -3.337424 27.799
 26    55.047 53112.10737600 49.67 291.877663  -3.334124 27.799
 27    54.912 53147.10741660 51.17 291.883549  -3.351560 17.282
 27    55.123 53147.10741725 49.95 291.882819  -3.348250 17.282
 27    55.216 53147.10741789 49.64 291.882089  -3.344950 17.282
 27    55.141 53147.10741854 50.62 291.881359  -3.341640 17.282
 27    55.034 53147.10741918 49.61 291.880639  -3.338340 17.282
 27    54.959 53147.10741983 51.01 291.879901  -3.335028 29.758
 27    54.949 53147.10742047 51.70 291.879181  -3.331728 29.758
 28    54.336 53182.10742003 39.68 291.891962  -3.351298 11.871
 28    54.379 53182.10742068 49.90 291.891232  -3.347988 11.871
 28    54.322 53182.10742132 51.07 291.890512  -3.344688 11.871
 28    54.574 53182.10742197 44.08 291.889782  -3.341388 11.871
 28    54.205 53182.10742261 37.50 291.889052  -3.338078 11.871
 28    54.419 53182.10742326 37.32 291.888322  -3.334768 11.871
 28    54.057 53182.10742390 34.53 291.887592  -3.331468 11.871
 29    53.823 53217.10744366 52.77 291.885661  -3.350710 20.047
 29    53.784 53217.10744430 49.34 291.884931  -3.347410 20.047
 29    54.014 53217.10744495 49.84 291.884211  -3.344110 20.047
 29    54.032 53217.10744559 40.70 291.883481  -3.340800 20.047
 29    53.923 53217.10744624 46.77 291.882751  -3.337490 20.047
 29    53.933 53217.10744688 52.92 291.882021  -3.334190 20.047
 30    49.616 53252.10742171 30.53 291.882985  -3.351406 17.178
 30    48.465 53252.10742236 29.42 291.882255  -3.348096 17.178
 30    51.218 53252.10742300 31.85 291.881525  -3.344796 17.178
 30    49.228 53252.10742365 35.55 291.880805  -3.341496 17.178
 30    49.152 53252.10742429 48.89 291.880075  -3.338186 17.178
 30    49.230 53252.10742494 51.56 291.879345  -3.334886 17.178
 30    49.043 53252.10742558 47.33 291.878615  -3.331576 17.178
 31    49.578 53287.10741846 34.15 291.881151  -3.352000 13.286
 31    51.594 53287.10741911 28.92 291.880431  -3.348690 13.286
 31    49.736 53287.10741975 29.46 291.879701  -3.345390 13.286
 31    49.880 53287.10742040 42.59 291.878971  -3.342080 13.286
 31    49.643 53287.10742104 50.03 291.878241  -3.338780 13.286
 31    49.639 53287.10742169 50.25 291.877519  -3.335469 14.172
 31    49.622 53287.10742233 48.91 291.876789  -3.332169 14.172
 33    54.228 53357.10736086 33.17 291.893329  -3.353577 13.770
 33    54.216 53357.10736150 31.64 291.892599  -3.350267 13.770
 33    54.239 53357.10736215 48.86 291.891879  -3.346967 13.770
 33    54.698 53357.10736279 50.97 291.891149  -3.343657 13.770
 33    54.644 53357.10736344 34.38 291.890419  -3.340357 13.770
 33    53.876 53357.10736408 44.18 291.889689  -3.337047 13.770
 33    54.310 53357.10736473 24.97 291.888969  -3.333747 13.770
 33    53.441 53357.10736537 20.75 291.888239  -3.330437 13.770
 34    54.036 53392.10737556 20.75 291.886484  -3.352399 10.182
 34    54.118 53392.10737621 23.44 291.885764  -3.349099 10.182
 34    54.009 53392.10737685 31.09 291.885034  -3.345789 10.182
 34    54.066 53392.10737750 26.40 291.884304  -3.342489 10.182
 34    54.075 53392.10737814 21.30 291.883574  -3.339179 10.182
 34    53.771 53392.10737879 13.69 291.882844  -3.335879 10.182
 34    52.733 53392.10737943 16.30 291.882122  -3.332567 21.937
 35    54.520 53427.10737092 39.62 291.891443  -3.351835 21.232
 35    54.545 53427.10737156 47.28 291.890723  -3.348535 21.232
 35    54.379 53427.10737221 51.48 291.889993  -3.345225 21.232
 35    54.500 53427.10737285 45.69 291.889263  -3.341925 21.232
 35    54.355 53427.10737349 40.87 291.888533  -3.338615 21.232
 35    54.378 53427.10737414 51.69 291.887813  -3.335315 21.232
 35    54.383 53427.10737478 50.79 291.887083  -3.332015 21.232
 36    55.291 53462.10738542 42.34 291.891675  -3.353210 10.392
 36    55.492 53462.10738607 37.18 291.890945  -3.349910 10.392
 36    55.219 53462.10738671 49.63 291.890215  -3.346600 10.392
 36    55.274 53462.10738736 49.29 291.889485  -3.343300 10.392
 36    55.335 53462.10738800 38.61 291.888764  -3.339990 23.809
 36    55.158 53462.10738865 47.47 291.888034  -3.336690 23.809
 36    55.206 53462.10738929 44.35 291.887304  -3.333380 23.809
 37    56.278 53497.10746169 34.12 291.879285  -3.350203 20.541
 37    56.240 53497.10746233 37.02 291.878565  -3.346903 20.541
 37    56.263 53497.10746298 37.93 291.877835  -3.343593 20.541
 37    56.250 53497.10746362 43.38 291.877105  -3.340293 20.541
 37    56.058 53497.10746427 44.86 291.876375  -3.336983 20.541
 37    56.167 53497.10746491 37.47 291.875655  -3.333683 20.541
 38    54.377 53532.10744081 37.71 291.891661  -3.354118 13.868
 38    54.478 53532.10744146 35.78 291.890931  -3.350808 13.868
 38    54.409 53532.10744210 44.70 291.890201  -3.347508 13.868
 38    54.245 53532.10744275 48.86 291.889471  -3.344198 13.868
 38    54.819 53532.10744339 35.98 291.888741  -3.340898 13.868
 38    54.278 53532.10744403 27.47 291.888021  -3.337598 13.868
 38    53.833 53532.10744468 21.85 291.887287  -3.334294 24.458
 38    53.907 53532.10744532 20.61 291.886557  -3.330984 24.458
 39    51.918 53567.10746369 49.96 291.880797  -3.351425 22.739
 39    52.073 53567.10746434 44.21 291.880067  -3.348125 22.739
 39    51.840 53567.10746498 42.67 291.879347  -3.344815 22.739
 39    51.831 53567.10746563 49.02 291.878617  -3.341515 22.739
 39    51.782 53567.10746627 50.81 291.877887  -3.338205 22.739
 39    51.649 53567.10746692 54.43 291.877157  -3.334905 22.739
 40    47.493 53602.10740722 49.62 291.889354  -3.354052 14.533
 40    47.124 53602.10740787 25.96 291.888624  -3.350742 14.533
 40    45.500 53602.10740851 26.01 291.887904  -3.347442 14.533
 40    50.314 53602.10740916 30.01 291.887174  -3.344142 14.533
 40    46.468 53602.10740980 29.32 291.886444  -3.340832 14.533
 40    46.861 53602.10741044 45.23 291.885714  -3.337522 14.533
 40    46.742 53602.10741109 51.41 291.884994  -3.334222 14.533
 40    46.641 53602.10741173 48.61 291.884264  -3.330922 14.533
 41    45.386 53637.10740585 23.41 291.883573  -3.350349 12.007
 41    48.653 53637.10740650 25.91 291.882843  -3.347039 12.007
 41    49.237 53637.10740779 35.04 291.881393  -3.340429 12.007
 41    46.099 53637.10740843 45.19 291.880663  -3.337129 12.007
 41    46.208 53637.10740908 47.06 291.879933  -3.333829 12.007
 42    48.682 53672.10742602 40.08 291.882095  -3.352867 15.871
 42    48.653 53672.10742666 29.12 291.881375  -3.349567 15.871
 42    48.970 53672.10742731 30.44 291.880645  -3.346267 15.871
 42    49.176 53672.10742795 35.60 291.879915  -3.342957 15.871
 42    49.187 53672.10742860 45.59 291.879185  -3.339657 15.871
 42    49.431 53672.10742924 52.30 291.878455  -3.336347 15.871
 42    49.179 53672.10742989 50.97 291.877735  -3.333047 15.871
 43    51.713 53707.10735761 24.92 291.893692  -3.352389  8.490
 43    51.831 53707.10735826 25.39 291.892962  -3.349079  8.490
 43    51.723 53707.10735890 25.90 291.892232  -3.345779  8.490
 43    51.415 53707.10735955 27.29 291.891512  -3.342479  8.490
 43    52.797 53707.10736019 25.03 291.890780  -3.339166 10.002
 43    52.852 53707.10736084 22.43 291.890050  -3.335866 10.002
 43    50.893 53707.10736148 19.91 291.889330  -3.332556 10.002
 43    50.718 53707.10736213 18.17 291.888600  -3.329256 10.002
 44    52.248 53742.10726942 53.27 291.891288  -3.354204 23.175
 44    52.462 53742.10727006 36.82 291.890558  -3.350904 23.175
 44    52.758 53742.10727071 42.78 291.889828  -3.347594 23.175
 44    53.038 53742.10727135 44.81 291.889108  -3.344294 23.175
 44    52.800 53742.10727200 33.47 291.888378  -3.340984 23.175
 44    52.940 53742.10727264 47.13 291.887648  -3.337684 23.175
 44    53.015 53742.10727329 45.43 291.886918  -3.334374 23.175
 44    52.852 53742.10727393 49.73 291.886198  -3.331074 23.175
 45    54.936 53777.10729449 50.04 291.892893  -3.352461 17.578
 45    55.186 53777.10729513 40.27 291.892163  -3.349161 17.578
 45    54.946 53777.10729578 49.46 291.891443  -3.345861 17.578
 45    54.826 53777.10729642 50.03 291.890713  -3.342551 17.578
 45    54.896 53777.10729707 39.74 291.889983  -3.339251 17.578
 45    55.288 53777.10729771 38.75 291.889253  -3.335941 17.578
 45    54.964 53777.10729836 36.39 291.888533  -3.332641 17.578
 46    54.996 53812.10727216 41.43 291.889953  -3.352386 24.269
 46    55.361 53812.10727281 44.63 291.889223  -3.349086 24.269
 46    55.402 53812.10727345 49.08 291.888493  -3.345776 24.269
 46    55.182 53812.10727409 41.87 291.887773  -3.342476 24.269
 46    55.247 53812.10727474 42.93 291.887043  -3.339166 24.269
 46    55.343 53812.10727538 34.09 291.886313  -3.335866 24.269
 46    55.093 53812.10727603 20.62 291.885583  -3.332556 24.269
 47    56.703 53847.10732423 36.03 291.884782  -3.352973 15.819
 47    56.671 53847.10732488 40.20 291.884052  -3.349663 15.819
 47    56.607 53847.10732552 42.36 291.883322  -3.346363 15.819
 47    56.487 53847.10732617 48.24 291.882592  -3.343053 15.819
 47    56.571 53847.10732681 44.13 291.881862  -3.339753 15.819
 47    56.206 53847.10732746 43.92 291.881142  -3.336453 15.819
 47    56.315 53847.10732810 43.38 291.880412  -3.333143 15.819
 49    51.991 53917.10740743 49.37 291.879301  -3.351199 28.582
 49    51.956 53917.10740808 49.64 291.878571  -3.347889 28.582
 49    52.192 53917.10740872 47.69 291.877841  -3.344589 28.582
 49    52.077 53917.10740937 52.60 291.877111  -3.341279 28.582
 49    52.012 53917.10741001 50.32 291.876381  -3.337979 28.582
 49    51.929 53917.10741066 50.78 291.875661  -3.334669 28.582
 50    48.578 53952.10741272 31.85 291.877827  -3.350995 19.414
 50    48.634 53952.10741336 28.28 291.877107  -3.347695 19.414
 50    48.771 53952.10741400 38.22 291.876377  -3.344385 19.414
 50    48.614 53952.10741465 36.24 291.875647  -3.341085 19.414
 50    48.497 53952.10741529 26.55 291.874917  -3.337775 19.414
 50    48.373 53952.10741594 22.32 291.874197  -3.334475 19.414
 52    49.483 54022.10738998 39.33 291.888702  -3.353169 20.583
 52    47.622 54022.10739062 24.07 291.887982  -3.349869 20.583
 52    47.310 54022.10739127 25.84 291.887252  -3.346559 20.583
 52    48.742 54022.10739191 41.28 291.886522  -3.343259 20.583
 52    48.765 54022.10739256 33.83 291.885792  -3.339949 20.583
 52    48.310 54022.10739320 44.18 291.885062  -3.336649 20.583
 52    48.306 54022.10739385 49.75 291.884332  -3.333339 20.583
 53    50.321 54057.10738123 49.64 291.895859  -3.354093 12.192
 53    50.319 54057.10738188 30.53 291.895129  -3.350783 12.192
 53    50.091 54057.10738252 22.18 291.894409  -3.347483 12.192
 53    49.579 54057.10738316 22.15 291.893679  -3.344173 12.192
 53    50.348 54057.10738381 19.97 291.892949  -3.340873 12.192
 53    53.351 54057.10738445 19.62 291.892219  -3.337563 12.192
 53    52.951 54057.10738510 19.34 291.891489  -3.334263 12.192
 53    50.456 54057.10738574 18.36 291.890769  -3.330963 12.192
 54    53.880 54092.10736461 54.23 291.888196  -3.352739 26.057
 54    53.882 54092.10736525 36.73 291.887466  -3.349439 26.057
 54    53.949 54092.10736590 37.44 291.886736  -3.346129 26.057
 54    53.793 54092.10736654 48.58 291.886016  -3.342829 26.057
 54    53.858 54092.10736719 41.52 291.885286  -3.339519 26.057
 54    53.890 54092.10736783 50.85 291.884556  -3.336219 26.057
 54    53.947 54092.10736848 51.58 291.883826  -3.332909 26.057
 55    56.131 54127.10729893 42.26 291.889129  -3.351962 22.967
 55    56.108 54127.10729957 47.67 291.888399  -3.348652 22.967
 55    56.136 54127.10730022 48.18 291.887669  -3.345352 22.967
 55    56.289 54127.10730086 46.10 291.886939  -3.342042 22.967
 55    56.086 54127.10730151 44.28 291.886209  -3.338742 22.967
 55    56.140 54127.10730215 49.03 291.885479  -3.335432 22.967
 55    56.146 54127.10730280 51.08 291.884759  -3.332132 22.967
 56    53.391 54162.10733407 46.91 291.886072  -3.350915 21.085
 56    53.700 54162.10733471 32.59 291.885352  -3.347615 21.085
 56    53.678 54162.10733536 46.05 291.884622  -3.344305 21.085
 56    53.976 54162.10733600 38.87 291.883892  -3.341005 21.085
 56    53.356 54162.10733665 41.45 291.883162  -3.337695 21.085
 56    53.511 54162.10733729 48.77 291.882432  -3.334395 21.085
 56    53.400 54162.10733794 51.85 291.881712  -3.331085 21.085
 57    55.504 54197.10730060 33.71 291.888403  -3.352896 14.107
 57    55.569 54197.10730125 43.42 291.887673  -3.349586 14.107
 57    55.709 54197.10730189 46.15 291.886943  -3.346286 14.107
 57    55.286 54197.10730253 47.24 291.886213  -3.342976 14.107
 57    55.338 54197.10730318 37.74 291.885483  -3.339676 14.107
 57    55.611 54197.10730382 31.11 291.884763  -3.336366 14.107
 57    54.885 54197.10730447 24.69 291.884033  -3.333066 14.107
 58    56.556 54232.10734716 42.08 291.888011  -3.351384 13.463
 58    56.379 54232.10734781 49.20 291.887291  -3.348084 13.463
 58    56.534 54232.10734845 45.37 291.886561  -3.344774 13.463
 58    56.446 54232.10734910 43.94 291.885831  -3.341474 13.463
 58    56.421 54232.10734974 37.86 291.885101  -3.338164 13.463
 58    56.018 54232.10735039 32.97 291.884371  -3.334864 13.463
 58    55.880 54232.10735103 30.84 291.883651  -3.331564 13.463
 59    55.097 54267.10736528 40.48 291.888617  -3.353215 17.912
 59    55.525 54267.10736592 41.55 291.887897  -3.349915 17.912
 59    55.360 54267.10736657 43.49 291.887167  -3.346605 17.912
 59    55.292 54267.10736721 38.30 291.886437  -3.343305 17.912
 59    55.196 54267.10736786 33.72 291.885707  -3.339995 17.912
 59    55.147 54267.10736850 30.04 291.884977  -3.336695 17.912
 59    54.396 54267.10736915 21.67 291.884257  -3.333385 17.912
 60    50.795 54302.10736949 48.41 291.888837  -3.351742 26.064
 60    52.579 54302.10737013 29.41 291.888117  -3.348442 26.064
 60    51.308 54302.10737078 34.28 291.887387  -3.345132 26.064
 60    51.008 54302.10737142 44.50 291.886657  -3.341832 26.064
 60    50.984 54302.10737207 39.85 291.885927  -3.338522 26.064
 60    50.917 54302.10737271 51.54 291.885207  -3.335222 26.064
 60    50.918 54302.10737336 51.97 291.884477  -3.331912 26.064
 61    48.759 54337.10735607 26.30 291.888266  -3.352162 21.569
 61    49.654 54337.10735672 22.62 291.887536  -3.348852 21.569
 61    50.141 54337.10735736 26.63 291.886816  -3.345552 21.569
 61    49.495 54337.10735801 32.51 291.886086  -3.342242 21.569
 61    47.340 54337.10735865 38.63 291.885356  -3.338942 21.569
 61    47.404 54337.10735930 49.71 291.884626  -3.335632 21.569
 61    47.361 54337.10735994 52.29 291.883896  -3.332332 21.569
 62    46.957 54372.10730205 30.31 291.889106  -3.352301 13.156
 62    46.283 54372.10730270 24.00 291.888376  -3.349001 13.156
 62    46.506 54372.10730334 24.81 291.887656  -3.345691 13.156
 62    47.191 54372.10730399 26.28 291.886926  -3.342391 13.156
 62    47.404 54372.10730463 30.48 291.886196  -3.339081 13.156
 62    47.303 54372.10730528 40.84 291.885466  -3.335781 13.156
 62    47.290 54372.10730592 42.55 291.884736  -3.332481 13.156
 63    50.861 54407.10730130 34.72 291.886803  -3.350878 24.248
 63    50.756 54407.10730195 29.79 291.886083  -3.347568 24.248
 63    51.454 54407.10730259 44.59 291.885353  -3.344268 24.248
 63    51.507 54407.10730323 38.85 291.884623  -3.340958 24.248
 63    51.163 54407.10730388 45.94 291.883893  -3.337658 24.248
 63    51.219 54407.10730452 50.14 291.883163  -3.334348 24.248
 63    51.119 54407.10730517 50.33 291.882443  -3.331048 24.248
 64    53.813 54442.10726123 47.24 291.889443  -3.352577 19.767
 64    54.030 54442.10726187 42.22 291.888713  -3.349277 19.767
 64    54.015 54442.10726251 38.04 291.887983  -3.345967 19.767
 64    53.811 54442.10726316 47.27 291.887253  -3.342667 19.767
 64    54.036 54442.10726380 28.15 291.886523  -3.339357 19.767
 64    53.763 54442.10726445 25.41 291.885803  -3.336057 19.767
 64    52.892 54442.10726509 19.96 291.885073  -3.332747 19.767
 65    54.627 54477.10728950 54.29 291.889153  -3.352343 32.835
 65    54.902 54477.10729015 45.64 291.888423  -3.349033 32.835
 65    55.045 54477.10729079 44.44 291.887703  -3.345733 32.835
 65    54.774 54477.10729144 48.46 291.886973  -3.342423 32.835
 65    54.933 54477.10729208 47.39 291.886243  -3.339123 32.835
 65    54.906 54477.10729273 52.26 291.885513  -3.335813 32.835
 65    54.806 54477.10729337 51.63 291.884793  -3.332513 32.835
 66    54.245 54512.10727693 51.79 291.889121  -3.351483 24.002
 66    54.598 54512.10727758 45.67 291.888391  -3.348173 24.002
 66    54.917 54512.10727822 43.80 291.887661  -3.344873 24.002
 66    54.837 54512.10727887 45.21 291.886931  -3.341563 24.002
 66    54.794 54512.10727951 46.81 291.886211  -3.338263 24.002
 66    54.731 54512.10728016 50.11 291.885481  -3.334963 24.002
 66    54.770 54512.10728080 52.08 291.884751  -3.331653 24.002
 67    56.106 54547.10730369 42.81 291.887601  -3.350959 14.539
 67    56.227 54547.10730433 47.22 291.886871  -3.347659 14.539
 67    56.258 54547.10730498 48.01 291.886141  -3.344349 14.539
 67    56.254 54547.10730562 41.19 291.885421  -3.341049 14.539
 67    55.973 54547.10730627 37.84 291.884691  -3.337749 14.539
 67    55.850 54547.10730691 26.18 291.883961  -3.334439 14.539
 67    55.250 54547.10730755 24.22 291.883231  -3.331139 14.539
 68    56.129 54582.10727271 52.82 291.889407  -3.353234 23.206
 68    56.371 54582.10727335 44.82 291.888677  -3.349934 23.206
 68    56.269 54582.10727399 42.20 291.887947  -3.346624 23.206
 68    56.249 54582.10727464 49.61 291.887227  -3.343324 23.206
 68    56.290 54582.10727528 42.36 291.886497  -3.340014 23.206
 68    56.144 54582.10727593 51.85 291.885767  -3.336714 23.206
 68    56.207 54582.10727657 53.66 291.885037  -3.333414 23.206
 69    55.747 54617.10729412 37.08 291.888603  -3.351746 30.045
 69    55.854 54617.10729477 45.13 291.887883  -3.348446 30.045
 69    55.723 54617.10729541 39.87 291.887153  -3.345146 30.045
 69    55.781 54617.10729606 35.43 291.886423  -3.341836 30.045
 69    55.767 54617.10729670 41.66 291.885693  -3.338536 30.045
 69    55.534 54617.10729734 26.62 291.884973  -3.335226 30.045
 69    55.071 54617.10729799 21.83 291.884243  -3.331926 30.045
 70    54.323 54652.10730648 46.59 291.885941  -3.350948 19.705
 70    54.054 54652.10730713 32.54 291.885211  -3.347638 19.705
 70    54.181 54652.10730777 44.33 291.884481  -3.344338 19.705
 70    54.443 54652.10730842 40.88 291.883761  -3.341038 19.705
 70    53.943 54652.10730906 45.31 291.883031  -3.337728 19.705
 70    54.014 54652.10730971 47.66 291.882301  -3.334418 19.705
 70    54.020 54652.10731035 44.21 291.881571  -3.331118 19.705
 71    50.627 54687.10729720 45.88 291.887394  -3.352454 11.174
 71    50.324 54687.10729784 27.63 291.886664  -3.349144 11.174
 71    50.769 54687.10729849 29.69 291.885934  -3.345844 11.174
 71    50.388 54687.10729913 44.03 291.885204  -3.342534 11.174
 71    50.748 54687.10729978 29.60 291.884484  -3.339234 11.174
 71    50.121 54687.10730042 28.06 291.883754  -3.335924 11.174
 71    50.061 54687.10730107 27.00 291.883024  -3.332624 11.174
 72    48.038 54722.10725270 40.18 291.889335  -3.352796 14.194
 72    46.724 54722.10725335 25.53 291.888605  -3.349486 14.194
 72    46.088 54722.10725399 25.66 291.887875  -3.346186 14.194
 72    46.708 54722.10725464 30.07 291.887145  -3.342876 14.194
 72    46.967 54722.10725528 36.52 291.886425  -3.339576 14.194
 72    47.050 54722.10725593 49.96 291.885695  -3.336276 14.194
 72    47.488 54722.10725657 50.52 291.884965  -3.332966 14.194
 73    48.295 54757.10727258 27.46 291.886987  -3.350803  9.266
 73    51.659 54757.10727323 21.94 291.886257  -3.347503  9.266
 73    49.643 54757.10727387 20.43 291.885527  -3.344193  9.266
 73    49.312 54757.10727452 24.60 291.884797  -3.340893  9.266
 73    53.823 54757.10727516 18.16 291.884077  -3.337583  9.266
 73    53.821 54757.10727581 12.20 291.883347  -3.334283  9.266
 73    52.728 54757.10727645 12.61 291.882617  -3.330973  9.266
 74    51.593 54792.10724572 35.68 291.887002  -3.350794 11.758
 74    51.093 54792.10724637 33.19 291.886272  -3.347484 11.758
 74    51.760 54792.10724701 45.27 291.885542  -3.344184 11.758
 74    52.308 54792.10724766 35.47 291.884812  -3.340874 11.758
 74    51.652 54792.10724830 39.59 291.884092  -3.337574 11.758
 74    51.683 54792.10724895 37.53 291.883362  -3.334274 11.758
 74    51.524 54792.10724959 37.28 291.882632  -3.330964 11.758
 75    52.828 54827.10727001 31.50 291.888024  -3.351240 13.172
 75    52.856 54827.10727065 26.85 291.887294  -3.347930 13.172
 75    52.220 54827.10727130 39.84 291.886564  -3.344630 13.172
 75    52.034 54827.10727194 39.63 291.885834  -3.341320 13.172
 75    54.025 54827.10727259 36.38 291.885104  -3.338020 13.172
 75    54.252 54827.10727323 20.97 291.884384  -3.334710 13.172
 75    53.067 54827.10727388 17.34 291.883654  -3.331410 13.172
 76    55.634 54862.10724003 51.50 291.888775  -3.351488 13.041
 76    55.347 54862.10724067 42.88 291.888045  -3.348178 13.041
 76    55.491 54862.10724132 47.81 291.887315  -3.344878 13.041
 76    55.866 54862.10724196 44.97 291.886595  -3.341568 13.041
 76    55.232 54862.10724261 44.72 291.885865  -3.338268 13.041
 76    55.364 54862.10724325 39.24 291.885135  -3.334958 13.041
 76    55.154 54862.10724389 37.94 291.884405  -3.331658 13.041
 77    56.825 54897.10726963 38.26 291.886683  -3.353236 13.677
 77    56.849 54897.10727028 43.80 291.885953  -3.349926 13.677
 77    56.902 54897.10727092 41.45 291.885223  -3.346626 13.677
 77    56.840 54897.10727156 43.88 291.884493  -3.343316 13.677
 77    56.700 54897.10727221 38.17 291.883773  -3.340016 13.677
 77    56.443 54897.10727285 28.29 291.883043  -3.336706 13.677
 77    56.028 54897.10727350 23.18 291.882313  -3.333406 13.677
 78    57.028 54932.10723598 46.57 291.886806  -3.350811 24.313
 78    57.129 54932.10723663 42.87 291.886076  -3.347511 24.313
 78    57.333 54932.10723727 46.90 291.885346  -3.344201 24.313
 78    57.224 54932.10723792 42.02 291.884616  -3.340901 24.313
 78    57.220 54932.10723856 47.58 291.883896  -3.337601 24.313
 78    57.128 54932.10723921 48.42 291.883166  -3.334291 24.313
 78    57.198 54932.10723985 45.96 291.882436  -3.330991 24.313
 79    57.514 54967.10727144 35.90 291.887554  -3.352574 15.834
 79    57.584 54967.10727208 41.20 291.886824  -3.349274 15.834
 79    57.609 54967.10727272 41.99 291.886094  -3.345964 15.834
 79    57.538 54967.10727337 46.23 291.885364  -3.342664 15.834
 79    57.553 54967.10727401 44.86 291.884644  -3.339364 15.834
 79    57.393 54967.10727466 32.79 291.883914  -3.336054 15.834
 79    56.918 54967.10727530 26.16 291.883184  -3.332744 15.834
 80    57.175 55002.10729109 56.45 291.884947  -3.352890 23.397
 80    57.055 55002.10729174 46.69 291.884217  -3.349590 23.397
 80    57.151 55002.10729238 43.96 291.883487  -3.346280 23.397
 80    57.198 55002.10729303 46.76 291.882767  -3.342980 23.397
 80    57.137 55002.10729367 49.06 291.882037  -3.339670 23.397
 80    57.131 55002.10729432 50.09 291.881307  -3.336370 23.397
 80    57.174 55002.10729496 50.41 291.880577  -3.333060 23.397
 81    54.968 55037.10727707 45.04 291.889162  -3.352648 21.357
 81    55.230 55037.10727772 40.71 291.888432  -3.349348 21.357
 81    55.146 55037.10727836 46.43 291.887702  -3.346038 21.357
 81    55.067 55037.10727901 46.46 291.886982  -3.342738 21.357
 81    55.053 55037.10727965 41.38 291.886252  -3.339428 21.357
 81    55.081 55037.10728030 43.46 291.885522  -3.336128 21.357
 81    54.931 55037.10728094 38.79 291.884792  -3.332828 21.357
 82    50.415 55072.10726491 34.03 291.887023  -3.351092 10.941
 82    49.943 55072.10726555 32.39 291.886293  -3.347782 10.941
 82    50.629 55072.10726620 37.17 291.885563  -3.344482 10.941
 82    51.022 55072.10726684 38.93 291.884833  -3.341172 10.941
 82    50.171 55072.10726749 30.32 291.884113  -3.337872 10.941
 82    50.051 55072.10726813 27.99 291.883383  -3.334562 10.941
 82    50.132 55072.10726878 26.71 291.882653  -3.331262 10.941
 83    49.089 55107.10720942 48.37 291.887604  -3.352858 12.505
 83    48.364 55107.10721007 27.51 291.886874  -3.349558 12.505
 83    47.719 55107.10721071 24.21 291.886144  -3.346248 12.505
 83    48.355 55107.10721136 33.69 291.885414  -3.342948 12.505
 83    48.406 55107.10721200 27.82 291.884694  -3.339638 12.505
 83    53.373 55107.10721264 22.33 291.883964  -3.336338 12.505
 83    47.831 55107.10721329 23.28 291.883234  -3.333028 12.505
 84    49.478 55142.10721425 35.39 291.887168  -3.353782 15.718
 84    49.716 55142.10721490 28.53 291.886438  -3.350472 15.718
 84    49.405 55142.10721554 23.46 291.885708  -3.347172 15.718
 84    49.922 55142.10721619 42.36 291.884978  -3.343862 15.718
 84    50.293 55142.10721683 39.58 291.884258  -3.340562 15.718
 84    50.103 55142.10721748 21.62 291.883528  -3.337252 15.718
 84    48.946 55142.10721812 17.76 291.882798  -3.333952 15.718
 85    53.377 55177.10717941 45.29 291.889777  -3.353837  9.117
 85    53.988 55177.10718005 37.57 291.889047  -3.350527  9.117
 85    53.405 55177.10718070 40.49 291.888317  -3.347227  9.117
 85    53.604 55177.10718134 45.68 291.887587  -3.343927  9.117
 85    53.485 55177.10718199 33.78 291.886867  -3.340617  9.117
 85    53.106 55177.10718263 31.77 291.886137  -3.337317  9.117
 85    53.140 55177.10718328 31.05 291.885407  -3.334007  9.117
 85    53.199 55177.10718392 30.13 291.884677  -3.330707  9.117
 86    54.538 55212.10720974 41.45 291.887411  -3.351478  8.014
 86    54.938 55212.10721038 33.51 291.886681  -3.348178  8.014
 86    54.851 55212.10721103 41.72 291.885951  -3.344868  8.014
 86    55.328 55212.10721167 44.01 291.885231  -3.341568  8.014
 86    54.440 55212.10721232 32.10 291.884501  -3.338268  8.014
 86    54.516 55212.10721296 30.79 291.883771  -3.334958  8.014
 86    54.241 55212.10721361 29.47 291.883041  -3.331648  8.014
 87    54.374 55247.10718229 51.87 291.888467  -3.352056 12.703
 87    54.723 55247.10718293 38.16 291.887737  -3.348756 12.703
 87    54.912 55247.10718358 40.54 291.887007  -3.345446 12.703
 87    54.618 55247.10718422 47.01 291.886277  -3.342146 12.703
 87    54.698 55247.10718487 44.88 291.885557  -3.338834 22.122
 87    54.815 55247.10718551 49.25 291.884827  -3.335534 22.122
 87    54.654 55247.10718616 50.04 291.884097  -3.332224 22.122
 88    54.878 55282.10720273 49.69 291.887027  -3.353284 22.441
 88    54.751 55282.10720337 36.86 291.886297  -3.349974 22.441
 88    55.083 55282.10720401 37.94 291.885567  -3.346674 22.441
 88    54.913 55282.10720466 47.30 291.884837  -3.343364 22.441
 88    54.915 55282.10720530 42.79 291.884117  -3.340064 22.441
 88    54.885 55282.10720595 48.11 291.883387  -3.336764 22.441
 88    54.816 55282.10720659 49.79 291.882657  -3.333454 22.441
 89    56.075 55317.10717227 44.09 291.886207  -3.351302 20.848
 89    56.148 55317.10717291 38.57 291.885477  -3.347992 20.848
 89    56.141 55317.10717356 41.95 291.884757  -3.344692 20.848
 89    56.154 55317.10717420 39.75 291.884027  -3.341382 20.848
 89    56.154 55317.10717485 49.07 291.883297  -3.338082 20.848
 89    56.220 55317.10717549 52.01 291.882567  -3.334772 20.848
 89    56.038 55317.10717614 52.78 291.881837  -3.331472 20.848
 90    55.711 55352.10717559 44.64 291.887623  -3.353008 11.473
 90    55.978 55352.10717623 42.14 291.886893  -3.349708 11.473
 90    55.920 55352.10717688 37.61 291.886163  -3.346398 11.473
 90    55.618 55352.10717752 46.62 291.885433  -3.343098 11.473
 90    55.711 55352.10717816 34.05 291.884713  -3.339788 11.473
 90    55.480 55352.10717881 28.58 291.883983  -3.336488 11.473
 90    55.357 55352.10717945 27.80 291.883253  -3.333178 11.473
 91    51.401 55387.10717143 40.51 291.886535  -3.351434 12.341
 91    51.222 55387.10717208 35.40 291.885805  -3.348124 12.341
 91    51.740 55387.10717272 36.02 291.885075  -3.344824 12.341
 91    51.645 55387.10717337 41.78 291.884345  -3.341524 12.341
 91    51.298 55387.10717401 28.83 291.883625  -3.338214 12.341
 91    50.965 55387.10717465 26.81 291.882895  -3.334914 12.341
 91    51.138 55387.10717530 25.98 291.882165  -3.331604 12.341
 92    48.615 55422.10719318 51.45 291.889057  -3.354066 17.960
 92    48.184 55422.10719382 32.70 291.888327  -3.350756 17.960
 92    50.830 55422.10719447 25.29 291.887597  -3.347456 17.960
 92    48.504 55422.10719511 26.91 291.886867  -3.344146 17.960
 92    48.838 55422.10719576 32.41 291.886147  -3.340846 17.960
 92    48.928 55422.10719640 47.38 291.885417  -3.337536 17.960
 92    49.389 55422.10719705 50.08 291.884687  -3.334236 17.960
 92    48.931 55422.10719769 46.82 291.883957  -3.330926 17.960
 93    45.400 55457.10716768 34.01 291.887782  -3.351573 15.812
 93    44.594 55457.10716833 29.66 291.887052  -3.348263 15.812
 93    44.786 55457.10716897 33.03 291.886322  -3.344963 15.812
 93    45.440 55457.10716961 34.74 291.885592  -3.341653 15.812
 93    45.672 55457.10717026 44.73 291.884872  -3.338353 15.812
 93    45.872 55457.10717090 46.27 291.884142  -3.335043 15.812
 93    45.653 55457.10717155 47.56 291.883412  -3.331743 15.812
