-136908.320   110.253     0.00    6.86
-136532.254   106.591    -9.74    7.66
-136156.187   104.181    -6.41    8.26
-135780.119   102.692    -3.96    7.79
-135404.050   103.309     1.64    8.13
-135027.980   105.918     6.94    8.53
-134651.909   108.658     7.29    7.76
-134275.837   106.737    -5.11    9.41
-133899.764   107.079     0.91    8.52
-133523.690   105.350    -4.60    8.68
-133147.614   102.685    -7.09    9.12
-132771.538   102.053    -1.68    9.44
-132395.461    98.470    -9.53    9.95
-132019.383    94.553   -10.41    9.97
-131643.304    92.134    -6.43    9.17
-131267.223    90.675    -3.88    7.83
-130891.142    91.161     1.29    7.66
-130515.060    93.859     7.17    8.22
-130138.977    95.899     5.43    8.84
-129762.892    97.463     4.16    7.92
-129386.807    98.539     2.86    6.95
-129010.721   100.797     6.00   12.61
-128634.633   106.215    14.41   15.72
-128258.545   110.694    11.91   18.21
-127882.455   113.764     8.16   19.07
-127506.365   107.591   -16.41   23.90
-127130.273    97.414   -27.06   23.30
-126754.180    89.500   -21.04   19.20
-126378.087    81.745   -20.62   10.14
-126001.992    79.196    -6.78    9.57
-125625.896    76.156    -8.08   10.74
-125249.799    71.864   -11.41   10.65
-124873.701    64.080   -20.70    8.82
-124497.603    56.648   -19.76    8.12
-124121.503    51.442   -13.84    8.35
-123745.401    45.921   -14.68    8.28
-123369.299    39.614   -16.77    6.92
-122993.196    35.377   -11.26    5.83
-122617.092    34.079    -3.45    4.83
-122240.987    33.000    -2.87    4.93
-121864.880    29.948    -8.12    7.84
-121488.773    24.999   -13.16   11.08
-121112.664    17.778   -19.20   13.06
-120736.555    16.918    -2.29   11.19
-120360.444    19.702     7.40   12.72
-119984.333    25.161    14.52   11.98
-119608.220    31.110    15.82    5.45
-119232.106    30.899    -0.56    5.20
-118855.991    28.848    -5.45    5.82
-118479.875    28.196    -1.73    5.43
-118103.758    28.810     1.63    5.62
-117727.640    31.053     5.96    4.93
-117351.521    32.316     3.36    3.56
-116975.400    32.428     0.30    3.79
-116599.279    31.756    -1.79    3.73
-116223.156    29.737    -5.37    3.57
-115847.033    28.185    -4.13    3.66
-115470.908    27.515    -1.78    3.10
-115094.782    28.161     1.72    3.75
-114718.655    29.403     3.30    4.25
-114342.527    30.079     1.80    3.86
-113966.398    30.188     0.29    4.14
-113590.268    30.702     1.37    4.24
-113214.137    30.525    -0.47    4.02
-112838.004    29.643    -2.35    4.09
-112461.871    30.130     1.30    4.11
-112085.736    32.767     7.01    6.01
-111709.600    39.211    17.13   11.09
-111333.463    45.675    17.18   10.82
-110957.325    51.942    16.66    9.29
-110581.186    56.335    11.68    9.24
-110205.046    57.026     1.84   10.16
-109828.905    61.617    12.21   13.99
-109452.762    64.106     6.62   15.24
-109076.619    66.878     7.37   15.78
-108700.474    69.729     7.58   17.33
-108324.328    76.028    16.75   18.93
-107948.181    84.002    21.20   20.75
-107572.033    94.359    27.53   16.99
-107195.884    92.810    -4.12   15.63
-106819.734    87.891   -13.08   14.65
-106443.582    81.999   -15.66   14.73
-106067.430    76.002   -15.94   14.22
-105691.276    69.853   -16.35   14.70
-105315.121    65.976   -10.31   14.33
-104938.965    61.711   -11.34   11.07
-104562.808    60.303    -3.74    9.34
-104186.650    58.899    -3.73   10.77
-103810.490    55.685    -8.55   11.20
-103434.330    55.974     0.77   10.31
-103058.168    56.594     1.65   11.70
-102682.005    63.720    18.94   13.42
-102305.841    75.188    30.49   15.91
-101929.676    81.232    16.07   16.92
-101553.509    90.278    24.05   15.57
-101177.342    93.710     9.12   14.34
-100801.173    97.485    10.04   13.49
-100425.003   100.215     7.26   13.31
-100048.832   101.918     4.53   14.77
 -99672.660    97.161   -12.65   17.94
 -99296.487    91.747   -14.39   17.97
 -98920.312    86.853   -13.01   16.68
 -98544.137    82.720   -10.99   14.23
 -98167.960    85.161     6.49   12.85
 -97791.782    90.950    15.39   16.52
 -97415.603    94.553     9.58   19.38
 -97039.422    93.386    -3.10   18.70
 -96663.241    92.999    -1.03   20.89
 -96287.058    88.232   -12.67   18.94
 -95910.874    83.886   -11.55   17.53
 -95534.689    85.874     5.28   18.03
 -95158.503    84.899    -2.59   17.22
 -94782.315    84.616    -0.75   15.38
 -94406.127    87.431     7.49   15.86
 -94029.937    86.188    -3.30   12.98
 -93653.746    89.269     8.19   15.83
 -93277.553    92.431     8.41   16.38
 -92901.360    98.581    16.35   18.25
 -92525.165   104.027    14.48   19.05
 -92148.970   102.053    -5.25   18.69
 -91772.773   102.945     2.37   17.43
 -91396.574    99.158   -10.07   15.06
 -91020.375    97.463    -4.51   11.11
 -90644.174   101.079     9.61    9.38
 -90267.973   102.837     4.67    8.51
 -89891.769   106.053     8.55    7.36
 -89515.565   110.431    11.64    6.91
 -89139.360   110.474     0.11    8.34
 -88763.153   107.816    -7.06   10.62
 -88386.945   104.522    -8.76   12.15
 -88010.736   104.899     1.00   15.64
 -87634.526   109.474    12.16   19.30
 -87258.314   110.497     2.72   19.81
 -86882.101   115.079    12.18   18.42
 -86505.887   115.331     0.67   16.95
 -86129.672   111.822    -9.33   15.36
 -85753.456   107.079   -12.61   17.80
 -85377.238   101.269   -15.44   17.16
 -85001.019    97.027   -11.28   16.42
 -84624.799    98.463     3.82   17.97
 -84248.578   104.156    15.13   21.41
 -83872.355   111.161    18.62   22.31
 -83496.131   113.463     6.12   19.67
 -83119.906   110.891    -6.84   20.50
 -82743.680   110.431    -1.22   19.19
 -82367.452   102.648   -20.69   19.06
 -81991.223    98.935    -9.87   17.01
 -81615.092    96.489    -6.50   18.45
 -81239.107    89.463   -18.69   19.80
 -80863.121    84.664   -12.76   15.12
 -80487.133    88.412     9.97   17.98
 -80111.144    97.886    25.20   20.34
 -79735.154   110.948    34.74   17.52
 -79359.162   120.309    24.90   11.43
 -78983.169   124.594    11.39    9.07
 -78607.175   124.816     0.59    9.83
 -78231.180   123.822    -2.64   12.15
 -77855.183   119.528   -11.42   17.23
 -77479.186   117.215    -6.15   16.32
 -77103.187   112.540   -12.43   17.16
 -76727.186   106.412   -16.30   19.06
 -76351.185   106.747     0.89   17.63
 -75975.182   106.539    -0.55   16.75
 -75599.178   103.970    -6.83   18.27
 -75223.172   100.316    -9.72   19.96
 -74847.166   103.828     9.34   18.22
 -74471.158   106.636     7.47   16.54
 -74095.148   111.822    13.79   12.50
 -73719.138   114.350     6.72    9.29
 -73343.126   115.000     1.73    4.94
 -72967.113   112.027    -7.91    9.20
 -72591.099   105.816   -16.52   16.83
 -72215.083   103.242    -6.85   17.48
 -71839.066   100.648    -6.90   18.86
 -71463.048   101.528     2.34   17.16
 -71087.028    99.192    -6.21   17.71
 -70711.007    95.515    -9.78   19.05
 -70334.985    97.737     5.91   18.44
 -69958.962   101.080     8.89   15.15
 -69582.937   106.404    14.16    6.59
 -69206.911   106.109    -0.79    8.40
 -68830.884   101.848   -11.33   13.70
 -68454.855    98.478    -8.96   15.55
 -68078.825    96.431    -5.44   15.91
 -67702.794    92.353   -10.85   17.40
 -67326.762    87.685   -12.41   18.23
 -66950.728    77.106   -28.13   21.68
 -66574.693    61.837   -40.60   18.32
 -66198.656    50.950   -28.95   14.92
 -65822.618    45.107   -15.54   11.22
 -65446.579    40.414   -12.48    9.16
 -65070.539    40.053    -0.96    8.98
 -64694.497    41.470     3.77   12.21
 -64318.454    42.002     1.41   12.52
 -63942.410    40.566    -3.82   12.28
 -63566.364    38.424    -5.69   10.60
 -63190.317    35.918    -6.67    4.98
 -62814.269    33.918    -5.32    4.83
 -62438.219    31.972    -5.17    5.30
 -62062.168    27.978   -10.62    7.12
 -61686.116    24.431    -9.43    7.56
 -61310.062    23.421    -2.69    8.04
 -60934.007    23.232    -0.50    9.86
 -60557.950    27.211    10.58   15.23
 -60181.893    34.810    20.21   18.55
 -59805.834    42.643    20.83   17.81
 -59429.773    50.948    22.08    9.19
 -59053.712    53.136     5.82    6.30
 -58677.648    54.026     2.37    6.08
 -58301.584    55.747     4.58    5.80
 -57925.518    57.711     5.22    4.56
 -57549.451    57.797     0.23    5.24
 -57173.383    56.709    -2.89    5.98
 -56797.313    54.323    -6.34    6.98
 -56421.241    51.972    -6.25    7.97
 -56045.169    50.323    -4.38    7.95
 -55669.095    47.771    -6.79    8.91
 -55293.020    46.500    -3.38    9.97
 -54916.943    46.284    -0.58    9.77
 -54540.865    46.156    -0.34   10.19
 -54164.786    47.130     2.59   10.05
 -53788.705    50.972    10.22   10.71
 -53412.623    56.720    15.28   10.66
 -53036.539    61.737    13.34   12.96
 -52660.454    66.609    12.95   14.61
 -52284.368    76.404    26.05   16.97
 -51908.280    81.747    14.21   17.50
 -51532.191    78.512    -8.60   18.68
 -51156.101    77.002    -4.02   17.90
 -50780.009    76.326    -1.80   17.37
 -50403.916    77.309     2.62   15.14
 -50027.821    83.158    15.55   11.96
 -49651.726    79.386   -10.03   11.62
 -49275.628    74.309   -13.50   11.21
 -48899.530    71.485    -7.51   10.87
 -48523.429    69.002    -6.60   10.54
 -48147.328    69.948     2.52   10.59
 -47771.225    74.848    13.03   11.30
 -47395.121    78.756    10.39   10.01
 -47019.015    78.974     0.58   10.02
 -46642.908    77.578    -3.71   10.88
 -46266.799    75.414    -5.75    9.79
 -45890.689    76.215     2.13   11.87
 -45514.578    79.539     8.84   13.74
 -45138.465    85.999    17.17   14.78
 -44762.351    89.891    10.35   14.10
 -44386.236    85.224   -12.41   16.05
 -44010.119    85.453     0.61   16.51
 -43634.000    81.790    -9.74   16.12
 -43257.881    81.783    -0.02   15.97
 -42881.759    87.386    14.90   14.64
 -42505.637    85.474    -5.08   13.09
 -42129.513    81.211   -11.33   11.65
 -41753.387    77.921    -8.75   13.46
 -41377.260    74.284    -9.67   12.04
 -41001.132    70.386   -10.36   10.61
 -40625.002    70.000    -1.03   13.45
 -40248.871    73.428     9.11   15.77
 -39872.738    77.882    11.84   16.81
 -39496.604    73.458   -11.76   14.67
 -39120.469    68.323   -13.65    9.97
 -38744.332    68.621     0.79   10.17
 -38368.193    71.864     8.62   12.93
 -37992.054    73.803     5.16   14.07
 -37615.912    73.822     0.05   13.20
 -37239.770    70.771    -8.11   14.18
 -36863.626    66.215   -12.11   13.05
 -36487.480    65.237    -2.60   11.33
 -36111.333    62.874    -6.28   14.00
 -35735.184    62.950     0.20   15.10
 -35359.035    65.107     5.73   17.56
 -34982.883    68.874    10.01   17.70
 -34606.730    71.442     6.83   15.54
 -34230.576    69.448    -5.30   15.05
 -33854.420    63.869   -14.83   15.04
 -33478.263    58.834   -13.38   15.57
 -33102.104    59.258     1.13   15.14
 -32725.944    66.485    19.21   18.61
 -32349.782    76.247    25.95   19.27
 -31973.619    81.188    13.13   15.58
 -31597.455    81.109    -0.21   15.87
 -31221.289    73.974   -18.97   15.94
 -30845.121    64.303   -25.71   14.56
 -30468.952    58.350   -15.82   11.84
 -30092.782    59.874     4.05   11.72
 -29716.610    66.591    17.86   16.56
 -29340.436    76.950    27.54   16.93
 -28964.262    80.431     9.25   15.61
 -28588.085    77.591    -7.55   17.46
 -28211.907    67.567   -26.65   17.76
 -27835.728    62.107   -14.51   12.92
 -27459.547    58.945    -8.41   13.07
 -27083.365    59.967     2.72   14.41
 -26707.181    60.515     1.45   16.05
 -26330.996    65.258    12.61   16.83
 -25954.809    67.997     7.28   14.74
 -25578.621    66.783    -3.23   15.50
 -25202.431    62.303   -11.91   16.83
 -24826.239    51.369   -29.07   18.05
 -24450.047    43.515   -20.88   16.64
 -24073.852    40.215    -8.77   16.31
 -23697.656    35.790   -11.76   13.96
 -23321.459    33.790    -5.32   14.55
 -22945.260    30.848    -7.82   15.19
 -22569.060    31.053     0.55   15.10
 -22192.858    31.453     1.06   16.03
 -21816.655    36.448    13.28   16.25
 -21440.450    40.188     9.94   13.17
 -21064.243    42.161     5.24   10.64
 -20688.036    37.970   -11.14   12.87
 -20311.826    29.899   -21.45   17.22
 -19935.615    20.874   -23.99   20.72
 -19559.403    10.996   -26.26   15.42
 -19183.189     5.185   -15.45    9.80
 -18806.973     3.269    -5.09    6.78
 -18430.756     7.609    11.53   10.29
 -18054.537    18.130    27.97   17.26
 -17678.317    24.350    16.53   16.66
 -17302.096    29.553    13.83   14.70
 -16925.872    27.027    -6.71   17.20
 -16549.648    18.978   -21.39   15.00
 -16173.421    15.512    -9.21   13.46
 -15797.194    12.628    -7.67   10.94
 -15420.964    10.874    -4.66    9.77
 -15044.733    10.136    -1.96    9.39
 -14668.501     9.539    -1.59    9.63
 -14292.267    12.756     8.55    9.47
 -13916.031    16.729    10.56   11.38
 -13539.794    19.463     7.27   12.89
 -13163.556    22.497     8.06   13.14
 -12787.315    24.079     4.20   15.11
 -12411.074    25.632     4.13   15.22
 -12034.830    28.025     6.36   14.42
 -11658.585    30.976     7.84   13.82
 -11282.339    33.822     7.56   12.02
 -10906.091    41.369    20.06   11.94
 -10529.841    43.886     6.69   11.66
 -10153.590    43.540    -0.92   12.52
  -9777.337    32.323   -29.81   21.79
  -9401.083    18.566   -36.56   21.92
  -9024.827     6.678   -31.60   15.48
  -8648.570    -0.947   -20.27    0.00
  -8272.311    -0.947     0.00    0.00
  -7896.050    -0.947     0.00    0.00
  -7519.788     0.458     3.74    3.39
  -7143.524     4.026     9.48    6.31
  -6767.259     6.609     6.86    6.07
  -6391.241    10.903    11.42    5.65
  -6015.299    13.335     6.47    5.50
  -5639.354    11.134    -5.85    6.95
  -5263.409    10.361    -2.06    6.89
  -4887.461     8.764    -4.25    6.51
  -4511.512     6.745    -5.37    5.15
  -4135.562     6.080    -1.77    5.08
  -3759.610     5.899    -0.48    4.28
  -3383.656     5.747    -0.40    3.97
  -3007.701     7.412     4.43    4.01
  -2631.744     7.309    -0.27    4.32
  -2255.785     6.366    -2.51    4.36
  -1879.825     6.783     1.11    3.87
  -1503.863     6.648    -0.36    3.24
  -1127.900     6.675     0.07    2.67
   -751.935     4.316    -6.27    3.79
   -375.969     1.945    -6.31    3.41
     -0.001     0.207    -4.62    2.48
    375.969     0.027    -0.48    2.69
    751.941     2.685     7.07    4.81
   1127.914     6.053     8.96    5.33
   1503.888     9.694     9.68    4.78
   1879.864    11.181     3.96    4.89
   2255.842    11.648     1.24    5.02
   2631.822    10.976    -1.79    4.83
   3007.803     9.107    -4.97    4.56
   3383.785     8.053    -2.80    4.66
   3759.770     9.002     2.52    5.64
   4135.756     9.928     2.46    6.36
   4511.743    10.412     1.29    6.89
   4887.732    10.972     1.49    7.28
   5263.723    11.161     0.50    7.29
   5639.716     9.002    -5.74    7.63
   6015.710     7.269    -4.61    6.77
   6391.706     8.874     4.27    6.68
   6767.703     9.361     1.30    6.41
   7143.702    10.132     2.05    6.07
   7519.703     8.816    -3.50    6.13
   7895.705     6.720    -5.58    6.43
   8271.709     6.720     0.00    5.95
   8647.715     5.621    -2.92    4.89
   9023.722     5.579    -0.11    3.99
   9399.731     5.242    -0.90    3.41
   9775.742     5.296     0.14    3.81
  10151.754     6.945     4.38    4.71
  10527.768     8.397     3.86    4.48
  10903.783     9.412     2.70    4.82
  11279.800     8.874    -1.43    4.42
  11655.819     9.497     1.66    4.80
  12031.840    11.156     4.41    6.28
  12407.862    14.648     9.29    7.14
  12783.886    17.591     7.83    6.52
  13159.911    19.053     3.89    5.70
  13535.939    17.711    -3.57    6.37
  13911.968    18.512     2.13    7.43
  14287.998    19.181     1.78    7.63
  14664.030    21.428     5.98    6.58
  15040.064    21.636     0.55    6.43
  15416.100    21.458    -0.47    7.52
  15792.137    23.242     4.74    9.31
  16168.176    25.891     7.04    9.05
  16544.217    30.837    13.15    6.70
  16920.259    33.682     7.57    3.65
  17296.303    35.128     3.85    3.27
  17672.349    35.412     0.76    3.03
  18048.396    34.594    -2.18    3.29
  18424.445    33.643    -2.53    3.50
  18800.496    32.470    -3.12    3.43
  19176.549    31.027    -3.84    2.99
  19552.603    29.632    -3.71    3.18
  19928.659    28.720    -2.43    3.18
  20304.716    28.161    -1.49    3.39
  20680.775    27.948    -0.57    3.61
  21056.836    27.643    -0.81    4.04
  21432.899    27.831     0.50    3.97
  21808.963    27.921     0.24    3.63
  22185.030    28.296     1.00    3.24
  22561.097    28.648     0.93    2.82
  22937.167    28.053    -1.58    3.27
  23313.238    26.636    -3.77    3.49
  23689.311    26.566    -0.19    3.60
  24065.386    26.678     0.30    3.76
  24441.462    27.747     2.84    3.32
  24817.540    28.643     2.38    4.26
  25193.620    29.421     2.07    4.57
  25569.702    30.515     2.91    4.87
  25945.785    32.027     4.02    5.17
  26321.870    32.438     1.09    4.39
  26697.957    32.664     0.60    4.70
  27074.045    32.948     0.75    4.80
  27450.136    31.668    -3.40    4.96
  27826.228    31.367    -0.80    3.72
  28202.321    31.027    -0.90    3.53
  28578.417    31.185     0.42    4.99
  28954.514    32.567     3.67    5.98
  29330.613    33.837     3.38    7.13
  29706.714    33.886     0.13    8.52
  30082.816    34.591     1.87    5.99
  30458.920    33.492    -2.92    6.75
  30835.026    33.702     0.56    7.21
  31211.134    34.053     0.93    5.30
  31587.243    32.342    -4.55    8.21
  31963.354    29.448    -7.70   10.14
  32339.467    25.107   -11.54   12.08
  32715.582    20.028   -13.50   12.53
  33091.698    18.621    -3.74   11.41
  33467.817    20.026     3.74   11.28
  33843.936    23.539     9.34   10.13
  34220.058    23.053    -1.29   12.04
  34596.182    18.925   -10.98   11.88
  34972.307    15.232    -9.82   10.69
  35348.434    11.996    -8.61    8.14
  35724.563    11.783    -0.57    6.77
  36100.693    12.648     2.30    6.71
  36476.826    12.816     0.45    5.91
  36852.960    12.178    -1.70    6.67
  37229.096    13.350     3.12    7.60
  37605.233    13.606     0.68    7.44
  37981.373    15.106     3.99    8.50
  38357.514    16.258     3.06    8.16
  38733.657    17.323     2.83    7.63
  39109.802    18.703     3.67    7.82
  39485.949    21.106     6.39    8.38
  39862.097    24.192     8.20    7.85
  40238.247    25.621     3.80    6.24
  40614.399    26.970     3.59    5.50
  40990.553    27.617     1.72    5.49
  41366.709    28.899     3.41    5.80
  41742.866    29.482     1.55    5.35
  42119.025    28.404    -2.86    5.21
  42495.186    27.323    -2.87    5.00
  42871.349    25.783    -4.10    3.98
  43247.514    24.617    -3.10    3.75
  43623.680    24.161    -1.21    2.94
  43999.848    23.438    -1.92    3.86
  44376.018    22.290    -3.05    5.27
  44752.190    19.232    -8.13    5.38
  45128.364    17.567    -4.43    4.69
  45504.539    18.907     3.56    4.94
  45880.716    20.925     5.36    5.71
  46256.895    23.803     7.65    5.72
  46633.076    26.999     8.50    5.79
  47009.259    30.026     8.05    3.07
  47385.444    29.972    -0.14    3.69
  47761.630    29.720    -0.67    3.53
  48137.818    28.612    -2.94    3.47
  48514.008    28.002    -1.62    3.43
  48890.200    27.158    -2.24    3.06
  49266.394    27.275     0.31    2.67
  49642.590    26.156    -2.98    4.39
  50018.787    25.648    -1.35    5.47
  50394.986    24.950    -1.85    6.41
  50771.187    24.369    -1.55    7.53
  51147.390    22.027    -6.22    8.84
  51523.595    22.864     2.22    8.64
  51899.801    22.079    -2.09    8.92
  52276.010    19.668    -6.41    8.99
  52652.220    17.970    -4.52    8.76
  53028.432    15.215    -7.32    7.51
  53404.646    13.026    -5.82    7.03
  53780.862    10.323    -7.18    6.35
  54157.080     8.377    -5.17    5.60
  54533.299     7.453    -2.46    4.98
  54909.521     6.328    -2.99    4.74
  55285.744     6.579     0.67    4.96
  55661.969     7.350     2.05    5.08
  56038.196    11.848    11.95    8.12
  56414.425    16.053    11.18    8.67
  56790.656    20.764    12.52    8.35
  57166.888    20.027    -1.96    9.31
  57543.123    20.463     1.16    8.91
  57919.359    19.783    -1.81    8.47
  58295.597    21.290     4.01    8.90
  58671.837    25.278    10.60    7.17
  59048.079    27.767     6.62    4.86
  59424.323    27.864     0.26    4.41
  59800.569    26.377    -3.95    6.88
  60176.817    24.323    -5.46    7.28
  60553.066    21.567    -7.33    8.28
  60929.318    19.136    -6.46    9.07
  61305.571    18.822    -0.83    9.29
  61681.826    18.412    -1.09    8.91
  62058.083    22.810    11.69    8.45
  62434.342    27.361    12.10    4.81
  62810.603    28.974     4.29    3.69
  63186.866    29.130     0.41    3.26
  63563.130    28.539    -1.57    3.46
  63939.397    28.515    -0.07    3.11
  64315.665    28.164    -0.93    3.43
  64691.935    28.053    -0.30    4.09
  65068.208    28.974     2.45    4.31
  65444.482    29.584     1.62    3.91
  65820.758    30.232     1.72    3.91
  66197.036    30.188    -0.12    4.14
  66573.316    29.247    -2.50    4.31
  66949.598    29.215    -0.09    3.07
  67325.881    27.970    -3.31    3.04
  67702.167    25.211    -7.33    5.36
  68078.454    22.181    -8.05    7.05
  68454.696    15.999   -16.43    9.26
  68830.606    12.412    -9.54    8.70
  69206.518     9.232    -8.46    6.68
  69582.432     7.079    -5.73    5.20
  69958.347     7.842     2.03    5.20
  70334.265    11.232     9.02    7.28
  70710.185    15.729    11.96    8.06
  71086.106    16.594     2.30    7.52
  71462.030    18.539     5.18    6.12
  71837.955    17.084    -3.87    5.71
  72213.882    19.309     5.92    7.34
  72589.811    22.342     8.07    7.12
  72965.743    24.386     5.44    6.75
  73341.676    26.783     6.37    4.17
  73717.611    26.775    -0.02    4.10
  74093.548    26.421    -0.94    4.62
  74469.487    23.335    -8.21    7.66
  74845.427    20.053    -8.73    9.03
  75221.370    17.643    -6.41    7.72
  75597.315    17.591    -0.14    7.70
  75973.262    18.976     3.68    8.25
  76349.210    22.134     8.40    7.93
  76725.161    22.628     1.31    9.31
  77101.114    18.080   -12.10   11.31
  77477.068    15.972    -5.61   11.01
  77853.025    13.756    -5.89   10.17
  78228.983    10.200    -9.46    7.74
  78604.943    10.309     0.29    7.07
  78980.906    10.566     0.68    8.42
  79356.870    11.609     2.77    9.18
  79732.836    12.950     3.57    9.87
  80108.805    11.942    -2.68    9.38
  80484.775    12.711     2.05    9.06
  80860.747    14.386     4.46    9.35
  81236.721    18.377    10.62    9.58
  81612.698    24.474    16.22    6.90
  81988.676    27.053     6.86    5.59
  82364.656    28.853     4.79    5.44
  82740.638    29.918     2.83    5.50
  83116.622    31.489     4.18    4.83
  83492.608    32.335     2.25    3.96
  83868.596    32.997     1.76    2.48
  84244.586    33.377     1.01    3.41
  84620.578    34.414     2.76    3.77
  84996.572    36.156     4.63    3.79
  85372.568    37.591     3.82    2.94
  85748.566    38.331     1.97    2.85
  86124.566    36.643    -4.49    4.25
  86500.568    36.442    -0.53    4.51
  86876.572    36.737     0.79    4.63
  87252.578    36.771     0.09    4.36
  87628.586    36.553    -0.58    6.01
  88004.596    36.448    -0.28    5.81
  88380.609    34.711    -4.62    7.31
  88756.623    34.203    -1.35    6.71
  89132.639    33.026    -3.13    7.38
  89508.657    33.803     2.07    6.30
  89884.677    34.474     1.78    5.75
  90260.699    35.359     2.35    5.98
  90636.723    37.215     4.94    2.97
  91012.749    36.609    -1.61    2.98
  91388.777    37.237     1.67    3.28
  91764.807    37.628     1.04    3.57
  92140.840    37.918     0.77    3.16
  92516.874    37.853    -0.17    3.07
  92892.910    36.685    -3.11    3.16
  93268.948    35.053    -4.34    3.29
  93644.989    34.132    -2.45    2.57
  94021.031    34.361     0.61    2.63
  94397.075    35.711     3.59    2.78
  94773.122    36.359     1.72    2.33
  95149.170    36.207    -0.40    2.35
  95525.221    35.275    -2.48    2.91
  95901.273    33.603    -4.45    2.99
  96277.328    33.002    -1.60    2.82
  96653.384    32.553    -1.19    2.29
  97029.443    33.161     1.62    2.27
  97405.504    34.470     3.48    1.75
  97781.567    35.002     1.41    1.75
  98157.631    35.463     1.23    2.15
  98533.698    35.567     0.27    2.30
  98909.767    34.903    -1.76    2.74
  99285.838    34.566    -0.90    3.73
  99661.911    34.921     0.95    4.65
 100037.986    34.810    -0.30    5.30
 100414.063    35.925     2.96    5.24
 100790.143    36.284     0.95    4.36
 101166.224    36.497     0.57    3.52
 101542.307    35.720    -2.07    2.83
 101918.393    35.192    -1.40    2.54
 102294.480    34.822    -0.98    2.37
 102670.570    34.668    -0.41    2.10
 103046.661    34.935     0.71    1.85
 103422.755    35.269     0.89    1.83
 103798.851    35.485     0.57    2.15
 104174.949    35.458    -0.07    1.76
 104551.049    35.328    -0.35    1.75
 104927.151    35.053    -0.73    1.81
 105303.255    34.899    -0.41    1.91
 105679.361    34.822    -0.20    2.06
 106055.469    35.632     2.15    2.49
 106431.580    36.485     2.27    2.13
 106807.692    36.156    -0.88    2.36
 107183.807    35.816    -0.90    2.98
 107559.923    35.636    -0.48    3.12
 107936.042    35.948     0.83    3.81
 108312.163    37.386     3.82    3.51
 108688.286    37.869     1.28    3.34
 109064.411    37.950     0.22    3.18
 109440.538    38.741     2.10    2.29
 109816.667    38.512    -0.61    2.17
 110192.799    39.053     1.44    2.46
 110568.932    38.675    -1.01    2.14
 110945.068    38.053    -1.65    2.26
 111321.206    37.864    -0.50    2.27
 111697.345    37.950     0.23    2.16
 112073.487    37.489    -1.23    1.89
 112449.631    37.335    -0.41    2.25
 112825.777    36.648    -1.83    2.39
 113201.926    36.643    -0.01    3.93
 113578.076    37.290     1.72    5.02
 113954.229    36.359    -2.48    6.03
 114330.383    36.972     1.63    5.60
 114706.540    37.621     1.72    4.73
 115082.699    37.161    -1.22    4.25
 115458.860    36.386    -2.06    4.78
 115835.023    33.709    -7.12    5.04
 116211.188    31.079    -6.99    5.51
 116587.356    27.643    -9.13    6.96
 116963.525    26.886    -2.01    8.32
 117339.697    27.027     0.37    9.70
 117715.871    29.837     7.47    9.86
 118092.047    32.591     7.32    8.88
 118468.225    35.797     8.52    6.19
 118844.405    37.527     4.60    4.54
 119220.588    37.053    -1.26    6.58
 119596.772    38.258     3.20    7.14
 119972.959    39.950     4.50    6.77
 120349.148    40.720     2.04    4.99
 120725.339    40.215    -1.34    5.72
 121101.532    40.756     1.44    5.16
 121477.728    38.837    -5.10    7.55
 121853.925    36.080    -7.33   10.60
 122230.125    35.347    -1.95   10.86
 122606.327    35.668     0.85    9.49
 122982.531    36.079     1.09    9.20
 123358.737    36.803     1.93    8.37
 123734.945    38.438     4.35    6.03
 124111.156    37.539    -2.39    6.69
 124487.368    36.617    -2.45    5.54
 124863.583    33.685    -7.79    7.18
 125239.800    31.361    -6.18    7.06
 125616.019    24.296   -18.78   11.57
 125992.241    16.591   -20.48   12.51
 126368.464    10.703   -15.65   11.18
 126744.690     5.803   -13.02    5.87
 127120.918     7.810     5.33    7.17
 127497.148     8.729     2.44    6.92
 127873.380     7.485    -3.30    6.70
 128249.615     5.567    -5.10    5.27
 128625.852     3.609    -5.20    2.32
 129002.091     3.053    -1.48    0.00
 129378.332     3.053     0.00    0.00
 129754.575     3.053     0.00    0.00
 130130.820     4.181     3.00    3.99
 130507.068     6.621     6.48    6.18
 130883.318     9.790     8.42    7.89
 131259.570    12.643     7.58    7.47
 131635.824    14.181     4.09    6.65
 132012.081    14.215     0.09    6.56
 132388.339    12.842    -3.65    5.75
 132764.600    12.771    -0.19    5.94
 133140.863    14.107     3.55    7.19
 133517.129    17.361     8.65    9.48
 133893.396    21.512    11.03   10.65
 134269.666    22.675     3.09   10.18
 134645.938    25.242     6.82    9.21
 135022.212    26.442     3.19    7.97
 135398.489    25.848    -1.58    7.92
 135774.767    27.253     3.73    8.29
 136151.048    28.837     4.21    9.05
 136527.331    30.678     4.89    9.08
 136903.616    33.027     6.24    8.23
 137279.904    32.463    -1.50    7.88
 137656.194    33.540     2.86    6.58
 138032.486    32.027    -4.02    7.20
 138408.780    31.609    -1.11    7.78
 138785.077    34.079     6.57    7.46
 139161.375    35.720     4.36    7.28
 139537.676    38.739     8.02    5.23
 139913.979    38.156    -1.55    4.59
 140290.285    39.643     3.95    4.22
 140666.593    39.918     0.73    5.28
 141042.902    40.891     2.59    5.46
 141419.215    40.837    -0.14    5.67
 141795.529    40.412    -1.13    5.86
 142171.846    42.130     4.57    6.01
 142548.165    43.648     4.03    5.70
 142924.486    43.428    -0.58    5.65
 143300.809    43.395    -0.09    4.92
 143676.909    41.448    -5.18    5.34
 144052.778    41.161    -0.76    4.93
 144428.649    40.720    -1.17    4.55
 144804.522    40.527    -0.51    4.00
 145180.398    40.081    -1.19    3.83
 145556.275    38.606    -3.92    3.59
 145932.156    37.220    -3.69    3.11
 146308.038    36.668    -1.47    2.42
 146683.923    36.720     0.14    2.58
 147059.809    38.053     3.55    4.08
 147435.699    39.269     3.24    4.31
 147811.590    40.729     3.88    4.56
 148187.484    43.158     6.46    5.68
 148563.380    43.803     1.72    5.47
 148939.278    43.215    -1.56    5.74
 149315.179    42.797    -1.11    5.01
 149691.081    39.211    -9.54    6.18
 150066.987    35.158   -10.78    7.82
 150442.894    32.621    -6.75    7.19
 150818.804    30.828    -4.77    6.38
 151194.716    29.895    -2.48    7.33
 151570.630    30.886     2.64    7.44
 151946.546    32.810     5.12    7.93
 152322.465    34.720     5.08    6.81
 152698.386    36.515     4.77    4.52
 153074.310    37.950     3.82    3.54
 153450.236    37.482    -1.25    3.89
 153826.164    36.864    -1.64    4.35
 154202.094    36.783    -0.22    3.87
 154578.027    37.161     1.01    2.73
 154953.962    37.428     0.71    2.73
 155329.899    38.269     2.24    2.21
 155705.838    38.079    -0.51    3.18
 156081.780    37.606    -1.26    3.46
 156457.724    37.438    -0.45    4.28
 156833.671    36.485    -2.53    5.12
 157209.620    36.603     0.31    5.37
 157585.571    37.948     3.58    4.39
 157961.524    36.831    -2.97    6.04
 158337.480    35.242    -4.23    6.80
 158713.438    36.164     2.45    6.73
 159089.399    35.181    -2.61    7.18
 159465.361    35.771     1.57    6.28
 159841.327    36.082     0.83    5.90
 160217.294    36.079    -0.01    5.72
 160593.264    36.594     1.37    4.89
 160969.236    37.109     1.37    4.17
 161345.210    37.771     1.76    3.70
 161721.187    38.737     2.57    2.67
 162097.166    38.822     0.23    2.79
 162473.147    39.553     1.94    2.86
 162849.131    39.678     0.33    3.04
 163225.117    40.377     1.86    3.44
 163601.106    39.980    -1.06    4.16
 163977.097    39.104    -2.33    4.20
 164353.090    37.664    -3.83    3.90
 164729.085    36.242    -3.78    3.98
 165105.083    35.891    -0.93    3.53
 165481.083    36.080     0.50    2.91
 165857.086    37.002     2.45    1.95
 166233.091    37.109     0.28    1.96
 166609.098    37.053    -0.15    2.15
 166985.108    37.369     0.84    2.29
 167361.120    37.497     0.34    3.71
 167737.134    38.002     1.34    3.91
 168113.151    37.617    -1.02    4.25
 168489.170    37.438    -0.48    4.97
 168865.191    36.790    -1.72    4.38
 169241.215    37.361     1.52    4.25
 169617.241    38.567     3.21    3.99
 169993.270    39.745     3.13    2.76
 170369.301    39.463    -0.75    3.05
 170745.334    39.553     0.24    3.19
 171121.370    39.675     0.32    3.03
 171497.408    38.999    -1.80    3.40
 171873.449    39.188     0.50    3.26
 172249.492    38.974    -0.57    3.11
 172625.537    38.386    -1.56    3.04
 173001.584    37.643    -1.98    2.94
 173377.635    36.842    -2.13    3.95
 173753.687    35.377    -3.90    4.52
 174129.742    35.438     0.16    4.65
 174505.799    35.211    -0.60    5.08
 174881.859    36.290     2.87    4.30
 175257.921    36.810     1.38    3.93
 175633.985    36.771    -0.10    3.11
 176010.052    38.026     3.34    3.34
 176386.121    37.822    -0.54    3.34
 176762.193    38.328     1.34    2.87
 177138.267    39.024     1.85    2.74
 177514.343    38.864    -0.43    2.99
 177890.422    39.269     1.08    3.27
 178266.503    39.783     1.37    3.41
 178642.587    39.729    -0.14    3.27
 179018.673    40.109     1.01    2.84
 179394.762    39.978    -0.35    3.11
 179770.853    40.515     1.43    2.66
 180146.946    40.675     0.43    2.07
 180523.042    40.950     0.73    2.17
 180899.140    40.237    -1.90    2.53
 181275.241    39.771    -1.24    3.31
 181651.344    40.080     0.82    3.09
 182027.449    39.899    -0.48    2.91
 182403.557    39.664    -0.62    2.96
 182779.667    39.361    -0.81    2.86
 183155.780    39.002    -0.95    2.63
 183531.895    38.524    -1.27    2.65
 183908.013    38.215    -0.82    2.49
 184284.133    37.702    -1.37    2.32
 184660.256    37.685    -0.05    2.36
 185036.381    38.215     1.41    2.47
 185412.508    38.747     1.42    2.44
 185788.638    39.053     0.81    2.58
 186164.770    39.335     0.75    2.69
 186540.905    39.079    -0.68    3.08
 186917.043    38.421    -1.75    3.41
 187293.182    38.361    -0.16    2.31
 187669.324    38.284    -0.20    3.18
 188045.469    38.350     0.18    3.39
 188421.616    38.694     0.91    3.60
 188797.766    39.192     1.32    2.94
 189173.918    39.976     2.08    2.75
 189550.072    40.643     1.77    2.67
 189926.229    41.209     1.51    2.58
 190302.388    40.822    -1.03    3.16
 190678.550    40.377    -1.18    3.26
 191054.715    39.729    -1.72    3.02
 191430.881    39.342    -1.03    3.15
 191807.051    38.803    -1.43    2.91
 192183.222    38.130    -1.79    3.50
 192559.397    37.797    -0.89    3.73
 192935.573    37.675    -0.32    3.95
 193311.753    37.002    -1.79    3.59
 193687.934    36.822    -0.48    3.38
 194064.118    37.002     0.48    3.00
 194440.305    37.783     2.08    2.84
 194816.494    37.130    -1.74    3.18
 195192.686    36.458    -1.79    3.17
 195568.880    36.185    -0.73    2.40
 195945.077    36.158    -0.07    2.44
 196321.276    37.209     2.79    3.43
 196697.477    38.848     4.36    4.38
 197073.681    40.027     3.13    4.45
 197449.888    40.972     2.51    3.98
 197826.097    41.386     1.10    4.00
 198202.309    41.525     0.37    4.00
 198578.523    41.211    -0.84    4.00
 198954.740    41.448     0.63    3.98
 199330.959    41.458     0.03    3.59
 199707.180    40.745    -1.90    3.77
 200083.405    40.745     0.00    3.71
 200459.631    40.284    -1.23    4.16
 200835.860    41.431     3.05    4.23
 201212.092    42.104     1.79    3.96
 201588.326    41.485    -1.64    4.34
 201964.563    42.215     1.94    4.06
 202340.803    42.269     0.14    4.31
 202717.044    41.841    -1.14    4.74
 203093.289    42.309     1.25    5.42
 203469.536    42.079    -0.61    5.51
 203845.785    42.997     2.44    4.83
 204222.037    42.591    -1.08    4.72
 204598.291    41.997    -1.58    4.60
 204974.548    42.527     1.41    4.32
 205350.808    43.181     1.74    4.20
 205727.070    43.026    -0.41    4.47
 206103.335    42.816    -0.56    4.31
 206479.602    42.720    -0.26    4.44
 206855.872    42.515    -0.55    4.54
 207232.144    42.188    -0.87    4.16
 207608.419    42.528     0.90    4.70
 207984.696    42.500    -0.07    4.73
 208360.976    42.404    -0.26    5.06
 208737.258    39.107    -8.76   12.10
 209113.543    33.636   -14.54   15.17
 209489.831    29.232   -11.70   14.40
 209866.121    24.412   -12.81   11.96
 210242.414    22.664    -4.65   10.59
 210618.709    28.527    15.58   11.24
 210995.007    33.720    13.80    9.95
 211371.307    38.448    12.57    8.99
 211747.610    41.104     7.06    5.92
 212123.916    42.918     4.82    2.66
 212500.224    42.500    -1.11    3.04
 212876.534    42.764     0.70    3.03
 213252.848    40.878    -5.01    4.58
 213629.163    39.161    -4.56    6.80
 214005.482    39.203     0.11    7.37
 214381.803    39.540     0.90    7.74
 214758.126    40.269     1.94    7.75
 215134.452    40.648     1.01    7.08
 215510.781    41.053     1.08    6.41
 215887.113    41.474     1.12    6.40
 216263.446    42.309     2.22    5.95
 216639.783    42.775     1.24    6.51
 217016.122    42.950     0.47    5.32
 217392.464    41.632    -3.50    5.50
 217768.808    41.747     0.31    5.83
 218145.155    41.335    -1.10    5.34
 218521.504    42.232     2.38    4.62
 218897.410    42.950     1.91    4.12
 219273.246    43.500     1.46    3.62
 219649.084    42.753    -1.99    4.20
 220024.925    42.404    -0.93    4.44
 220400.769    42.828     1.13    4.01
 220776.615    42.232    -1.58    4.12
 221152.464    41.970    -0.70    3.92
 221528.316    42.431     1.23    3.70
 221904.170    43.080     1.73    3.51
 222280.027    42.783    -0.79    3.83
 222655.886    43.079     0.79    4.33
 223031.748    42.215    -2.30    4.63
 223407.613    41.678    -1.43    4.37
 223783.480    41.632    -0.12    4.65
 224159.350    41.134    -1.32    4.30
 224535.222    40.369    -2.04    3.74
 224911.098    40.822     1.21    3.62
 225286.975    40.448    -1.00    3.49
 225662.856    41.247     2.13    3.31
 226038.739    40.181    -2.84    3.69
 226414.624    39.756    -1.13    3.76
 226790.512    39.853     0.26    3.56
 227166.403    40.207     0.94    3.50
 227542.297    41.396     3.16    3.21
 227918.193    43.107     4.55    3.58
 228294.092    43.594     1.29    4.03
 228669.993    43.737     0.38    4.28
 229045.897    43.745     0.02    4.77
 229421.804    43.188    -1.48    4.85
 229797.713    44.753     4.16    4.89
 230173.625    44.899     0.39    4.84
 230549.540    44.948     0.13    4.21
 230925.457    45.079     0.35    3.06
 231301.377    45.053    -0.07    2.67
 231677.299    45.185     0.35    3.02
 232053.224    45.414     0.61    3.30
 232429.152    45.156    -0.69    3.19
 232805.083    44.886    -0.72    2.65
 233181.016    45.103     0.58    2.36
 233556.952    45.566     1.23    2.73
 233932.890    45.539    -0.07    3.20
 234308.832    45.999     1.22    3.17
 234684.775    46.999     2.66    2.59
 235060.722    47.158     0.42    3.14
 235436.671    46.258    -2.39    4.30
 235812.623    45.539    -1.91    4.87
 236188.577    45.678     0.37    5.14
 236564.535    45.284    -1.05    4.90
 236940.494    45.842     1.49    4.28
 237316.457    46.756     2.43    3.04
 237692.422    46.591    -0.44    2.51
 238068.390    46.002    -1.57    2.44
 238444.361    44.914    -2.89    2.33
 238820.334    44.925     0.03    3.16
 239196.310    45.775     2.26    3.61
 239572.289    46.264     1.30    3.60
 239948.270    47.104     2.24    3.64
 240324.254    47.524     1.12    3.66
 240700.241    46.729    -2.11    4.02
 241076.230    46.895     0.44    3.69
 241452.222    46.567    -0.87    4.17
 241828.217    45.540    -2.73    4.75
 242204.215    46.247     1.88    3.75
 242580.215    45.874    -0.99    3.24
 242956.218    45.258    -1.64    3.71
 243332.223    44.976    -0.75    3.06
 243708.232    44.512    -1.23    2.67
 244084.243    44.106    -1.08    2.96
 244460.256    44.335     0.61    3.55
 244836.273    44.247    -0.23    3.66
 245212.292    44.361     0.30    3.31
 245588.314    45.803     3.84    3.30
 245964.339    45.869     0.17    3.34
 246340.366    46.130     0.69    3.42
 246716.396    45.928    -0.54    3.15
 247092.429    45.945     0.04    3.36
 247468.464    46.395     1.20    3.08
 247844.503    45.675    -1.92    2.98
 248220.543    45.899     0.60    2.94
 248596.587    45.269    -1.68    2.89
 248972.634    45.207    -0.17    3.07
 249348.683    45.053    -0.41    3.31
 249724.735    45.745     1.84    3.50
 250100.789    46.323     1.54    3.29
 250476.847    45.617    -1.88    5.09
 250852.907    40.579   -13.40   12.82
 251228.970    33.025   -20.09   15.57
 251605.035    26.515   -17.31   15.35
 251981.104    20.675   -15.53   11.51
 252357.175    18.579    -5.57    7.73
 252733.248    21.104     6.71    8.31
 253109.325    24.834     9.92    7.16
 253485.404    26.185     3.59    8.95
 253861.487    27.156     2.58   10.20
 254237.571    29.675     6.70   12.54
 254613.659    32.309     7.01   13.41
 254989.749    34.323     5.35   13.98
 255365.842    38.976    12.37   11.57
 255741.938    41.002     5.39    8.26
 256118.037    43.079     5.52    4.00
 256494.138    43.764     1.82    3.83
 256870.243    44.361     1.59    4.35
 257246.350    44.421     0.16    3.87
 257622.459    44.859     1.16    3.90
 257998.572    45.323     1.24    3.85
 258374.687    44.756    -1.51    3.27
 258750.805    45.296     1.44    3.31
 259126.926    45.258    -0.10    3.00
 259503.050    45.022    -0.63    3.03
 259879.176    45.232     0.56    3.24
 260255.305    45.181    -0.14    2.46
 260631.437    45.192     0.03    2.43
 261007.572    44.950    -0.64    2.48
 261383.710    45.215     0.70    3.35
 261759.850    43.874    -3.57    5.03
 262135.993    42.694    -3.14    7.29
 262512.139    40.579    -5.62    7.72
 262888.288    41.448     2.31    6.78
 263264.439    42.694     3.31    6.20
 263640.594    42.284    -1.09    6.10
 264016.751    43.442     3.08    6.01
 264392.911    43.972     1.41    5.35
 264769.074    45.369     3.71    4.97
 265145.239    47.080     4.55    3.68
 265521.407    47.999     2.44    3.14
 265897.579    47.612    -1.03    3.22
 266273.753    46.925    -1.83    3.48
 266649.929    46.771    -0.41    3.30
 267026.109    46.525    -0.65    2.44
 267402.291    46.874     0.93    2.50
 267778.477    47.161     0.76    2.45
 268154.665    46.745    -1.11    2.34
 268530.856    46.132    -1.63    2.25
 268907.049    45.566    -1.50    2.20
 269283.246    44.945    -1.65    2.39
 269659.445    44.591    -0.94    2.48
 270035.648    44.403    -0.50    2.50
 270411.853    44.025    -1.00    2.59
 270788.060    45.107     2.88    3.04
 271164.271    45.323     0.57    3.36
 271540.485    45.485     0.43    4.04
 271916.701    45.648     0.43    4.25
 272292.920    45.367    -0.75    4.24
 272669.142    46.503     3.02    3.84
 273045.367    46.412    -0.24    3.63
 273421.595    46.945     1.42    3.70
 273797.826    47.950     2.67    3.06
 274174.059    48.442     1.31    2.99
 274550.295    48.264    -0.47    3.13
 274926.535    47.185    -2.87    3.23
 275302.777    46.053    -3.01    4.03
 275679.021    45.891    -0.43    4.13
 276055.269    46.694     2.13    4.31
 276431.520    48.151     3.87    3.75
 276807.773    48.414     0.70    3.51
 277184.029    47.606    -2.15    4.55
 277560.289    46.756    -2.26    5.21
 277936.551    46.188    -1.51    5.63
 278312.816    46.594     1.08    5.58
 278689.083    48.367     4.71    4.11
 279065.354    48.578     0.56    2.86
 279441.627    48.128    -1.20    3.12
 279817.904    47.567    -1.49    3.44
 280194.183    48.284     1.91    3.48
 280570.465    47.080    -3.20    4.83
 280946.750    44.421    -7.07    6.91
 281323.038    41.874    -6.77    6.61
 281699.329    40.921    -2.53    6.56
 282075.623    42.621     4.52    7.34
 282451.919    45.842     8.56    7.09
 282828.219    47.728     5.01    6.02
 283204.521    49.026     3.45    3.14
 283580.826    49.002    -0.06    3.63
 283957.135    48.158    -2.24    3.80
 284333.446    47.188    -2.58    3.47
 284709.760    44.621    -6.82    7.36
 285086.076    43.275    -3.58    7.72
 285462.396    44.156     2.34    7.22
 285838.719    45.803     4.38    7.30
 286215.044    47.783     5.26    5.98
 286591.373    49.803     5.37    3.16
 286967.704    50.132     0.87    2.78
 287344.038    50.643     1.36    2.23
 287720.376    50.869     0.60    2.63
 288096.716    51.290     1.12    2.44
 288473.059    51.161    -0.34    3.06
 288849.405    51.350     0.50    2.64
 289225.754    51.453     0.27    3.15
 289602.105    51.359    -0.25    3.63
 289978.460    51.303    -0.15    3.91
 290354.818    51.027    -0.73    3.98
 290731.178    50.164    -2.29    3.61
 291107.542    49.621    -1.44    3.46
 291483.908    49.359    -0.70    3.63
 291860.277    48.694    -1.77    4.67
 292236.650    49.203     1.35    4.75
 292613.025    50.188     2.62    4.57
 292989.403    50.503     0.84    3.80
 293365.784    50.950     1.19    2.84
 293742.030    50.395    -1.48    2.94
 294117.825    50.290    -0.28    2.68
 294493.624    50.412     0.33    3.08
 294869.425    50.106    -0.82    3.66
 295245.230    49.942    -0.44    3.98
 295621.037    50.156     0.57    4.10
 295996.848    50.458     0.81    3.80
 296372.661    50.153    -0.81    3.48
 296748.477    49.361    -2.11    5.03
 297124.297    49.025    -0.89    5.57
 297500.119    48.864    -0.43    5.95
 297875.944    49.942     2.87    6.24
 298251.772    51.925     5.28    4.00
 298627.603    52.232     0.82    3.28
 299003.437    52.269     0.10    2.78
 299379.274    51.653    -1.64    3.94
 299755.114    51.869     0.57    3.97
 300130.957    52.421     1.47    4.30
 300506.802    51.404    -2.71    5.63
 300882.651    51.463     0.16    5.95
 301258.503    51.737     0.73    5.70
 301634.358    52.192     1.21    5.16
 302010.215    52.463     0.72    4.00
 302386.076    53.525     2.83    2.44
 302761.939    53.156    -0.98    3.03
 303137.806    53.386     0.61    3.17
 303513.676    53.859     1.26    3.33
 303889.548    52.621    -3.29    4.11
 304265.424    53.161     1.44    3.86
 304641.302    52.617    -1.45    3.66
 305017.184    53.278     1.76    3.67
 305393.068    54.080     2.13    2.52
 305768.956    51.976    -5.60    5.37
 306144.846    51.553    -1.13    5.74
 306520.740    51.974     1.12    5.40
 306896.636    52.080     0.28    4.95
 307272.535    52.848     2.04    3.79
 307648.438    52.974     0.34    2.91
 308024.343    52.442    -1.42    2.98
 308400.252    50.974    -3.91    5.44
 308776.163    50.386    -1.56    5.89
 309152.078    50.130    -0.68    5.73
 309527.995    50.104    -0.07    4.84
 309903.915    52.136     5.41    2.85
 310279.839    51.215    -2.45    2.91
 310655.765    51.377     0.43    2.73
 311031.695    50.810    -1.51    2.95
 311407.627    50.378    -1.15    3.35
 311783.563    50.107    -0.72    3.58
 312159.501    50.386     0.74    3.95
 312535.443    51.342     2.54    4.47
 312911.387    48.438    -7.73    9.31
 313287.335    43.053   -14.32   12.11
 313663.286    38.853   -11.17   10.68
 314039.239    38.106    -1.99    9.46
 314415.196    42.414    11.46    6.23
 314791.155    46.342    10.45    4.01
 315167.118    47.164     2.19    4.27
 315543.084    48.104     2.50    4.69
 315919.053    49.284     3.14    4.86
 316295.025    50.224     2.50    3.67
 316670.999    50.881     1.75    2.88
