-345081.566   147.899     0.00   23.30
-344705.497   144.914    -7.94   24.12
-344329.430   138.837   -16.16   20.95
-343953.367   135.442    -9.03   18.09
-343577.307   134.917    -1.40   16.88
-343201.250   130.833   -10.86   13.71
-342825.195   126.942   -10.35   16.97
-342449.144   125.293    -4.38   18.16
-342073.096   120.454   -12.87   18.39
-341697.051   114.363   -16.20   16.46
-341321.009   113.212    -3.06   15.97
-340944.970   112.860    -0.93   15.69
-340568.934   111.293    -4.17   16.73
-340192.901   117.496    16.50   20.49
-339816.871   123.193    15.15   21.63
-339440.844   126.994    10.11   19.82
-339064.820   123.131   -10.28   22.25
-338688.799   120.045    -8.21   22.43
-338312.781   117.758    -6.08   22.93
-337936.766   125.600    20.86   24.82
-337560.754   133.679    21.49   21.01
-337184.745   134.558     2.34   20.51
-336808.739   127.671   -18.32   19.80
-336432.737   121.179   -17.27   15.07
-336056.737   119.693    -3.95   13.85
-335680.740   117.468    -5.92   13.64
-335304.746   114.507    -7.88   14.39
-334928.755   109.833   -12.43   14.93
-334552.767   109.860     0.07   14.91
-334176.782   109.563    -0.79   13.47
-333800.800   109.163    -1.06   15.89
-333424.822   103.456   -15.18   17.47
-333048.846    98.943   -12.00   18.15
-332672.873    96.185    -7.34   18.21
-332296.903    92.712    -9.24   16.62
-331920.936    94.122     3.75   18.43
-331544.972    89.866   -11.32   19.00
-331169.011    87.732    -5.68   18.17
-330793.053    79.225   -22.63   17.41
-330417.098    71.218   -21.30   17.31
-330041.146    63.600   -20.27   14.55
-329665.197    58.763   -12.87   11.23
-329289.251    54.626   -11.01    5.22
-328913.308    53.353    -3.39    0.71
-328537.367    53.374     0.06    0.76
-328161.430    53.131    -0.65    0.69
-327785.496    52.887    -0.65    0.83
-327409.565    55.191     6.13    8.89
-327033.636    57.558     6.30   12.25
-326657.711    60.593     8.07   15.33
-326281.789    64.310     9.89   19.97
-325905.869    71.643    19.51   26.52
-325529.953    79.891    21.94   29.22
-325154.039    94.789    39.63   29.76
-324778.129   106.374    30.82   24.28
-324402.221   109.712     8.88   19.17
-324026.316   106.052    -9.74   15.87
-323650.415   103.837    -5.89   14.36
-323274.516   101.584    -5.99   15.52
-322898.620    97.302   -11.39   18.05
-322522.727    91.097   -16.51   16.21
-322146.837    88.401    -7.17   15.23
-321770.950    90.590     5.82   14.90
-321395.066    96.968    16.97   14.57
-321019.185   100.468     9.31   13.08
-320643.307   102.994     6.72   13.62
-320267.432   105.045     5.46   11.91
-319891.559   107.887     7.56   11.84
-319515.690   110.071     5.81   13.89
-319139.823   109.738    -0.89   14.11
-318763.960   106.943    -7.44   14.93
-318388.099   103.374    -9.50   14.19
-318012.241   103.379     0.01   13.29
-317636.386   107.914    12.07   17.08
-317260.535   112.574    12.40   17.55
-316884.686   110.310    -6.02   17.77
-316508.839   107.687    -6.98   13.53
-316132.996   109.250     4.16   14.15
-315757.156   109.521     0.72   13.76
-315381.319   110.293     2.05   14.45
-315005.484   114.779    11.94   15.88
-314629.653   117.941     8.41   14.52
-314253.824   121.258     8.83   14.26
-313877.998   124.917     9.74   12.65
-313502.175   123.914    -2.67   11.22
-313126.355   122.943    -2.59   11.94
-312750.267   118.199   -12.61   11.12
-312373.874   116.815    -3.68   10.14
-311997.483   116.626    -0.50   10.28
-311621.095   114.917    -4.54   12.17
-311244.710   113.239    -4.46   11.47
-310868.327   108.455   -12.71   12.00
-310491.948   107.644    -2.15   11.87
-310115.572   111.468    10.16   10.64
-309739.198   113.661     5.83   12.08
-309362.827   114.302     1.70   12.33
-308986.460   115.401     2.92   13.41
-308610.095   117.293     5.03   15.11
-308233.733   114.302    -7.95   13.90
-307857.374   115.126     2.19   13.28
-307481.018   119.148    10.69   12.57
-307104.664   121.644     6.63   12.15
-306728.314   130.840    24.44   25.00
-306351.966   147.310    43.77   37.93
-305975.621   171.837    65.17   44.20
-305599.280   198.482    70.80   34.89
-305222.941   218.393    52.91   21.95
-304846.604   226.293    20.99   10.70
-304470.271   225.806    -1.29   10.91
-304093.941   221.914   -10.34   11.88
-303717.613   216.368   -14.74   11.21
-303341.289   216.968     1.59   11.17
-302964.967   214.097    -7.63   13.48
-302588.648   214.357     0.69   14.67
-302212.332   213.698    -1.75   16.26
-301836.019   213.347    -0.93   15.41
-301459.708   211.416    -5.13   14.16
-301083.401   208.068    -8.90   14.82
-300707.096   204.374    -9.82   15.32
-300330.794   203.863    -1.36   16.85
-299954.495   208.205    11.54   19.80
-299578.199   213.045    12.86   20.84
-299201.906   217.644    12.22   20.78
-298825.615   217.018    -1.66   22.41
-298449.328   215.863    -3.07   23.06
-298073.043   214.590    -3.38   24.91
-297696.761   211.536    -8.12   23.19
-297320.482   205.691   -15.54   23.20
-296944.206   195.661   -26.66   27.43
-296567.932   178.225   -46.34   28.69
-296191.661   172.797   -14.43   25.21
-295815.394   172.468    -0.87   22.72
-295439.129   176.887    11.74   17.31
-295062.866   181.455    12.14   13.55
-294686.607   180.789    -1.77   14.58
-294310.351   176.644   -11.02   15.93
-293934.097   173.891    -7.32   16.05
-293557.846   175.074     3.14   15.95
-293181.598   176.661     4.22   15.84
-292805.353   185.374    23.16   11.56
-292429.110   188.968     9.55   12.20
-292052.871   189.250     0.75   14.13
-291676.634   191.024     4.71   16.34
-291300.400   195.158    10.99   16.03
-290924.168   195.914     2.01   16.06
-290547.940   202.284    16.93   18.34
-290171.714   210.020    20.56   19.73
-289795.492   215.586    14.80   17.63
-289419.272   214.815    -2.05   16.92
-289043.054   207.153   -20.37   17.54
-288666.840   197.191   -26.48   16.02
-288290.628   189.635   -20.08   11.32
-287914.419   188.705    -2.47    9.40
-287538.213   185.609    -8.23    9.12
-287162.010   185.789     0.48   10.56
-286785.809   185.418    -0.98   12.99
-286409.612   185.536     0.31   12.99
-286033.417   190.643    13.58   16.81
-285657.224   188.738    -5.07   16.91
-285281.035   186.524    -5.88   13.93
-284904.848   184.563    -5.21   13.88
-284528.665   184.185    -1.01   16.42
-284152.484   183.428    -2.01   14.25
-283776.305   184.122     1.85   15.16
-283400.130   182.498    -4.32   15.43
-283023.957   181.068    -3.80   14.93
-282647.787   177.468    -9.57   14.93
-282271.620   176.524    -2.51   14.41
-281895.455   178.558     5.41   18.36
-281519.293   179.482     2.46   19.52
-281143.134   177.379    -5.59   17.99
-280766.978   174.232    -8.37   17.74
-280390.825   174.199    -0.09   15.94
-280014.674   175.968     4.70   16.06
-279638.526   179.968    10.63   18.32
-279262.381   184.893    13.09   18.41
-278886.238   194.357    25.16   21.92
-278510.099   204.509    26.99   24.93
-278133.962   218.752    37.87   23.60
-277757.827   224.293    14.73   15.16
-277381.696   210.995   -35.35   29.31
-277005.567   197.168   -36.76   31.02
-276629.441   184.918   -32.57   28.08
-276253.318   172.310   -33.52   22.43
-275877.197   169.698    -6.95   24.62
-275501.079   169.532    -0.44   24.55
-275124.964   168.468    -2.83   25.57
-274748.852   167.100    -3.64   25.24
-274372.742   159.258   -20.85   21.89
-273996.635   152.763   -17.27   18.23
-273620.531   146.617   -16.34   11.75
-273244.430   151.468    12.90   19.38
-272868.331   162.368    28.98   25.51
-272492.235   177.683    40.72   25.82
-272116.142   188.536    28.86   24.03
-271740.051   192.860    11.50   16.98
-271363.963   192.049    -2.16   14.45
-270987.878   188.022   -10.71   16.97
-270611.795   178.385   -25.63   17.48
-270235.716   172.618   -15.33   16.08
-269859.639   172.679     0.16   16.35
-269483.564   176.293     9.61   17.60
-269107.493   188.148    31.53   16.74
-268731.424   186.179    -5.24   19.61
-268355.357   189.310     8.33   19.24
-267979.294   190.047     1.96   18.28
-267603.233   185.199   -12.89   18.40
-267227.175   187.357     5.74   16.24
-266851.119   178.863   -22.59   16.85
-266475.066   172.068   -18.07   18.81
-266099.016   162.683   -24.96   20.49
-265722.969   153.833   -23.53   15.77
-265346.924   144.887   -23.79   13.71
-264970.882   143.995    -2.37   14.02
-264594.843   146.833     7.55   15.78
-264218.806   151.663    12.84   17.20
-263842.772   154.071     6.40   15.88
-263466.741   156.404     6.21   16.11
-263090.712   159.258     7.59   17.80
-262714.686   168.173    23.71   16.55
-262338.663   176.258    21.50   16.81
-261962.642   178.199     5.16   15.92
-261586.624   176.806    -3.70   16.88
-261210.609   175.840    -2.57   16.25
-260834.596   172.829    -8.01   15.13
-260458.586   167.942   -13.00   16.16
-260082.579   159.918   -21.34   18.96
-259706.574   151.687   -21.89   16.42
-259330.572   151.609    -0.21   17.31
-258954.572   153.185     4.19   18.54
-258578.576   157.779    12.22   16.75
-258202.582   163.022    13.95   15.95
-257826.590   165.663     7.02   15.43
-257450.601   170.097    11.79   15.51
-257074.615   172.968     7.64   13.38
-256698.632   173.131     0.43   12.45
-256322.651   167.173   -15.84   15.23
-255946.673   160.609   -17.46   14.44
-255570.697   158.148    -6.55   14.16
-255194.724   154.941    -8.53   16.60
-254818.754   150.815   -10.98   17.87
-254442.786   142.212   -22.88   20.14
-254066.821   132.574   -25.64   20.84
-253690.859   125.705   -18.27   21.22
-253314.899   119.093   -17.59   19.30
-252938.942   112.020   -18.82   19.92
-252562.987   112.574     1.47   21.58
-252187.036   117.320    12.62   19.00
-251811.086   124.049    17.90   16.72
-251435.140   120.302    -9.97   14.24
-251059.196   110.310   -26.58   15.53
-250683.254   104.661   -15.03   13.74
-250307.315   107.671     8.01   19.15
-249931.379   118.045    27.60   22.83
-249555.446   131.276    35.20   21.09
-249179.515   141.917    28.31   17.68
-248803.586   145.076     8.40   13.86
-248427.660   142.635    -6.49   16.47
-248051.737   137.131   -14.64   18.34
-247675.817   133.547    -9.53   17.43
-247299.899   132.293    -3.34   16.77
-246923.983   138.625    16.84   16.38
-246548.071   143.456    12.85   13.75
-246172.160   147.047     9.56    9.85
-245796.253   146.635    -1.10    9.90
-245420.348   142.532   -10.91   12.03
-245044.446   139.663    -7.63   14.65
-244668.546   139.071    -1.57   14.84
-244292.648   138.942    -0.34   15.28
-243916.754   144.671    15.24   18.83
-243540.862   159.199    38.65   33.42
-243164.972   176.302    45.50   37.68
-242789.085   192.866    44.07   31.07
-242413.201   197.163    11.43   25.48
-242037.319   190.148   -18.66   26.15
-241661.440   185.995   -11.05   26.13
-241285.564   184.021    -5.25   28.38
-240909.690   183.374    -1.72   30.19
-240533.818   172.187   -29.76   29.60
-240157.949   153.276   -50.32   20.99
-239782.083   142.705   -28.13   11.81
-239406.219   137.441   -14.01   10.45
-239030.358   133.302   -11.01   10.99
-238654.499   132.857    -1.18   12.07
-238278.643   132.379    -1.27   13.29
-237902.790   132.173    -0.55   14.89
-237526.514   132.590     1.11   18.57
-237150.151   140.995    22.33   24.87
-236773.790   147.481    17.24   24.53
-236397.432   150.920     9.14   22.16
-236021.077   150.914    -0.01   17.01
-235644.724   143.507   -19.68   16.38
-235268.374   139.416   -10.87   13.50
-234892.026   136.401    -8.01   13.70
-234515.681   133.482    -7.76   15.46
-234139.338   134.511     2.74   15.60
-233762.998   135.917     3.74   15.22
-233386.661   138.043     5.65   14.29
-233010.326   140.552     6.67    9.38
-232633.993   138.379    -5.77    9.20
-232257.663   138.135    -0.65    9.36
-231881.336   137.179    -2.54    8.49
-231505.011   135.661    -4.03    9.33
-231128.689   134.679    -2.61   10.10
-230752.369   133.363    -3.50   10.35
-230376.052   133.521     0.42   10.35
-229999.737   133.693     0.46   10.01
-229623.425   134.563     2.31    8.44
-229247.115   132.918    -4.37    7.16
-228870.808   132.276    -1.71    8.99
-228494.503   132.441     0.44   10.68
-228118.201   129.266    -8.44   12.57
-227741.901   127.718    -4.11   12.32
-227365.604   126.284    -3.81   10.97
-226989.310   123.558    -7.24   10.18
-226613.018   123.385    -0.46   10.33
-226236.728   126.943     9.46    9.79
-225860.441   127.968     2.72   11.57
-225484.157   137.329    24.88   16.73
-225107.875   150.337    34.57   19.81
-224731.595   160.763    27.71   20.20
-224355.318   167.891    18.94   19.12
-223979.043   164.416    -9.24   23.25
-223602.771   153.718   -28.43   27.67
-223226.502   139.302   -38.32   25.37
-222850.235   132.143   -19.03   21.51
-222473.970   122.379   -25.95   18.79
-222097.708   119.996    -6.33   16.15
-221721.449   115.401   -12.21   15.98
-221345.192   106.806   -22.84   12.05
-220968.937   104.914    -5.03   11.65
-220592.685   105.122     0.55   12.74
-220216.435   107.185     5.48   13.52
-219840.188   108.793     4.28   11.89
-219463.944   110.942     5.71   13.48
-219087.701   110.995     0.14   13.43
-218711.462   107.626    -8.96   13.89
-218335.224   108.071     1.18   12.32
-217958.990   104.995    -8.18   11.62
-217582.757   103.885    -2.95   12.77
-217206.528   100.738    -8.37   12.86
-216830.300    97.401    -8.87   13.90
-216454.075    97.020    -1.01   14.57
-216077.853    95.532    -3.95   12.37
-215701.633    97.397     4.96   13.19
-215325.415    97.914     1.38   12.43
-214949.200    90.374   -20.04   15.64
-214572.988    77.968   -32.98   18.18
-214196.778    73.276   -12.47   17.18
-213820.570    73.968     1.84   19.68
-213444.365    77.188     8.56   21.35
-213068.162    80.686     9.30   20.43
-212691.962    80.671    -0.04   17.38
-212315.764    88.173    19.94   22.14
-211939.568    88.916     1.97   23.73
-211563.375    85.584    -8.86   20.23
-211187.185    85.857     0.73   19.68
-210810.997    84.250    -4.27   18.76
-210434.811    83.135    -2.97   16.88
-210058.628    91.045    21.03   17.89
-209682.447    93.635     6.88   17.20
-209306.269    99.204    14.80   20.24
-208930.093    93.887   -14.13   19.49
-208553.919    85.374   -22.63   18.29
-208177.748    81.416   -10.52   17.13
-207801.579    87.968    17.42   24.91
-207425.413    93.914    15.81   27.29
-207049.249    93.768    -0.39   26.41
-206673.088    94.558     2.10   24.49
-206296.929    85.968   -22.84   21.90
-205920.772    78.810   -19.03   16.15
-205544.618    80.337     4.06   15.31
-205168.467    82.302     5.22   13.38
-204792.317    84.806     6.66   13.32
-204416.170    87.891     8.20   15.50
-204040.026    90.302     6.41   17.55
-203663.884    94.327    10.70   18.13
-203287.744   100.173    15.54   20.25
-202911.607   105.218    13.41   19.34
-202535.472    98.225   -18.59   24.00
-202159.339    87.509   -28.49   29.42
-201783.209    80.806   -17.82   26.46
-201407.082    73.363   -19.79   19.01
-201030.956    74.049     1.82   21.51
-200654.833    74.507     1.22   23.24
-200278.713    74.481    -0.07   22.23
-199902.595    75.784     3.46   18.65
-199526.479    79.020     8.60   24.74
-199150.366    92.353    35.45   31.25
-198774.255    98.302    15.82   27.79
-198398.146   102.212    10.40   25.73
-198022.040   101.456    -2.01   21.46
-197645.936   101.914     1.22   19.51
-197269.835   101.153    -2.03   18.54
-196893.736    95.995   -13.71   16.38
-196517.639    86.437   -25.41   17.35
-196141.545    81.379   -13.45   15.22
-195765.453    82.574     3.18   15.73
-195389.363    88.806    16.57   18.33
-195013.276   100.327    30.64   18.65
-194637.191   103.052     7.24   18.19
-194261.108    95.430   -20.27   23.25
-193885.028    92.558    -7.64   22.37
-193508.951    88.779   -10.05   20.54
-193132.875    88.379    -1.07   18.02
-192756.802    92.738    11.59   17.91
-192380.731   100.148    19.71   21.22
-192004.663   105.185    13.39   21.32
-191628.597   101.153   -10.72   23.22
-191252.533    94.482   -17.74   25.41
-190876.472    88.833   -15.02   21.77
-190500.413    85.806    -8.05   21.01
-190124.357    82.500    -8.79   19.70
-189748.302    77.532   -13.21   19.67
-189372.250    71.173   -16.91   16.49
-188996.201    67.885    -8.75   16.06
-188620.154    65.712    -5.78   13.56
-188244.109    64.079    -4.34   13.96
-187868.066    62.045    -5.41   14.16
-187492.026    60.679    -3.63   14.16
-187115.988    55.347   -14.18   19.19
-186739.952    43.968   -30.26   26.59
-186363.919    34.891   -24.14   27.28
-185987.888    29.554   -14.20   25.11
-185611.859    26.413    -8.35   19.23
-185235.833    32.738    16.82   20.81
-184859.809    41.889    24.34   17.58
-184483.788    47.131    13.94   13.14
-184107.768    48.347     3.23   11.70
-183731.751    46.854    -3.97   12.99
-183355.736    49.250     6.37   10.32
-182979.724    47.020    -5.93   12.04
-182603.714    47.107     0.23   15.41
-182227.706    52.609    14.63   21.25
-181851.701    56.357     9.97   22.45
-181475.698    66.916    28.08   16.12
-181099.697    72.635    15.21    9.49
-180723.698    73.547     2.43    7.38
-180347.702    73.455    -0.25    8.06
-179971.708    68.507   -13.16   12.73
-179595.716    66.743    -4.69   14.55
-179219.727    64.806    -5.15   15.55
-178843.740    61.810    -7.97   14.24
-178467.755    56.563   -13.96   14.50
-178091.772    60.887    11.50   14.55
-177715.792    69.320    22.43   16.28
-177339.814    72.083     7.35   16.14
-176963.839    74.543     6.55   14.07
-176587.865    70.668   -10.31   14.23
-176211.894    59.482   -29.75   18.97
-175835.925    52.045   -19.78   18.77
-175459.959    50.021    -5.38   20.86
-175083.995    51.837     4.83   20.09
-174708.033    58.840    18.63   17.33
-174332.073    62.712    10.30   16.70
-173956.115    62.413    -0.80   16.17
-173580.160    63.258     2.25   14.71
-173204.207    62.507    -2.00   14.09
-172828.257    61.913    -1.58   13.12
-172452.308    59.661    -5.99   11.42
-172076.362    60.810     3.06   10.31
-171700.418    59.725    -2.89   10.32
-171324.477    65.698    15.89   14.54
-170948.537    80.079    38.26   24.31
-170572.600    85.891    15.46   22.93
-170196.665    90.593    12.51   16.93
-169820.733    91.536     2.51   14.78
-169444.803    88.918    -6.96   15.37
-169068.874    91.653     7.27   19.86
-168692.949    97.327    15.10   20.01
-168317.025    99.320     5.30   18.98
-167941.104    96.097    -8.57   20.22
-167565.185    88.218   -20.96   18.28
-167189.268    82.671   -14.76   15.39
-166813.353    82.815     0.38   15.08
-166437.441    83.940     2.99   16.18
-166061.530    88.866    13.10   13.73
-165685.622    91.353     6.62   14.61
-165309.717    93.441     5.55   17.20
-164933.813    97.509    10.82   20.10
-164557.912    98.698     3.16   20.01
-164182.013    99.837     3.03   19.60
-163806.116   102.493     7.07   20.48
-163430.222   108.131    15.00   19.74
-163054.329   111.430     8.78   17.69
-162678.358   108.126    -8.79   17.15
-162302.024    98.179   -26.43   13.95
-161925.693    92.374   -15.43    8.71
-161549.363    89.743    -6.99    8.42
-161173.036    87.653    -5.56    8.54
-160796.711    86.509    -3.04    8.59
-160420.389    84.022    -6.61    9.84
-160044.068    83.163    -2.28   10.18
-159667.750    83.122    -0.11    9.25
-159291.434    82.994    -0.34    9.75
-158915.120    81.626    -3.64   10.17
-158538.808    80.509    -2.97   10.22
-158162.499    78.185    -6.18   10.40
-157786.192    79.547     3.62   10.32
-157409.886    79.343    -0.54   10.37
-157033.584    78.887    -1.21   10.83
-156657.283    78.468    -1.11   10.42
-156280.985    79.205     1.96   11.58
-155904.688    79.712     1.35   10.85
-155528.394    82.239     6.71    9.84
-155152.102    80.568    -4.44    8.79
-154775.813    79.389    -3.13    9.44
-154399.525    81.774     6.34   12.25
-154023.240    82.212     1.16   12.46
-153646.957    81.644    -1.51   10.56
-153270.676    82.148     1.34   10.47
-152894.397    79.686    -6.54   10.05
-152518.120    76.586    -8.24    9.71
-152141.846    72.968    -9.61   10.94
-151765.574    69.266    -9.84   11.72
-151389.304    64.617   -12.35   10.15
-151013.036    58.994   -14.94    6.76
-150636.770    57.468    -4.05    6.55
-150260.506    54.943    -6.71    7.58
-149884.245    53.276    -4.43    7.55
-149507.986    55.020     4.63    9.66
-149131.729    55.185     0.44    9.46
-148755.474    56.661     3.92    9.38
-148379.221    57.416     2.01    6.35
-148002.970    57.746     0.88    4.41
-147626.722    57.644    -0.27    4.23
-147250.475    59.357     4.55    8.98
-146874.231    61.212     4.93   10.86
-146497.989    65.738    12.03   12.27
-146121.749    69.500    10.00   11.02
-145745.512    66.416    -8.20   11.75
-145369.276    63.600    -7.48   12.11
-144993.043    57.302   -16.74   10.63
-144616.812    55.943    -3.61   10.61
-144240.582    61.374    14.44   14.69
-143864.355    65.917    12.08   15.14
-143488.130    69.758    10.21   13.03
-143111.908    72.712     7.85   12.92
-142735.687    72.131    -1.55   12.23
-142359.469    71.968    -0.43   12.85
-141983.252    71.302    -1.77   13.31
-141607.038    69.718    -4.21   14.63
-141230.826    71.752     5.41   13.46
-140854.616    72.320     1.51   11.89
-140478.408    66.671   -15.02   13.59
-140102.203    57.671   -23.92   10.61
-139725.999    52.711   -13.18    7.49
-139349.797    51.893    -2.17    6.54
-138973.598    53.021     3.00    7.36
-138597.401    57.496    11.90    6.24
-138221.206    58.994     3.98    5.60
-137845.013    58.784    -0.56    6.49
-137468.822    57.258    -4.06    6.74
-137092.633    54.126    -8.32    7.13
-136716.446    53.225    -2.40    6.54
-136340.262    52.455    -2.05    6.88
-135964.079    50.521    -5.14    6.65
-135587.899    48.868    -4.39    8.27
-135211.720    46.740    -5.66    9.05
-134835.544    48.076     3.55   10.65
-134459.370    52.887    12.79   11.23
-134083.198    58.185    14.08    8.98
-133707.028    59.860     4.45    8.45
-133330.860    55.607   -11.31   13.10
-132954.695    46.118   -25.23   14.76
-132578.531    39.712   -17.03   11.81
-132202.369    36.887    -7.51    8.46
-131826.210    36.276    -1.62    8.75
-131450.052    37.021     1.98    9.04
-131073.897    37.968     2.52    9.06
-130697.744    39.863     5.04    9.16
-130321.593    41.738     4.98    8.38
-129945.443    43.441     4.53    9.67
-129569.296    42.258    -3.14   11.12
-129193.151    44.379     5.64   11.43
-128817.009    45.054     1.80   11.60
-128440.868    45.712     1.75   10.24
-128064.729    48.049     6.21    6.85
-127688.592    47.455    -1.58    6.40
-127312.458    45.320    -5.68    5.59
-126936.325    45.107    -0.56    5.48
-126560.195    44.815    -0.78    4.85
-126184.066    45.505     1.84    4.42
-125807.940    45.158    -0.92    4.55
-125431.815    45.843     1.82    4.09
-125055.693    47.021     3.13    3.48
-124679.573    46.327    -1.84    4.53
-124303.454    45.837    -1.30    5.35
-123927.338    45.379    -1.22    5.99
-123551.224    46.718     3.56    5.14
-123175.112    47.049     0.88    4.53
-122799.002    46.481    -1.51    3.75
-122422.894    45.540    -2.50    4.65
-122046.788    45.045    -1.31    4.50
-121670.684    44.404    -1.70    4.77
-121294.582    40.746    -9.73    8.13
-120918.483    35.293   -14.50   11.00
-120542.385    30.357   -13.12   14.07
-120166.289    23.600   -17.97   14.60
-119790.195    17.568   -16.04   14.28
-119414.103    13.347   -11.23   10.71
-119038.014    14.763     3.77   12.07
-118661.926    20.679    15.73   14.69
-118285.840    28.995    22.11   12.68
-117909.757    35.860    18.26    5.51
-117533.675    37.068     3.21    4.71
-117157.595    37.482     1.10    4.97
-116781.518    36.860    -1.65    5.51
-116405.442    33.860    -7.98    7.99
-116029.369    29.768   -10.88   11.17
-115653.297    26.430    -8.88   12.71
-115277.228    23.379    -8.11   13.64
-114901.160    21.913    -3.90   13.91
-114525.094    14.806   -18.90   14.19
-114149.031    10.552   -11.31   12.20
-113772.969     8.758    -4.77   11.26
-113396.910    10.068     3.48   12.88
-113020.852    14.293    11.23   15.20
-112644.797    18.468    11.10   16.08
-112268.743    23.521    13.44   15.37
-111892.692    29.122    14.90   12.15
-111516.642    34.698    14.83    4.93
-111140.594    35.593     2.38    2.43
-110764.549    35.679     0.23    2.15
-110388.505    35.076    -1.60    4.03
-110012.464    32.779    -6.11    7.29
-109636.424    33.691     2.42    6.39
-109260.386    34.276     1.56    5.92
-108884.350    36.097     4.84    5.42
-108508.317    37.829     4.61    4.27
-108132.285    40.337     6.67    5.11
-107756.255    41.914     4.20    3.75
-107380.227    42.913     2.66    3.11
-107004.202    42.593    -0.85    3.11
-106628.178    41.049    -4.11    4.02
-106252.156    39.337    -4.55    6.20
-105876.136    37.547    -4.76    6.77
-105500.118    37.268    -0.74    7.01
-105124.102    36.374    -2.38    7.52
-104748.088    34.143    -5.93   10.42
-104372.076    30.635    -9.33   12.24
-103996.066    28.076    -6.80   12.07
-103620.057    28.131     0.14   10.30
-103244.051    31.131     7.98    8.83
-102868.047    34.363     8.60    4.71
-102492.045    32.738    -4.32    5.49
-102116.044    31.274    -3.89    7.14
-101740.046    31.532     0.69    6.99
-101364.049    32.153     1.65    6.64
-100988.055    33.385     3.28    4.74
-100612.062    32.943    -1.18    4.34
-100236.071    31.891    -2.80    4.60
 -99860.083    30.404    -3.96    7.03
 -99484.096    28.705    -4.52    7.81
 -99108.111    23.173   -14.71    9.20
 -98732.128    21.385    -4.76   10.02
 -98356.147    23.193     4.81   11.34
 -97980.168    23.738     1.45   13.03
 -97604.191    26.568     7.53   12.43
 -97228.215    24.455    -5.62   12.64
 -96852.242    20.698    -9.99   12.60
 -96476.271    21.239     1.44   11.36
 -96100.301    19.810    -3.80   11.17
 -95724.334    17.968    -4.90   11.07
 -95348.368    13.143   -12.83   10.70
 -94972.404     7.686   -14.52    9.87
 -94596.443     3.968    -9.89    7.79
 -94220.483     6.258     6.09   10.35
 -93844.525    14.891    22.96   16.59
 -93468.569    26.100    29.81   16.90
 -93092.614    35.441    24.85   10.55
 -92716.662    38.045     6.93    6.18
 -92340.712    36.663    -3.68    7.03
 -91964.763    35.481    -3.14    7.33
 -91588.817    30.994   -11.94   10.96
 -91212.872    25.168   -15.50   13.31
 -90836.929    17.482   -20.45   14.44
 -90460.989     9.698   -20.71   12.09
 -90085.050     6.258    -9.15    8.17
 -89709.112    12.558    16.76   14.55
 -89333.177    18.524    15.87   15.42
 -88957.244    25.749    19.22   12.96
 -88581.313    30.148    11.70   10.39
 -88205.383    31.442     3.44    7.64
 -87829.455    32.779     3.56    5.00
 -87453.328    33.074     0.78    4.58
 -87077.027    32.276    -2.12    5.39
 -86700.728    32.913     1.69    5.77
 -86324.431    33.276     0.97    6.62
 -85948.135    32.579    -1.85    7.39
 -85571.842    31.521    -2.81    8.59
 -85195.550    33.225     4.53    7.87
 -84819.260    36.875     9.70    5.64
 -84442.973    38.320     3.84    5.79
 -84066.687    35.266    -8.12   10.59
 -83690.403    32.266    -7.97   11.89
 -83314.120    32.327     0.16   13.04
 -82937.840    30.536    -4.76   13.93
 -82561.561    30.020    -1.37   14.59
 -82185.285    33.507     9.27   14.02
 -81809.010    36.199     7.16   12.74
 -81432.737    40.347    11.02   10.17
 -81056.466    42.891     6.76    5.29
 -80680.197    37.866   -13.36    9.63
 -80303.929    33.536   -11.51   11.01
 -79927.664    31.789    -4.64   11.34
 -79551.400    32.239     1.20   12.35
 -79175.138    35.536     8.76   11.04
 -78798.878    40.891    14.23    5.20
 -78422.620    40.625    -0.71    6.00
 -78046.364    39.071    -4.13    8.14
 -77670.109    36.071    -7.97   10.57
 -77293.857    33.079    -7.95   10.78
 -76917.606    29.789    -8.75   10.85
 -76541.357    27.536    -5.99   11.14
 -76165.110    29.225     4.49   10.32
 -75788.865    28.810    -1.10   10.32
 -75412.621    32.103     8.75    7.65
 -75036.379    32.153     0.13    5.69
 -74660.140    26.661   -14.60    9.09
 -74283.902    20.507   -16.36   11.80
 -73907.665    15.752   -12.64   10.04
 -73531.431    15.389    -0.96    9.22
 -73155.199    18.806     9.08    9.05
 -72778.968    21.698     7.69    6.64
 -72402.739    20.482    -3.23    5.09
 -72026.512    18.531    -5.19    5.24
 -71650.287    15.943    -6.88    6.93
 -71274.063    12.840    -8.25    7.91
 -70897.842    10.996    -4.90    7.10
 -70521.622    10.379    -1.64    7.26
 -70145.404     9.246    -3.01    6.39
 -69769.188     9.250     0.01    5.48
 -69392.973     8.532    -1.91    5.70
 -69016.761     8.968     1.16    5.62
 -68640.550     9.509     1.44    5.74
 -68264.341    10.584     2.86    6.83
 -67888.133    13.593     8.00    8.64
 -67511.928    19.671    16.16   10.22
 -67135.724    22.481     7.47    9.55
 -66759.523    23.784     3.46    8.45
 -66383.322    25.022     3.29    8.37
 -66007.124    25.725     1.87    9.50
 -65630.928    28.968     8.62   10.35
 -65254.733    33.763    12.75    6.29
 -64878.540    33.043    -1.91    6.98
 -64502.349    28.833   -11.19   10.43
 -64126.160    20.199   -22.95   13.66
 -63749.972    14.274   -15.75   10.31
 -63373.786    10.153   -10.96    7.69
 -62997.602     7.840    -6.15    6.14
 -62621.420     7.126    -1.90    6.88
 -62245.239     8.914     4.75    9.03
 -61869.061    14.600    15.11   11.08
 -61492.884    22.243    20.32   11.60
 -61116.709    27.329    13.52    9.14
 -60740.535    29.020     4.49    8.07
 -60364.363    30.916     5.04    6.01
 -59988.193    31.320     1.07    4.76
 -59612.025    31.860     1.44    3.43
 -59235.859    31.663    -0.52    3.57
 -58859.694    28.994    -7.09    6.35
 -58483.531    28.993    -0.00    7.11
 -58107.370    28.860    -0.35    7.46
 -57731.211    29.393     1.42    6.82
 -57355.053    31.600     5.87    3.55
 -56978.897    28.916    -7.14    6.65
 -56602.743    24.293   -12.29    9.88
 -56226.591    21.532    -7.34   10.46
 -55850.440    19.914    -4.30   10.74
 -55474.291    20.746     2.21   10.44
 -55098.144    20.968     0.59    9.67
 -54721.999    20.302    -1.77    8.66
 -54345.855    19.122    -3.14    9.14
 -53969.713    15.866    -8.66    8.78
 -53593.573    13.413    -6.52    7.21
 -53217.434    10.671    -7.29    3.25
 -52841.297     8.806    -4.96    3.91
 -52465.162     7.126    -4.47    4.14
 -52089.029     7.148     0.06    4.01
 -51712.897     7.941     2.11    4.57
 -51336.767     8.327     1.03    4.87
 -50960.639     9.097     2.05    4.50
 -50584.513     8.942    -0.41    3.94
 -50208.388     8.779    -0.43    3.26
 -49832.265     9.866     2.89    2.89
 -49456.143     9.600    -0.71    2.77
 -49080.024    10.218     1.64    2.32
 -48703.906    10.995     2.06    3.26
 -48327.790    12.329     3.55    4.26
 -47951.675    13.994     4.43    4.45
 -47575.562    16.738     7.29    4.74
 -47199.451    17.781     2.77    5.75
 -46823.342    18.698     2.44    5.42
 -46447.234    18.644    -0.14    6.41
 -46071.128    19.806     3.09    7.68
 -45695.024    22.635     7.52    8.52
 -45318.921    25.103     6.56    8.94
 -44942.820    28.763     9.73    6.02
 -44566.721    30.225     3.89    3.65
 -44190.624    30.840     1.64    4.20
 -43814.528    29.590    -3.32    4.24
 -43438.434    29.045    -1.45    3.82
 -43062.341    29.153     0.29    4.33
 -42686.250    27.913    -3.30    5.27
 -42310.161    27.833    -0.21    5.89
 -41934.074    27.590    -0.65    5.67
 -41557.988    28.468     2.34    5.24
 -41181.904    30.891     6.44    4.34
 -40805.821    31.906     2.70    4.71
 -40429.741    31.284    -1.65    7.08
 -40053.661    30.495    -2.10    9.49
 -39677.584    29.191    -3.47   11.43
 -39301.508    27.532    -4.41   11.89
 -38925.434    23.779    -9.98   13.06
 -38549.362    20.020   -10.00   11.58
 -38173.291    21.225     3.20   11.54
 -37797.222    25.153    10.44   11.74
 -37421.154    29.942    12.74    8.64
 -37045.089    33.712    10.02    5.87
 -36669.024    34.532     2.18    6.25
 -36292.962    36.968     6.48    6.13
 -35916.901    37.779     2.16    6.82
 -35540.842    39.266     3.95    6.13
 -35164.784    38.833    -1.15    5.80
 -34788.728    36.995    -4.89    5.29
 -34412.674    35.645    -3.59    4.54
 -34036.622    37.318     4.45    5.23
 -33660.571    39.521     5.86    5.42
 -33284.521    41.718     5.84    4.31
 -32908.474    40.891    -2.20    4.39
 -32532.428    40.401    -1.30    4.60
 -32156.383    38.626    -4.72    5.29
 -31780.340    35.732    -7.70    5.67
 -31404.299    34.071    -4.42    8.06
 -31028.260    33.212    -2.29    8.83
 -30652.222    35.232     5.37    9.80
 -30276.185    35.143    -0.23    9.95
 -29900.151    35.540     1.05   10.84
 -29524.118    35.806     0.71   11.00
 -29148.086    36.563     2.01   11.24
 -28772.056    37.887     3.52    9.58
 -28396.028    38.563     1.80    7.28
 -28020.002    38.168    -1.05    6.85
 -27643.977    35.268    -7.71    6.43
 -27267.953    34.468    -2.13    6.14
 -26891.932    34.428    -0.11    5.99
 -26515.912    33.173    -3.34    6.17
 -26139.893    30.126    -8.10    8.78
 -25763.876    27.442    -7.14    9.09
 -25387.861    24.941    -6.65    8.48
 -25011.847    25.686     1.98    9.21
 -24635.835    27.052     3.63   11.03
 -24259.824    30.916    10.28   11.94
 -23883.816    35.293    11.64   10.78
 -23507.808    40.086    12.75    7.87
 -23131.802    38.389    -4.51    8.18
 -22755.798    34.509   -10.32    9.75
 -22379.796    33.671    -2.23    9.04
 -22003.795    33.103    -1.51    8.63
 -21627.795    34.691     4.22    7.98
 -21251.798    32.686    -5.33    8.64
 -20875.801    29.994    -7.16    9.04
 -20499.807    27.074    -7.77    9.66
 -20123.814    25.468    -4.27    9.54
 -19747.822    26.968     3.99   10.42
 -19371.832    29.994     8.05   10.42
 -18995.844    35.401    14.38    8.32
 -18619.857    34.943    -1.22    9.12
 -18243.872    36.607     4.43   10.81
 -17867.888    37.284     1.80   10.46
 -17491.906    36.074    -3.22   10.03
 -17115.926    33.750    -6.18   13.66
 -16739.947    22.943   -28.74   15.48
 -16363.970    15.205   -20.58   11.19
 -15987.994    10.131   -13.50    5.95
 -15612.020     8.076    -5.46    3.04
 -15236.047     8.913     2.22    3.29
 -14860.076     8.626    -0.76    3.16
 -14484.106     8.379    -0.66    3.35
 -14108.138     7.644    -1.95    3.06
 -13732.172     6.815    -2.21    2.46
 -13356.207     6.609    -0.55    2.11
 -12980.243     6.250    -0.95    1.93
 -12604.282     6.079    -0.45    2.04
 -12228.044     5.199    -2.34    1.44
 -11851.772     4.617    -1.55    1.67
 -11475.501     4.049    -1.51    1.40
 -11099.232     3.860    -0.50    1.35
 -10722.964     3.968     0.29    1.30
 -10346.698     4.276     0.82    1.40
  -9970.434     5.712     3.82    2.89
  -9594.171     8.413     7.18    5.42
  -9217.909    12.916    11.97    6.53
  -8841.649    16.941    10.70    5.22
  -8465.390    18.758     4.83    3.84
  -8089.134    16.609    -5.71    5.94
  -7712.878    12.914    -9.82    7.41
  -7336.624     8.468   -11.82    6.45
  -6960.372     6.968    -3.99    5.46
  -6584.121     8.584     4.29    5.67
  -6207.872    11.212     6.98    5.33
  -5831.624    11.789     1.53    5.54
  -5455.377    12.327     1.43    6.33
  -5079.133    11.941    -1.03    6.77
  -4702.889     8.401    -9.41    6.48
  -4326.647     6.266    -5.67    6.39
  -3950.407     4.507    -4.67    6.41
  -3574.168     3.122    -3.68    5.90
  -3197.931     0.740    -6.33    2.66
  -2821.695    -0.032    -2.05    0.00
  -2445.461    -0.032     0.00    0.00
  -2069.228    -0.032     0.00    0.00
  -1692.997    -0.032     0.00    0.00
  -1316.767    -0.032     0.00    0.00
   -940.539    -0.032     0.00    0.00
   -564.312    -0.032     0.00    0.00
   -188.087    -0.032     0.00    0.00
    188.137    -0.032     0.00    0.00
    564.359    -0.032     0.00    0.00
    940.580    -0.032     0.00    0.00
   1316.799    -0.032     0.00    0.00
   1693.017    -0.032     0.00    0.00
   2069.234    -0.032     0.00    0.00
   2445.448     0.284     0.84    1.95
   2821.662     1.584     3.45    4.17
   3197.874     2.995     3.75    5.68
   3574.084     5.318     6.17    6.69
   3950.293     7.442     5.64    7.05
   4326.501     9.239     4.78    6.49
   4702.707    10.047     2.15    5.26
   5078.911    11.148     2.93    4.24
   5455.114    11.995     2.25    3.67
   5831.316    12.829     2.22    3.61
   6207.516    13.507     1.80    3.23
   6583.715    12.374    -3.01    3.00
   6959.912    11.250    -2.99    3.19
   7336.108    10.199    -2.79    2.92
   7712.302     8.454    -4.64    2.52
   8088.495     8.563     0.29    2.25
   8464.687     8.725     0.43    2.42
   8840.877     8.521    -0.54    2.72
   9217.065     8.558     0.10    3.15
   9593.252     8.552    -0.02    2.99
   9969.438     8.993     1.17    3.26
  10345.622     9.276     0.75    3.22
  10721.805     8.644    -1.68    3.44
  11097.986     7.158    -3.95    3.64
  11474.166     6.153    -2.67    3.26
  11850.345     4.840    -3.49    2.89
  12226.522     4.829    -0.03    2.54
  12602.697     3.481    -3.58    2.58
  12978.871     2.246    -3.28    2.74
  13355.044     1.353    -2.37    2.67
  13731.215     0.379    -2.59    1.52
  14107.385     0.062    -0.84    0.53
  14483.554     3.347     8.73    9.65
  14859.721     8.887    14.73   12.85
  15235.886    13.698    12.79   14.16
  15612.051    17.758    10.79   11.34
  15988.213    21.563    10.12   11.75
  16364.375    27.302    15.26   14.58
  16740.535    32.789    14.59   14.93
  17116.693    38.495    15.17   14.95
  17492.850    39.725     3.27   15.78
  17869.006    37.173    -6.78   17.12
  18245.160    31.968   -13.84   15.32
  18621.313    29.698    -6.04   12.17
  18997.464    34.250    12.10   14.01
  19373.614    38.968    12.54   16.02
  19749.763    45.752    18.03   15.77
  20125.910    53.609    20.89   14.57
  20502.056    57.406    10.09   12.45
  20878.201    56.968    -1.16   12.66
  21254.344    60.276     8.79   12.63
  21630.485    61.802     4.06   14.01
  22006.626    62.071     0.72   15.45
  22382.765    62.829     2.02   18.37
  22758.902    60.404    -6.45   18.84
  23135.038    58.863    -4.10   17.71
  23511.173    59.428     1.50   15.80
  23887.306    63.310    10.32   14.05
  24263.438    76.020    33.79   17.55
  24639.569    84.353    22.16   18.56
  25015.698    87.857     9.32   18.51
  25391.826    84.047   -10.13   20.88
  25767.952    79.653   -11.68   19.37
  26144.077    78.644    -2.68   21.42
  26520.201    81.428     7.40   21.52
  26896.324    85.393    10.54   21.17
  27272.445    82.866    -6.72   19.98
  27648.564    78.379   -11.93   18.39
  28024.682    78.079    -0.80   17.60
  28400.799    71.097   -18.57   12.73
  28776.915    64.274   -18.14   10.66
  29153.029    64.337     0.17   11.49
  29529.142    66.327     5.29   11.62
  29905.253    68.600     6.04   12.86
  30281.363    73.428    12.84   16.95
  30657.472    72.122    -3.47   16.94
  31033.579    69.068    -8.12   13.96
  31409.686    69.049    -0.05   13.83
  31785.790    68.810    -0.64   12.28
  32161.894    73.563    12.64   14.55
  32537.996    80.428    18.25   16.74
  32914.096    91.103    28.39   17.09
  33290.196    98.083    18.56   16.57
  33666.294    97.558    -1.39   20.20
  34042.390    98.543     2.62   23.60
  34418.486   101.024     6.60   25.37
  34794.579    98.584    -6.49   25.32
  35170.672    94.293   -11.41   25.48
  35546.763    88.758   -14.72   25.83
  35922.853    80.071   -23.10   21.77
  36298.942    76.584    -9.27   16.75
  36675.029    75.329    -3.34   12.09
  37051.115    73.205    -5.65   12.22
  37427.200    68.199   -13.31   12.77
  37803.284    63.607   -12.21    9.64
  38179.366    62.122    -3.95   11.39
  38555.446    65.679     9.46   15.50
  38931.526    62.779    -7.71   16.86
  39307.604    58.617   -11.07   20.40
  39683.681    55.401    -8.55   21.59
  40059.756    52.071    -8.85   19.32
  40435.830    46.343   -15.23   19.00
  40811.903    43.482    -7.61   17.51
  41187.975    48.118    12.33   19.75
  41564.045    52.679    12.13   21.29
  41940.114    66.074    35.62   22.66
  42316.182    70.887    12.80   22.37
  42692.248    72.018     3.01   22.48
  43068.313    77.310    14.07   23.74
  43444.377    78.103     2.11   21.80
  43820.439    77.258    -2.25   22.33
  44196.500    77.691     1.15   21.97
  44572.560    76.763    -2.47   19.28
  44948.619    78.840     5.52   19.07
  45324.676    79.226     1.02   20.88
  45700.732    75.671    -9.45   21.00
  46076.787    78.076     6.40   20.67
  46452.840    78.310     0.62   21.23
  46828.893    75.518    -7.42   24.66
  47204.944    71.103   -11.74   28.93
  47580.993    58.889   -32.48   35.73
  47957.042    42.547   -43.46   33.15
  48333.089    28.784   -36.60   25.60
  48709.134    24.131   -12.38   18.79
  49085.179    27.943    10.14   21.88
  49461.222    30.732     7.41   22.07
  49837.264    41.441    28.48   21.73
  50213.305    44.887     9.17   27.72
  50589.345    40.711   -11.11   33.21
  50965.383    36.686   -10.70   33.43
  51341.420    26.148   -28.02   33.55
  51717.455    15.262   -28.95   26.66
  52093.490     9.239   -16.02   21.05
  52469.523     2.698   -17.39   10.64
  52845.555     1.995    -1.87    8.49
  53221.586    -0.032    -5.39    0.00
  53597.615    -0.032     0.00    0.00
  53973.643    -0.032     0.00    0.00
  54349.670    -0.032     0.00    0.00
  54725.696    -0.032     0.00    0.00
  55101.721    -0.032     0.00    0.00
  55477.744     2.261     6.10    6.19
  55853.766     3.994     4.61    6.84
  56229.786     4.607     1.63    6.71
  56605.806     5.158     1.46    6.77
  56981.824     3.860    -3.45    5.24
  57357.841     2.590    -3.38    5.05
  57733.857     1.943    -1.72    4.91
  58109.872     1.262    -1.81    3.82
  58485.885     0.917    -0.92    3.46
  58861.897    -0.032    -2.52    0.00
  59237.908     0.274     0.81    1.53
  59613.918     0.456     0.48    1.70
  59989.926     0.401    -0.15    1.69
  60365.934     0.686     0.76    1.85
  60741.940     2.179     3.97    3.50
  61117.944     3.225     2.78    4.18
  61493.948     4.320     2.91    4.33
  61869.950     4.661     0.91    4.24
  62245.952     5.020     0.95    4.13
  62622.007     4.968    -0.14    3.79
  62998.251     3.968    -2.66    3.64
  63374.494     2.644    -3.52    3.58
  63750.735     1.266    -3.66    2.67
  64126.975     0.179    -2.89    0.99
  64503.214    -0.032    -0.56    0.00
  64879.452    -0.032     0.00    0.00
  65255.688     1.837     4.97    5.29
  65631.924     7.482    15.00   10.64
  66008.158    15.020    20.03   12.81
  66384.391    22.521    19.94    9.78
  66760.623    26.863    11.54    4.11
  67136.853    27.293     1.14    3.38
  67513.083    25.353    -5.16    5.48
  67889.311    23.079    -6.04    8.01
  68265.538    18.302   -12.70   11.45
  68641.764    13.968   -11.52   11.62
  69017.988    11.851    -5.63   10.80
  69394.212    10.401    -3.85    8.78
  69770.434    14.455    10.78    8.77
  70146.655    19.428    13.22    8.59
  70522.875    23.103     9.77    7.71
  70899.094    25.329     5.92    7.66
  71275.311    20.456   -12.96   11.06
  71651.528    16.712    -9.95   11.78
  72027.743    14.995    -4.56   10.92
  72403.957    16.784     4.76   11.03
  72780.170    20.532     9.96   10.83
  73156.382    23.302     7.36   11.22
  73532.592    26.103     7.45   10.74
  73908.802    28.635     6.73    9.98
  74285.010    31.607     7.90    7.82
  74661.217    30.635    -2.58    6.94
  75037.423    30.047    -1.56    6.09
  75413.628    28.656    -3.70    4.93
  75789.832    28.199    -1.21    4.77
  76166.034    28.784     1.56    5.15
  76542.236    29.239     1.21    5.44
  76918.436    29.887     1.72    6.20
  77294.635    29.635    -0.67    6.04
  77670.833    30.889     3.33    6.62
  78047.030    32.153     3.36    6.38
  78423.225    32.347     0.52    6.28
  78799.420    32.173    -0.46    5.90
  79175.613    32.584     1.09    5.24
  79551.805    35.943     8.93    6.86
  79927.997    42.968    18.68    8.48
  80304.186    49.456    17.24   10.98
  80680.375    56.806    19.54   10.79
  81056.563    63.941    18.97    9.36
  81432.750    71.644    20.48   10.66
  81808.935    75.968    11.50    8.89
  82185.120    79.148     8.45    9.29
  82561.303    79.456     0.82   11.56
  82937.485    76.024    -9.12   13.15
  83313.666    68.232   -20.71   15.97
  83689.846    63.218   -13.33   13.32
  84066.025    58.310   -13.05   10.02
  84442.202    57.404    -2.41    8.96
  84818.379    57.320    -0.22    7.93
  85194.554    60.495     8.44    8.11
  85570.728    64.837    11.54    8.44
  85946.902    69.943    13.57   13.57
  86323.074    78.806    23.56   15.90
  86699.245    85.122    16.79   16.68
  87075.415    90.353    13.91   14.18
  87451.584    95.607    13.97   13.13
  87827.751    97.158     4.12   12.80
  88203.918    93.135   -10.69   14.76
  88580.083    86.968   -16.39   19.15
  88956.248    79.122   -20.86   19.75
  89332.411    74.191   -13.11   16.55
  89708.574    75.020     2.20   14.83
  90084.735    77.218     5.85   12.61
  90460.895    81.218    10.63   11.64
  90837.054    83.653     6.47   11.10
  91213.212    80.784    -7.63   13.99
  91589.369    82.258     3.92   13.50
  91965.524    82.679     1.12   15.81
  92341.679    83.493     2.17   17.23
  92717.833    86.635     8.35   16.23
  93093.985    92.868    16.57   17.05
  93470.137    95.495     6.98   20.75
  93846.287   103.163    20.39   25.33
  94222.436   103.103    -0.16   22.69
  94598.585   100.320    -7.40   20.32
  94974.732   103.600     8.72   18.04
  95350.878   107.353     9.98   18.23
  95727.023   110.131     7.38   19.57
  96103.167   113.718     9.54   19.02
  96479.310   112.840    -2.33   18.07
  96855.452   109.758    -8.19   15.77
  97231.593   113.047     8.75   12.27
  97607.733   117.404    11.58   17.54
  97983.871   119.889     6.61   19.35
  98360.009   120.024     0.36   22.67
  98736.146   110.558   -25.17   22.12
  99112.281    97.635   -34.36   14.73
  99488.416    92.218   -14.40   12.00
  99864.549    87.173   -13.41   12.73
 100240.682    82.762   -11.73   11.44
 100616.813    83.103     0.91   10.60
 100992.944    88.428    14.16   17.59
 101369.073    96.401    21.20   17.00
 101745.201   105.310    23.69   19.68
 102121.329   105.829     1.38   16.91
 102497.455   101.225   -12.24   16.71
 102873.580    95.609   -14.93   16.34
 103249.704    92.310    -8.77   17.01
 103625.828    89.401    -7.74   18.51
 104001.950    82.889   -17.31   13.15
 104378.071    78.866   -10.70   13.18
 104754.191    77.441    -3.79   13.46
 105130.310    75.917    -4.05   13.13
 105506.428    80.496    12.17   13.22
 105882.545    84.574    10.84   18.24
 106258.661    87.020     6.50   15.29
 106634.776    90.281     8.67   17.45
 107010.890    87.205    -8.18   17.91
 107387.003    84.179    -8.05   15.05
 107763.115    82.212    -5.23   14.72
 108139.226    81.379    -2.21   13.95
 108515.336    82.833     3.87   13.90
 108891.445    76.584   -16.62   13.81
 109267.553    71.173   -14.38   13.73
 109643.660    64.495   -17.76   13.04
 110019.766    55.914   -22.81   13.50
 110395.871    50.225   -15.13   11.23
 110771.975    48.404    -4.84   10.77
 111148.078    50.135     4.60   12.04
 111524.180    57.266    18.96   14.91
 111900.281    65.293    21.34   14.49
 112276.381    68.131     7.55   13.42
 112652.480    75.833    20.48   16.92
 113028.578    76.968     3.02   16.93
 113404.676    70.250   -17.86   18.50
 113780.772    62.199   -21.41   21.09
 114156.867    50.746   -30.45   15.14
 114532.961    41.302   -25.11    8.20
 114909.054    36.779   -12.02    4.06
 115285.146    34.840    -5.16    5.26
 115661.238    34.389    -1.20    6.10
 116037.328    34.205    -0.49    8.14
 116413.417    35.428     3.25    7.10
 116789.505    37.199     4.71    5.39
 117165.593    30.468   -17.90   13.58
 117541.679    25.357   -13.59   14.34
 117917.765    21.266   -10.88   12.15
 118293.849    20.887    -1.01    8.42
 118669.933    26.239    14.23    6.50
 119046.015    31.131    13.01    7.27
 119422.097    35.568    11.80    6.92
 119798.177    39.668    10.90    6.28
 120174.257    42.661     7.96    4.63
 120550.336    44.022     3.62    2.83
 120926.414    43.738    -0.76    2.52
 121302.491    43.468    -0.72    2.72
 121678.567    43.126    -0.91    3.77
 122054.641    39.258   -10.29    7.94
 122430.716    37.404    -4.93    7.78
 122806.789    36.107    -3.45    7.90
 123182.861    37.047     2.50    8.37
 123558.932    39.558     6.68    8.84
 123935.002    43.883    11.50    9.21
 124311.072    50.584    17.82   10.37
 124687.140    59.455    23.59   14.93
 125063.207    69.536    26.81   13.77
 125439.274    78.131    22.85    8.09
 125815.340    82.163    10.72    5.89
 126191.404    83.507     3.57    5.39
 126567.468    81.643    -4.96    6.94
 126943.531    77.671   -10.56   10.73
 127319.593    74.318    -8.92   11.17
 127695.654    73.442    -2.33    8.90
 128071.714    76.225     7.40    7.45
 128447.773    80.705    11.91    3.62
 128823.832    82.661     5.20    3.61
 129199.889    85.135     6.58    3.29
 129575.945    86.185     2.79    3.22
 129952.001    85.653    -1.41    7.61
 130328.056    83.426    -5.92   11.66
 130704.109    79.327   -10.90   15.73
 131080.162    75.635    -9.82   16.48
 131456.214    75.052    -1.55   15.78
 131832.265    76.185     3.01   15.87
 132208.315    77.746     4.15   15.92
 132584.364    80.889     8.36   15.60
 132960.413    85.818    13.11   12.76
 133336.460    90.833    13.34    4.10
 133712.507    91.481     1.72    3.95
 134088.552    89.626    -4.93    8.53
 134464.597    89.995     0.98    8.73
 134840.641    89.590    -1.08    8.92
 135216.684    91.643     5.46    6.45
 135592.726    89.076    -6.83   10.39
 135968.768    82.455   -17.61   13.31
 136344.808    80.617    -4.89   15.09
 136720.847    82.254     4.35   18.19
 137096.886    85.686     9.13   21.91
 137472.924    93.584    21.00   18.55
 137849.064    94.385     2.13   16.69
 138225.281    95.806     3.78   13.72
 138601.497    98.725     7.76   15.49
 138977.713   104.784    16.11   18.01
 139353.928   110.643    15.57   17.61
 139730.141   113.806     8.41   16.43
 140106.354   106.442   -19.57   19.29
 140482.566    93.732   -33.79   20.93
 140858.777    89.045   -12.46   16.67
 141234.988    84.212   -12.85   15.78
 141611.197    85.609     3.72   15.01
 141987.406    88.815     8.52   13.83
 142363.613    88.274    -1.44   13.47
 142739.820    86.428    -4.91   11.15
 143116.026    90.374    10.49    9.61
 143492.231    94.705    11.51   11.56
 143868.436    98.763    10.79    9.15
 144244.639    99.883     2.98    8.82
 144620.842    99.353    -1.41    9.22
 144997.044   100.916     4.15   10.70
 145373.245   104.468     9.44   11.08
 145749.445   107.020     6.78   12.11
 146125.644   112.205    13.78   15.39
 146501.842   116.122    10.41   15.75
 146878.040   117.131     2.68   14.81
 147254.237   114.943    -5.82   14.92
 147630.433   108.374   -17.46   12.97
 148006.628   102.866   -14.64   10.93
 148382.822    96.456   -17.04   15.28
 148759.016    87.635   -23.45   19.40
 149135.208    79.455   -21.74   16.44
 149511.400    77.806    -4.38   16.48
 149887.591    87.887    26.80   20.95
 150263.781   101.337    35.75   20.76
 150639.971   107.941    17.55   16.43
 151016.159   104.793    -8.37   17.48
 151392.347   100.442   -11.57   15.85
 151768.534    96.887    -9.45   16.86
 152144.720    94.712    -5.78   19.90
 152520.906    92.889    -4.84   26.38
 152897.090    95.968     8.18   28.42
 153273.274   103.455    19.90   28.42
 153649.457    94.584   -23.58   29.29
 154025.639    89.413   -13.75   28.60
 154401.820    82.353   -18.77   26.77
 154778.001    71.840   -27.95   24.47
 155154.180    68.059   -10.05   24.93
 155530.359    68.293     0.62   21.08
 155906.537    68.347     0.14   18.45
 156282.715    69.103     2.01   19.32
 156658.891    67.941    -3.09   19.22
 157035.067    68.274     0.88   23.80
 157411.242    70.810     6.74   25.30
 157787.416    77.481    17.73   26.72
 158163.590    83.916    17.11   23.74
 158539.762    87.100     8.46   21.57
 158915.934    88.404     3.47   21.98
 159292.105    82.763   -15.00   23.95
 159668.276    71.698   -29.41   20.63
 160044.445    67.173   -12.03   17.45
 160420.614    64.441    -7.27   13.67
 160796.782    67.712     8.70   15.90
 161172.949    71.404     9.82   18.70
 161549.115    78.031    17.62   22.28
 161925.281    87.430    24.99   25.47
 162301.446   103.337    42.29   35.94
 162677.610   119.347    42.56   37.08
 163053.774   131.837    33.20   32.41
 163429.936   138.329    17.26   30.23
 163806.098   145.020    17.79   28.74
 164182.259   146.495     3.92   29.96
 164558.420   153.887    19.65   27.61
 164934.579   164.173    27.35   21.67
 165310.738   164.917     1.98   21.33
 165686.896   160.507   -11.72   24.85
 166063.054   155.218   -14.06   29.54
 166439.210   157.889     7.10   30.10
 166815.366   155.455    -6.47   27.98
 167191.521   151.779    -9.77   30.21
 167567.676   136.482   -40.67   31.94
 167943.829   118.093   -48.89   30.63
 168319.982   118.430     0.89   33.39
 168696.134   119.810     3.67   36.66
 169072.286   114.746   -13.46   38.85
 169448.437   100.020   -39.15   37.35
 169824.587    86.163   -36.84   21.15
 170200.736   100.507    38.13   36.45
 170576.884   108.173    20.38   34.69
 170953.032   107.076    -2.92   35.30
 171329.179    96.574   -27.92   30.97
 171705.326    85.558   -29.28   12.71
 172081.471    82.218    -8.88   11.36
 172457.616    82.779     1.49   12.36
 172833.760    87.866    13.52   15.66
 173209.904    98.047    27.07   29.11
 173586.047   115.320    45.92   33.80
 173962.189   116.779     3.88   36.18
 174338.330   110.829   -15.82   43.38
 174714.471    93.389   -46.37   36.71
 175090.611    79.768   -36.21   16.28
 175466.750    82.552     7.40   18.23
 175842.889    94.789    32.53   26.12
 176219.026   101.635    18.20   31.77
 176595.164   103.468     4.87   30.50
 176971.300   101.481    -5.28   30.14
 177347.436    87.389   -37.46   22.81
 177723.571    77.914   -25.19   17.70
 178099.705    76.076    -4.89   17.02
 178475.839    72.693    -8.99   17.83
 178851.972    67.913   -12.71   20.56
 179228.104    62.584   -14.17   18.51
 179604.236    55.310   -19.34   14.65
 179980.367    51.829    -9.25   11.55
 180356.497    51.671    -0.42   11.18
 180732.626    52.218     1.46   11.88
 181108.755    53.609     3.70   13.54
 181484.883    52.891    -1.91   12.66
 181861.011    53.131     0.64   11.58
 182237.138    53.968     2.23   12.59
 182613.264    55.258     3.43   13.37
 182989.389    53.047    -5.88   11.74
 183365.514    54.968     5.11   13.04
 183741.638    59.891    13.09   15.21
 184117.762    69.266    24.92   16.17
 184493.885    78.746    25.21   12.71
 184870.007    83.532    12.73   12.35
 185246.128    85.691     5.74   11.34
 185622.249    85.173    -1.37   11.42
 185998.369    88.379     8.52   10.98
 186374.489    85.674    -7.19   12.02
 186750.608    83.455    -5.90   12.26
 187126.726    83.428    -0.07   11.66
 187502.844    84.347     2.44   10.44
 187878.960    85.493     3.05   11.22
 188255.077    87.941     6.51   10.37
 188631.192    88.558     1.64    8.77
 189007.307    88.584     0.07    9.33
 189383.422    86.148    -6.48   11.14
 189759.535    82.049   -10.90   13.13
 190135.648    80.173    -4.99   14.51
 190511.761    80.495     0.85   15.36
 190887.873    83.996     9.31   14.67
 191263.984    87.482     9.27   15.85
 191640.094    91.185     9.84   18.00
 192016.204    94.442     8.66   18.01
 192392.313   100.481    16.06   18.91
 192768.422   104.000     9.35   16.92
 193144.530   107.153     8.38   18.04
 193520.638   114.158    18.62   20.12
 193896.744   123.024    23.57   20.21
 194272.850   122.763    -0.69   18.54
 194648.956   121.293    -3.91   18.01
 195025.061   124.943     9.70   20.28
 195401.165   125.353     1.09   19.33
 195777.269   128.310     7.86   18.39
 196153.372   133.752    14.47   20.42
 196529.474   128.250   -14.63   21.40
 196905.576   129.916     4.43   21.72
 197281.677   124.441   -14.56   21.85
 197657.778   118.833   -14.91   20.58
 198033.878   113.185   -15.02   19.90
 198409.977   108.239   -13.15   19.08
 198786.076    97.889   -27.52   19.59
 199162.174    87.115   -28.65   18.36
 199538.272    84.868    -5.97   18.39
 199914.369    87.495     6.98   20.16
 200290.466   101.663    37.67   25.86
 200666.561   115.199    35.99   19.79
 201042.657   119.617    11.75   17.24
 201418.751   120.047     1.14   14.75
 201794.845   111.837   -21.83   14.49
 202170.939   107.353   -11.92   11.74
 202547.032   104.455    -7.71   12.62
 202923.124   100.784    -9.76   14.42
 203299.216    97.868    -7.75   13.72
 203675.307    93.654   -11.21   10.41
 204051.398    92.887    -2.04   15.98
 204427.488    98.806    15.74   26.33
 204803.577    97.806    -2.66   29.13
 205179.666    99.752     5.17   23.78
 205555.754   107.329    20.15   21.11
 205931.842   106.118    -3.22   20.20
 206307.929   102.337   -10.05   14.90
 206684.016    97.995   -11.54   13.52
 207060.102    95.917    -5.53   14.76
 207436.187   102.758    18.19   21.79
 207812.272   107.507    12.63   26.95
 208188.356   116.698    24.44   33.45
 208564.440   127.250    28.06   39.15
 208940.523   129.107     4.94   32.37
 209316.606   133.758    12.37   34.10
 209692.688   134.738     2.61   32.14
 210068.770   140.635    15.68   33.11
 210444.851   144.199     9.48   38.33
 210820.931   148.725    12.03   40.45
 211197.011   150.024     3.45   41.33
 211573.091   142.860   -19.05   35.83
 211949.170   134.024   -23.50   29.60
 212325.248   130.916    -8.26   26.82
 212701.326   122.738   -21.75   26.21
 213077.504   120.320    -6.43   28.42
 213453.692   115.276   -13.41   29.04
 213829.879   110.635   -12.34   31.93
 214206.066    99.097   -30.67   26.24
 214582.253    89.179   -26.36   11.53
 214958.439    89.917     1.96   10.90
 215334.624    92.563     7.03    9.67
 215710.809    94.428     4.96   10.69
 216086.993    98.752    11.50   11.80
 216463.177   105.312    17.44   14.02
 216839.360   108.481     8.42   11.91
 217215.543   111.097     6.95   14.28
 217591.725   113.135     5.42   15.39
 217967.907   112.644    -1.31   15.90
 218344.088   118.635    15.93   17.07
 218720.269   121.863     8.58   16.95
 219096.449   124.712     7.57   18.18
 219472.629   127.239     6.72   17.50
 219848.808   124.521    -7.22   16.66
 220224.987   129.442    13.08   18.41
 220601.165   136.789    19.53   22.47
 220977.342   138.752     5.22   24.00
 221353.520   155.093    43.44   34.32
 221729.696   173.732    49.55   39.33
 222105.872   187.000    35.27   35.16
