-291691.665   224.433     0.00   18.85
-291315.304   218.902   -14.70   17.19
-290938.946   211.270   -20.28    7.07
-290562.591   209.103    -5.76    6.40
-290186.238   206.026    -8.17    6.90
-289809.888   203.513    -6.68    6.64
-289433.540   201.553    -5.21    6.43
-289057.195   199.333    -5.90    6.35
-288680.853   197.703    -4.33    6.35
-288304.512   196.405    -3.45    6.91
-287928.175   195.256    -3.05    6.58
-287551.840   192.457    -7.44    5.08
-287175.507   190.513    -5.17    5.21
-286799.177   187.923    -6.88    6.61
-286422.849   184.833    -8.21    6.30
-286046.524   185.757     2.45    8.95
-285670.202   190.722    13.20   15.01
-285293.882   195.105    11.65   16.06
-284917.564   199.500    11.68   20.89
-284541.249   198.838    -1.76   18.42
-284164.937   195.821    -8.02   15.53
-283788.627   194.605    -3.23   13.17
-283412.319   193.237    -3.64    8.53
-283036.014   192.027    -3.22    7.11
-282659.712   188.075   -10.50    6.83
-282283.412   188.711     1.69    7.75
-281907.114   191.027     6.16   15.73
-281530.819   195.486    11.85   20.81
-281154.527   200.861    14.28   17.40
-280778.236   201.359     1.32   17.16
-280401.949   197.974    -9.00   10.81
-280025.664   198.457     1.28   10.35
-279649.381   200.757     6.11    8.25
-279273.101   201.054     0.79    9.00
-278896.823   204.789     9.93    8.76
-278520.548   209.225    11.79   10.02
-278144.276   214.568    14.20   12.37
-277768.005   217.289     7.23   13.87
-277391.738   217.605     0.84   15.05
-277015.472   216.410    -3.18   15.28
-276639.209   212.081   -11.51   14.35
-276262.949   208.075   -10.65   14.29
-275886.691   206.579    -3.98   13.37
-275510.436   208.667     5.55   13.56
-275134.183   209.081     1.10   11.06
-274757.932   207.778    -3.46    9.56
-274381.684   207.103    -1.79    8.71
-274005.439   205.333    -4.70    7.38
-273629.195   206.206     2.32   13.00
-273252.955   208.405     5.85   15.59
-272876.717   208.027    -1.01   16.54
-272500.481   206.243    -4.74   17.96
-272124.247   202.051   -11.14   13.60
-271748.017   198.658    -9.02    9.05
-271371.788   196.795    -4.95    7.23
-270995.562   197.769     2.59    6.02
-270619.339   196.872    -2.39    5.64
-270243.117   194.432    -6.48    5.70
-269866.899   192.275    -5.73    5.57
-269490.682   190.921    -3.60    4.95
-269114.469   190.472    -1.19    4.99
-268738.257   191.973     3.99    5.13
-268362.048   193.000     2.73    4.13
-267985.842   190.757    -5.96    5.70
-267609.638   187.487    -8.69    6.06
-267233.436   184.818    -7.09    5.78
-266857.237   184.205    -1.63    5.65
-266481.040   184.474     0.71    5.43
-266104.845   184.306    -0.45    5.22
-265728.653   184.615     0.82    5.21
-265352.464   184.135    -1.28    5.55
-264976.277   183.128    -2.68    5.35
-264600.092   182.385    -1.98    5.81
-264223.910   183.179     2.11    7.67
-263847.730   184.816     4.35    8.32
-263471.552   184.974     0.42    8.20
-263095.377   184.359    -1.64    7.26
-262719.204   182.250    -5.61    6.21
-262343.034   178.784    -9.21    6.49
-261966.866   175.703    -8.19    4.93
-261590.701   174.108    -4.24    4.96
-261214.537   174.632     1.39    5.26
-260838.377   175.314     1.82    5.67
-260462.218   176.525     3.22    5.15
-260086.062   178.026     3.99    5.51
-259709.909   179.472     3.84    5.69
-259333.758   182.000     6.72    6.26
-258957.609   184.054     5.46    7.11
-258581.463   188.500    11.82    7.78
-258205.319   191.553     8.12    7.57
-257829.177   194.462     7.73    6.89
-257453.038   198.081     9.62   11.81
-257076.901   199.105     2.72   12.25
-256700.766   198.225    -2.34   12.15
-256324.634   201.486     8.67   18.92
-255948.504   219.108    46.85   43.76
-255572.377   238.459    51.45   47.06
-255196.252   242.946    11.93   43.60
-254820.129   234.919   -21.34   41.77
-254444.009   221.800   -34.88   27.48
-254067.891   225.875    10.83   29.33
-253691.776   232.895    18.66   34.24
-253315.663   233.351     1.21   35.14
-252939.552   227.641   -15.18   36.57
-252563.443   214.711   -34.38   27.56
-252187.337   207.711   -18.61   19.93
-251811.233   200.000   -20.50   11.75
-251435.132   196.795    -8.52   14.24
-251059.033   192.703   -10.88   15.80
-250682.936   185.579   -18.94   13.39
-250306.842   179.575   -15.96    8.29
-249930.750   177.714    -4.95   11.54
-249554.660   178.263     1.46   11.86
-249178.573   181.108     7.56   11.84
-248802.488   181.838     1.94   10.00
-248426.405   180.324    -4.02    8.16
-248050.325   177.167    -8.40    9.70
-247674.247   171.385   -15.38    8.73
-247298.171   166.921   -11.87    8.49
-246922.098   163.405    -9.35    8.02
-246546.027   162.718    -1.83    7.37
-246169.958   162.692    -0.07    7.80
-245793.892   164.923     5.93    8.66
-245417.828   167.486     6.82    8.60
-245041.766   169.103     4.30    8.22
-244665.707   168.972    -0.35    8.17
-244289.650   169.026     0.14    8.36
-243913.595   169.462     1.16    7.92
-243537.543   173.424    10.54    4.87
-243161.493   174.410     2.62    3.18
-242785.445   174.892     1.28    3.01
-242409.399   176.054     3.09    4.28
-242033.356   177.108     2.80    5.07
-241657.315   178.889     4.74    4.82
-241281.277   180.462     4.18    4.73
-240905.241   181.462     2.66    5.48
-240529.207   183.054     4.24    5.04
-240153.175   184.923     4.97    5.60
-239777.146   185.846     2.45    3.77
-239401.119   187.256     3.75    4.65
-239025.094   188.842     4.22    5.18
-238649.071   194.359    14.67   13.49
-238273.051   201.000    17.66   18.64
-237897.033   212.486    30.55   34.20
-237521.018   221.368    23.62   34.83
-237145.004   235.219    36.84   40.83
-236768.993   259.333    64.14   48.20
-236392.985   274.632    40.69   51.06
-236016.978   294.784    53.60   48.33
-235640.974   309.027    37.88   41.96
-235264.972   294.167   -39.52   51.34
-234888.973   275.000   -50.98   55.62
-234512.975   242.872   -85.45   49.51
-234136.980   221.162   -57.74   33.43
-233760.987   206.769   -38.28   20.07
-233384.997   200.538   -16.57    8.96
-233009.008   201.487     2.52   11.96
-232633.022   206.703    13.87   13.57
-232257.039   209.725     8.04   14.39
-231881.057   207.892    -4.88   11.21
-231505.078   206.757    -3.02   12.62
-231129.101   210.081     8.84   20.99
-230753.126   206.941    -8.35   14.42
-230377.154   205.897    -2.78    9.86
-230001.184   207.487     4.23    6.07
-229625.216   209.583     5.58    7.33
-229249.250   210.158     1.53    7.53
-228873.287   210.000    -0.42    7.84
-228497.326   210.474     1.26    9.31
-228121.367   214.641    11.08   18.14
-227745.410   219.703    13.46   22.92
-227369.455   230.921    29.84   26.33
-226993.503   240.897    26.54   28.91
-226617.553   257.436    43.99   35.64
-226241.605   268.054    28.24   28.71
-225865.660   271.875    10.16   28.85
-225489.717   269.474    -6.39   29.66
-225113.776   268.297    -3.13   33.03
-224737.837   270.054     4.67   35.59
-224361.900   263.457   -17.55   30.84
-223985.966   261.744    -4.56   33.46
-223610.034   268.897    19.03   34.81
-223234.104   272.222     8.84   34.07
-222858.176   275.897     9.78   36.11
-222482.251   277.083     3.15   37.29
-222106.327   274.237    -7.57   37.15
-221730.406   261.641   -33.51   31.31
-221354.488   254.811   -18.17   22.24
-220978.571   253.263    -4.12   19.18
-220602.656   251.615    -4.38   19.69
-220226.744   248.050    -9.48   21.20
-219850.834   243.378   -12.43   14.56
-219474.927   247.923    12.09   18.21
-219099.021   255.436    19.99   28.57
-218723.118   268.222    34.02   36.11
-218346.871   263.000   -13.88   34.39
-217970.535   257.000   -15.94   31.54
-217594.201   248.711   -22.03   25.78
-217217.870   240.025   -23.08   11.92
-216841.541   243.611     9.53   18.08
-216465.214   252.925    24.75   28.22
-216088.889   262.703    25.98   27.42
-215712.566   268.405    15.15   24.44
-215336.246   269.211     2.14   22.58
-214959.927   277.079    20.91   24.69
-214583.611   296.553    51.75   33.32
-214207.297   325.026    75.67   41.34
-213830.986   355.525    81.05   44.41
-213454.676   376.639    56.11   34.74
-213078.369   383.375    17.90   21.72
-212702.064   377.000   -16.94   21.07
-212325.761   365.417   -30.78   16.04
-211949.460   359.838   -14.83   11.08
-211573.161   360.081     0.65   16.98
-211196.865   365.184    13.56   22.30
-210820.570   372.200    18.65   27.22
-210444.278   370.568    -4.34   25.49
-210067.988   368.900    -4.43   24.10
-209691.701   363.821   -13.50   23.85
-209315.415   355.405   -22.36   23.14
-208939.131   350.684   -12.55   23.13
-208562.850   350.026    -1.75   22.76
-208186.571   342.289   -20.56   17.06
-207810.294   339.806    -6.60   16.26
-207434.019   339.231    -1.53   14.53
-207057.746   341.514     6.07   17.21
-206681.476   349.250    20.56   24.20
-206305.208   357.436    21.76   28.61
-205928.941   358.600     3.09   24.73
-205552.677   357.622    -2.60   21.07
-205176.415   351.649   -15.88   20.89
-204800.156   346.079   -14.80   13.65
-204423.898   344.256    -4.84   13.14
-204047.642   345.278     2.71   16.19
-203671.389   343.220    -5.47   17.33
-203295.138   340.128    -8.22   17.68
-202918.889   336.568    -9.46   17.67
-202542.642   331.541   -13.36   13.67
-202166.397   328.684    -7.59    9.75
-201790.154   326.615    -5.50   11.19
-201413.914   326.694     0.21   14.50
-201037.675   326.051    -1.71   15.56
-200661.439   329.694     9.68   24.18
-200285.205   339.974    27.32   31.17
-199908.973   347.949    21.20   31.52
-199532.743   361.812    36.85   35.36
-199156.515   373.946    32.25   34.39
-198780.289   381.081    18.97   30.90
-198404.065   388.811    20.55   25.55
-198027.844   387.342    -3.90   24.03
-197651.625   381.865   -14.56   24.58
-197275.407   376.256   -14.91   24.18
-196899.192   370.385   -15.61   24.88
-196522.979   359.868   -27.95   22.03
-196146.768   351.737   -21.62   13.12
-195770.559   354.949     8.54   22.01
-195394.352   360.795    15.54   26.81
-195018.148   371.162    27.56   32.87
-194641.945   388.692    46.60   35.99
-194265.745   405.270    44.07   28.81
-193889.546   403.846    -3.79   29.61
-193513.350   394.385   -25.15   34.63
-193137.156   375.500   -50.20   34.76
-192760.964   357.872   -46.86   30.97
-192384.774   349.053   -23.44   27.34
-192008.586   343.486   -14.80   25.12
-191632.400   334.231   -24.60   26.29
-191256.216   322.583   -30.96   22.72
-190880.035   318.564   -10.68   19.48
-190503.855   322.538    10.57   22.99
-190127.678   337.081    38.66   28.09
-189751.502   341.000    10.42   32.78
-189375.329   342.154     3.07   33.57
-188999.157   342.205     0.14   31.18
-188622.988   335.973   -16.57   33.85
-188246.821   334.821    -3.06   39.92
-187870.656   335.405     1.55   44.98
-187494.493   328.000   -19.69   47.33
-187118.332   316.838   -29.67   45.94
-186742.173   316.625    -0.57   41.26
-186366.016   310.897   -15.23   32.97
-185989.861   312.103     3.20   31.35
-185613.709   309.250    -7.58   31.16
-185237.558   295.923   -35.43   38.26
-184861.409   272.611   -61.98   46.57
-184485.263   246.308   -69.93   49.91
-184109.118   226.763   -51.96   41.19
-183732.976   208.865   -47.59   27.62
-183356.835   201.842   -18.67   28.72
-182980.697   194.949   -18.33   26.36
-182604.560   184.829   -26.90   16.51
-182228.426   174.361   -27.83    7.74
-181852.294   177.179     7.49   18.51
-181476.164   186.500    24.78   26.29
-181100.035   194.568    21.45   27.29
-180723.909   198.865    11.43   23.68
-180347.785   194.057   -12.78   19.54
-179971.663   180.462   -36.15   20.46
-179595.543   162.625   -47.42   26.49
-179219.425   148.028   -38.81   26.57
-178843.309   135.462   -33.41   19.30
-178467.195   127.500   -21.17   14.43
-178091.083   132.789    14.06   18.57
-177714.973   148.000    40.44   28.87
-177338.865   176.895    76.83   61.96
-176962.759   216.632   105.66   68.66
-176586.655   239.128    59.82   65.56
-176210.553   244.875    15.28   59.92
-175834.453   240.081   -12.75   54.27
-175458.356   230.275   -26.07   53.51
-175082.260   223.027   -19.27   45.19
-174706.166   216.973   -16.10   37.28
-174330.074   216.432    -1.44   37.89
-173953.984   191.583   -66.07   39.84
-173577.896   182.737   -23.52   33.87
-173201.810   166.625   -42.84   35.10
-172825.727   145.667   -55.73   26.86
-172449.645   134.225   -30.42   23.12
-172073.565   126.079   -21.66   13.77
-171697.487   121.789   -11.41   10.78
-171321.411   120.923    -2.30   10.41
-170945.337   114.632   -16.73   11.07
-170569.265   111.000    -9.66   10.94
-170193.195   113.684     7.14   14.14
-169817.127   115.175     3.96   15.14
-169441.061   119.083    10.39   13.96
-169064.997   115.718    -8.95   14.42
-168688.935   106.421   -24.72   13.01
-168312.875   102.000   -11.76   10.83
-167936.817    96.162   -15.52    9.69
-167560.761    90.056   -16.24   10.13
-167184.707    87.590    -6.56    9.30
-166808.655    89.475     5.01   10.95
-166432.605    93.892    11.75   11.16
-166056.557    98.275    11.66    7.86
-165680.511   100.132     4.94    6.30
-165304.466    97.500    -7.00    8.18
-164928.424    98.000     1.33   11.02
-164552.384   102.026    10.71   14.00
-164176.345   111.054    24.01   16.20
-163800.309   119.389    22.17   15.57
-163424.274   125.421    16.04   14.52
-163048.242   128.833     9.07   11.21
-162672.211   129.256     1.13    8.99
-162296.183   121.641   -20.25   15.18
-161920.156   110.806   -28.82   18.89
-161544.131    96.054   -39.23   19.36
-161168.108    86.432   -25.59   13.00
-160792.088    81.711   -12.56   11.55
-160416.069    80.650    -2.82   10.77
-160040.052    79.649    -2.66    9.37
-159664.037    80.949     3.46   11.90
-159288.024    81.289     0.91   10.88
-158912.013    80.526    -2.03   10.53
-158536.003    83.162     7.01   13.76
-158159.996    85.949     7.41   13.56
-157783.991    87.447     3.99   11.21
-157407.987    85.667    -4.74   10.16
-157031.986    81.703   -10.54   10.40
-156655.986    77.028   -12.43    8.33
-156279.989    79.359     6.20   15.54
-155903.993    93.821    38.46   29.04
-155527.999   117.114    61.95   37.97
-155152.007   141.892    65.90   32.13
-154776.017   148.162    16.68   25.93
-154400.029   146.811    -3.59   21.11
-154024.043   134.825   -31.88   23.85
-153648.059   123.676   -29.65   25.93
-153272.076   110.667   -34.60   29.32
-152896.096    97.105   -36.07   27.72
-152520.117    84.487   -33.56   21.94
-152144.141    75.892   -22.86   14.02
-151768.166    75.025    -2.31   11.12
-151392.193    75.053     0.07    9.28
-151016.222    74.028    -2.73    8.62
-150640.253    71.919    -5.61    8.10
-150264.286    70.972    -2.52    7.35
-149888.321    70.263    -1.89    6.86
-149512.358    71.179     2.44    7.58
-149136.396    71.588     1.09    7.70
-148760.437    71.132    -1.21    6.83
-148384.479    69.595    -4.09    4.72
-148008.523    68.417    -3.13    3.89
-147632.569    68.795     1.01    4.01
-147256.617    68.737    -0.15    4.29
-146880.667    67.590    -3.05    4.55
-146504.719    66.949    -1.71    4.71
-146128.772    67.200     0.67    4.52
-145752.828    68.081     2.34    5.01
-145376.885    69.125     2.78    6.09
-145000.944    69.487     0.96    7.04
-144625.005    68.250    -3.29    7.73
-144249.068    68.432     0.49    7.71
-143873.133    68.216    -0.58    6.70
-143497.148    67.351    -2.30    8.89
-143120.839    66.667    -1.82    9.59
-142744.532    63.229    -9.14    7.06
-142368.227    61.718    -4.01    5.12
-141991.925    61.263    -1.21    4.02
-141615.623    60.806    -1.22    3.95
-141239.324    60.564    -0.64    3.84
-140863.027    59.316    -3.32    3.14
-140486.731    59.526     0.56    4.45
-140110.438    60.553     2.73    6.45
-139734.146    61.769     3.23    7.27
-139357.856    62.054     0.76    7.94
-138981.568    64.000     5.17    9.07
-138605.281    65.500     3.99    9.76
-138228.997    64.583    -2.44    7.23
-137852.714    64.324    -0.69    7.15
-137476.434    64.243    -0.22    9.38
-137100.155    67.568     8.83   13.59
-136723.878    71.568    10.63   13.92
-136347.602    72.114     1.45   11.49
-135971.329    69.350    -7.35    8.14
-135595.057    68.184    -3.10    5.62
-135218.788    66.838    -3.58    5.75
-134842.520    65.128    -4.54    5.63
-134466.254    65.579     1.20    8.46
-134089.989    65.263    -0.84    9.54
-133713.727    69.189    10.43   14.35
-133337.466    70.564     3.65   14.84
-132961.207    70.583     0.05   13.42
-132584.950    69.000    -4.21   12.37
-132208.695    69.250     0.66   15.19
-131832.442    66.971    -6.06    9.12
-131456.190    70.000     8.05   15.61
-131079.941    72.946     7.83   25.43
-130703.693    73.622     1.80   29.80
-130327.447    74.919     3.45   33.79
-129951.202    74.472    -1.19   27.93
-129574.960    70.513   -10.52   23.26
-129198.719    75.590    13.49   29.83
-128822.480    83.737    21.65   37.72
-128446.243    92.395    23.01   43.51
-128070.008   100.256    20.90   46.88
-127693.774    92.077   -21.74   38.45
-127317.543    85.946   -16.30   29.71
-126941.313    84.718    -3.26   25.88
-126565.085    89.722    13.30   30.32
-126188.858    92.737     8.01   33.44
-125812.634    88.474   -11.33   32.36
-125436.411    84.375   -10.89   23.19
-125060.190    86.744     6.30   17.02
-124683.971    97.079    27.47   14.63
-124307.754   103.278    16.48    8.35
-123931.538   103.135    -0.38    9.07
-123555.324   105.556     6.43   11.15
-123179.112   102.079    -9.24   12.30
-122802.902   100.500    -4.20   14.33
-122426.693   101.784     3.41   15.71
-122050.486   106.872    13.52   20.59
-121674.281   118.158    30.00   17.82
-121298.078   123.205    13.42   15.05
-120921.877   118.919   -11.39   17.33
-120545.677   113.100   -15.47   15.84
-120169.479   106.838   -16.65   13.01
-119793.283    96.541   -27.37   15.05
-119417.089    95.865    -1.80   18.18
-119040.896    96.914     2.79   23.03
-118664.705   101.128    11.20   22.51
-118288.516   115.385    37.90   20.82
-117912.328   117.667     6.07   18.00
-117536.143   116.973    -1.84   16.40
-117159.959   118.306     3.54   17.84
-116783.777   110.263   -21.38   19.98
-116407.596   106.500   -10.00   20.38
-116031.418   105.162    -3.56   19.26
-115655.241   108.342     8.45   15.83
-115279.066   110.632     6.09   13.74
-114902.892   110.667     0.09   13.14
-114526.721   105.378   -14.06   15.23
-114150.551   101.975    -9.05   14.31
-113774.382   101.500    -1.26   13.65
-113398.216   104.270     7.36   12.78
-113022.051   108.081    10.13   10.96
-112645.888   111.611     9.38    9.57
-112269.727   111.538    -0.19    9.97
-111893.567   112.795     3.34    8.68
-111517.409   112.543    -0.67    8.06
-111141.253   106.974   -14.81   12.04
-110765.099   100.730   -16.60   11.07
-110388.946    98.972    -4.67   10.52
-110012.795   102.103     8.32   12.00
-109636.646   108.351    16.61   10.00
-109260.498   111.205     7.59   10.11
-108884.352   112.368     3.09    9.74
-108508.208   110.000    -6.30   13.26
-108132.066   105.919   -10.85   15.01
-107755.925   102.275    -9.69   16.25
-107379.786   100.538    -4.62   16.47
-107003.649    98.444    -5.57   14.70
-106627.513   106.243    20.73   20.41
-106251.379   114.946    23.14   22.16
-105875.247   120.946    15.95   23.58
-105499.116   122.949     5.32   23.64
-105122.987   117.417   -14.71   24.36
-104746.860    99.179   -48.49   21.86
-104370.735    89.132   -26.71   20.50
-103994.611    83.250   -15.64   19.43
-103618.489    74.564   -23.09   19.74
-103242.369    73.231    -3.55   18.22
-102866.250    71.579    -4.39   18.64
-102490.133    66.865   -12.53   18.93
-102114.018    64.744    -5.64   19.54
-101737.904    56.054   -23.10   15.03
-101361.792    50.615   -14.46    8.58
-100985.682    48.300    -6.16    7.18
-100609.573    45.829    -6.57    6.55
-100233.466    44.459    -3.64    7.60
 -99857.361    46.054     4.24   10.23
 -99481.257    48.081     5.39   13.30
 -99105.155    48.895     2.16   12.95
 -98729.055    48.722    -0.46   11.94
 -98352.956    49.488     2.04   12.97
 -97976.859    51.333     4.91   13.46
 -97600.764    55.054     9.89   16.26
 -97224.670    59.410    11.58   18.84
 -96848.578    61.316     5.07   17.39
 -96472.488    58.447    -7.63   16.84
 -96096.399    55.611    -7.54   16.24
 -95720.312    51.410   -11.17   13.05
 -95344.227    47.333   -10.84   10.22
 -94968.143    47.256    -0.20   11.22
 -94592.061    47.256     0.00   11.90
 -94215.980    43.531    -9.91    8.50
 -93839.901    45.676     5.70    9.29
 -93463.824    47.000     3.52    8.73
 -93087.749    52.026    13.37   14.75
 -92711.675    55.500     9.24   20.42
 -92335.603    56.919     3.77   21.79
 -91959.532    60.282     8.94   19.50
 -91583.463    62.154     4.98   17.90
 -91207.396    64.895     7.29   12.77
 -90831.330    73.184    22.04   18.85
 -90455.266    85.158    31.84   21.35
 -90079.203    97.154    31.90   19.67
 -89703.142   108.784    30.93   15.08
 -89327.083   110.385     4.26   13.58
 -88951.026   108.333    -5.45   13.74
 -88574.970   103.282   -13.43   13.77
 -88198.915   100.436    -7.57   10.41
 -87822.862   102.688     5.99   11.31
 -87446.811   111.641    23.81   13.01
 -87070.762   124.324    33.73   15.77
 -86694.714   137.216    34.28   21.59
 -86318.668   150.744    35.97   21.63
 -85942.623   158.081    19.51   16.31
 -85566.580   159.615     4.08   11.65
 -85190.538   154.308   -14.11   10.70
 -84814.498   147.270   -18.71    9.81
 -84438.460   142.974   -11.43    8.75
 -84062.423   137.282   -15.14    9.07
 -83686.388   132.103   -13.77   12.50
 -83310.355   130.000    -5.59   14.53
 -82934.323   126.737    -8.68   15.94
 -82558.292   121.324   -14.39   14.80
 -82182.264   117.919    -9.06   18.78
 -81806.237   122.270    11.57   20.77
 -81430.211   133.438    29.70   22.18
 -81054.187   141.256    20.79   16.07
 -80678.165   141.026    -0.61   14.96
 -80302.144   132.500   -22.67   19.42
 -79926.125   118.282   -37.81   18.33
 -79550.107   110.306   -21.21   16.73
 -79174.091   114.641    11.53   16.69
 -78798.076   120.237    14.88   15.78
 -78422.064   127.105    18.27    5.89
 -78046.052   129.054     5.18    3.30
 -77670.042   128.231    -2.19    4.04
 -77294.034   126.976    -3.34    4.52
 -76918.028   126.722    -0.67    4.63
 -76542.022   126.595    -0.34    6.02
 -76166.019   127.865     3.38    6.47
 -75790.017   124.919    -7.83   11.73
 -75414.017   122.162    -7.33   13.00
 -75038.018   115.714   -17.15   19.22
 -74662.020   109.718   -15.95   23.52
 -74286.025   101.000   -23.19   24.73
 -73910.031    94.432   -17.47   23.28
 -73534.038    92.513    -5.11   21.98
 -73158.047    95.194     7.13   22.28
 -72782.057   108.711    35.95   29.24
 -72406.069   126.132    46.33   24.08
 -72030.083   138.615    33.20   17.73
 -71654.098   146.459    20.86    6.27
 -71278.115   145.421    -2.76    6.30
 -70902.133   138.385   -18.71   11.11
 -70526.152   123.028   -40.85   19.06
 -70150.174   110.263   -33.95   21.34
 -69774.197    94.108   -42.97   21.79
 -69398.221    83.162   -29.11   21.05
 -69022.247    80.270    -7.69   19.66
 -68646.274    79.417    -2.27   16.77
 -68270.156    76.410    -7.99   16.12
 -67893.883    71.025   -14.31   16.27
 -67517.612    63.306   -20.52   16.28
 -67141.342    51.897   -30.32   15.54
 -66765.074    47.421   -11.90   12.79
 -66388.808    54.872    19.80   20.77
 -66012.542    70.474    41.47   25.01
 -65636.279    83.974    35.88   19.80
 -65260.017    89.556    14.83   13.54
 -64883.756    86.000    -9.45   17.67
 -64507.497    77.205   -23.37   19.81
 -64131.239    69.286   -21.05   16.45
 -63754.983    70.436     3.06   13.77
 -63378.729    72.846     6.41   14.17
 -63002.476    74.730     5.01   12.98
 -62626.224    75.027     0.79   11.75
 -62249.974    66.649   -22.27   17.82
 -61873.726    54.641   -31.91   21.04
 -61497.479    43.300   -30.14   17.83
 -61121.233    38.676   -12.29   13.98
 -60744.989    36.359    -6.16   10.93
 -60368.747    41.263    13.03   14.92
 -59992.505    54.605    35.46   27.70
 -59616.266    69.081    38.48   27.47
 -59240.028    80.275    29.75   26.77
 -58863.791    86.158    15.64   24.07
 -58487.556    90.278    10.95   19.45
 -58111.323    96.684    17.03   19.06
 -57735.090    99.611     7.78   15.75
 -57358.860   100.769     3.08   12.78
 -56982.631    99.821    -2.52   10.64
 -56606.403    97.000    -7.50   10.17
 -56230.177    91.622   -14.30   10.88
 -55853.952    87.027   -12.21   11.27
 -55477.729    79.351   -20.40   12.89
 -55101.507    75.825    -9.37   12.23
 -54725.286    77.541     4.56   14.19
 -54349.068    84.132    17.52   19.87
 -53972.850    93.763    25.60   18.00
 -53596.634   106.974    35.12   19.51
 -53220.420   119.243    32.61   18.74
 -52844.207   126.875    20.29   14.91
 -52467.995   128.711     4.88   13.80
 -52091.785   123.083   -14.96   18.82
 -51715.576   108.649   -38.37   21.98
 -51339.369    94.806   -36.80   20.14
 -50963.164    83.263   -30.68   17.61
 -50586.959    70.077   -35.05   16.99
 -50210.756    61.031   -24.04   10.61
 -49834.555    61.184     0.41    9.55
 -49458.355    65.162    10.57   10.54
 -49082.156    71.528    16.92   12.73
 -48705.959    76.615    13.52   16.75
 -48329.764    82.730    16.25   23.73
 -47953.570    87.897    13.74   25.68
 -47577.377    95.205    19.43   26.43
 -47201.186   101.421    16.52   23.95
 -46824.996   107.757    16.84   22.30
 -46448.807   116.538    23.34   21.43
 -46072.620   116.179    -0.95   20.62
 -45696.435   111.000   -13.77   20.22
 -45320.250   105.378   -14.94   16.12
 -44944.068   103.486    -5.03   13.79
 -44567.886   114.865    30.25   22.90
 -44191.706   132.974    48.14   24.99
 -43815.528   147.676    39.08   17.15
 -43439.351   153.525    15.55    8.61
 -43063.175   152.789    -1.96    8.33
 -42687.001   150.278    -6.68    7.77
 -42310.828   149.410    -2.31    6.41
 -41934.657   150.135     1.93    6.05
 -41558.487   152.105     5.24    5.87
 -41182.318   154.105     5.32    5.76
 -40806.151   152.385    -4.57    8.23
 -40429.985   147.054   -14.17   11.79
 -40053.821   141.684   -14.28   10.99
 -39677.658   139.275    -6.40    8.66
 -39301.496   140.686     3.75    8.09
 -38925.336   143.189     6.66    8.34
 -38549.177   145.784     6.90    7.11
 -38173.020   145.811     0.07    7.46
 -37796.864   142.595    -8.55    8.01
 -37420.709   137.343   -13.96    8.80
 -37044.556   129.350   -21.25   11.98
 -36668.404   122.605   -17.93   11.05
 -36292.254   114.162   -22.45   12.89
 -35916.104   105.333   -23.47   10.97
 -35539.957   101.605    -9.91    9.29
 -35163.810   100.868    -1.96    9.92
 -34787.666   106.027    13.71   12.77
 -34411.522   113.103    18.81   15.03
 -34035.380   120.778    20.41   11.83
 -33659.239   127.026    16.61    7.68
 -33283.100   128.400     3.65    7.73
 -32906.961   126.971    -3.80    8.63
 -32530.825   121.718   -13.96   11.94
 -32154.689   115.649   -16.14   12.41
 -31778.555   113.243    -6.40   13.93
 -31402.423   110.919    -6.18   16.43
 -31026.292   110.444    -1.26   18.67
 -30650.162   110.897     1.20   20.10
 -30274.033   104.128   -18.00   19.87
 -29897.906    94.703   -25.06   19.46
 -29521.780    84.154   -28.05   18.02
 -29145.656    76.128   -21.34   10.75
 -28769.533    76.897     2.05   11.98
 -28393.411    84.649    20.61   16.10
 -28017.291    95.282    28.27   19.34
 -27641.171   107.389    32.19   18.39
 -27265.054   115.838    22.46   16.84
 -26888.937   121.000    13.72   14.27
 -26512.822   126.156    13.71   10.51
 -26136.709   124.872    -3.42   11.33
 -25760.596   119.711   -13.72   13.46
 -25384.485   117.417    -6.10   13.44
 -25008.376   114.162    -8.65   10.90
 -24632.267   114.722     1.49    9.66
 -24256.160   120.974    16.62   12.41
 -23880.055   127.410    17.11   14.46
 -23503.950   130.622     8.54   14.40
 -23127.847   134.359     9.94   11.76
 -22751.745   134.487     0.34   10.90
 -22375.645   134.211    -0.74    9.07
 -21999.546   136.486     6.05    8.83
 -21623.448   140.225     9.94    8.87
 -21247.352   145.270    13.41    7.89
 -20871.257   149.108    10.20    5.25
 -20495.163   149.865     2.01    5.94
 -20119.070   146.171    -9.82   10.27
 -19742.979   141.590   -12.18   12.74
 -19366.889   133.436   -21.68   13.96
 -18990.801   127.750   -15.12   12.59
 -18614.713   123.526   -11.23    9.45
 -18238.628   122.583    -2.51    9.47
 -17862.543   124.974     6.36    9.91
 -17486.460   126.692     4.57    9.64
 -17110.377   128.189     3.98    7.76
 -16734.297   130.289     5.58    7.70
 -16358.217   133.132     7.56    7.61
 -15982.139   136.359     8.58    6.57
 -15606.062   137.676     3.50    6.82
 -15229.987   129.154   -22.66   23.55
 -14853.912   107.154   -58.50   38.29
 -14477.839    86.541   -54.81   34.21
 -14101.768    69.000   -46.64   24.03
 -13725.697    63.973   -13.37   17.43
 -13349.628    67.711     9.94   15.64
 -12973.560    65.282    -6.46   13.55
 -12597.494    59.139   -16.34   14.56
 -12221.428    50.775   -22.24   15.19
 -11845.364    44.763   -15.99   16.61
 -11469.301    39.833   -13.11   17.51
 -11093.240    36.816    -8.02   20.95
 -10717.180    30.421   -17.00   13.59
 -10341.121    26.231   -11.14   11.77
  -9965.063    24.000    -5.93   10.92
  -9589.007    21.025    -7.91    7.57
  -9212.951    18.389    -7.01    5.81
  -8836.898    19.250     2.29    6.21
  -8460.845    22.658     9.06    5.48
  -8084.794    26.361     9.85    3.92
  -7708.743    27.000     1.70    3.76
  -7332.695    23.351    -9.70    6.87
  -6956.647    18.368   -13.25    8.68
  -6580.601    13.000   -14.28    7.40
  -6204.555     9.703    -8.77    4.82
  -5828.512     8.025    -4.46    5.08
  -5452.469     6.949    -2.86    5.50
  -5076.428     5.526    -3.78    5.00
  -4700.387     4.211    -3.50    3.88
  -4324.349     4.179    -0.08    4.02
  -3948.311     5.105     2.46    4.29
  -3572.274     4.972    -0.35    3.92
  -3196.239     4.385    -1.56    3.68
  -2820.205     3.306    -2.87    3.23
  -2444.173     2.400    -2.41    3.15
  -2068.141     1.051    -3.59    2.38
  -1692.111     0.235    -2.17    1.37
  -1316.082     0.000    -0.63    0.00
   -940.054     0.000     0.00    0.00
   -564.028     0.000     0.00    0.00
   -188.002     0.000     0.00    0.00
    188.022     0.000     0.00    0.00
    564.045     0.000     0.00    0.00
    940.067     0.000     0.00    0.00
   1316.087     0.000     0.00    0.00
   1692.106     0.162     0.43    0.83
   2068.124     0.737     1.53    1.86
   2444.141     1.462     1.93    2.67
   2820.157     1.972     1.36    2.90
   3196.171     2.769     2.12    3.13
   3572.184     3.389     1.65    3.14
   3948.196     3.579     0.51    3.06
   4324.207     4.513     2.48    3.28
   4700.217     5.062     1.46    2.78
   5076.225     5.189     0.34    2.57
   5452.232     5.868     1.81    2.69
   5828.239     5.676    -0.51    2.47
   6204.243     5.359    -0.84    2.71
   6580.247     4.784    -1.53    3.33
   6956.455     3.615    -3.11    3.00
   7332.707     2.333    -3.41    3.14
   7708.957     1.077    -3.34    3.01
   8085.205     0.108    -2.57    2.64
   8461.453    -0.615    -1.92    1.58
   8837.699    -0.789    -0.46    1.30
   9213.945    -1.000    -0.56    0.00
   9590.189    -1.000     0.00    0.00
   9966.432    -1.000     0.00    0.00
  10342.673    -1.000     0.00    0.00
  10718.914    -1.000     0.00    0.00
  11095.153    -1.000     0.00    0.00
  11471.391    -1.000     0.00    0.00
  11847.628    -1.000     0.00    0.00
  12223.864    -1.000     0.00    0.00
  12600.099    -1.000     0.00    0.00
  12976.333    -1.000     0.00    0.00
  13352.565    -1.000     0.00    0.00
  13728.796    -0.895     0.28    0.65
  14105.026    -0.316     1.54    1.83
  14481.255     0.189     1.34    2.18
  14857.483     0.974     2.09    2.51
  15233.709     1.375     1.06    2.83
  15609.935     1.139    -0.63    2.77
  15986.159     1.054    -0.23    2.74
  16362.382     1.405     0.93    2.72
  16738.604     2.378     2.59    3.09
  17114.825     3.405     2.73    3.62
  17491.045     3.857     1.20    3.54
  17867.263     2.900    -2.54    3.34
  18243.480     1.333    -4.16    2.89
  18619.697     0.216    -2.97    2.12
  18995.912    -0.641    -2.28    0.87
  19372.126    -0.919    -0.74    0.49
  19748.339    -1.000    -0.22    0.00
  20124.550    -1.000     0.00    0.00
  20500.761    -1.000     0.00    0.00
  20876.970    -1.000     0.00    0.00
  21253.179    -1.000     0.00    0.00
  21629.386    -1.000     0.00    0.00
  22005.592    -1.000     0.00    0.00
  22381.797    -1.000     0.00    0.00
  22758.001    -1.000     0.00    0.00
  23134.203    -1.000     0.00    0.00
  23510.405    -1.000     0.00    0.00
  23886.605    -1.000     0.00    0.00
  24262.805    -1.000     0.00    0.00
  24639.003    -1.000     0.00    0.00
  25015.200    -1.000     0.00    0.00
  25391.396    -1.000     0.00    0.00
  25767.591    -1.000     0.00    0.00
  26143.785    -1.000     0.00    0.00
  26519.978    -1.000     0.00    0.00
  26896.169    -1.000     0.00    0.00
  27272.360    -1.000     0.00    0.00
  27648.549    -1.000     0.00    0.00
  28024.737    -1.000     0.00    0.00
  28400.925    -1.000     0.00    0.00
  28777.111    -1.000     0.00    0.00
  29153.296    -1.000     0.00    0.00
  29529.480    -1.000     0.00    0.00
  29905.662    -0.973     0.07    0.16
  30281.844    -0.784     0.50    0.89
  30658.025    -0.737     0.12    0.92
  31034.204    -0.575     0.43    1.11
  31410.383    -0.378     0.52    1.26
  31786.560    -0.051     0.87    1.82
  32162.737     1.474     4.05    2.84
  32538.912     3.237     4.69    3.29
  32915.086     3.270     0.09    3.37
  33291.259     2.750    -1.38    2.72
  33667.431     2.868     0.31    2.85
  34043.602     3.361     1.31    3.03
  34419.772     5.324     5.22    3.96
  34795.941     8.029     7.19    4.59
  35172.109    10.103     5.51    4.90
  35548.275    11.487     3.68    4.89
  35924.441    12.343     2.27    4.86
  36300.606    10.730    -4.29    5.61
  36676.769     8.243    -6.61    6.06
  37052.932     6.811    -3.81    5.65
  37429.093     4.475    -6.21    3.55
  37805.253     4.189    -0.76    3.55
  38181.413     5.184     2.65    3.74
  38557.571     4.632    -1.47    3.66
  38933.728     3.513    -2.97    3.99
  39309.884     1.568    -5.17    3.00
  39686.039     0.683    -2.35    2.18
  40062.194     0.000    -1.82    0.00
  40438.347     0.000     0.00    0.00
  40814.499     0.000     0.00    0.00
  41190.649     0.000     0.00    0.00
  41566.799     0.000     0.00    0.00
  41942.948     0.179     0.48    1.12
  42319.096     0.971     2.10    2.41
  42695.243     2.487     4.03    4.23
  43071.389     4.500     5.35    4.93
  43447.533     6.750     5.98    4.85
  43823.677     8.205     3.87    4.77
  44199.820     7.811    -1.05    5.05
  44575.962     7.410    -1.06    4.63
  44952.102     6.462    -2.52    4.40
  45328.242     6.154    -0.82    3.31
  45704.380     6.216     0.17    4.16
  46080.518     4.641    -4.19    4.78
  46456.655     3.692    -2.52    4.48
  46832.790     2.389    -3.47    2.86
  47208.925     3.730     3.56    2.88
  47585.058     5.595     4.96    2.65
  47961.191     5.946     0.93    2.56
  48337.322     5.211    -1.96    3.63
  48713.453     4.286    -2.46    4.39
  49089.582     2.625    -4.42    4.43
  49465.711     2.026    -1.59    4.28
  49841.839     3.000     2.59    4.45
  50217.965     4.359     3.61    4.30
  50594.091     5.105     1.98    3.75
  50970.215     5.289     0.49    3.16
  51346.339     3.892    -3.72    2.93
  51722.461     3.615    -0.74    2.18
  52098.583     3.306    -0.82    2.38
  52474.703     3.795     1.30    2.69
  52850.823     3.925     0.35    2.56
  53226.942     3.457    -1.24    2.69
  53603.059     2.622    -2.22    2.71
  53979.176     1.676    -2.52    2.15
  54355.291     1.405    -0.72    1.96
  54731.406     1.108    -0.79    1.22
  55107.520     1.194     0.23    1.26
  55483.633     1.282     0.23    1.34
  55859.744     1.564     0.75    2.43
  56235.855     1.730     0.44    2.78
  56611.965     1.711    -0.05    2.68
  56988.074     1.342    -0.98    2.00
  57364.182     2.103     2.02    2.47
  57740.289     2.703     1.60    2.84
  58116.395     3.128     1.13    3.32
  58492.500     2.917    -0.56    3.10
  58868.604     2.692    -0.60    2.70
  59244.707     2.333    -0.95    2.76
  59620.809     3.719     3.68    3.94
  59996.910     5.538     4.84    5.53
  60373.010     8.757     8.56    6.61
  60749.110    12.378     9.63    8.25
  61125.208    16.054     9.77    8.89
  61501.305    17.917     4.95    8.54
  61877.402    18.974     2.81    7.56
  62253.497    18.513    -1.23    5.74
  62629.592    17.676    -2.23    3.55
  63005.685    17.949     0.73    4.00
  63381.778    17.667    -0.75    4.63
  63757.870    17.205    -1.23    4.60
  64133.960    15.324    -5.00    4.73
  64510.050    14.308    -2.70    3.93
  64886.139    14.351     0.12    3.58
  65262.227    14.658     0.82    4.08
  65638.314    16.568     5.08    4.83
  66014.400    18.438     4.97    4.83
  66390.486    20.923     6.61    4.75
  66766.570    22.447     4.05    6.06
  67142.653    24.361     5.09    7.60
  67518.736    28.308    10.49    8.96
  67894.817    31.556     8.64    9.43
  68270.898    31.897     0.91    9.08
  68646.978    33.410     4.02    9.61
  69023.056    32.486    -2.46    8.33
  69399.134    32.684     0.53    8.04
  69775.211    33.615     2.48    7.85
  70151.287    33.179    -1.16    6.73
  70527.362    34.378     3.19    6.02
  70903.437    33.872    -1.35    5.91
  71279.510    32.737    -3.02    5.33
  71655.582    31.500    -3.29    5.29
  72031.654    30.811    -1.83    4.99
  72407.725    31.389     1.54    4.61
  72783.794    33.821     6.47    4.99
  73159.863    33.675    -0.39    5.04
  73535.931    33.917     0.64    4.99
  73911.998    34.744     2.20    5.18
  74288.064    35.917     3.12    5.23
  74664.130    37.842     5.12    3.82
  75040.194    39.872     5.40    3.71
  75416.257    40.684     2.16    3.83
  75792.320    39.526    -3.08    5.66
  76168.382    37.763    -4.69    6.72
  76544.443    34.350    -9.08    8.18
  76920.503    29.378   -13.22    7.16
  77296.562    28.450    -2.47    6.79
  77672.620    26.526    -5.12    6.83
  78048.677    24.944    -4.21    6.61
  78424.734    22.351    -6.90    5.64
  78800.789    20.361    -5.29    3.85
  79176.844    21.692     3.54    6.34
  79552.898    24.850     8.40    7.34
  79928.951    28.378     9.38    6.84
  80305.003    31.625     8.63    5.41
  80681.055    31.263    -0.96    4.55
  81057.105    29.368    -5.04    5.83
  81433.155    27.500    -4.97    5.66
  81809.231    25.872    -4.33    6.01
  82185.449    26.568     1.85    6.66
  82561.667    27.556     2.63    7.00
  82937.883    29.308     4.66    6.59
  83314.099    31.194     5.02    7.12
  83690.313    28.872    -6.17    7.42
  84066.527    29.282     1.09    6.30
  84442.740    28.743    -1.43    6.05
  84818.952    29.081     0.90    6.06
  85195.164    28.541    -1.44    5.99
  85571.374    28.757     0.57    5.50
  85947.584    29.538     2.08    4.48
  86323.793    32.027     6.61    5.83
  86700.001    34.923     7.70    5.97
  87076.208    38.103     8.45    5.54
  87452.414    40.105     5.32    6.73
  87828.620    41.919     4.82    6.73
  88204.824    45.231     8.80    6.54
  88581.028    49.342    10.93    6.49
  88957.231    50.361     2.71    5.58
  89333.433    51.763     3.73    6.97
  89709.635    56.806    13.40    8.92
  90085.835    56.237    -1.51    9.26
  90462.035    54.077    -5.74    9.89
  90838.234    49.406   -12.42    9.80
  91214.432    46.324    -8.19    8.31
  91590.629    45.649    -1.80    9.19
  91966.826    47.351     4.53    9.33
  92343.021    45.256    -5.57    9.78
  92719.216    43.135    -5.64    9.48
  93095.410    43.641     1.34   10.21
  93471.603    42.641    -2.66   11.34
  93847.796    39.564    -8.18   11.44
  94223.987    35.730   -10.19   11.66
  94600.178    33.103    -6.98    9.37
  94976.368    30.842    -6.01    8.25
  95352.557    30.556    -0.76    7.27
  95728.746    30.324    -0.61    6.37
  96104.934    30.973     1.72    7.25
  96481.120    33.324     6.25    7.63
  96857.306    38.436    13.59   10.12
  97233.492    43.375    13.13   10.55
  97609.676    47.641    11.34    9.86
  97985.860    53.923    16.70   11.23
  98362.043    60.667    17.93   13.79
  98738.225    66.923    16.63   15.05
  99114.406    68.514     4.23   14.23
  99490.587    65.333    -8.45   13.49
  99866.767    58.211   -18.93   14.44
 100242.946    51.474   -17.91   12.04
 100619.124    44.973   -17.28    9.16
 100995.301    39.949   -13.36    7.06
 101371.478    36.675    -8.70    5.63
 101747.654    34.629    -5.44    4.94
 102123.829    34.297    -0.88    3.68
 102500.004    33.865    -1.15    4.18
 102876.177    33.216    -1.72    4.28
 103252.350    30.865    -6.25    5.99
 103628.522    28.600    -6.02    6.72
 104004.694    27.200    -3.72    8.19
 104380.864    28.051     2.26   10.35
 104757.034    32.351    11.43   11.69
 105133.203    33.769     3.77   11.92
 105509.372    36.026     6.00   12.29
 105885.539    34.632    -3.71   11.40
 106261.706    35.474     2.24   10.90
 106637.872    37.923     6.51    9.34
 107014.038    41.472     9.44    7.94
 107390.202    46.500    13.37    8.79
 107766.366    52.692    16.46    9.64
 108142.529    59.086    17.00    8.00
 108518.692    62.368     8.73    8.32
 108894.853    64.054     4.48   10.00
 109271.014    64.108     0.14   11.25
 109647.175    69.108    13.29   13.62
 110023.334    77.722    22.90   17.01
 110399.493    88.077    27.53   18.28
 110775.651    92.425    11.56   20.29
 111151.808    89.459    -7.88   25.69
 111527.965    88.750    -1.89   26.05
 111904.121    91.368     6.96   30.40
 112280.276    98.974    20.22   33.32
 112656.430   109.026    26.72   27.18
 113032.584   110.385     3.61   29.21
 113408.737   111.250     2.30   34.22
 113784.889   113.568     6.16   34.09
 114161.041   118.684    13.60   34.79
 114537.191   120.286     4.26   33.48
 114913.342   130.538    27.26   32.87
 115289.491   131.923     3.68   28.51
 115665.640   130.806    -2.97   28.46
 116041.788   128.054    -7.31   25.18
 116417.935   129.194     3.03   22.59
 116794.082   135.026    15.50   22.15
 117170.228   146.875    31.50   22.98
 117546.373   157.297    27.71   22.18
 117922.517   167.256    26.48   25.16
 118298.661   177.316    26.74   23.11
 118674.804   182.211    13.01   19.39
 119050.947   192.378    27.03   22.73
 119427.089   202.325    26.44   27.80
 119803.230   217.053    39.15   31.77
 120179.370   222.730    15.09   35.52
 120555.510   230.838    21.56   37.12
 120931.649   232.229     3.70   36.04
 121307.787   234.000     4.71   35.41
 121683.925   250.718    44.45   45.54
 122060.062   269.722    50.52   51.14
 122436.198   298.676    76.98   50.70
 122812.334   322.432    63.16   52.20
 123188.469   333.243    28.74   58.85
 123564.603   342.775    25.34   62.90
 123940.737   358.973    43.06   63.18
 124316.869   376.500    46.60   58.80
 124693.002   395.816    51.35   51.04
 125069.133   407.974    32.33   45.21
 125445.264   427.811    52.74   33.22
 125821.395   443.829    42.59   29.65
 126197.524   455.179    30.18   22.09
 126573.653   463.111    21.09   16.73
 126949.782   457.000   -16.25   22.33
 127325.909   446.486   -27.95   28.56
 127702.036   447.868     3.67   23.69
 128078.163   453.410    14.73   25.02
 128454.288   458.629    13.87   23.38
 128830.414   458.667     0.10   27.84
 129206.538   453.000   -15.07   32.88
 129582.662   452.306    -1.85   29.03
 129958.785   443.590   -23.17   29.71
 130334.907   430.872   -33.81   47.06
 130711.029   418.132   -33.87   59.58
 131087.151   393.541   -65.38   67.64
 131463.271   378.308   -40.50   58.83
 131839.391   369.676   -22.95   42.42
 132215.510   375.256    14.84   40.28
 132591.629   381.974    17.86   36.79
 132967.747   384.139     5.75   36.67
 133343.865   368.514   -41.54   31.15
 133719.982   353.865   -38.95    9.39
 134096.098   351.324    -6.75    9.76
 134472.213   352.132     2.15   11.89
 134848.328   353.083     2.53   13.00
 135224.443   353.175     0.24   13.25
 135600.556   352.026    -3.05   14.08
 135976.670   345.595   -17.10   16.29
 136352.782   337.564   -21.35   13.30
 136728.894   335.395    -5.77   12.22
 137105.005   335.053    -0.91   12.34
 137481.116   337.135     5.54   11.42
 137857.226   341.846    12.53   13.71
 138233.335   339.278    -6.83   14.25
 138609.444   338.154    -2.99   14.59
 138985.553   337.256    -2.39   15.10
 139361.660   329.594   -20.37    5.82
 139737.767   328.649    -2.51    5.58
 140113.874   328.432    -0.57    7.10
 140489.980   326.784    -4.38   10.66
 140866.085   320.784   -15.95   16.67
 141242.190   317.730    -8.12   15.89
 141618.294   314.538    -8.49    8.50
 141994.397   314.744     0.55    6.69
 142370.500   313.553    -3.17    7.81
 142746.602   312.132    -3.78   10.04
 143122.704   310.769    -3.62   12.77
 143498.805   315.282    12.00   18.05
 143874.906   325.757    27.85   31.83
 144251.006   333.615    20.89   31.83
 144627.105   335.806     5.82   31.95
 145003.204   329.079   -17.89   34.68
 145379.303   306.333   -60.48   30.83
 145755.400   286.969   -51.49   25.64
 146131.498   275.359   -30.87   23.80
 146507.594   263.974   -30.27   16.00
 146883.690   259.351   -12.29   10.32
 147259.786   257.051    -6.12    8.40
 147635.880   254.528    -6.71    7.07
 148011.975   253.333    -3.18    6.88
 148388.069   253.237    -0.26    9.66
 148764.162   250.919    -6.16    9.25
 149140.254   248.590    -6.19    6.45
 149516.347   247.179    -3.75    6.23
 149892.438   245.436    -4.64    6.86
 150268.529   243.306    -5.66    6.97
 150644.620   241.026    -6.06    4.88
 151020.710   238.757    -6.03    3.07
 151396.799   238.351    -1.08    3.10
 151772.888   238.351     0.00    2.73
 152148.976   237.438    -2.43    2.65
 152525.064   237.769     0.88    2.83
 152901.151   238.897     3.00    3.02
 153277.238   239.167     0.72    2.52
 153653.324   239.897     1.94    2.95
 154029.409   240.139     0.64    3.32
 154405.494   240.342     0.54    4.28
 154781.579   239.718    -1.66    5.23
 155157.663   239.378    -0.90    5.47
 155533.746   238.486    -2.37    5.12
 155909.829   238.769     0.75    4.80
 156285.912   239.625     2.28    4.46
 156661.994   241.243     4.30    4.35
 157038.128   242.316     2.85    4.22
 157414.315   243.730     3.76    3.43
 157790.502   243.919     0.50    3.78
 158166.688   244.189     0.72    4.01
 158542.874   245.457     3.37    3.76
 158919.059   247.447     5.29    4.47
 159295.244   250.300     7.58    4.07
 159671.428   252.889     6.88    3.91
 160047.611   255.513     6.98    4.23
 160423.795   257.270     4.67    4.41
 160799.977   259.289     5.37    3.73
 161176.159   260.564     3.39    3.29
 161552.341   261.947     3.68    3.32
 161928.522   262.607     1.75    3.12
