# NaN NaN NaN ;Mean Elev.(m), Avg Gradient(m/km), RMS Gradient(m/km) - SRTM1     
#   24.303  -0.052   4.596 ;Mean Elev.(m), Avg Gradient(m/km), RMS Gradient(m/km) - ASTER GDEM
#   20.199  -0.670   5.040 ;Mean Elev.(m), Avg Gradient(m/km), RMS Gradient(m/km) - GMTED2010 
  7 296.771685  -3.923709    32.174    32.124  8 52468.59074044 29.023
  8 296.771868  -3.923430    22.059    22.068  8 52503.59072847 39.336
  9 296.774872  -3.919646    27.328    27.344  6 52538.59071196 44.089
 10 296.770055  -3.922846    21.696    21.582  8 52573.59075412 37.849
 11 296.775545  -3.919811    25.748    25.770  5 52608.59071213 22.930
 12 296.772303  -3.922484    27.601    27.601  8 52643.59070720 22.204
 13 296.778006  -3.920660    27.323    27.302  6 52678.59068823 46.726
 15 296.763977  -3.922059    29.511    29.422  8 52748.59075448 22.569
 16 296.771306  -3.922161    31.601    31.618  8 52783.59069493 31.363
 17 296.770631  -3.923677    32.340    32.314  8 52818.59077261 35.378
 20 296.773676  -3.919899    25.527    24.878  5 52923.59080925 16.456
 21 296.780203  -3.918451    25.360    25.319  6 52958.59077521 17.974
 22 296.776557  -3.918372    25.192    25.191  6 52993.59080297 16.172
 23 296.778202  -3.919642    27.095    27.029  6 53028.59076760 43.356
 24 296.779704  -3.919821    24.974    24.626  6 53063.59077576 19.025
 25 296.768714  -3.921805    28.429    28.452  7 53098.59079135 49.783
 26 296.781711  -3.919590    29.603    29.666  6 53133.59077362 26.676
 28 296.772184  -3.922361    30.163    30.165  8 53203.59084838 47.784
 29 296.780572  -3.919367    28.490    28.571  6 53238.59081597 31.506
 30 296.775918  -3.920009    25.297    25.241  6 53273.59077718 29.147
 31 296.768632  -3.921932    24.360    24.408  7 53308.59083505 44.295
 33 296.777486  -3.920651    26.728    26.746  6 53378.59074355 30.531
 34 296.778835  -3.919829    26.603    26.608  5 53413.59077725 51.330
 35 296.774396  -3.918999    29.170    29.142  5 53448.59076605 27.233
 36 296.766305  -3.921967    30.185    30.223  7 53483.59085186 22.895
 37 296.775859  -3.919054    31.163    31.236  6 53518.59084987 31.055
 38 296.766967  -3.922449    30.784    30.665  8 53553.59087312 27.115
 39 296.779713  -3.918881    26.623    26.586  6 53588.59082073 36.464
 40 296.766675  -3.922592    20.819    20.622  8 53623.59079491 40.531
 41 296.771282  -3.923093    21.013    21.144  7 53658.59082228 20.203
 42 296.773308  -3.919490    22.612    22.682  6 53693.59080149 21.288
 43 296.777874  -3.919305    23.286    23.303  5 53728.59072444 18.658
 44 296.781243  -3.919238    25.982    25.974  6 53763.59068422 27.688
 45 296.778823  -3.918721    28.789    28.940  6 53798.59069287 25.998
 47 296.771777  -3.922919    34.765    34.428  8 53868.59075388 23.706
 48 296.772159  -3.922185    31.719    31.702  7 53903.59078600 39.944
 49 296.763765  -3.921137    29.126    29.051  8 53938.59082159 40.795
 50 296.770674  -3.922856    23.997    23.983  7 53973.59078362 31.848
 51 296.775862  -3.919338    21.526    20.534  6 54008.59077298 17.466
 52 296.779627  -3.918800    23.780    23.613  6 54043.59079506 14.225
 53 296.774560  -3.919872    24.698    24.606  6 54078.59078895 23.604
 54 296.774685  -3.919857    27.541    27.591  6 54113.59072603 34.519
 56 296.775112  -3.918352    27.589    27.701  6 54183.59071540 21.247
 57 296.772333  -3.923352    29.985    29.976  8 54218.59074295 33.960
 58 296.773973  -3.919018    31.589    31.615  6 54253.59076708 41.556
 59 296.776338  -3.919712    31.212    31.163  5 54288.59077142 34.217
 60 296.776258  -3.919463    28.651    28.667  5 54323.59076853 32.250
 61 296.776409  -3.919134    21.908    21.868  6 54358.59072475 34.538
 62 296.775522  -3.918896    21.224    21.256  5 54393.59070895 37.222
 63 296.776431  -3.919043    24.223    24.156  5 54428.59067523 45.654
 64 296.775602  -3.919637    25.735    25.628  6 54463.59068770 21.152
 65 296.776227  -3.919297    28.216    28.258  6 54498.59068504 23.931
 66 296.776496  -3.918764    28.979    29.051  6 54533.59070131 25.582
 67 296.776011  -3.919737    30.296    30.168  5 54568.59068864 25.931
 68 296.774551  -3.918448    31.392    31.334  6 54603.59069594 34.571
 69 296.773757  -3.919604    31.125    31.086  5 54638.59070720 24.356
 70 296.773895  -3.918544    29.742    29.752  6 54673.59070950 27.572
 71 296.777353  -3.918601    26.671    26.807  6 54708.59066772 17.970
 72 296.774626  -3.918740    24.253    24.452  6 54743.59067608 15.382
 73 296.776520  -3.918646    24.049    23.956  6 54778.59065087 17.309
 74 296.774821  -3.919309    25.138    25.074  5 54813.59066909 22.245
 75 296.775167  -3.920187    26.326    26.346  6 54848.59065054 37.278
 76 296.773351  -3.919742    29.568    29.575  6 54883.59067327 33.818
 77 296.772492  -3.922465    31.041    31.164  8 54918.59065303 36.503
 78 296.773642  -3.919755    32.355    32.429  5 54953.59066677 37.784
 79 296.771293  -3.922391    33.147    33.226  8 54988.59069197 40.617
 80 296.776346  -3.919159    32.938    32.855  5 55023.59068310 32.456
 81 296.775484  -3.918984    31.206    31.094  5 55058.59067790 25.406
 82 296.774980  -3.918942    26.230    26.164  6 55093.59063267 27.543
 83 296.774586  -3.919337    22.398    22.453  5 55128.59061957 35.990
 84 296.775420  -3.919194    19.774    19.720  5 55163.59059415 22.616
 85 296.773978  -3.919517    26.253    26.080  6 55198.59061073 18.803
 86 296.774335  -3.919622    26.221    26.130  5 55233.59059938 19.076
 87 296.774982  -3.919174    27.578    27.563  6 55268.59060517 20.108
 88 296.776940  -3.919482    29.158    29.174  6 55303.59057828 24.836
 89 296.774810  -3.919864    31.108    31.059  6 55338.59057840 40.938
 90 296.775719  -3.919751    31.087    31.069  6 55373.59056948 24.863
 91 296.776186  -3.920016    28.434    28.419  6 55408.59059002 33.977
 92 296.775613  -3.919320    20.967    20.918  5 55443.59058697 23.045
 93 296.776540  -3.920460    18.139    18.150  6 55478.59052582 37.550
