# NaN NaN NaN ;Mean Elev.(m), Avg Gradient(m/km), RMS Gradient(m/km) - SRTM1     
#   12.800  -2.591   8.638 ;Mean Elev.(m), Avg Gradient(m/km), RMS Gradient(m/km) - ASTER GDEM
#   19.216  -2.191   6.322 ;Mean Elev.(m), Avg Gradient(m/km), RMS Gradient(m/km) - GMTED2010 
  8 297.054272  -3.957911    30.410    30.406 11 52489.09322797 46.282
  9 297.051468  -3.963689    28.106    28.095 11 52524.09320254 44.656
 10 297.049437  -3.965549    22.430    22.478 11 52559.09325187 46.411
 11 297.047269  -3.970514    23.312    23.303 11 52594.09325358 34.601
 12 297.055840  -3.957536    25.997    26.023 11 52629.09318312 44.386
 13 297.050282  -3.963792    26.494    26.504 11 52664.09321661 18.719
 14 297.056067  -3.957268    26.135    26.130 11 52699.09319244 31.055
 15 297.056862  -3.954588    33.764    34.499 11 52734.09321855 14.124
 16 297.050070  -3.965577    30.028    30.014 11 52769.09321455 51.040
 17 297.051650  -3.963169    31.179    31.203 11 52804.09324209 44.767
 18 297.053145  -3.960292    31.235    31.254 10 52839.09330523 44.598
 19 297.052216  -3.960750    29.156    29.143 11 52874.09334462 43.676
 21 297.057987  -3.954889    22.555    22.612 12 52944.09325676 38.267
 22 297.052411  -3.959492    25.111    25.319 11 52979.09331052 14.265
 23 297.049857  -3.965109    25.133    25.148 10 53014.09330767 44.368
 24 297.052110  -3.960532    25.058    25.048 11 53049.09328057 27.465
 25 297.046491  -3.971580    27.640    27.701 11 53084.09331393 15.319
 26 297.049618  -3.966137    28.553    28.564 11 53119.09328520 49.234
 27 297.047480  -3.969108    29.120    29.183 10 53154.09333655 43.349
 28 297.057146  -3.957749    29.137    29.211 11 53189.09332758 42.755
 29 297.053157  -3.958512    28.157    28.164 11 53224.09334164 34.797
 30 297.048626  -3.968266    18.488    17.968 11 53259.09331502  1.705
 31 297.046159  -3.971884    24.046    23.240 10 53294.09333894 16.709
 32 297.053025  -3.961037    23.678    23.732 11 53329.09331409 47.311
 33 297.054294  -3.957482    25.865    25.798 11 53364.09326638 15.626
 35 297.053862  -3.961273    28.387    28.376 11 53434.09327973 46.554
 36 297.050588  -3.962899    28.637    28.701 11 53469.09332126 24.153
 37 297.048147  -3.967521    30.062    30.083 11 53504.09336522 44.796
 38 297.050586  -3.963585    30.493    30.492 11 53539.09336383 48.328
 39 297.048670  -3.965741    28.186    28.178 11 53574.09336113 25.427
 40 297.050376  -3.963509    21.607    21.391 10 53609.09331136 19.466
 41 297.051485  -3.962410    18.533    18.544 11 53644.09331395 50.447
 42 297.047661  -3.967560    20.141    20.135 11 53679.09333076 49.520
 43 297.054257  -3.958779    23.233    23.179 11 53714.09326054 24.604
 44 297.056388  -3.958146    24.523    24.501 11 53749.09317545 36.565
 45 297.055162  -3.959365    27.495    27.484 11 53784.09320586 41.694
 46 297.053796  -3.958240    28.533    28.654 11 53819.09316750 33.893
 47 297.048738  -3.966603    29.688    29.753 10 53854.09324601 24.952
 48 297.057765  -3.955504    30.896    30.882 12 53889.09325623 49.811
 49 297.044504  -3.974638    29.201    29.167 11 53924.09332058 25.530
 50 297.046398  -3.971551    25.719    25.720 10 53959.09331202 49.857
 51 297.054784  -3.959249    21.096    21.233 11 53994.09324492 44.279
 52 297.053309  -3.958768    19.832    19.819 11 54029.09330433 32.104
 53 297.054552  -3.956862    22.183    22.168 11 54064.09329792 47.665
 54 297.051608  -3.962908    25.586    25.576 11 54099.09326347 37.740
 55 297.052488  -3.962066    27.705    27.734 11 54134.09322164 48.171
 57 297.051475  -3.961189    28.227    28.139 11 54204.09322548 35.687
 58 297.052372  -3.960849    29.772    29.831 11 54239.09326064 26.977
 59 297.052210  -3.961130    30.653    30.675 10 54274.09327816 44.051
 60 297.052716  -3.962357    29.293    29.411 11 54309.09327921 46.801
 61 297.052606  -3.960423    25.184    25.075 11 54344.09325681 14.511
 62 297.052110  -3.960982    19.709    19.860 11 54379.09321525 43.794
 63 297.052086  -3.962999    22.024    21.990 11 54414.09320416 37.992
 64 297.052116  -3.961461    24.168    24.207 11 54449.09318187 33.808
 65 297.053273  -3.959420    26.795    26.686 11 54484.09319903 16.129
 66 297.053298  -3.961291    27.592    27.549 11 54519.09319543 17.474
 67 297.051578  -3.961937    28.873    28.913 10 54554.09321031 21.002
 68 297.052001  -3.962447    29.720    29.683 11 54589.09319164 38.367
 69 297.051572  -3.961552    30.682    30.666 11 54624.09320909 45.569
 70 297.050539  -3.964006    29.662    29.707 11 54659.09321710 24.582
 71 297.051942  -3.960587    26.990    26.963 11 54694.09319823 38.546
 72 297.052665  -3.961919    22.342    22.699 11 54729.09317204 19.749
 73 297.051756  -3.962190    21.092    21.087 10 54764.09317550 49.903
 74 297.051430  -3.960892    23.973    24.039 11 54799.09316491 20.609
 75 297.051460  -3.961543    26.121    26.073 11 54834.09316658 17.067
 76 297.052431  -3.959680    27.620    27.574 11 54869.09316235 19.734
 77 297.050150  -3.963651    29.253    29.268 11 54904.09317503 23.479
 78 297.052154  -3.961701    30.963    30.960 11 54939.09315292 36.990
 79 297.051381  -3.961999    31.557    31.523 10 54974.09318429 33.535
 80 297.050728  -3.962073    31.677    31.730 11 55009.09319776 30.377
 81 297.052504  -3.962315    30.938    30.916 11 55044.09318754 27.182
 82 297.051797  -3.961771    28.120    28.163 10 55079.09316477 39.638
 83 297.052366  -3.961004    21.493    21.489 10 55114.09312012 36.380
 84 297.051247  -3.963742    20.616    20.630 11 55149.09311944 47.826
 85 297.052062  -3.962476    23.196    23.181 11 55184.09310257 41.238
 86 297.050752  -3.961779    25.434    25.428 11 55219.09311808 34.380
 87 297.053644  -3.961472    26.950    26.908 11 55254.09309833 16.437
 88 297.050789  -3.962267    27.470    27.389 11 55289.09310749 20.205
 89 297.050549  -3.964824    29.769    29.749 11 55324.09308580 49.662
 90 297.051225  -3.963120    30.436    30.423 11 55359.09308402 43.817
 91 297.051564  -3.960839    28.513    28.753 11 55394.09308815 28.259
 92 297.052818  -3.961441    24.235    24.203 11 55429.09310009 24.861
 93 297.052858  -3.959127    18.205    18.176 11 55464.09306341 49.753
