-179219.842    26.786     0.00   14.46
-178843.718    28.555     4.70   16.03
-178467.593    28.610     0.14   16.25
-178091.469    28.305    -0.81   17.03
-177715.345    25.977    -6.19   17.07
-177339.220    19.582   -17.00   17.22
-176963.096    16.745    -7.54   14.16
-176586.972    20.444     9.84   16.18
-176210.847    27.581    18.97   16.76
-175834.723    32.889    14.11   13.59
-175458.598    32.870    -0.05   14.52
-175082.474    27.772   -13.55   14.60
-174706.350    26.150    -4.31   12.76
-174330.225    32.204    16.10   11.50
-173954.101    33.780     4.19    8.27
-173577.976    35.907     5.65    8.03
-173201.852    37.661     4.66    8.55
-172825.728    38.450     2.10    8.77
-172449.603    41.991     9.41    5.83
-172073.479    40.393    -4.25    6.87
-171697.354    37.580    -7.48    7.63
-171321.229    34.292    -8.74    7.45
-170945.105    31.611    -7.13    8.73
-170568.980    29.799    -4.82   10.03
-170192.856    29.639    -0.43    8.91
-169816.731    29.398    -0.64   10.04
-169440.606    27.504    -5.03   11.03
-169064.481    29.270     4.69    9.13
-168688.357    29.043    -0.60    8.44
-168312.232    27.664    -3.67    8.90
-167936.107    23.694   -10.55   10.92
-167559.982    16.940   -17.96   11.61
-167183.857    11.924   -13.34   11.56
-166807.732     6.581   -14.20    8.93
-166431.607     3.632    -7.84    6.43
-166055.482     7.196     9.48   11.15
-165679.357    12.167    13.21   13.63
-165303.232    17.325    13.71   14.77
-164927.106    21.325    10.63   12.93
-164550.981    22.917     4.23   11.25
-164174.856    23.258     0.91   10.70
-163798.730    24.582     3.52    8.99
-163422.605    25.934     3.59    7.69
-163046.479    27.529     4.24    6.66
-162670.354    28.000     1.25    6.57
-162294.228    28.605     1.61    6.87
-161918.102    29.766     3.09    7.85
-161541.976    31.745     5.26    7.09
-161165.851    32.966     3.25    5.17
-160789.725    31.424    -4.10    6.37
-160413.599    28.845    -6.86    6.50
-160037.472    25.312    -9.39    6.95
-159661.346    22.402    -7.74    7.14
-159285.220    19.333    -8.16    8.76
-158909.094    15.504   -10.18    9.41
-158532.967    13.630    -4.98    8.98
-158156.841    11.791    -4.89    8.59
-157780.714    10.150    -4.36    7.94
-157404.587    10.339     0.50    7.35
-157028.461    10.745     1.08    6.73
-156652.334    12.015     3.38    6.81
-156276.207    14.917     7.71    6.29
-155900.080    13.607    -3.48    6.08
-155523.953    12.145    -3.89    6.06
-155147.825     9.691    -6.53    5.31
-154771.698     7.477    -5.89    3.06
-154395.571     5.450    -5.39    3.11
-154019.443     4.094    -3.61    3.49
-153643.315     2.528    -4.16    2.85
-153267.188     1.453    -2.86    1.33
-152891.060     0.944    -1.35    1.13
-152514.932     1.940     2.65    3.55
-152138.804     2.863     2.45    5.59
-151762.675     3.899     2.75    6.47
-151386.547     5.145     3.31    6.98
-151010.419     6.231     2.89    7.81
-150634.290     8.366     5.68    8.24
-150258.161     9.610     3.31    8.93
-149882.033     9.889     0.74    8.69
-149505.904     9.898     0.02    9.32
-149129.775    10.863     2.57    9.47
-148753.645     9.799    -2.83    9.45
-148377.516     7.376    -6.44    7.79
-148001.387     6.761    -1.64    6.17
-147625.257     5.914    -2.25    6.35
-147249.127     8.222     6.14    7.25
-146872.998     7.196    -2.73    6.91
-146496.868     6.637    -1.49    6.65
-146120.738     5.819    -2.17    5.89
-145744.607     4.285    -4.08    5.49
-145368.477     2.493    -4.76    3.66
-144992.346     1.709    -2.08    1.97
-144616.216     1.213    -1.32    1.73
-144240.085     0.889    -0.86    1.35
-143863.954     0.889     0.00    1.26
-143487.823     0.944     0.15    1.29
-143111.692     1.889     2.51    3.90
-142735.560     3.940     5.45    6.42
-142359.429     7.069     8.32    8.41
-141983.297    11.424    11.58    8.62
-141607.165    13.735     6.14    8.21
-141231.033    17.055     8.83    7.01
-140854.901    17.961     2.41    7.05
-140478.768    18.966     2.67    6.03
-140102.636    19.950     2.62    5.29
-139726.503    21.799     4.91    5.67
-139350.370    20.637    -3.09    7.44
-138974.237    18.944    -4.50    8.28
-138598.104    19.145     0.53    7.17
-138221.970    18.805    -0.90    6.19
-137845.837    19.694     2.36    6.79
-137469.703    21.120     3.79    6.85
-137093.569    22.750     4.33    6.87
-136717.435    24.055     3.47    6.93
-136341.301    25.709     4.40    7.55
-135965.166    27.266     4.14    7.89
-135589.032    29.312     5.44    8.02
-135212.897    31.934     6.97    6.44
-134836.762    32.305     0.99    6.87
-134460.627    32.111    -0.52    7.80
-134084.491    29.605    -6.66    9.76
-133708.356    26.924    -7.13   10.33
-133332.220    23.250    -9.77   11.24
-132956.084    18.745   -11.98   11.10
-132579.948    16.667    -5.52    9.99
-132203.811    15.863    -2.14    9.91
-131827.675    16.880     2.70    9.76
-131451.538    14.366    -6.68    9.84
-131075.401    11.830    -6.74    9.18
-130699.263    14.292     6.55   10.23
-130323.126    17.161     7.63   11.02
-129946.988    20.934    10.03   10.25
-129570.851    21.940     2.68    9.69
-129194.713    17.610   -11.51   10.72
-128818.574    13.194   -11.74   10.13
-128442.436    13.120    -0.20    9.69
-128066.297    15.361     5.96   10.17
-127690.158    18.017     7.06   10.29
-127314.019    20.043     5.39   10.23
-126937.880    20.703     1.75   10.94
-126561.740    18.582    -5.64   11.40
-126185.600    16.069    -6.68   10.60
-125809.460    12.826    -8.62    9.46
-125433.320    13.930     2.94    9.66
-125057.179    13.420    -1.36    9.63
-124681.038    10.812    -6.93    8.89
-124304.897     9.273    -4.09    7.51
-123928.756     6.424    -7.58    5.96
-123552.615     6.258    -0.44    5.83
-123176.473     5.145    -2.96    3.90
-122800.331     4.003    -3.04    2.16
-122424.189     3.833    -0.45    1.68
-122048.046     3.880     0.12    2.08
-121671.926     4.500     1.65    3.37
-121295.837     4.319    -0.48    3.14
-120919.747     4.248    -0.19    1.82
-120543.658     4.024    -0.59    1.29
-120167.568     4.240     0.57    1.45
-119791.478     5.123     2.35    3.10
-119415.387     7.305     5.80    5.10
-119039.296     9.889     6.87    6.66
-118663.205     9.501    -1.03    6.96
-118287.114    10.017     1.37    7.09
-117911.022    10.402     1.02    6.41
-117534.931    10.661     0.69    6.04
-117158.839    10.880     0.58    6.02
-116782.746    10.479    -1.07    6.18
-116406.654     9.055    -3.78    6.05
-116030.561     7.500    -4.14    5.90
-115654.468     6.745    -2.01    5.20
-115278.374     6.772     0.07    5.27
-114902.280     6.772     0.00    5.62
-114526.186     7.661     2.36    6.38
-114150.092     8.680     2.71    6.89
-113773.998     8.455    -0.60    6.36
-113397.903     8.345    -0.29    5.61
-113021.808     7.972    -0.99    4.70
-112645.712     8.812     2.23    4.76
-112269.616    10.718     5.07    6.42
-111893.520     9.634    -2.88    6.70
-111517.424     8.977    -1.75    6.98
-111141.328     7.940    -2.76    6.39
-110765.231     6.853    -2.89    5.24
-110389.134     8.792     5.16    6.34
-110013.036     8.830     0.10    6.56
-109636.938     9.784     2.54    7.86
-109260.840     7.934    -4.92    6.15
-108884.742     7.799    -0.36    5.30
-108508.643     8.339     1.44    5.31
-108132.544     9.555     3.23    4.88
-107756.445     9.250    -0.81    4.21
-107380.345     9.205    -0.12    3.81
-107004.245     8.503    -1.87    3.02
-106628.145     8.231    -0.72    3.29
-106252.044     8.786     1.48    4.07
-105875.944     8.634    -0.40    5.05
-105499.842     8.503    -0.35    6.35
-105123.741    10.339     4.88    7.74
-104747.639    11.248     2.42    8.03
-104371.537    11.472     0.60    7.52
-103995.434     9.845    -4.33    5.66
-103619.332     7.684    -5.75    5.17
-103243.228     6.798    -2.36    5.18
-102867.125     5.786    -2.69    4.93
-102491.021     3.610    -5.79    2.08
-102114.917     3.194    -1.10    1.33
-101738.812     2.799    -1.05    1.28
-101362.708     2.694    -0.28    1.22
-100986.602     2.766     0.19    1.21
-100610.497     2.940     0.46    1.14
-100234.391     3.420     1.28    1.21
 -99858.285     3.889     1.25    1.28
 -99482.178     3.991     0.27    1.45
 -99106.071     3.838    -0.41    1.52
 -98729.964     3.853     0.04    1.49
 -98353.857     3.914     0.16    1.63
 -97977.749     3.637    -0.74    1.52
 -97601.640     3.691     0.14    1.44
 -97225.532     3.637    -0.14    1.14
 -96849.423     3.465    -0.46    1.33
 -96473.313     3.735     0.72    1.37
 -96097.204     3.889     0.41    1.47
 -95721.094     3.889     0.00    1.33
 -95344.983     3.907     0.05    1.40
 -94968.872     3.917     0.03    1.51
 -94592.761     3.977     0.16    1.45
 -94216.650     3.966    -0.03    1.62
 -93840.538     4.312     0.92    1.85
 -93464.425     4.134    -0.47    1.91
 -93088.313     4.055    -0.21    1.80
 -92712.200     3.838    -0.58    1.62
 -92336.086     3.934     0.26    1.44
 -91959.972     4.030     0.26    1.36
 -91583.858     4.003    -0.07    1.29
 -91207.744     4.150     0.39    1.28
 -90831.629     4.096    -0.14    1.35
 -90455.513     4.028    -0.18    1.38
 -90079.397     4.222     0.52    1.32
 -89703.281     4.171    -0.14    2.16
 -89327.165     3.889    -0.75    1.35
 -88951.048     3.924     0.09    1.28
 -88574.931     4.000     0.20    1.52
 -88198.813     4.333     0.89    1.77
 -87822.695     4.607     0.73    1.81
 -87446.576     4.555    -0.14    1.83
 -87070.457     4.240    -0.84    1.66
 -86694.338     4.266     0.07    1.63
 -86318.218     4.830     1.50    1.99
 -85942.098     4.907     0.20    2.00
 -85565.978     5.355     1.19    2.21
 -85189.857     5.094    -0.70    2.27
 -84813.735     4.305    -2.10    2.12
 -84437.614     3.447    -2.28    1.49
 -84061.491     3.393    -0.14    1.26
 -83685.369     3.503     0.29    1.77
 -83309.246     3.684     0.48    2.00
 -82933.122     4.250     1.51    2.33
 -82556.998     5.980     4.60    3.60
 -82180.874     8.082     5.59    6.11
 -81804.749    10.258     5.79    6.42
 -81428.624    12.108     4.92    6.47
 -81052.499    12.991     2.35    6.15
 -80676.373    10.898    -5.57    5.87
 -80300.246     8.750    -5.71    5.85
 -79924.120     5.966    -7.40    4.55
 -79547.992     3.167    -7.44    1.18
 -79171.864     2.930    -0.63    1.21
 -78795.736     3.453     1.39    1.70
 -78419.608     4.327     2.32    2.46
 -78043.479     5.231     2.40    2.29
 -77667.349     4.853    -1.01    2.13
 -77291.219     4.161    -1.84    2.14
 -76915.089     3.786    -1.00    1.97
 -76538.958     3.639    -0.39    1.92
 -76162.827     4.092     1.21    2.20
 -75786.695     4.068    -0.06    2.14
 -75410.563     3.934    -0.36    1.88
 -75034.430     3.637    -0.79    1.66
 -74658.297     3.687     0.13    1.66
 -74282.163     4.376     1.83    1.94
 -73906.029     4.694     0.85    1.96
 -73529.895     5.120     1.13    1.82
 -73153.760     4.889    -0.61    1.85
 -72777.625     4.792    -0.26    2.14
 -72401.489     4.940     0.39    2.18
 -72025.352     5.055     0.31    1.98
 -71649.215     5.366     0.83    1.54
 -71273.078     5.339    -0.07    1.32
 -70896.940     4.826    -1.37    1.28
 -70520.802     4.607    -0.58    1.28
 -70144.663     4.393    -0.57    1.07
 -69768.524     4.530     0.36    1.27
 -69392.385     4.632     0.27    1.26
 -69016.244     4.632     0.00    1.31
 -68640.104     4.610    -0.06    1.39
 -68263.963     4.812     0.54    1.23
 -67887.821     4.966     0.41    1.04
 -67511.679     5.000     0.09    1.03
 -67135.536     5.134     0.36    1.27
 -66759.393     5.204     0.19    1.30
 -66383.250     5.258     0.14    1.35
 -66007.105     5.371     0.30    1.35
 -65630.961     4.899    -1.25    1.10
 -65254.816     4.299    -1.60    1.21
 -64878.670     4.017    -0.75    1.14
 -64502.524     3.750    -0.71    1.24
 -64126.378     3.812     0.16    1.23
 -63750.230     3.880     0.18    1.13
 -63374.083     3.889     0.02    1.11
 -62997.935     3.529    -0.96    1.20
 -62621.786     3.213    -0.84    1.17
 -62245.637     3.312     0.26    1.42
 -61869.487     3.940     1.67    1.94
 -61493.337     5.905     5.22    3.86
 -61117.186     8.583     7.12    4.58
 -60741.035    10.312     4.60    5.38
 -60364.884    10.799     1.29    5.98
 -59988.731     8.853    -5.17    6.10
 -59612.579     5.961    -7.69    4.02
 -59236.425     4.213    -4.65    1.78
 -58860.271     3.889    -0.86    1.24
 -58484.117     3.966     0.20    1.19
 -58107.962     3.880    -0.23    1.25
 -57731.807     3.889     0.02    1.15
 -57355.651     4.417     1.40    1.25
 -56979.494     4.740     0.86    1.29
 -56603.337     4.991     0.67    1.21
 -56227.180     5.171     0.48    1.14
 -55851.022     5.474     0.81    1.28
 -55474.863     5.529     0.15    1.24
 -55098.704     5.735     0.55    1.35
 -54722.544     5.961     0.60    1.21
 -54346.384     6.376     1.10    1.30
 -53970.223     6.745     0.98    1.56
 -53594.061     6.988     0.65    1.44
 -53217.900     7.339     0.93    1.25
 -52841.737     7.444     0.28    0.98
 -52465.574     7.402    -0.11    1.09
 -52089.410     7.330    -0.19    1.17
 -51713.246     7.420     0.24    1.16
 -51337.081     7.480     0.16    1.38
 -50960.916     7.503     0.06    1.49
 -50584.750     6.889    -1.63    1.98
 -50208.584     6.123    -2.04    1.79
 -49832.417     6.017    -0.28    1.83
 -49456.249     7.861     4.90    3.48
 -49080.081     7.907     0.12    5.45
 -48703.912     5.950    -5.20    6.99
 -48327.743     2.555    -9.02    6.49
 -47951.573    -0.445    -7.98    3.53
 -47575.403    -1.445    -2.66    0.00
 -47199.232    -0.500     2.51    4.13
 -46823.060     3.664    11.07    8.95
 -46446.985     9.123    14.52   11.07
 -46070.936    14.345    13.89   11.06
 -45694.886    19.455    13.59    8.16
 -45318.836    22.853     9.03    2.86
 -44942.786    22.479    -1.00    2.85
 -44566.735    21.819    -1.75    2.93
 -44190.683    22.503     1.82    2.59
 -43814.630    21.312    -3.17    6.12
 -43438.577    21.505     0.51    5.50
 -43062.524    19.477    -5.40    6.82
 -42686.470    16.610    -7.62    8.14
 -42310.415    12.312   -11.43    9.07
 -41934.359     8.098   -11.21    7.75
 -41558.303     6.581    -4.03    7.12
 -41182.247     4.068    -6.68    5.08
 -40806.190     2.527    -4.10    2.41
 -40430.132     3.691     3.09    3.58
 -40054.073     6.772     8.19    7.30
 -39678.014     9.772     7.98    8.57
 -39301.955    12.655     7.67    8.98
 -38925.894    12.745     0.24    9.57
 -38549.833    10.555    -5.82   10.04
 -38173.772     9.740    -2.17    9.91
 -37797.710    10.607     2.31   10.09
 -37421.647    12.501     5.04   10.85
 -37045.584    14.921     6.43   10.73
 -36669.520    16.740     4.84   10.58
 -36293.455    17.861     2.98   10.38
 -35917.390    19.637     4.72    8.48
 -35541.324    20.745     2.95    6.33
 -35165.257    21.069     0.86    4.46
 -34789.190    20.120    -2.52    4.77
 -34413.122    20.041    -0.21    4.47
 -34037.054    19.043    -2.66    4.48
 -33660.985    19.555     1.36    3.90
 -33284.915    21.028     3.91    4.16
 -32908.844    22.427     3.72    4.11
 -32532.773    22.661     0.62    4.30
 -32156.702    21.299    -3.62    5.88
 -31780.629    19.366    -5.14    7.59
 -31404.557    16.299    -8.16    8.98
 -31028.483    12.393   -10.39    8.65
 -30652.409    11.325    -2.84    7.88
 -30276.334    10.684    -1.70    7.21
 -29900.258    10.722     0.10    7.32
 -29524.182    11.096     0.99    7.64
 -29148.105    11.123     0.07    8.61
 -28772.027    10.637    -1.29    9.34
 -28395.949    11.713     2.86   10.17
 -28019.870    11.972     0.69    9.94
 -27643.791    11.605    -0.97    9.53
 -27267.710    10.766    -2.23    9.04
 -26891.630    11.123     0.95    8.41
 -26515.548    11.120    -0.01    8.07
 -26139.466    11.266     0.39    7.53
 -25763.383    12.687     3.78    7.78
 -25387.299    12.799     0.30    7.36
 -25011.215    12.735    -0.17    7.11
 -24635.130    13.722     2.62    6.85
 -24259.044    15.940     5.90    6.51
 -23882.958    17.222     3.41    6.19
 -23506.871    17.837     1.63    5.46
 -23130.783    17.015    -2.19    4.67
 -22754.695    14.907    -5.61    4.39
 -22378.606    13.204    -4.53    3.67
 -22002.516    12.096    -2.95    2.16
 -21626.426    12.366     0.72    2.13
 -21250.335    13.055     1.83    2.25
 -20874.243    13.838     2.08    2.32
 -20498.150    14.003     0.44    2.68
 -20122.057    14.029     0.07    2.53
 -19745.963    14.017    -0.03    2.35
 -19369.868    13.940    -0.20    2.15
 -18993.773    13.988     0.13    2.23
 -18617.677    13.761    -0.60    2.12
 -18241.580    12.861    -2.39    2.35
 -17865.483    12.222    -1.70    2.33
 -17489.384    12.171    -0.14    2.52
 -17113.285    12.555     1.02    2.90
 -16737.186    12.761     0.55    2.98
 -16361.085    13.123     0.96    2.62
 -15984.984    13.610     1.29    2.16
 -15608.883    14.248     1.70    1.76
 -15232.780    14.055    -0.51    1.52
 -14856.677    13.940    -0.31    1.99
 -14480.573    13.786    -0.41    2.17
 -14104.468    14.420     1.69    2.07
 -13728.363    14.914     1.31    1.81
 -13352.257    14.940     0.07    2.42
 -12976.150    15.863     2.45    2.88
 -12600.042    17.361     3.98    3.80
 -12223.934    19.213     4.93    4.02
 -11847.825    21.366     5.72    2.69
 -11471.715    20.582    -2.08    6.00
 -11095.604    16.393   -11.14   10.13
 -10719.493    10.712   -15.11   11.72
 -10343.381     4.812   -15.69   10.11
  -9967.268     0.350   -11.86    5.76
  -9591.155    -1.445    -4.77    0.00
  -9215.040    -1.445     0.00    0.00
  -8838.925    -1.222     0.59    1.33
  -8462.809     0.735     5.20    4.65
  -8086.693     6.171    14.45    9.68
  -7710.576     9.474     8.78    9.59
  -7334.457     9.880     1.08    8.58
  -6958.339     8.068    -4.82    7.85
  -6582.219     4.455    -9.61    4.41
  -6206.099     3.501    -2.54    1.93
  -5829.978     4.453     2.53    3.69
  -5453.856     6.258     4.80    5.71
  -5077.733     7.258     2.66    5.92
  -4701.610     8.961     4.53    6.62
  -4325.485     9.613     1.73    8.36
  -3949.360     8.398    -3.23    9.39
  -3573.235     6.555    -4.90    9.76
  -3197.108     3.139    -9.08    8.82
  -2820.981    -0.034    -8.44    4.98
  -2444.853    -0.222    -0.50    5.13
  -2068.724     3.345     9.48    8.76
  -1692.594     4.658     3.49    9.00
  -1316.464     6.450     4.76    9.22
   -940.333     5.639    -2.16    8.77
   -564.201     4.398    -3.30    8.52
   -188.068     1.155    -8.62    6.50
    188.066    -1.445    -6.91    0.00
    564.200     0.632     5.52    5.58
    940.335     4.161     9.38    8.16
   1316.471     8.366    11.18    9.03
   1692.608    13.177    12.79    7.52
   2068.746    16.972    10.09    4.64
   2444.884    18.658     4.48    4.83
   2821.023    20.155     3.98    5.05
   3197.163    21.393     3.29    6.44
   3573.304    21.805     1.10    6.45
   3949.445    20.213    -4.23    7.96
   4325.588    15.713   -11.96   10.15
   4701.731     9.204   -17.31    8.37
   5077.875     5.273   -10.45    5.36
   5454.020     2.718    -6.79    2.37
   5830.166     2.139    -1.54    2.18
   6206.312     1.845    -0.78    1.35
   6582.459     2.944     2.92    3.23
   6958.607     5.120     5.78    4.92
   7334.756     7.709     6.88    5.41
   7710.906     8.184     1.26    5.11
   8087.057     9.285     2.93    4.72
   8463.208     8.934    -0.93    5.44
   8839.360     8.826    -0.29    6.04
   9215.513    11.580     7.32    7.96
   9591.667    14.664     8.20   10.22
   9967.822    15.713     2.79    8.50
  10343.978    17.607     5.03    7.31
  10720.134    17.292    -0.84    5.74
  11096.291    18.042     1.99    8.41
  11472.450    23.248    13.84   10.56
  11848.608    28.898    15.02   10.82
  12224.768    33.000    10.91    9.89
  12600.929    36.447     9.16    7.27
  12977.090    38.750     6.12    5.00
  13353.253    39.450     1.86    4.32
  13729.416    39.145    -0.81    3.98
  14105.580    39.305     0.43    4.40
  14481.745    38.819    -1.29    4.69
  14857.911    39.042     0.59    3.96
  15234.077    37.417    -4.32    5.97
  15610.245    36.350    -2.83    6.11
  15986.413    35.393    -2.54    6.08
  16362.582    35.222    -0.46    5.60
  16738.752    36.453     3.27    4.07
  17114.923    38.213     4.68    4.24
  17491.095    40.123     5.08    4.40
  17867.268    42.171     5.44    4.59
  18243.441    43.735     4.16    4.58
  18619.616    45.028     3.44    3.17
  18995.791    45.610     1.55    3.07
  19371.967    46.826     3.23    3.02
  19748.144    47.285     1.22    2.65
  20124.322    47.766     1.28    2.33
  20500.501    48.313     1.45    2.29
  20876.681    47.205    -2.94    4.44
  21252.861    46.108    -2.92    5.25
  21629.043    45.111    -2.65    6.34
  22005.225    43.299    -4.82    6.52
  22381.408    43.069    -0.61    6.07
  22757.593    42.371    -1.85    6.05
  23133.778    40.398    -5.25    6.55
  23509.964    39.299    -2.92    7.13
  23886.150    38.042    -3.34    6.70
  24262.338    40.187     5.70    7.53
  24638.527    42.130     5.17    8.19
  25014.716    43.613     3.94    7.56
  25390.907    43.907     0.78    6.26
  25767.098    42.123    -4.74    5.30
  26143.290    39.393    -7.26    4.22
  26519.484    38.528    -2.30    3.24
  26895.678    39.555     2.73    4.18
  27271.873    40.405     2.26    3.91
  27648.069    41.555     3.06    3.65
  28024.265    42.420     2.30    4.37
  28400.436    40.940    -3.94    6.05
  28776.447    39.766    -3.12    7.68
  29152.460    39.477    -0.77    8.29
  29528.473    38.664    -2.16    9.17
  29904.488    38.196    -1.24   10.26
  30280.503    37.972    -0.60    9.40
  30656.520    39.634     4.42    9.74
  31032.537    39.171    -1.23    9.53
  31408.555    39.768     1.59    8.65
  31784.574    39.709    -0.15    9.24
  32160.594    39.231    -1.27    9.82
  32536.615    41.312     5.53    9.16
  32912.637    42.582     3.38    7.44
  33288.660    43.639     2.81    5.43
  33664.683    43.345    -0.78    5.63
  34040.708    40.940    -6.40    7.20
  34416.734    40.474    -1.24    7.29
  34792.760    37.991    -6.60    7.67
  35168.788    37.068    -2.45    8.13
  35544.816    36.838    -0.61    7.96
  35920.846    37.555     1.91    9.12
  36296.876    41.299     9.96    7.50
  36672.908    39.988    -3.49    9.01
  37048.940    36.988    -7.98    9.75
  37424.973    36.069    -2.44    9.88
  37801.007    33.774    -6.10    9.40
  38177.043    35.581     4.81    9.09
  38553.079    37.792     5.88    8.54
  38929.116    40.194     6.39    8.84
  39305.154    44.988    12.75    5.13
  39681.193    47.167     5.79    3.59
  40057.233    46.371    -2.11    4.32
  40433.274    43.453    -7.76    6.72
  40809.316    43.042    -1.09    6.69
  41185.359    43.082     0.11    5.60
  41561.403    44.914     4.87    5.51
  41937.448    46.871     5.20    2.87
  42313.493    46.231    -1.70    3.91
  42689.540    43.030    -8.51    9.41
  43065.588    35.150   -20.96   16.68
  43441.637    26.015   -24.29   18.97
  43817.687    19.799   -16.53   16.91
  44193.737    19.261    -1.43   15.67
  44569.789    27.402    21.65   16.93
  44945.842    36.684    24.68   12.24
  45321.896    38.444     4.68   10.89
  45697.950    34.871    -9.50   13.96
  46074.006    33.055    -4.83   13.54
  46450.063    30.799    -6.00   12.01
  46826.121    31.684     2.35   12.41
  47202.179    30.096    -4.22   11.77
  47578.239    32.713     6.96   11.91
  47954.300    36.240     9.38   11.02
  48330.362    40.555    11.48    8.29
  48706.424    43.312     7.33    6.08
  49082.488    44.299     2.62    5.21
  49458.553    46.196     5.05    6.29
  49834.619    47.833     4.35    4.74
  50210.686    48.393     1.49    5.52
  50586.753    48.805     1.10    6.71
  50962.822    49.450     1.71    5.00
  51338.892    50.222     2.05    3.21
  51714.963    49.861    -0.96    3.58
  52091.035    49.030    -2.21    4.04
  52467.108    47.393    -4.35    4.19
  52843.182    47.555     0.43    4.10
  53219.257    48.398     2.24    3.64
  53595.333    49.248     2.26    3.29
  53971.410    47.977    -3.38    4.43
  54347.488    45.907    -5.50    4.68
  54723.567    45.299    -1.62    4.84
  55099.647    46.833     4.08    5.56
  55475.729    48.830     5.31    5.06
  55851.811    50.977     5.71    4.04
  56227.894    51.500     1.39    4.19
  56603.978    51.610     0.29    4.67
  56980.064    52.664     2.80    4.95
  57356.150    52.108    -1.48    4.55
  57732.238    50.581    -4.06    5.77
  58108.326    49.339    -3.30    6.09
  58484.416    49.980     1.70    6.11
  58860.506    51.761     4.73    5.98
  59236.598    53.503     4.63    4.46
  59612.691    54.772     3.37    3.07
  59988.784    53.325    -3.85    5.87
  60364.879    49.914    -9.07    7.36
  60740.975    47.972    -5.16    7.16
  61117.072    47.914    -0.15    6.65
  61493.170    49.722     4.81    5.74
  61869.269    51.345     4.31    5.29
  62245.370    50.838    -1.35    5.13
  62621.471    50.434    -1.07    5.28
  62997.573    50.339    -0.25    4.58
  63373.676    49.529    -2.15    3.80
  63749.781    48.934    -1.58    3.34
  64125.886    48.325    -1.62    3.19
  64501.993    47.083    -3.30    3.56
  64878.101    44.966    -5.63    5.09
  65254.210    42.479    -6.61    7.04
  65630.319    39.991    -6.61    6.12
  66006.430    37.934    -5.47    5.46
  66382.542    37.713    -0.59    3.75
  66758.656    37.240    -1.26    3.36
  67134.770    37.417     0.47    2.96
  67510.885    37.687     0.72    2.24
  67887.002    37.150    -1.43    2.48
  68263.119    33.450    -9.84    8.81
  68639.238    29.684   -10.01   12.14
  69015.357    23.930   -15.30   14.08
  69391.478    21.213    -7.22   13.56
  69767.600    21.240     0.07   14.02
  70143.723    24.231     7.95   13.94
  70519.847    29.248    13.34   12.08
  70895.972    35.177    15.76    4.61
  71272.099    36.068     2.37    2.26
  71648.226    35.889    -0.48    2.18
  72024.355    35.187    -1.87    2.55
  72400.484    35.529     0.91    2.45
  72776.615    35.427    -0.27    2.60
  73152.747    35.950     1.39    2.69
  73528.880    36.778     2.20    2.89
  73905.014    37.231     1.21    2.92
  74281.149    37.501     0.72    3.06
  74657.286    36.258    -3.31    6.24
  75033.423    35.420    -2.23    7.79
  75409.562    33.399    -5.37    8.33
  75785.702    28.530   -12.95   11.19
  76161.843    22.479   -16.09   13.58
  76537.985    16.528   -15.82   12.01
  76914.128    16.812     0.76   11.38
  77290.272    18.258     3.85   11.50
  77666.418    19.345     2.89   12.44
  78042.564    16.292    -8.12   14.40
  78418.712    10.709   -14.84   14.11
  78794.861     2.718   -21.25    8.44
  79171.011    -0.445    -8.41    0.00
  79547.162    -0.445     0.00    0.00
  79923.314    -0.445     0.00    0.00
  80299.468    -0.445     0.00    0.00
  80675.622    -0.445     0.00    0.00
  81051.778    -0.445     0.00    0.00
  81427.935    -0.445     0.00    0.00
  81804.093    -0.445     0.00    0.00
  82180.252    -0.445     0.00    0.00
  82556.413    -0.445     0.00    0.00
  82932.574    -0.445     0.00    0.00
  83308.737    -0.445     0.00    0.00
  83684.901    -0.445     0.00    0.00
  84061.066    -0.445     0.00    0.00
  84437.232    -0.445     0.00    0.00
  84813.400    -0.445     0.00    0.00
  85189.568    -0.445     0.00    0.00
  85565.738    -0.445     0.00    0.00
  85941.909    -0.445     0.00    0.00
  86318.081    -0.445     0.00    0.00
  86694.254    -0.445     0.00    0.00
  87070.428    -0.445     0.00    0.00
  87446.604    -0.445     0.00    0.00
  87822.781    -0.445     0.00    0.00
  88198.959    -0.445     0.00    0.00
  88575.138    -0.445     0.00    0.00
  88951.318    -0.445     0.00    0.00
  89327.500    -0.445     0.00    0.00
  89703.683    -0.445     0.00    0.00
  90079.867    -0.445     0.00    0.00
  90456.052    -0.445     0.00    0.00
  90832.238    -0.445     0.00    0.00
  91208.426    -0.445     0.00    0.00
  91584.614    -0.445     0.00    0.00
  91960.804    -0.445     0.00    0.00
  92336.996    -0.363     0.22    0.28
  92713.188     0.441     2.14    3.53
  93089.381     3.299     7.60   10.58
  93465.576    11.248    21.13   20.45
  93841.772    21.028    26.00   25.97
  94217.969    31.177    26.98   26.99
  94594.168    36.555    14.30   25.11
  94970.367    41.687    13.64   20.29
  95346.568    43.455     4.70   16.58
  95722.770    47.096     9.68   12.92
  96098.974    51.003    10.38   12.72
  96475.178    53.582     6.86    9.12
  96851.384    56.003     6.44    5.46
  97227.591    57.069     2.83    5.06
  97603.799    59.105     5.41    4.98
  97980.008    59.977     2.32    5.10
  98356.219    60.637     1.75    6.63
  98732.431    62.258     4.31    7.77
  99108.644    61.413    -2.25    8.88
  99484.858    57.863    -9.43   15.67
  99861.074    54.761    -8.25   19.01
 100237.291    52.641    -5.63   21.09
 100613.509    43.853   -23.36   23.27
 100989.728    34.204   -25.65   25.20
 101365.949    25.258   -23.78   21.79
 101742.170    20.171   -13.52   20.46
 102118.393    26.042    15.61   25.35
 102494.618    35.273    24.54   25.62
 102870.843    40.845    14.81   24.72
 103247.070    40.838    -0.02   20.35
 103623.167    36.123   -12.54   16.74
 103999.143    33.068    -8.13   16.61
 104375.120    35.248     5.80   20.46
 104751.099    44.111    23.57   23.45
 105127.078    51.799    20.45   26.11
 105503.059    57.961    16.39   26.35
 105879.041    68.042    26.81   19.42
 106255.024    75.350    19.44    9.06
 106631.009    76.498     3.05    8.45
 107006.995    78.632     5.68    7.27
 107382.982    79.661     2.74    6.87
 107758.971    80.500     2.23    6.62
 108134.960    82.273     4.72    4.51
 108510.951    80.740    -4.08    6.29
 108886.944    80.735    -0.01    6.88
 109262.937    81.474     1.97    6.88
 109638.932    78.479    -7.97   10.37
 110014.928    72.204   -16.69   13.03
 110390.926    65.530   -17.75   13.70
 110766.924    55.171   -27.55   14.30
 111142.924    49.139   -16.04   16.08
 111518.926    50.123     2.62   17.99
 111894.928    54.042    10.42   20.16
 112270.932    65.339    30.05   17.58
 112646.937    73.477    21.64   16.06
 113022.944    79.139    15.06   14.95
 113398.951    83.980    12.88    7.77
 113774.960    86.477     6.64    6.17
 114150.971    87.258     2.08    4.67
 114526.982    88.325     2.84    5.10
 114902.995    89.661     3.55    4.77
 115279.010    91.292     4.34    5.33
 115655.025    92.393     2.93    5.13
 116031.042    92.222    -0.46    5.03
 116407.060    92.389     0.44    4.70
 116783.080    92.325    -0.17    4.75
 117159.100    92.248    -0.20    4.51
 117535.122    92.850     1.60    4.28
 117911.146    93.312     1.23    3.85
 118287.171    94.150     2.23    3.35
 118663.197    95.371     3.25    3.70
 119039.224    93.231    -5.69    8.98
 119415.253    88.639   -12.21   13.49
 119791.283    80.940   -20.47   16.82
 120167.314    76.350   -12.21   14.76
 120543.347    77.582     3.28   13.26
 120919.381    82.555    13.22   13.56
 121295.416    85.555     7.98   12.99
 121671.453    89.658    10.91    8.83
 122047.491    89.934     0.73    9.89
 122423.530    92.555     6.97    9.57
 122799.571    95.250     7.17    6.55
 123175.613    96.427     3.13    6.25
 123551.657    96.607     0.48    5.64
 123927.701    96.649     0.11    6.21
 124303.747    98.632     5.27    7.33
 124679.795   101.096     6.55    7.03
 125055.844   104.528     9.13    4.08
 125431.894   102.838    -4.50    6.42
 125807.945    96.420   -17.06   10.84
 126183.998    88.889   -20.03   12.39
 126560.052    84.350   -12.07   10.14
 126936.108    84.907     1.48   13.43
 127312.165    91.950    18.73   15.50
 127688.223   100.248    22.06   13.21
 128064.283   105.838    14.86    7.49
 128440.344   106.934     2.92    6.78
 128816.406   106.977     0.11    7.91
 129192.470   109.528     6.79    8.34
 129568.535   112.582     8.12    9.64
 129944.601   115.015     6.47   12.00
 130320.669   115.805     2.10   15.60
 130696.738   106.735   -24.12   26.27
 131072.809    97.196   -25.36   26.67
 131448.881    89.000   -21.80   23.12
 131824.954    85.812    -8.48   18.32
 132201.029    86.805     2.64   14.66
 132577.105    94.991    21.77   17.47
 132953.183    97.661     7.10   18.33
 133329.262    98.501     2.24   21.43
 133705.342    97.366    -3.02   22.03
 134081.424    98.196     2.21   21.33
 134457.507    97.580    -1.64   21.46
 134833.591    96.528    -2.80   21.47
 135209.677    95.687    -2.24   18.86
 135585.764    97.950     6.02   19.71
 135961.853   100.799     7.57   21.49
 136337.943   110.718    26.37   19.80
 136714.034   120.155    25.09   15.89
 137090.127   122.632     6.59   19.20
 137466.221   126.248     9.61   18.46
 137842.317   125.639    -1.62   17.36
 138218.414   126.504     2.30   14.75
 138594.513   124.611    -5.03   15.67
 138970.613   123.924    -1.83   14.44
 139346.714   127.350     9.11   13.05
 139722.817   125.120    -5.93   13.79
 140098.921   123.231    -5.02   13.78
 140475.026   123.634     1.07   14.80
 140851.133   116.402   -19.23   22.40
 141227.242   106.204   -27.11   25.53
 141603.351   100.266   -15.79   24.65
 141979.463   101.772     4.00   23.73
 142355.575   108.691    18.40   22.47
 142731.690   103.528   -13.73   24.90
 143107.805   100.698    -7.52   26.32
 143483.922    94.120   -17.49   20.42
 143860.040    87.530   -17.52   17.12
 144236.160    80.111   -19.73   19.61
 144612.282    67.230   -34.25   17.07
 144988.404    56.240   -29.22   16.57
 145364.528    50.427   -15.45   16.26
 145740.654    52.213     4.75   17.88
 146116.781    59.709    19.93   20.12
 146492.910    74.694    39.84   17.47
 146869.040    84.258    25.43   11.67
 147245.171    83.709    -1.46   14.29
 147621.304    76.041   -20.39   19.43
 147997.438    62.145   -36.94   21.72
 148373.574    50.068   -32.11   14.93
 148749.711    46.610    -9.20   12.19
 149125.850    49.123     6.68   14.99
 149501.990    60.555    30.39   16.10
 149878.131    69.094    22.70   14.94
 150254.274    79.080    26.55   10.60
 150630.419    82.069     7.95    9.99
 151006.565    83.786     4.57    9.13
 151382.712    80.713    -8.17   12.14
 151758.861    73.713   -18.61   15.35
 152135.012    68.610   -13.57   12.95
 152511.164    68.830     0.59   12.54
 152887.317    71.082     5.99   11.68
 153263.472    72.778     4.51   11.18
 153639.628    73.266     1.30   11.24
 154015.786    77.389    10.96   11.97
 154391.945    82.222    12.85   14.01
 154768.106    89.043    18.13   12.33
 155144.268    92.098     8.12   11.80
 155520.432    91.528    -1.52   11.51
 155896.597    90.528    -2.66   11.30
 156272.764    85.907   -12.29   12.05
 156648.932    76.855   -24.06   16.72
 157025.101    69.150   -20.48   18.55
 157401.273    59.950   -24.46   15.91
 157777.445    54.450   -14.62    9.13
 158153.619    55.402     2.53    8.53
 158529.795    61.934    17.37   11.21
 158905.972    66.080    11.02   13.93
 159282.151    69.740     9.73   15.50
 159658.331    69.139    -1.60   16.20
 160034.513    66.447    -7.15   14.88
 160410.696    61.167   -14.04   10.43
 160786.881    58.371    -7.43    6.63
 161163.067    61.530     8.40    7.88
 161539.255    62.737     3.21    6.93
 161915.444    66.213     9.24    7.58
 162291.635    67.691     3.93    7.53
 162667.827    68.361     1.78    8.53
 163044.021    73.248    12.99   11.53
 163420.216    76.108     7.60   11.90
 163796.413    79.479     8.96   10.71
 164172.611    82.376     7.70   10.20
 164548.811    85.838     9.20   10.31
 164925.013    92.177    16.85   12.09
 165301.216    97.863    15.11   14.07
 165677.420    99.043     3.14   12.81
 166053.626    98.722    -0.85   13.55
 166429.834    98.258    -1.23   13.24
 166806.043    99.582     3.52   11.52
 167182.253   103.934    11.57   12.83
 167558.466   111.068    18.96   13.47
 167934.679   114.673     9.58   11.26
 168310.895   119.555    12.98    9.78
 168687.111   122.319     7.34    5.92
 169063.330   122.833     1.37    4.56
 169439.550   121.222    -4.28    4.92
 169815.771   119.555    -4.43    4.45
 170191.994   119.319    -0.63    4.66
 170568.219   122.398     8.18    9.00
 170944.445   128.094    15.14   12.30
 171320.673   131.718     9.63   10.76
 171696.902   129.740    -5.26   11.87
 172073.133   124.955   -12.72   13.31
 172449.365   117.984   -18.53    8.72
 172825.599   116.691    -3.44    6.12
 173201.834   122.258    14.80   12.27
 173578.071   135.231    34.48   20.69
 173954.310   149.420    37.71   21.32
 174330.550   155.641    16.53   17.65
 174706.792   150.480   -13.72   19.20
 175083.035   140.582   -26.31   13.03
 175459.280   136.285   -11.42    5.22
 175835.527   139.530     8.62    7.23
 176211.775   142.187     7.06    7.45
 176588.025   143.608     3.78    7.91
 176964.276   142.718    -2.37    9.08
 177340.529   140.171    -6.77    7.75
 177716.783   139.500    -1.78    6.93
 178093.039   138.240    -3.35    7.13
 178469.297   134.755    -9.26   10.35
 178845.273   130.850   -10.39    9.29
 179221.215   133.017     5.77   11.00
 179597.159   139.312    16.75   14.29
 179973.105   146.718    19.70   12.91
 180349.052   148.069     3.59   11.55
 180725.001   146.222    -4.91   13.68
 181100.951   142.248   -10.57   14.43
 181476.903   140.684    -4.16   16.02
 181852.856   140.096    -1.56   15.62
 182228.811   139.924    -0.46   15.86
 182604.768   135.273   -12.37   15.76
 182980.726   133.966    -3.48   16.04
 183356.686   132.204    -4.69   16.26
 183732.648   136.453    11.30   19.15
 184108.611   142.139    15.12   18.08
 184484.575   144.637     6.64   17.58
 184860.542   141.924    -7.22   18.52
 185236.510   137.399   -12.03   16.35
 185612.479   138.120     1.92   17.30
 185988.451   135.977    -5.70   15.32
 186364.423   137.474     3.98   14.62
 186740.398   143.258    15.38   19.32
 187116.374   148.917    15.05   23.45
 187492.352   158.450    25.36   26.94
 187868.331   167.838    24.97   24.73
 188244.312   171.285     9.17   20.42
 188620.295   165.196   -16.19   21.63
 188996.279   153.607   -30.83   23.77
 189372.265   139.966   -36.28   23.90
 189748.252   124.907   -40.05   18.23
 190124.242   116.581   -22.14   15.84
 190500.232   116.826     0.65   17.49
 190876.225   127.501    28.39   26.91
 191252.219   140.988    35.87   27.61
 191628.215   155.055    37.42   26.50
 192004.212   150.068   -13.26   28.86
 192380.211   142.171   -21.00   27.11
 192756.212   137.722   -11.83   20.00
 193132.214   131.240   -17.24   11.32
 193508.218   130.944    -0.79    7.81
 193884.224   134.371     9.11   11.51
 194260.231   138.453    10.86   16.68
 194636.240   141.285     7.53   17.41
 195012.251   145.292    10.66   20.05
 195388.263   149.607    11.47   24.36
 195764.277   160.427    28.78   37.76
 196140.293   177.312    44.91   41.99
 196516.310   195.966    49.61   41.64
 196892.329   211.371    40.97   42.99
 197268.350   217.305    15.78   41.22
 197644.372   223.664    16.91   40.48
 198020.396   226.389     7.25   40.53
 198396.422   235.196    23.42   37.61
 198772.449   245.120    26.39   33.28
 199148.478   256.750    30.93   24.66
 199524.509   264.786    21.37   21.48
 199900.541   266.083     3.45   19.11
 200276.575   247.240   -50.11   37.69
 200652.611   216.427   -81.94   56.44
 201028.649   178.450  -101.00   55.48
 201404.688   144.503   -90.28   31.63
 201780.729   137.450   -18.76   25.30
 202156.771   136.680    -2.05   28.89
 202532.816   141.123    11.81   29.29
 202908.861   142.555     3.81   28.88
 203284.909   145.222     7.09   30.25
 203660.959   162.500    45.95   34.35
 204037.010   175.934    35.72   33.22
 204413.062   184.694    23.30   25.68
 204789.117   181.082    -9.61   22.08
 205165.173   169.330   -31.25   25.29
 205541.231   159.555   -25.99   22.80
 205917.290   163.455    10.37   26.81
 206293.352   170.477    18.67   27.38
 206669.415   171.977     3.99   25.34
 207045.480   170.529    -3.85   20.88
 207421.546   166.017   -12.00   19.15
 207797.614   175.424    25.01   30.14
 208173.684   183.472    21.40   32.78
 208549.756   183.940     1.24   31.16
 208925.829   177.500   -17.13   37.28
 209301.904   166.105   -30.30   35.22
 209677.981   147.761   -48.78   30.35
 210054.060   132.694   -40.06   30.09
 210430.140   118.528   -37.67   18.35
 210806.222   115.222    -8.79   10.83
 211182.306   117.479     6.00   10.24
 211558.391   124.632    19.02   13.03
 211934.478   131.123    17.26   17.87
 212310.567   134.430     8.79   20.26
 212686.658   132.914    -4.03   17.40
 213062.750   127.292   -14.95   15.34
 213438.845   123.961    -8.86   10.29
 213814.941   124.812     2.26   14.16
 214191.038   123.709    -2.93   13.73
 214567.138   125.139     3.80   11.12
 214943.239   125.735     1.59    8.46
 215319.342   127.639     5.06   14.46
 215695.447   126.068    -4.18   15.36
 216071.553   123.530    -6.75   16.02
 216447.661   118.586   -13.15   11.35
 216823.771   117.772    -2.16   11.05
 217199.883   114.826    -7.83   11.40
 217575.997   110.637   -11.14   11.42
 217952.112   105.980   -12.38    6.19
 218328.229   105.447    -1.42    7.59
 218704.348   104.196    -3.33    7.40
 219080.468   105.376     3.14    7.48
 219456.591   106.222     2.25    7.62
 219832.715   105.366    -2.28    6.32
 220208.841   106.889     4.05    6.45
 220584.968   106.161    -1.94    6.45
 220961.098   106.167     0.02    7.31
 221337.229   105.713    -1.20    7.18
 221713.362   105.278    -1.16    7.22
 222089.497   104.977    -0.80    7.74
 222465.634   104.966    -0.03    7.46
 222841.772   106.587     4.31    7.83
 223217.912   110.529    10.48    7.72
 223594.054   112.924     6.37    6.96
 223970.198   110.312    -6.94    9.10
 224346.344   105.120   -13.81    9.44
 224722.491   101.123   -10.63    6.80
 225098.640   101.709     1.56    6.65
 225474.791   104.761     8.11    7.76
 225850.944   108.658    10.36    7.34
 226227.098   113.366    12.52    3.27
 226603.255   112.812    -1.47    3.64
 226979.413   113.555     1.98    3.46
 227355.573   113.278    -0.74    4.12
 227731.735   114.231     2.53    4.36
 228107.898   115.366     3.02    4.27
 228484.064   116.528     3.09    3.91
 228860.231   117.966     3.82    3.20
 229236.400   119.055     2.90    2.93
 229612.571   118.838    -0.58    2.61
 229988.744   118.222    -1.64    2.44
 230364.918   117.639    -1.55    2.47
 230741.095   116.914    -1.93    2.19
 231117.273   116.745    -0.45    2.04
 231493.453   117.094     0.93    2.47
 231869.635   117.503     1.09    2.37
 232245.818   117.120    -1.02    2.30
 232622.004   116.637    -1.28    2.97
 232998.191   115.709    -2.46    3.57
 233374.380   113.855    -4.93    5.65
 233750.572   112.000    -4.93    6.94
 234126.764   108.204   -10.09    7.95
 234502.959   104.150   -10.78    6.85
 234879.156   103.177    -2.59    6.22
 235255.354   102.880    -0.79    6.02
 235631.554   103.850     2.58    6.25
 236007.756   105.480     4.34    7.11
 236383.960   105.504     0.06    7.28
 236760.166   104.934    -1.52    7.44
 237136.374   106.632     4.52   10.45
 237512.583   109.312     7.12   13.07
 237888.795   120.187    28.91   25.96
 238265.008   126.398    16.51   24.71
 238641.223   133.017    17.60   23.79
 239017.440   133.880     2.29   22.27
 239393.659   133.371    -1.35   18.51
 239769.879   148.630    40.56   39.88
 240146.102   163.305    39.01   45.04
 240522.326   175.292    31.86   48.81
 240898.552   200.258    66.36   52.75
 241274.781   216.096    42.10   46.29
 241651.011   207.501   -22.84   48.03
 242027.242   187.694   -52.65   38.30
 242403.476   178.838   -23.54   29.10
 242779.712   183.273    11.79   35.46
 243155.949   186.880     9.59   35.43
 243532.189   175.914   -29.15   34.81
 243908.430   169.477   -17.11   24.14
 244284.673   164.248   -13.90   17.60
 244660.918   163.529    -1.91   14.33
 245037.165   163.684     0.41   13.70
 245413.414   156.805   -18.28   11.06
 245789.665   154.687    -5.63   10.58
 246165.918   154.504    -0.49   12.53
 246542.172   153.083    -3.78   10.57
 246918.428   156.171     8.21   11.11
 247294.687   157.503     3.54   10.77
 247670.947   158.582     2.87   11.10
 248047.209   157.745    -2.23   11.47
 248423.473   158.805     2.82   11.63
 248799.739   154.786   -10.68   10.37
 249176.007   150.726   -10.79    8.35
 249552.277   152.204     3.93   11.04
 249928.549   155.991    10.07   13.54
 250304.822   158.055     5.49   14.89
 250681.098   154.503    -9.44   14.34
 251057.375   154.069    -1.15   15.32
 251433.654   156.355     6.08   16.32
 251809.936   153.258    -8.23   16.08
 252186.219   153.447     0.50   16.05
 252562.504   149.950    -9.29   13.86
 252938.791   145.861   -10.87    7.32
 253315.080   148.273     6.41    8.13
 253691.268   150.812     6.75    7.55
 254067.173   151.944     3.01    8.33
 254443.081   153.799     4.93   13.00
 254818.990   154.339     1.44   12.58
 255194.901   154.292    -0.12   10.50
 255570.814   157.430     8.35   12.07
 255946.729   158.961     4.07   11.61
 256322.646   161.914     7.86   10.85
 256698.565   166.871    13.19   13.29
 257074.486   180.819    37.10   34.35
 257450.409   194.474    36.33   42.71
 257826.333   210.955    43.84   46.42
 258202.260   233.187    59.14   43.05
 258578.188   232.150    -2.76   44.55
 258954.119   226.745   -14.38   47.39
 259330.052   203.213   -62.60   35.38
 259705.986   189.607   -36.19   19.62
 260081.922   186.684    -7.78   19.65
 260457.861   190.870    11.14   22.10
 260833.801   193.745     7.65   21.75
 261209.743   197.474     9.92   20.56
 261585.688   204.231    17.97   20.63
 261961.634   208.405    11.10   18.38
 262337.582   215.772    19.59   21.82
 262713.532   221.503    15.25   26.32
 263089.484   228.740    19.25   29.17
 263465.438   226.607    -5.67   27.08
 263841.394   222.420   -11.14   23.37
 264217.352   217.280   -13.67   13.46
 264593.312   217.661     1.01   11.70
 264969.274   220.917     8.66   11.41
 265345.238   225.501    12.20   14.94
 265721.204   243.333    47.43   33.96
 266097.172   254.273    29.10   43.66
 266473.142   262.299    21.35   43.36
 266849.114   269.098    18.09   41.90
 267225.088   263.761   -14.20   39.37
 267601.063   255.528   -21.90   32.39
 267977.041   246.972   -22.76   38.15
 268353.021   231.145   -42.10   37.51
 268729.003   212.555   -49.45   19.26
 269104.987   203.812   -23.26    7.00
 269480.973   201.687    -5.65    5.78
 269856.960   198.130    -9.46    6.99
 270232.950   194.799    -8.86    6.95
 270608.942   192.305    -6.63    7.02
 270984.936   189.632    -7.11    6.14
 271360.932   191.000     3.64    6.77
 271736.929   192.366     3.63    6.56
 272112.929   190.934    -3.81    6.48
 272488.931   188.718    -5.89    6.47
 272864.935   187.658    -2.82    5.21
 273240.941   187.393    -0.70    4.60
 273616.949   185.889    -4.00    6.37
 273992.959   184.477    -3.76    7.43
 274368.971   182.274    -5.86    7.85
 274744.984   179.805    -6.57    7.21
