# NaN NaN NaN ;Mean Elev.(m), Avg Gradient(m/km), RMS Gradient(m/km) - SRTM1     
# NaN NaN NaN ;Mean Elev.(m), Avg Gradient(m/km), RMS Gradient(m/km) - ASTER GDEM
#    0.703   0.041   6.420 ;Mean Elev.(m), Avg Gradient(m/km), RMS Gradient(m/km) - GMTED2010 
  8 309.174903  -0.262468     0.760     0.685  7 52497.05802032 21.341
  9 309.170285  -0.265801     2.093     2.093  7 52532.05800638 15.611
 10 309.175889  -0.259559     0.557     0.687  7 52567.05803049 20.295
 11 309.168343  -0.266039     0.834     0.861  6 52602.05803563 17.118
 12 309.170079  -0.265023     2.219     2.214  7 52637.05800330 16.273
 13 309.170865  -0.263141     0.647     0.791  7 52672.05800724 19.207
 14 309.172969  -0.262757     0.762     0.904  7 52707.05800887 21.426
 15 309.168770  -0.266119     2.071     2.046  6 52742.05803981 14.482
 16 309.174958  -0.261014     1.138     1.104  8 52777.05798267 21.139
 17 309.169806  -0.266800     2.337     2.348  7 52812.05806066 15.351
 18 309.171442  -0.264081     0.892     0.844  6 52847.05811581 17.056
 19 309.169818  -0.265462     1.222     1.379  6 52882.05815214 17.997
 20 309.173689  -0.260476     1.983     1.973  7 52917.05810993 21.856
 21 309.176292  -0.258815     0.482     0.631  7 52952.05807137 19.898
 22 309.178803  -0.258037     1.322     1.287  8 52987.05808688 14.471
 23 309.175940  -0.259911     2.021     2.043  7 53022.05807550 17.279
 24 309.177777  -0.258601     0.850     0.866  7 53057.05806732 21.067
 25 309.165757  -0.269104     1.806     1.824  6 53092.05810318 22.044
 26 309.174786  -0.260455     1.591     1.604  7 53127.05807557 18.804
 27 309.167233  -0.267975     1.342     1.353  6 53162.05813801 18.025
 28 309.173262  -0.261542     2.062     2.039  7 53197.05813815 17.415
 29 309.177895  -0.258253     0.596     0.456  8 53232.05811796 20.341
 30 309.171227  -0.264254     1.505     1.481  6 53267.05808604 13.114
 31 309.164887  -0.270199     1.589     1.591  6 53302.05813858 12.909
 32 309.172060  -0.264891     0.822     0.836  7 53337.05810947 17.717
 33 309.173876  -0.260716     1.571     1.598  7 53372.05804577 18.273
 35 309.172591  -0.263442     1.407     1.381  7 53442.05806799 18.366
 36 309.167700  -0.266962     2.122     2.106  6 53477.05813748 14.103
 37 309.171931  -0.264579     0.822     0.875  7 53512.05815067 32.285
 38 309.168003  -0.266740     1.554     1.627  7 53547.05816797 18.336
 39 309.172237  -0.263308     1.729     1.704  6 53582.05813867 14.925
 40 309.169632  -0.265267     0.426     0.463  7 53617.05809383 21.141
 41 309.172925  -0.264184     1.203     1.182  7 53652.05811100 16.048
 42 309.168917  -0.266706     1.488     1.494  7 53687.05811435 13.746
 43 309.174642  -0.261321     0.274     0.445  8 53722.05804077 21.658
 44 309.178541  -0.257444     1.761     1.769  8 53757.05797358 17.132
 45 309.176075  -0.261599     1.315     1.285  7 53792.05799789 16.277
 46 309.176339  -0.260247     1.685     1.760  7 53827.05796281 22.178
 47 309.169461  -0.265608     2.031     1.951  6 53862.05804976 16.649
 48 309.172752  -0.261621     0.774     0.872  7 53897.05807170 18.681
 49 309.163578  -0.269560     1.561     1.587  6 53932.05811989 35.745
 50 309.166997  -0.267651     1.345     1.323  6 53967.05809473 15.275
 51 309.174305  -0.259849     0.903     0.932  7 54002.05806010 18.052
 52 309.174516  -0.260860     1.462     1.481  7 54037.05809858 17.274
 53 309.173934  -0.263613     1.245     1.223  7 54072.05809200 14.771
 54 309.171777  -0.265325     0.215     0.342  7 54107.05804201 21.384
 55 309.171970  -0.263386     1.895     1.862  6 54142.05802696 15.823
 56 309.171641  -0.263604     0.743     0.784  7 54177.05802449 18.428
 57 309.171529  -0.265311     1.654     1.684  7 54212.05803334 21.479
 58 309.172106  -0.265080     1.837     1.824  7 54247.05806323 15.164
 60 309.173796  -0.262037     1.933     1.994  7 54317.05807155 25.902
 61 309.172793  -0.262985     0.940     0.896  6 54352.05803772 15.182
 62 309.173600  -0.263629     1.096     1.070  7 54387.05801065 13.849
 63 309.172091  -0.263635     1.897     1.907  7 54422.05798716 13.847
 64 309.173039  -0.261308     0.944     0.984  7 54457.05798451 16.045
 65 309.173060  -0.261777     1.253     1.183  7 54492.05798981 19.531
 66 309.173955  -0.261079     2.055     2.051  7 54527.05799717 24.430
 67 309.172164  -0.263981     1.307     1.287  7 54562.05799760 16.852
 68 309.171904  -0.262653     1.965     1.883  7 54597.05799331 38.581
 69 309.171562  -0.265261     1.380     1.298  7 54632.05800601 14.276
 70 309.170789  -0.263320     1.062     1.119  7 54667.05801208 16.154
 71 309.173755  -0.263133     1.956     1.920  7 54702.05797944 15.685
 72 309.172349  -0.262934     0.763     0.929  7 54737.05797285 17.915
 73 309.173581  -0.262776     1.047     1.075  7 54772.05795978 15.331
 74 309.171736  -0.264540     1.833     1.871  7 54807.05796563 14.847
 75 309.172608  -0.262322     0.857     0.960  7 54842.05795678 16.043
 76 309.171385  -0.263954     1.665     1.760  7 54877.05796784 19.710
 77 309.170836  -0.263290     1.950     1.975  7 54912.05796098 15.848
 78 309.170839  -0.264808     1.348     1.325  6 54947.05796051 18.436
 79 309.170796  -0.263525     2.560     2.650  7 54982.05798679 21.051
 80 309.172337  -0.262511     0.967     1.078  7 55017.05798627 16.439
 81 309.173211  -0.262626     1.637     1.683  7 55052.05798144 17.409
 82 309.171824  -0.263851     2.028     2.024  7 55087.05794527 15.269
 83 309.173503  -0.261802     0.673     0.828  7 55122.05791617 20.122
 84 309.171269  -0.262724     1.503     1.534  7 55157.05790525 14.646
 85 309.171820  -0.263234     1.996     1.977  7 55192.05790576 15.163
 86 309.171643  -0.263677     1.161     0.974  6 55227.05790634 17.331
 87 309.172875  -0.261537     1.335     1.328  7 55262.05790108 21.425
 89 309.170862  -0.264992     1.464     1.455  7 55332.05788121 15.609
 90 309.172667  -0.262185     2.115     2.146  7 55367.05787370 20.525
 91 309.172775  -0.264435     0.490     0.587  7 55402.05788727 21.766
 92 309.173917  -0.262999     0.662     0.587  7 55437.05789131 23.977
 93 309.172881  -0.262506     0.865     1.216  7 55472.05784146 19.523
