# NaN NaN NaN ;Mean Elev.(m), Avg Gradient(m/km), RMS Gradient(m/km) - SRTM1     
#   70.899  -1.871  10.041 ;Mean Elev.(m), Avg Gradient(m/km), RMS Gradient(m/km) - ASTER GDEM
#   74.841  -2.270   8.088 ;Mean Elev.(m), Avg Gradient(m/km), RMS Gradient(m/km) - GMTED2010 
  7    54.132 52448.61069227 28.58 289.603496  -3.808467 30.685
  7    54.213 52448.61069291 36.04 289.602766  -3.811777 30.685
  7    54.137 52448.61069356 39.31 289.602036  -3.815077 30.685
  7    53.989 52448.61069420 34.42 289.601306  -3.818387 30.685
  8    69.435 52483.61068106 38.19 289.609559  -3.814572 23.776
  8    69.434 52483.61068170 30.64 289.608839  -3.817872 23.776
  8    69.512 52483.61068235 30.89 289.608109  -3.821182 23.776
  8    69.229 52483.61068299 26.99 289.607379  -3.824482 23.776
  9    68.809 52518.61064024 27.83 289.613754  -3.814594 15.839
  9    65.829 52518.61064088 24.78 289.613024  -3.817904 15.839
  9    65.773 52518.61064153 23.84 289.612303  -3.821202 13.776
  9    67.361 52518.61064217 23.60 289.611573  -3.824512 13.776
  9    67.667 52518.61064282 27.33 289.610843  -3.827812 13.776
 10    68.494 52553.61069050 30.95 289.606119  -3.813046 25.708
 10    63.416 52553.61069115 31.51 289.605389  -3.816346 25.708
 10    63.648 52553.61069179 39.35 289.604659  -3.819656 25.708
 11    68.583 52588.61067312 24.07 289.612983  -3.815613 24.930
 11    67.998 52588.61067377 30.62 289.612253  -3.818923 24.930
 11    67.920 52588.61067441 19.06 289.611523  -3.822223 24.930
 11    67.716 52588.61067506 20.22 289.610793  -3.825533 24.930
 12    69.398 52623.61062331 33.98 289.613812  -3.815775 33.976
 12    69.417 52623.61062395 33.55 289.613082  -3.819085 33.976
 12    69.525 52623.61062460 38.36 289.612362  -3.822385 33.976
 12    69.557 52623.61062524 42.92 289.611632  -3.825695 33.976
 13    69.840 52658.61064308 38.91 289.613243  -3.817168 24.410
 13    69.818 52658.61064373 41.38 289.612513  -3.820478 24.410
 13    69.683 52658.61064437 45.29 289.611793  -3.823778 24.410
 13    69.755 52658.61064502 44.98 289.611063  -3.827088 24.410
 15    70.596 52728.61066201 43.62 289.615037  -3.815251 20.471
 15    70.562 52728.61066266 46.58 289.614307  -3.818551 20.471
 15    70.694 52728.61066330 42.65 289.613577  -3.821861 20.471
 15    70.644 52728.61066395 43.42 289.612857  -3.825161 20.471
 16    71.236 52763.61067346 41.50 289.604426  -3.811894 29.574
 16    71.234 52763.61067410 39.66 289.603696  -3.815204 29.574
 16    71.258 52763.61067475 41.02 289.602966  -3.818504 29.574
 17    71.747 52798.61064930 49.45 289.616171  -3.817827 40.204
 17    71.850 52798.61064994 51.56 289.615441  -3.821137 40.204
 17    71.827 52798.61065059 53.40 289.614711  -3.824437 40.204
 17    71.747 52798.61065123 52.43 289.613981  -3.827747 40.204
 18    70.466 52833.61071916 38.40 289.616179  -3.816600 20.775
 18    70.487 52833.61071980 28.83 289.615449  -3.819900 20.775
 18    70.021 52833.61072045 26.35 289.614719  -3.823210 20.775
 18    69.800 52833.61072109 28.75 289.613989  -3.826510 20.775
 19    65.460 52868.61076158 48.34 289.617799  -3.817156 21.145
 19    65.490 52868.61076223 45.13 289.617069  -3.820456 21.145
 19    65.454 52868.61076287 47.14 289.616339  -3.823766 21.145
 19    65.430 52868.61076352 47.94 289.615609  -3.827066 21.145
 20    64.289 52903.61077413 35.13 289.611612  -3.816586 27.608
 20    64.408 52903.61077477 39.24 289.610882  -3.819896 27.608
 20    64.448 52903.61077542 36.95 289.610162  -3.823196 27.608
 20    64.518 52903.61077606 46.89 289.609432  -3.826506 27.608
 22    69.615 52973.61074732 29.07 289.609989  -3.815080 22.604
 22    69.117 52973.61074797 22.20 289.609260  -3.818386 26.260
 22    68.548 52973.61074861 17.55 289.608530  -3.821696 26.260
 22    67.988 52973.61074926 17.48 289.607800  -3.824996 26.260
 23    70.512 53008.61075436 38.99 289.607788  -3.811673 23.841
 23    70.353 53008.61075500 39.26 289.607058  -3.814983 23.841
 23    70.550 53008.61075564 35.24 289.606338  -3.818283 23.841
 23    70.085 53008.61075693 27.12 289.604878  -3.824893 23.841
 24    69.283 53043.61071258 35.53 289.609534  -3.813055 21.774
 24    66.240 53043.61071323 36.34 289.608804  -3.816365 21.774
 24    66.317 53043.61071387 40.79 289.608071  -3.819660 20.307
 24    66.315 53043.61071452 35.89 289.607341  -3.822970 20.307
 24    66.334 53043.61071516 40.36 289.606621  -3.826270 20.307
 25    69.260 53078.61074626 34.32 289.607497  -3.813368 28.433
 25    68.319 53078.61074690 44.07 289.606773  -3.816664 32.500
 25    68.323 53078.61074755 49.00 289.606043  -3.819974 32.500
 25    68.192 53078.61074819 52.81 289.605313  -3.823274 32.500
 26    70.003 53113.61071594 35.67 289.606755  -3.811298 23.158
 26    69.746 53113.61071659 35.07 289.606025  -3.814608 23.158
 26    69.989 53113.61071723 25.84 289.605293  -3.817904 28.916
 27    69.851 53148.61076162 38.56 289.607940  -3.814361 28.526
 27    69.729 53148.61076226 32.36 289.607210  -3.817671 28.526
 27    69.730 53148.61076291 22.46 289.606480  -3.820971 28.526
 27    69.581 53148.61076355 23.74 289.605750  -3.824281 28.526
 28    69.579 53183.61075963 45.32 289.617359  -3.818319 31.331
 28    69.633 53183.61076027 44.78 289.616639  -3.821619 31.331
 28    69.632 53183.61076092 46.59 289.615909  -3.824929 31.331
 28    69.635 53183.61076156 49.06 289.615179  -3.828229 31.331
 29    68.274 53218.61078396 43.72 289.611467  -3.815866 16.056
 29    68.151 53218.61078461 44.41 289.610737  -3.819176 16.056
 29    68.388 53218.61078525 40.29 289.610007  -3.822476 16.056
 29    68.080 53218.61078590 34.89 289.609277  -3.825786 16.056
 30    69.428 53253.61076114 30.60 289.608578  -3.813929 17.350
 30    69.816 53253.61076179 23.66 289.607858  -3.817239 17.350
 30    67.404 53253.61076243 19.82 289.607128  -3.820539 17.350
 30    68.258 53253.61076307 19.14 289.606398  -3.823849 17.350
 31    65.446 53288.61076335 37.45 289.605847  -3.809789 23.441
 31    69.021 53288.61076400 33.70 289.605117  -3.813099 23.441
 31    65.196 53288.61076464 38.86 289.604397  -3.816399 23.441
 31    65.135 53288.61076529 40.65 289.603667  -3.819709 23.441
 32    68.369 53323.61074012 46.71 289.618070  -3.816842 23.696
 32    68.455 53323.61074077 41.65 289.617340  -3.820152 23.696
 32    68.551 53323.61074141 41.44 289.616610  -3.823452 23.696
 32    68.552 53323.61074206 43.44 289.615880  -3.826762 23.696
 33    69.508 53358.61070383 26.22 289.616950  -3.817583 26.888
 33    69.224 53358.61070447 20.67 289.616220  -3.820893 26.888
 33    69.355 53358.61070512 22.17 289.615500  -3.824193 26.888
 33    69.742 53358.61070576 33.03 289.614770  -3.827503 26.888
 34    69.290 53393.61071972 34.95 289.610594  -3.814658 32.272
 34    69.223 53393.61072036 35.04 289.609864  -3.817968 32.272
 34    69.144 53393.61072101 28.97 289.609144  -3.821268 32.272
 34    69.400 53393.61072165 34.80 289.608414  -3.824578 32.272
 35    69.706 53428.61071404 49.32 289.615695  -3.816030 39.708
 35    69.788 53428.61071468 51.78 289.614965  -3.819340 39.708
 35    69.874 53428.61071532 48.11 289.614245  -3.822640 39.708
 35    69.938 53428.61071597 50.48 289.613515  -3.825950 39.708
 36    70.076 53463.61073503 36.85 289.613794  -3.817269 30.660
 36    69.839 53463.61073567 24.59 289.613064  -3.820569 30.660
 36    69.698 53463.61073632 24.35 289.612334  -3.823879 30.660
 36    70.206 53463.61073696 27.77 289.611604  -3.827179 30.660
 37    71.343 53498.61080265 42.25 289.605440  -3.811771 42.543
 37    71.399 53498.61080330 45.28 289.604710  -3.815071 42.543
 37    71.288 53498.61080394 49.78 289.603980  -3.818381 42.543
 38    68.304 53533.61078715 36.30 289.614536  -3.817747 29.288
 38    68.190 53533.61078779 30.18 289.613806  -3.821057 29.288
 38    68.393 53533.61078844 33.18 289.613076  -3.824357 29.288
 38    68.253 53533.61078908 45.68 289.612346  -3.827667 29.288
 39    66.257 53568.61080370 36.94 289.606444  -3.813550 27.712
 39    66.330 53568.61080434 37.10 289.605714  -3.816850 27.712
 39    66.426 53568.61080499 38.86 289.604984  -3.820160 27.712
 40    62.758 53603.61074986 41.04 289.613381  -3.817061 16.963
 40    62.921 53603.61075051 35.52 289.612651  -3.820371 16.963
 40    62.925 53603.61075115 43.90 289.611931  -3.823671 16.963
 40    63.037 53603.61075180 42.53 289.611201  -3.826981 16.963
 41    70.054 53638.61074813 22.50 289.608411  -3.815274 22.185
 41    62.268 53638.61074878 20.93 289.607681  -3.818584 22.185
 41    62.177 53638.61074942 19.70 289.606961  -3.821884 22.185
 41    67.584 53638.61075007 18.80 289.606231  -3.825194 22.185
 42    65.974 53673.61076799 37.94 289.607316  -3.811521 24.260
 42    66.100 53673.61076864 41.62 289.606586  -3.814821 24.260
 42    65.989 53673.61076928 41.66 289.605856  -3.818131 24.260
 42    65.950 53673.61077057 48.94 289.604406  -3.824741 24.260
 43    66.784 53708.61070016 38.90 289.617050  -3.818803 25.362
 43    66.139 53708.61070081 45.80 289.616320  -3.822113 25.362
 43    66.033 53708.61070145 50.93 289.615600  -3.825413 25.362
 44    68.172 53743.61061042 44.51 289.615641  -3.816756 33.426
 44    68.230 53743.61061106 41.65 289.614911  -3.820056 33.426
 44    68.365 53743.61061171 43.33 289.614181  -3.823366 33.426
 44    68.291 53743.61061235 49.26 289.613461  -3.826666 33.426
 45    70.267 53778.61063816 43.51 289.616769  -3.815983 29.333
 45    70.380 53778.61063881 39.99 289.616039  -3.819293 29.333
 45    70.411 53778.61063945 40.65 289.615319  -3.822593 29.333
 45    70.284 53778.61064010 37.72 289.614589  -3.825903 29.333
 46    70.639 53813.61061214 44.64 289.615321  -3.815978 24.658
 46    70.744 53813.61061279 42.56 289.614591  -3.819288 24.658
 46    70.838 53813.61061343 43.34 289.613861  -3.822588 24.658
 46    70.880 53813.61061408 42.52 289.613141  -3.825898 24.658
 47    71.841 53848.61066957 43.53 289.609020  -3.812663 38.559
 47    71.884 53848.61067022 47.09 289.608290  -3.815973 38.559
 47    71.914 53848.61067086 49.79 289.607560  -3.819273 38.559
 47    71.765 53848.61067151 49.46 289.606830  -3.822583 38.559
 47    71.759 53848.61067215 48.65 289.606100  -3.825883 38.559
 49    67.307 53918.61075003 44.98 289.604919  -3.810676 23.958
 49    67.100 53918.61075067 44.21 289.604199  -3.813976 23.958
 49    67.184 53918.61075132 41.36 289.603469  -3.817286 23.958
 50    63.284 53953.61075255 20.55 289.604023  -3.810954 26.270
 50    65.094 53953.61075319 20.44 289.603293  -3.814264 26.270
 50    64.494 53953.61075384 21.08 289.602563  -3.817564 26.270
 52    64.926 54023.61073390 46.21 289.612474  -3.815814 19.092
 52    64.800 54023.61073454 44.18 289.611744  -3.819124 19.092
 52    64.869 54023.61073519 47.60 289.611014  -3.822424 19.092
 52    64.805 54023.61073583 48.24 289.610284  -3.825734 19.092
 53    66.982 54058.61072686 40.99 289.618718  -3.816858 20.509
 53    67.112 54058.61072751 37.06 289.617988  -3.820168 20.509
 53    67.212 54058.61072815 48.35 289.617258  -3.823468 20.509
 53    67.103 54058.61072880 51.13 289.616528  -3.826778 20.509
 54    69.534 54093.61070581 35.67 289.612652  -3.815044 28.059
 54    69.548 54093.61070645 38.77 289.611922  -3.818354 28.059
 54    69.592 54093.61070710 43.82 289.611192  -3.821654 28.059
 54    69.563 54093.61070774 50.00 289.610472  -3.824964 28.059
 55    71.245 54128.61064424 49.62 289.613350  -3.814133 33.122
 55    71.269 54128.61064488 49.64 289.612620  -3.817443 33.122
 55    71.355 54128.61064552 49.69 289.611890  -3.820743 33.122
 55    71.409 54128.61064617 48.07 289.611160  -3.824053 33.122
 55    71.425 54128.61064681 48.45 289.610430  -3.827353 33.122
 56    66.788 54163.61067576 24.51 289.611235  -3.813868 20.388
 56    67.223 54163.61067640 23.69 289.610505  -3.817168 20.388
 56    67.692 54163.61067705 25.15 289.609775  -3.820468 20.388
 56    68.172 54163.61067769 24.18 289.609051  -3.823774 25.143
 56    68.117 54163.61067834 37.42 289.608321  -3.827084 25.143
 57    70.715 54198.61064676 47.39 289.612480  -3.813392 26.083
 57    70.806 54198.61064740 47.89 289.611750  -3.816702 26.083
 57    70.861 54198.61064805 48.27 289.611030  -3.820002 26.083
 57    70.733 54198.61064869 48.23 289.610300  -3.823312 26.083
 57    70.722 54198.61064934 50.19 289.609570  -3.826612 26.083
 58    71.436 54233.61068884 41.84 289.613227  -3.814969 27.672
 58    71.485 54233.61068948 49.53 289.612497  -3.818269 27.672
 58    71.403 54233.61069013 50.74 289.611767  -3.821579 27.672
 58    71.349 54233.61069077 51.46 289.611038  -3.824876 29.640
 58    71.414 54233.61069142 50.84 289.610308  -3.828186 29.640
 59    68.863 54268.61070860 46.77 289.613114  -3.815920 24.714
 59    68.908 54268.61070924 46.91 289.612384  -3.819220 24.714
 59    68.917 54268.61070989 46.77 289.611658  -3.822534 20.411
 59    68.834 54268.61071053 45.86 289.610928  -3.825834 20.411
 60    66.459 54303.61071256 20.23 289.612984  -3.817089 15.873
 60    65.923 54303.61071320 22.93 289.612254  -3.820399 15.873
 60    66.346 54303.61071385 26.83 289.611528  -3.823695 24.512
 60    65.624 54303.61071449 39.25 289.610798  -3.827005 24.512
 61    63.807 54338.61069696 21.42 289.613313  -3.815317 25.094
 61    63.453 54338.61069760 28.73 289.612583  -3.818627 25.094
 61    63.471 54338.61069825 36.68 289.611853  -3.821927 25.094
 61    64.186 54338.61069889 40.16 289.611123  -3.825237 25.094
 62    63.528 54373.61064574 48.85 289.613050  -3.815361 21.087
 62    63.395 54373.61064639 46.50 289.612320  -3.818661 21.087
 62    63.612 54373.61064703 38.12 289.611590  -3.821971 21.087
 62    63.474 54373.61064768 36.02 289.610860  -3.825271 21.087
 63    67.466 54408.61064284 18.66 289.611843  -3.814631 17.927
 63    68.109 54408.61064349 18.32 289.611123  -3.817931 17.927
 63    68.397 54408.61064413 18.79 289.610393  -3.821241 17.927
 63    68.074 54408.61064478 22.53 289.609663  -3.824541 17.927
 64    67.984 54443.61060695 22.62 289.612848  -3.815326 23.973
 64    68.296 54443.61060760 23.37 289.612118  -3.818636 23.973
 64    68.725 54443.61060824 24.98 289.611388  -3.821936 23.973
 64    69.087 54443.61060889 28.67 289.610658  -3.825246 23.973
 65    69.984 54478.61063256 51.95 289.613488  -3.815199 30.727
 65    69.951 54478.61063320 46.66 289.612758  -3.818509 30.727
 65    69.998 54478.61063385 42.07 289.612028  -3.821809 30.727
 65    69.991 54478.61063449 50.04 289.611298  -3.825119 30.727
 66    69.005 54513.61062183 27.37 289.613395  -3.814513 25.646
 66    69.197 54513.61062247 28.02 289.612665  -3.817823 25.646
 66    69.435 54513.61062312 28.22 289.611935  -3.821123 25.646
 66    69.559 54513.61062376 31.60 289.611205  -3.824433 25.646
 66    69.763 54513.61062441 40.34 289.610475  -3.827733 25.646
 67    71.295 54548.61064568 47.48 289.612753  -3.814283 19.536
 67    71.347 54548.61064632 51.46 289.612030  -3.817581 27.883
 67    71.178 54548.61064697 50.19 289.611300  -3.820891 27.883
 67    71.222 54548.61064761 51.18 289.610570  -3.824191 27.883
 67    71.309 54548.61064826 49.32 289.609840  -3.827501 27.883
 68    71.262 54583.61061718 28.77 289.613535  -3.815726 24.912
 68    71.350 54583.61061783 28.80 289.612805  -3.819026 24.912
 68    71.363 54583.61061847 30.46 289.612075  -3.822336 24.912
 68    71.456 54583.61061912 32.61 289.611355  -3.825636 24.912
 69    68.276 54618.61063802 29.75 289.612636  -3.816067 23.939
 69    69.772 54618.61063867 28.74 289.611906  -3.819367 23.939
 69    69.851 54618.61063931 28.89 289.611176  -3.822677 23.939
 69    69.913 54618.61063996 35.21 289.610456  -3.825977 23.939
 70    68.281 54653.61064924 25.86 289.611173  -3.814466 24.718
 70    68.539 54653.61064989 31.53 289.610443  -3.817776 24.718
 70    68.618 54653.61065053 40.86 289.609713  -3.821076 24.718
 70    68.519 54653.61065118 36.80 289.608983  -3.824386 24.718
 71    65.079 54688.61063785 51.59 289.612272  -3.815587 32.706
 71    65.103 54688.61063849 42.89 289.611542  -3.818887 32.706
 71    65.033 54688.61063914 45.89 289.610812  -3.822197 32.706
 71    65.000 54688.61063978 46.36 289.610088  -3.825494 17.095
 72    63.534 54723.61059773 37.79 289.613002  -3.816569 15.612
 72    63.029 54723.61059838 34.32 289.612282  -3.819879 15.612
 72    61.549 54723.61059902 33.35 289.611552  -3.823179 15.612
 72    60.915 54723.61059966 32.56 289.610822  -3.826489 15.612
 73    69.074 54758.61061405 16.54 289.611965  -3.813398 21.710
 73    68.271 54758.61061470 17.71 289.611235  -3.816708 21.710
 73    66.614 54758.61061534 28.54 289.610505  -3.820008 21.710
 73    65.246 54758.61061598 38.41 289.609775  -3.823318 21.710
 73    65.564 54758.61061663 30.75 289.609055  -3.826618 21.710
 74    66.395 54793.61059069 23.62 289.611390  -3.813693 24.479
 74    66.453 54793.61059134 31.41 289.610660  -3.817003 24.479
 74    66.465 54793.61059198 36.41 289.609930  -3.820303 24.479
 74    66.414 54793.61059263 47.75 289.609200  -3.823613 24.479
 74    66.783 54793.61059327 37.12 289.608470  -3.826913 24.479
 75    66.271 54828.61061220 19.84 289.612782  -3.814005 14.438
 75    66.394 54828.61061285 25.29 289.612054  -3.817311 28.294
 75    66.279 54828.61061349 34.81 289.611324  -3.820611 28.294
 75    66.583 54828.61061414 41.76 289.610594  -3.823911 28.294
 75    66.222 54828.61061478 43.36 289.609874  -3.827221 28.294
 76    69.379 54863.61058559 28.90 289.612717  -3.815697 25.531
 76    70.370 54863.61058624 29.00 289.611987  -3.818997 25.531
 76    70.322 54863.61058688 28.01 289.611257  -3.822307 25.531
 76    70.539 54863.61058753 30.54 289.610527  -3.825607 25.531
 77    72.013 54898.61061256 46.08 289.610928  -3.814974 31.891
 77    71.901 54898.61061320 47.35 289.610198  -3.818284 31.891
 77    71.916 54898.61061385 48.03 289.609468  -3.821584 31.891
 77    71.958 54898.61061449 50.04 289.608738  -3.824894 31.891
 78    72.226 54933.61057901 44.21 289.611791  -3.815971 31.394
 78    72.238 54933.61057965 48.49 289.611061  -3.819281 31.394
 78    72.206 54933.61058030 51.10 289.610331  -3.822581 31.394
 78    72.140 54933.61058094 51.75 289.609611  -3.825891 31.394
 79    72.766 54968.61061343 44.67 289.612410  -3.816387 24.689
 79    72.816 54968.61061408 48.52 289.611683  -3.819683 35.822
 79    72.809 54968.61061472 50.53 289.610953  -3.822993 35.822
 79    72.801 54968.61061537 50.80 289.610223  -3.826293 35.822
 80    71.441 55003.61063305 48.97 289.610046  -3.812754 23.637
 80    71.528 55003.61063369 50.53 289.609320  -3.816069 33.317
 80    71.559 55003.61063434 50.60 289.608590  -3.819369 33.317
 80    71.393 55003.61063498 50.11 289.607860  -3.822669 33.317
 80    71.460 55003.61063563 49.34 289.607130  -3.825979 33.317
 81    68.696 55038.61061969 25.87 289.613972  -3.814264 14.086
 81    68.652 55038.61062033 26.36 289.613246  -3.817562 21.226
 81    70.270 55038.61062098 27.45 289.612516  -3.820872 21.226
 81    69.481 55038.61062162 29.32 289.611786  -3.824172 21.226
 81    68.774 55038.61062227 42.98 289.611056  -3.827482 21.226
 82    65.554 55073.61060480 42.73 289.612545  -3.814424 21.209
 82    65.008 55073.61060544 37.66 289.611815  -3.817724 21.209
 82    64.505 55073.61060609 38.80 289.611085  -3.821034 21.209
 82    65.757 55073.61060673 36.41 289.610362  -3.824340 15.844
 82    68.300 55073.61060737 32.76 289.609632  -3.827640 15.844
 83    64.145 55108.61055302 34.35 289.611789  -3.815634 13.166
 83    63.792 55108.61055366 30.46 289.611059  -3.818934 13.166
 83    68.609 55108.61055431 28.97 289.610339  -3.822244 13.166
 83    67.551 55108.61055495 28.63 289.609609  -3.825544 13.166
 84    66.782 55143.61055717 17.36 289.610871  -3.815828 20.506
 84    69.256 55143.61055782 18.09 289.610141  -3.819138 20.506
 84    69.215 55143.61055846 21.92 289.609411  -3.822438 20.506
 84    68.634 55143.61055911 23.93 289.608681  -3.825748 20.506
 85    68.557 55178.61052581 27.00 289.612803  -3.816255 22.117
 85    68.853 55178.61052646 26.46 289.612073  -3.819555 22.117
 85    69.042 55178.61052710 31.51 289.611343  -3.822865 22.117
 85    68.999 55178.61052775 40.58 289.610613  -3.826165 22.117
 86    68.358 55213.61055152 41.65 289.612340  -3.813885 21.736
 86    68.394 55213.61055216 44.26 289.611615  -3.817181 24.819
 86    70.112 55213.61055281 35.63 289.610885  -3.820491 24.819
 86    68.313 55213.61055345 46.97 289.610155  -3.823791 24.819
 86    68.356 55213.61055410 47.96 289.609425  -3.827101 24.819
 87    69.384 55248.61052609 34.15 289.612939  -3.816392 27.057
 87    69.498 55248.61052673 35.54 289.612209  -3.819692 27.057
 87    69.381 55248.61052737 46.53 289.611479  -3.823002 27.057
 87    69.566 55248.61052802 47.22 289.610759  -3.826302 27.057
 88    69.925 55283.61054511 28.16 289.611225  -3.816390 23.299
 88    69.991 55283.61054575 35.45 289.610501  -3.819688 30.944
 88    69.993 55283.61054639 42.17 289.609771  -3.822998 30.944
 88    70.019 55283.61054704 46.15 289.609041  -3.826298 30.944
 89    70.930 55318.61051534 50.50 289.611204  -3.815022 31.699
 89    70.805 55318.61051599 48.41 289.610474  -3.818332 31.699
 89    70.733 55318.61051663 49.18 289.609744  -3.821632 31.699
 89    70.688 55318.61051728 51.36 289.609014  -3.824942 31.699
 90    69.859 55353.61051839 26.13 289.611912  -3.815833 18.969
 90    70.081 55353.61051904 35.91 289.611187  -3.819138 27.305
 90    70.124 55353.61051968 39.85 289.610457  -3.822438 27.305
 90    69.901 55353.61052033 40.73 289.609727  -3.825738 27.305
 91    66.106 55388.61051574 47.43 289.610992  -3.814920 18.559
 91    66.120 55388.61051639 37.03 289.610262  -3.818220 18.559
 91    67.239 55388.61051703 34.00 289.609542  -3.821530 18.559
 91    68.587 55388.61051767 34.31 289.608812  -3.824830 18.559
 92    63.686 55423.61053564 31.84 289.612972  -3.817201 21.569
 92    63.236 55423.61053629 31.33 289.612242  -3.820501 21.569
 92    63.074 55423.61053693 29.31 289.611512  -3.823811 21.569
 92    68.217 55423.61053758 27.79 289.610792  -3.827111 21.569
 93    62.203 55458.61050735 34.80 289.613126  -3.816063 13.706
 93    61.835 55458.61050799 30.68 289.612396  -3.819363 13.706
 93    61.366 55458.61050864 31.09 289.611666  -3.822663 13.706
 93    61.033 55458.61050928 31.40 289.610944  -3.825969 16.551
