# NaN NaN NaN ;Mean Elev.(m), Avg Gradient(m/km), RMS Gradient(m/km) - SRTM1     
#   55.495   0.696   6.455 ;Mean Elev.(m), Avg Gradient(m/km), RMS Gradient(m/km) - ASTER GDEM
#   56.109   1.125   5.815 ;Mean Elev.(m), Avg Gradient(m/km), RMS Gradient(m/km) - GMTED2010 
  8    61.446 52485.11120032 38.15 290.591396  -3.999184 17.007
  8    61.384 52485.11120096 40.53 290.590666  -3.995884 17.007
  8    61.369 52485.11120161 42.23 290.589936  -3.992574 17.007
  8    61.395 52485.11120225 35.71 290.589206  -3.989274 17.007
  8    60.886 52485.11120290 35.22 290.588476  -3.985964 17.007
  8    61.028 52485.11120354 34.97 290.587756  -3.982664 17.007
  8    61.126 52485.11120419 38.28 290.587026  -3.979364 17.007
  8    61.213 52485.11120483 42.64 290.586296  -3.976054 17.007
  8    61.279 52485.11120547 44.35 290.585566  -3.972754 17.007
  8    61.239 52485.11120612 45.41 290.584839  -3.969444 23.039
  8    61.186 52485.11120676 43.84 290.584109  -3.966144 23.039
  9    57.607 52520.11116431 48.61 290.592521  -3.998049 16.629
  9    57.699 52520.11116495 53.83 290.591795  -3.994740 27.341
  9    57.574 52520.11116560 37.02 290.591065  -3.991440 27.341
  9    57.657 52520.11116624 45.64 290.590335  -3.988130 27.341
  9    57.627 52520.11116689 49.98 290.589605  -3.984830 27.341
  9    57.444 52520.11116753 51.64 290.588885  -3.981520 27.341
  9    57.502 52520.11116818 49.78 290.588155  -3.978220 27.341
  9    57.532 52520.11116882 51.91 290.587425  -3.974920 27.341
  9    57.442 52520.11116946 48.57 290.586695  -3.971610 27.341
  9    57.429 52520.11117011 51.34 290.585965  -3.968310 27.341
  9    57.513 52520.11117075 48.22 290.585235  -3.965000 27.341
 10    55.939 52555.11121492 51.74 290.587764  -4.001100 22.440
 10    55.796 52555.11121557 50.66 290.587034  -3.997800 22.440
 10    54.945 52555.11121621 38.81 290.586304  -3.994490 22.440
 10    54.692 52555.11121686 49.01 290.585574  -3.991190 22.440
 10    54.700 52555.11121750 46.57 290.584844  -3.987890 22.440
 10    54.719 52555.11121815 44.72 290.584114  -3.984580 22.440
 10    54.736 52555.11121879 44.27 290.583394  -3.981280 22.440
 10    54.716 52555.11121944 45.38 290.582664  -3.977970 22.440
 10    54.730 52555.11122008 44.53 290.581934  -3.974670 22.440
 11    59.750 52590.11120287 30.70 290.590728  -3.998408 16.871
 11    59.908 52590.11120352 34.98 290.589998  -3.995108 16.871
 11    59.733 52590.11120416 42.23 290.589278  -3.991798 16.871
 11    60.086 52590.11120481 41.02 290.588548  -3.988498 16.871
 11    59.705 52590.11120545 35.70 290.587818  -3.985198 16.871
 11    59.495 52590.11120610 34.24 290.587088  -3.981888 16.871
 11    59.619 52590.11120674 36.05 290.586358  -3.978588 16.871
 11    59.735 52590.11120739 39.09 290.585628  -3.975278 16.871
 11    59.689 52590.11120803 41.01 290.584908  -3.971978 16.871
 11    59.566 52590.11120867 46.62 290.584178  -3.968668 16.871
 12    61.072 52625.11114017 19.42 290.592083  -3.975682 19.525
 12    60.987 52625.11114082 19.66 290.591359  -3.972372 20.431
 12    60.969 52625.11114146 20.44 290.590629  -3.969072 20.431
 12    61.004 52625.11114211 19.14 290.589899  -3.965762 20.431
 12    60.969 52625.11114275 19.30 290.589169  -3.962462 20.431
 12    60.695 52625.11114340 21.28 290.588449  -3.959152 20.431
 12    60.461 52625.11114404 23.36 290.587719  -3.955852 20.431
 13    61.715 52660.11117185 31.53 290.589995  -3.984401  9.913
 13    61.694 52660.11117250 31.06 290.589265  -3.981101  9.913
 13    61.580 52660.11117314 29.94 290.588535  -3.977791  9.913
 13    61.703 52660.11117379 29.34 290.587805  -3.974491  9.913
 13    61.708 52660.11117443 29.02 290.587075  -3.971181  9.913
 13    61.757 52660.11117508 27.99 290.586345  -3.967881  9.913
 13    61.760 52660.11117572 28.02 290.585615  -3.964571  9.913
 14    61.458 52695.11115292 26.05 290.590976  -3.980651 17.228
 14    61.412 52695.11115357 25.15 290.590246  -3.977351 17.228
 14    61.543 52695.11115421 25.97 290.589526  -3.974041 17.228
 14    61.695 52695.11115486 26.11 290.588796  -3.970741 17.228
 14    61.716 52695.11115550 25.40 290.588059  -3.967433 29.464
 14    61.912 52695.11115615 26.42 290.587329  -3.964133 29.464
 14    61.956 52695.11115679 27.37 290.586609  -3.960823 29.464
 15    62.576 52730.11118515 32.48 290.592338  -3.975117 11.638
 15    62.689 52730.11118580 31.35 290.591608  -3.971817 11.638
 15    62.734 52730.11118644 33.45 290.590878  -3.968507 11.638
 15    62.782 52730.11118709 34.51 290.590148  -3.965207 11.638
 15    62.731 52730.11118773 40.16 290.589428  -3.961897 11.638
 15    62.698 52730.11118838 41.22 290.588698  -3.958597 11.638
 15    62.717 52730.11118902 43.81 290.587968  -3.955297 11.638
 17    63.990 52800.11118439 45.55 290.591943  -3.978336 32.510
 17    63.957 52800.11118503 45.52 290.591223  -3.975036 32.510
 17    63.944 52800.11118568 46.69 290.590493  -3.971726 32.510
 17    63.893 52800.11118632 48.02 290.589763  -3.968426 32.510
 17    63.888 52800.11118697 48.26 290.589033  -3.965116 32.510
 17    63.878 52800.11118761 51.76 290.588303  -3.961816 32.510
 17    63.833 52800.11118826 49.79 290.587573  -3.958516 32.510
 17    63.854 52800.11118890 48.30 290.586843  -3.955206 32.510
 18    62.897 52835.11125257 36.86 290.592216  -3.977866 27.302
 18    62.949 52835.11125322 38.24 290.591486  -3.974556 27.302
 18    62.943 52835.11125386 41.78 290.590766  -3.971256 27.302
 18    62.922 52835.11125451 43.14 290.590036  -3.967946 27.302
 18    62.931 52835.11125515 46.37 290.589306  -3.964646 27.302
 18    62.890 52835.11125580 48.88 290.588576  -3.961336 27.302
 18    62.853 52835.11125644 48.76 290.587846  -3.958036 27.302
 18    62.854 52835.11125708 45.89 290.587116  -3.954736 27.302
 19    57.143 52870.11129437 37.42 290.592404  -3.975828 19.005
 19    57.078 52870.11129501 33.09 290.591674  -3.972518 19.005
 19    57.004 52870.11129566 33.46 290.590944  -3.969218 19.005
 19    56.894 52870.11129630 34.41 290.590224  -3.965908 19.005
 19    56.986 52870.11129695 36.26 290.589494  -3.962608 19.005
 19    57.024 52870.11129759 39.82 290.588764  -3.959298 19.005
 19    57.038 52870.11129824 40.20 290.588034  -3.955998 19.005
 19    57.012 52870.11129888 38.57 290.587304  -3.952698 19.005
 20    55.568 52905.11129639 44.63 290.589769  -3.981778 26.721
 20    55.528 52905.11129704 49.83 290.589039  -3.978478 26.721
 20    55.425 52905.11129768 50.64 290.588319  -3.975168 26.721
 20    55.383 52905.11129832 53.08 290.587589  -3.971868 26.721
 20    55.466 52905.11129897 51.05 290.586859  -3.968568 26.721
 20    55.472 52905.11129961 48.73 290.586129  -3.965258 26.721
 20    55.347 52905.11130026 40.49 290.585399  -3.961958 26.721
 21    57.607 52940.11122881 40.17 290.589857  -3.983316 20.485
 21    57.611 52940.11122946 39.72 290.589137  -3.980006 19.124
 21    57.508 52940.11123010 41.42 290.588407  -3.976706 19.124
 21    57.360 52940.11123075 37.69 290.587677  -3.973396 19.124
 21    57.390 52940.11123139 40.73 290.586947  -3.970096 19.124
 21    57.413 52940.11123204 39.39 290.586217  -3.966786 19.124
 21    57.374 52940.11123268 36.85 290.585497  -3.963486 19.124
 22    59.038 52975.11126996 39.62 290.592017  -4.000321 15.748
 22    58.857 52975.11127060 40.65 290.591287  -3.997011 15.748
 22    59.228 52975.11127124 42.94 290.590557  -3.993711 15.748
 22    58.990 52975.11127189 43.58 290.589824  -3.990403 10.701
 22    58.962 52975.11127253 44.04 290.589094  -3.987103 10.701
 22    58.585 52975.11127318 33.85 290.588374  -3.983793 10.701
 22    58.410 52975.11127382 31.17 290.587644  -3.980493 10.701
 22    58.375 52975.11127447 29.66 290.586914  -3.977183 10.701
 22    58.234 52975.11127511 27.74 290.586184  -3.973883 10.701
 22    58.252 52975.11127576 28.18 290.585454  -3.970583 10.701
 22    58.293 52975.11127640 26.44 290.584724  -3.967273 10.701
 23    62.559 53010.11127483 48.71 290.588841  -3.999913 25.847
 23    62.409 53010.11127547 46.19 290.588111  -3.996613 25.847
 23    62.292 53010.11127612 45.45 290.587381  -3.993303 25.847
 23    62.268 53010.11127676 47.18 290.586651  -3.990003 25.847
 23    62.284 53010.11127741 47.01 290.585922  -3.986695 36.758
 23    62.329 53010.11127805 43.27 290.585192  -3.983395 36.758
 23    62.305 53010.11127870 40.90 290.584462  -3.980085 36.758
 23    62.293 53010.11127934 42.13 290.583732  -3.976785 36.758
 23    62.282 53010.11127999 41.34 290.583012  -3.973475 36.758
 24    59.845 53045.11123679 36.66 290.591452  -4.000601 21.732
 24    59.106 53045.11123744 24.90 290.590717  -3.997292 12.607
 24    58.166 53045.11123808 25.16 290.589987  -3.993992 12.607
 24    57.966 53045.11123873 29.06 290.589257  -3.990682 12.607
 24    58.024 53045.11123937 29.37 290.588537  -3.987382 12.607
 24    58.413 53045.11124001 25.98 290.587807  -3.984072 12.607
 24    58.271 53045.11124066 25.07 290.587077  -3.980772 12.607
 24    58.275 53045.11124130 24.31 290.586347  -3.977472 12.607
 24    58.069 53045.11124195 23.22 290.585617  -3.974162 12.607
 24    57.778 53045.11124259 22.73 290.584887  -3.970862 12.607
 24    57.868 53045.11124324 22.37 290.584157  -3.967552 12.607
 25    60.639 53080.11127025 34.70 290.587969  -4.002015 13.785
 25    60.368 53080.11127089 34.83 290.587241  -3.998706 23.504
 25    60.443 53080.11127153 37.29 290.586511  -3.995406 23.504
 25    60.371 53080.11127218 38.17 290.585781  -3.992096 23.504
 25    60.147 53080.11127282 36.75 290.585051  -3.988796 23.504
 25    60.027 53080.11127347 35.79 290.584331  -3.985486 23.504
 25    59.952 53080.11127411 34.09 290.583601  -3.982186 23.504
 25    60.123 53080.11127476 34.22 290.582871  -3.978886 23.504
 25    60.222 53080.11127540 37.51 290.582141  -3.975576 23.504
 26    61.955 53115.11124101 37.75 290.588306  -4.000785 13.086
 26    62.076 53115.11124165 36.02 290.587570  -3.997478 22.254
 26    62.080 53115.11124230 36.91 290.586840  -3.994178 22.254
 26    61.952 53115.11124294 38.32 290.586120  -3.990868 22.254
 26    61.774 53115.11124359 37.64 290.585390  -3.987568 22.254
 26    61.560 53115.11124423 36.90 290.584660  -3.984258 22.254
 26    61.697 53115.11124488 34.59 290.583930  -3.980958 22.254
 26    61.807 53115.11124552 33.89 290.583200  -3.977658 22.254
 26    61.866 53115.11124617 34.92 290.582470  -3.974348 22.254
 27    62.231 53150.11128813 44.95 290.588463  -4.000546 33.060
 27    62.123 53150.11128878 48.48 290.587733  -3.997246 33.060
 27    62.147 53150.11128942 48.12 290.587003  -3.993936 33.060
 27    62.096 53150.11129007 47.96 290.586273  -3.990636 33.060
 27    62.115 53150.11129071 45.26 290.585553  -3.987326 33.060
 27    61.934 53150.11129136 41.40 290.584823  -3.984026 33.060
 27    61.987 53150.11129200 44.40 290.584093  -3.980726 33.060
 27    62.014 53150.11129265 47.51 290.583363  -3.977416 33.060
 27    61.997 53150.11129329 46.98 290.582633  -3.974116 33.060
 28    61.638 53185.11128515 46.19 290.593534  -3.968827 26.345
 28    61.667 53185.11128580 48.11 290.592804  -3.965517 26.345
 28    61.657 53185.11128644 47.51 290.592074  -3.962217 26.345
 28    61.587 53185.11128709 46.61 290.591344  -3.958907 26.345
 28    61.570 53185.11128773 46.71 290.590624  -3.955607 26.345
 28    61.559 53185.11128838 47.87 290.589894  -3.952297 26.345
 28    61.539 53185.11128902 44.86 290.589164  -3.948997 26.345
 29    59.963 53220.11130830 34.00 290.589347  -3.981482 11.100
 29    59.891 53220.11130895 33.02 290.588627  -3.978172 11.100
 29    59.876 53220.11130959 33.10 290.587897  -3.974872 11.100
 29    60.012 53220.11131024 32.17 290.587167  -3.971572 11.100
 29    59.981 53220.11131088 34.79 290.586437  -3.968262 11.100
 29    59.998 53220.11131153 34.42 290.585707  -3.964962 11.100
 29    59.908 53220.11131217 34.01 290.584977  -3.961652 11.100
 30    57.414 53255.11128151 51.27 290.588587  -4.000857 17.997
 30    57.584 53255.11128216 48.42 290.587857  -3.997547 17.997
 30    57.447 53255.11128280 49.99 290.587127  -3.994247 17.997
 30    57.371 53255.11128345 47.36 290.586403  -3.990937 28.535
 30    57.328 53255.11128409 44.91 290.585673  -3.987637 28.535
 30    57.168 53255.11128473 39.79 290.584943  -3.984327 28.535
 30    57.254 53255.11128538 39.19 290.584213  -3.981027 28.535
 30    57.117 53255.11128602 36.74 290.583493  -3.977727 28.535
 30    57.078 53255.11128667 41.27 290.582763  -3.974417 28.535
 31    57.837 53290.11129039 51.24 290.586552  -4.001662 36.203
 31    57.355 53290.11129104 52.13 290.585822  -3.998362 36.203
 31    57.060 53290.11129168 50.92 290.585102  -3.995052 36.203
 31    56.898 53290.11129233 52.39 290.584372  -3.991752 36.203
 31    57.002 53290.11129297 50.68 290.583642  -3.988442 36.203
 31    56.750 53290.11129361 44.99 290.582912  -3.985142 36.203
 31    56.778 53290.11129426 48.88 290.582182  -3.981832 36.203
 31    56.803 53290.11129490 53.26 290.581452  -3.978532 36.203
 32    60.526 53325.11127038 41.75 290.592307  -3.974448 21.320
 32    60.479 53325.11127102 31.21 290.591577  -3.971148 21.320
 32    60.381 53325.11127167 31.60 290.590857  -3.967838 21.320
 32    60.332 53325.11127231 35.03 290.590127  -3.964538 21.320
 32    60.449 53325.11127296 39.83 290.589397  -3.961238 21.320
 32    60.459 53325.11127360 41.38 290.588667  -3.957928 21.320
 32    60.460 53325.11127425 41.79 290.587937  -3.954628 21.320
 33    61.648 53360.11123018 38.45 290.592325  -3.975879 23.155
 33    61.677 53360.11123083 40.72 290.591595  -3.972579 23.155
 33    61.581 53360.11123147 41.64 290.590865  -3.969269 23.155
 33    61.544 53360.11123212 42.05 290.590135  -3.965969 23.155
 33    61.609 53360.11123276 41.01 290.589405  -3.962659 23.155
 33    61.586 53360.11123341 41.40 290.588685  -3.959359 23.155
 33    61.553 53360.11123405 41.63 290.587955  -3.956049 23.155
 33    61.483 53360.11123470 40.23 290.587225  -3.952749 23.155
 34    61.714 53395.11124448 43.44 290.591839  -3.997878 21.058
 34    61.570 53395.11124512 44.85 290.591109  -3.994578 21.058
 34    61.431 53395.11124576 48.67 290.590389  -3.991268 21.058
 34    61.430 53395.11124641 47.21 290.589659  -3.987968 21.058
 34    61.434 53395.11124705 44.54 290.588929  -3.984658 21.058
 34    61.381 53395.11124770 38.97 290.588199  -3.981358 21.058
 34    61.273 53395.11124834 39.84 290.587469  -3.978048 21.058
 34    61.213 53395.11124899 39.76 290.586739  -3.974748 21.058
 34    61.307 53395.11124963 43.38 290.586009  -3.971448 21.058
 34    61.314 53395.11125028 43.98 290.585279  -3.968138 21.058
 34    61.318 53395.11125092 46.65 290.584559  -3.964838 21.058
 35    61.890 53430.11124114 54.08 290.591229  -3.977807 34.677
 35    61.914 53430.11124178 50.79 290.590499  -3.974507 34.677
 35    61.927 53430.11124243 49.90 290.589769  -3.971197 34.677
 35    61.937 53430.11124307 47.68 290.589039  -3.967897 34.677
 35    61.944 53430.11124372 50.52 290.588309  -3.964587 34.677
 35    61.928 53430.11124436 48.12 290.587589  -3.961287 34.677
 35    61.907 53430.11124501 45.04 290.586859  -3.957977 34.677
 36    62.315 53465.11126721 24.38 290.590815  -3.981236 15.317
 36    62.330 53465.11126785 22.02 290.590085  -3.977936 15.317
 36    62.049 53465.11126850 22.27 290.589355  -3.974626 15.317
 36    61.942 53465.11126914 21.65 290.588625  -3.971326 15.317
 36    61.843 53465.11126979 21.68 290.587905  -3.968016 15.317
 36    61.574 53465.11127043 21.78 290.587175  -3.964716 15.317
 36    61.738 53465.11127108 23.45 290.586445  -3.961406 15.317
 37    63.527 53500.11132619 39.78 290.586355  -4.000579 23.919
 37    63.527 53500.11132684 40.14 290.585625  -3.997279 23.919
 37    63.527 53500.11132748 40.21 290.584895  -3.993971 24.713
 37    63.358 53500.11132813 38.94 290.584165  -3.990671 24.713
 37    63.365 53500.11132877 37.84 290.583435  -3.987361 24.713
 37    63.370 53500.11132942 37.14 290.582705  -3.984061 24.713
 37    63.445 53500.11133006 36.03 290.581985  -3.980751 24.713
 37    63.505 53500.11133071 39.38 290.581255  -3.977451 24.713
 38    60.459 53535.11131737 39.49 290.590258  -3.980333 23.351
 38    60.405 53535.11131801 33.17 290.589528  -3.977023 23.351
 38    60.540 53535.11131866 34.75 290.588798  -3.973723 23.351
 38    60.292 53535.11131930 35.05 290.588078  -3.970413 23.351
 38    60.417 53535.11131995 39.32 290.587348  -3.967113 23.351
 38    60.298 53535.11132059 41.39 290.586618  -3.963803 23.351
 38    60.436 53535.11132124 47.20 290.585888  -3.960503 23.351
 39    60.080 53570.11132511 23.16 290.587212  -3.999667 23.016
 39    59.321 53570.11132575 13.91 290.586482  -3.996367 23.016
 39    58.287 53570.11132639 14.64 290.585754  -3.993057 24.722
 39    57.993 53570.11132704 17.59 290.585024  -3.989757 24.722
 39    58.689 53570.11132768 17.05 290.584294  -3.986447 24.722
 39    58.794 53570.11132833 18.30 290.583564  -3.983147 24.722
 39    59.290 53570.11132897 15.70 290.582844  -3.979837 24.722
 39    59.571 53570.11132962 14.54 290.582114  -3.976537 24.722
 40    53.373 53605.11127516 30.52 290.589773  -3.983201 20.593
 40    53.625 53605.11127580 41.39 290.589053  -3.979891 20.593
 40    53.630 53605.11127645 38.10 290.588323  -3.976591 20.593
 40    53.476 53605.11127709 34.58 290.587593  -3.973291 20.593
 40    53.449 53605.11127774 38.05 290.586863  -3.969981 20.593
 40    53.509 53605.11127838 42.47 290.586133  -3.966681 20.593
 40    53.586 53605.11127903 44.05 290.585403  -3.963371 20.593
 41    59.595 53640.11127156 24.17 290.590431  -3.999025 22.812
 41    58.713 53640.11127220 17.98 290.589695  -3.995717 13.635
 41    53.062 53640.11127285 19.16 290.588965  -3.992417 13.635
 41    52.857 53640.11127349 19.87 290.588245  -3.989107 13.635
 41    60.671 53640.11127414 15.57 290.587515  -3.985807 13.635
 41    57.388 53640.11127478 14.89 290.586785  -3.982497 13.635
 41    57.493 53640.11127542 14.77 290.586055  -3.979197 13.635
 41    61.001 53640.11127607 13.83 290.585325  -3.975897 13.635
 41    57.450 53640.11127671 13.71 290.584595  -3.972587 13.635
 41    56.903 53640.11127736 13.25 290.583865  -3.969287 13.635
 42    58.301 53675.11129086 49.51 290.588249  -4.001314 18.729
 42    57.834 53675.11129150 52.84 290.587519  -3.998004 18.729
 42    57.674 53675.11129215 49.19 290.586789  -3.994704 18.729
 42    57.726 53675.11129279 51.47 290.586059  -3.991395 30.091
 42    57.461 53675.11129344 49.47 290.585329  -3.988095 30.091
 42    57.442 53675.11129408 45.88 290.584599  -3.984785 30.091
 42    57.459 53675.11129472 48.19 290.583869  -3.981485 30.091
 42    57.470 53675.11129537 49.72 290.583149  -3.978175 30.091
 42    57.485 53675.11129601 41.60 290.582419  -3.974875 30.091
 43    57.513 53710.11122595 44.90 290.591913  -3.974717 34.348
 43    57.558 53710.11122660 53.87 290.591183  -3.971417 34.348
 43    57.526 53710.11122724 50.86 290.590453  -3.968107 34.348
 43    57.504 53710.11122788 53.50 290.589723  -3.964807 34.348
 43    57.472 53710.11122853 51.94 290.588993  -3.961497 34.348
 43    57.430 53710.11122917 51.58 290.588273  -3.958197 34.348
 43    57.383 53710.11122982 50.99 290.587543  -3.954887 34.348
 45    62.480 53780.11116627 51.62 290.592368  -3.975222 36.193
 45    62.498 53780.11116692 49.06 290.591638  -3.971912 36.193
 45    62.529 53780.11116756 43.98 290.590908  -3.968612 36.193
 45    62.535 53780.11116821 41.55 290.590178  -3.965302 36.193
 45    62.492 53780.11116885 48.77 290.589458  -3.962002 36.193
 45    62.508 53780.11116949 50.22 290.588728  -3.958692 36.193
 45    62.520 53780.11117014 48.31 290.587998  -3.955392 36.193
 45    62.518 53780.11117078 40.59 290.587268  -3.952082 36.193
 46    62.768 53815.11113629 32.57 290.590818  -3.978092 25.333
 46    62.628 53815.11113693 28.45 290.590088  -3.974792 25.333
 46    62.530 53815.11113758 26.70 290.589368  -3.971482 25.751
 46    62.276 53815.11113822 25.12 290.588638  -3.968182 25.751
 46    62.207 53815.11113886 24.86 290.587908  -3.964872 25.751
 46    62.347 53815.11113951 25.52 290.587178  -3.961572 25.751
 46    62.481 53815.11114015 26.21 290.586448  -3.958262 25.751
 47    64.174 53850.11119645 38.23 290.589672  -3.999637 19.397
 47    64.145 53850.11119709 37.22 290.588942  -3.996327 19.397
 47    64.107 53850.11119774 36.55 290.588212  -3.993027 19.397
 47    64.022 53850.11119838 36.13 290.587492  -3.989717 19.397
 47    63.897 53850.11119903 34.81 290.586762  -3.986417 19.397
 47    63.657 53850.11119967 34.34 290.586027  -3.983108 25.961
 47    63.568 53850.11120032 32.93 290.585297  -3.979808 25.961
 47    63.732 53850.11120096 31.90 290.584577  -3.976498 25.961
 47    63.849 53850.11120160 30.38 290.583847  -3.973198 25.961
 47    63.927 53850.11120225 30.03 290.583117  -3.969888 25.961
 49    58.984 53920.11127576 30.39 290.584770  -4.001963 17.174
 49    58.599 53920.11127640 29.71 290.584040  -3.998663 17.174
 49    58.532 53920.11127705 31.90 290.583310  -3.995353 17.174
 49    58.440 53920.11127769 32.08 290.582590  -3.992053 17.174
 49    58.232 53920.11127834 30.96 290.581860  -3.988743 17.174
 49    57.967 53920.11127898 30.35 290.581130  -3.985443 17.174
 49    57.541 53920.11127963 28.21 290.580400  -3.982134 24.725
 50    54.754 53955.11127444 44.66 290.585258  -4.004317 27.699
 50    54.724 53955.11127509 34.80 290.584528  -4.001007 27.699
 50    54.345 53955.11127573 32.37 290.583798  -3.997707 27.699
 50    54.474 53955.11127638 36.18 290.583068  -3.994407 27.699
 50    54.366 53955.11127702 47.66 290.582348  -3.991097 27.699
 50    54.267 53955.11127767 42.68 290.581618  -3.987797 27.699
 50    54.208 53955.11127831 38.12 290.580888  -3.984487 27.699
 51    53.760 53990.11119792 41.52 290.592026  -3.974656 21.487
 51    53.668 53990.11119857 49.63 290.591296  -3.971346 21.487
 51    53.731 53990.11119921 40.95 290.590566  -3.968046 21.487
 51    53.550 53990.11119986 39.12 290.589845  -3.964736 18.684
 51    53.432 53990.11120050 40.22 290.589115  -3.961436 18.684
 51    53.724 53990.11120115 45.43 290.588385  -3.958126 18.684
 51    53.675 53990.11120179 51.42 290.587655  -3.954826 18.684
 52    56.118 54025.11126203 28.39 290.590030  -3.979943 16.187
 52    57.532 54025.11126267 20.72 290.589300  -3.976643 16.187
 52    57.192 54025.11126332 21.19 290.588580  -3.973333 16.187
 52    55.815 54025.11126396 19.89 290.587850  -3.970033 16.187
 52    55.755 54025.11126460 19.85 290.587120  -3.966723 16.187
 52    55.771 54025.11126525 20.77 290.586390  -3.963423 16.187
 52    55.809 54025.11126589 23.66 290.585660  -3.960123 16.187
 53    58.872 54060.11125624 44.05 290.593340  -3.971233 23.543
 53    58.964 54060.11125689 43.71 290.592610  -3.967933 23.543
 53    58.886 54060.11125753 42.94 290.591890  -3.964623 23.543
 53    58.741 54060.11125818 42.92 290.591160  -3.961323 23.543
 53    58.762 54060.11125882 40.09 290.590430  -3.958023 23.543
 53    58.759 54060.11125947 37.70 290.589700  -3.954713 23.543
 53    58.741 54060.11126011 41.03 290.588970  -3.951413 23.543
 53    58.768 54060.11126076 42.48 290.588240  -3.948103 23.543
 54    62.183 54095.11122652 36.96 290.592629  -3.999295 24.146
 54    61.748 54095.11122716 35.75 290.591899  -3.995985 24.146
 54    61.851 54095.11122780 41.25 290.591169  -3.992685 24.146
 54    61.777 54095.11122845 47.18 290.590439  -3.989385 24.146
 54    61.707 54095.11122909 45.80 290.589719  -3.986075 24.146
 54    61.655 54095.11122974 42.83 290.588989  -3.982775 24.146
 54    61.636 54095.11123038 44.87 290.588259  -3.979465 24.146
 54    61.539 54095.11123103 44.00 290.587529  -3.976165 24.146
 54    61.480 54095.11123167 42.74 290.586805  -3.972856 25.606
 54    61.488 54095.11123232 33.30 290.586075  -3.969556 25.606
 54    61.357 54095.11123296 31.49 290.585345  -3.966246 25.606
 55    63.560 54130.11117490 39.89 290.590309  -3.979444 24.716
 55    63.470 54130.11117555 37.49 290.589589  -3.976134 24.716
 55    63.511 54130.11117619 38.49 290.588859  -3.972834 24.716
 55    63.566 54130.11117684 41.67 290.588129  -3.969524 24.716
 55    63.561 54130.11117748 42.45 290.587399  -3.966224 24.716
 55    63.586 54130.11117812 43.51 290.586669  -3.962924 24.716
 55    63.641 54130.11117877 47.75 290.585939  -3.959614 24.716
 57    62.875 54200.11117680 53.69 290.589789  -3.982462 43.543
 57    62.768 54200.11117745 53.99 290.589059  -3.979162 43.543
 57    62.750 54200.11117809 51.34 290.588329  -3.975852 43.543
 57    62.736 54200.11117874 53.51 290.587609  -3.972552 43.543
 57    62.724 54200.11117938 50.86 290.586879  -3.969242 43.543
 57    62.722 54200.11118002 51.45 290.586149  -3.965942 43.543
 57    62.730 54200.11118067 52.44 290.585419  -3.962632 43.543
 58    63.678 54235.11121610 34.92 290.590526  -3.981677 14.188
 58    63.528 54235.11121674 32.98 290.589796  -3.978377 14.188
 58    63.293 54235.11121738 31.42 290.589066  -3.975067 14.188
 58    63.288 54235.11121803 30.95 290.588346  -3.971767 14.188
 58    63.502 54235.11121867 29.55 290.587616  -3.968457 14.188
 58    63.517 54235.11121932 29.86 290.586886  -3.965157 14.188
 58    63.497 54235.11121996 30.19 290.586156  -3.961847 14.188
 59    61.079 54270.11123671 44.97 290.589914  -3.981023 28.702
 59    61.107 54270.11123736 42.73 290.589184  -3.977713 28.702
 59    61.068 54270.11123800 45.12 290.588454  -3.974413 28.702
 59    61.016 54270.11123865 47.44 290.587724  -3.971103 28.702
 59    60.995 54270.11123929 45.92 290.587004  -3.967803 28.702
 59    60.996 54270.11123994 48.84 290.586274  -3.964493 28.702
 59    60.985 54270.11124058 48.31 290.585544  -3.961193 28.702
 60    57.109 54305.11123939 45.01 290.589933  -3.980426 32.390
 60    57.017 54305.11124004 45.80 290.589203  -3.977126 32.390
 60    56.977 54305.11124068 46.63 290.588473  -3.973816 32.390
 60    56.913 54305.11124133 45.79 290.587753  -3.970516 32.390
 60    56.910 54305.11124197 44.26 290.587023  -3.967206 32.390
 60    56.992 54305.11124262 45.72 290.586293  -3.963906 32.390
 60    56.991 54305.11124326 44.58 290.585563  -3.960596 32.390
 61    53.941 54340.11122227 37.81 290.589929  -3.980473 17.651
 61    54.051 54340.11122291 27.05 290.589199  -3.977163 17.651
 61    53.778 54340.11122356 26.82 290.588469  -3.973863 17.651
 61    53.883 54340.11122420 27.25 290.587739  -3.970553 17.651
 61    53.776 54340.11122485 27.76 290.587019  -3.967253 17.651
 61    53.848 54340.11122549 29.81 290.586289  -3.963943 17.651
 61    54.048 54340.11122614 37.02 290.585559  -3.960643 17.651
 62    54.278 54375.11117303 42.71 290.590411  -3.983034 27.151
 62    54.278 54375.11117367 45.97 290.589681  -3.979734 27.151
 62    54.270 54375.11117432 44.47 290.588951  -3.976434 27.151
 62    54.257 54375.11117496 49.08 290.588221  -3.973124 27.151
 62    54.200 54375.11117561 49.51 290.587491  -3.969824 27.151
 62    54.108 54375.11117625 50.78 290.586771  -3.966514 27.151
 62    54.153 54375.11117689 50.92 290.586041  -3.963214 27.151
 63    59.145 54410.11116490 40.11 290.592630  -3.998508 12.465
 63    59.016 54410.11116554 34.38 290.591900  -3.995208 12.465
 63    59.045 54410.11116619 41.21 290.591171  -3.991899 25.892
 63    58.869 54410.11116683 45.42 290.590441  -3.988599 25.892
 63    58.833 54410.11116748 43.62 290.589711  -3.985289 25.892
 63    58.818 54410.11116812 47.10 290.588981  -3.981989 25.892
 63    58.706 54410.11116877 43.55 290.588261  -3.978679 25.892
 63    58.705 54410.11116941 37.98 290.587531  -3.975379 25.892
 63    58.684 54410.11117006 40.96 290.586801  -3.972079 25.892
 63    58.714 54410.11117070 45.39 290.586071  -3.968769 25.892
 63    58.781 54410.11117134 46.26 290.585341  -3.965469 25.892
 64    60.821 54445.11113638 48.52 290.590215  -3.980240 37.617
 64    60.792 54445.11113702 50.82 290.589485  -3.976940 37.617
 64    60.851 54445.11113767 47.99 290.588755  -3.973630 37.617
 64    60.812 54445.11113831 41.85 290.588025  -3.970330 37.617
 64    60.932 54445.11113896 45.54 290.587295  -3.967020 37.617
 64    60.966 54445.11113960 50.31 290.586575  -3.963720 37.617
 64    60.984 54445.11114025 52.30 290.585845  -3.960410 37.617
 65    62.170 54480.11115936 41.29 290.590270  -3.979842 27.833
 65    61.929 54480.11116000 27.87 290.589540  -3.976533 29.775
 65    61.795 54480.11116065 26.03 290.588810  -3.973233 29.775
 65    61.665 54480.11116129 23.95 290.588080  -3.969923 29.775
 65    61.370 54480.11116194 26.73 290.587360  -3.966623 29.775
 65    60.981 54480.11116258 25.29 290.586630  -3.963313 29.775
 65    61.290 54480.11116323 24.74 290.585900  -3.960013 29.775
 66    62.019 54515.11115112 47.36 290.590424  -3.978348 36.335
 66    62.047 54515.11115177 47.52 290.589694  -3.975038 36.335
 66    62.018 54515.11115241 46.77 290.588964  -3.971738 36.335
 66    61.985 54515.11115306 46.04 290.588244  -3.968428 36.335
 66    61.991 54515.11115370 47.40 290.587514  -3.965128 36.335
 66    61.948 54515.11115435 49.08 290.586784  -3.961818 36.335
 66    61.950 54515.11115499 51.31 290.586054  -3.958518 36.335
 67    63.799 54550.11116910 54.65 290.592556  -3.997499 42.079
 67    63.752 54550.11116974 47.87 290.591826  -3.994189 42.079
 67    63.650 54550.11117039 48.74 290.591096  -3.990889 42.079
 67    63.571 54550.11117103 50.10 290.590376  -3.987579 42.079
 67    63.459 54550.11117168 50.87 290.589646  -3.984279 42.079
 67    63.484 54550.11117232 52.21 290.588916  -3.980979 42.079
 67    63.486 54550.11117297 52.75 290.588186  -3.977669 42.079
 67    63.484 54550.11117361 50.90 290.587456  -3.974369 42.079
 67    63.493 54550.11117426 49.17 290.586726  -3.971059 42.079
 67    63.480 54550.11117490 48.32 290.586006  -3.967759 42.079
 67    63.509 54550.11117555 49.81 290.585276  -3.964449 42.079
 68    63.925 54585.11114651 36.37 290.590437  -3.982502 17.885
 68    63.822 54585.11114716 34.59 290.589707  -3.979202 17.885
 68    63.631 54585.11114780 35.55 290.588977  -3.975892 17.885
 68    63.468 54585.11114845 34.03 290.588257  -3.972592 17.885
 68    63.451 54585.11114909 31.72 290.587527  -3.969282 17.885
 68    63.692 54585.11114974 30.42 290.586797  -3.965982 17.885
 68    63.759 54585.11115038 34.40 290.586067  -3.962672 17.885
 69    62.188 54620.11116613 46.29 290.589493  -3.982246 26.138
 69    62.009 54620.11116678 40.82 290.588763  -3.978946 26.138
 69    61.989 54620.11116742 37.83 290.588033  -3.975636 26.138
 69    62.093 54620.11116806 38.63 290.587313  -3.972336 26.138
 69    62.073 54620.11116871 40.90 290.586583  -3.969026 26.138
 69    62.090 54620.11116935 42.26 290.585853  -3.965726 26.138
 69    62.070 54620.11117000 46.17 290.585123  -3.962416 26.138
 70    60.708 54655.11117315 49.62 290.591932  -3.999607 22.573
 70    60.699 54655.11117379 47.52 290.591202  -3.996297 22.573
 70    60.657 54655.11117444 49.71 290.590472  -3.992997 22.573
 70    60.753 54655.11117508 49.28 290.589752  -3.989687 22.573
 70    60.674 54655.11117573 48.63 290.589022  -3.986387 22.573
 70    60.557 54655.11117637 46.69 290.588292  -3.983087 22.573
 70    60.519 54655.11117702 41.40 290.587562  -3.979777 22.573
 70    60.397 54655.11117766 38.26 290.586832  -3.976477 22.573
 70    60.437 54655.11117831 37.69 290.586102  -3.973167 22.573
 70    60.464 54655.11117895 40.50 290.585382  -3.969867 22.573
 70    60.422 54655.11117960 42.57 290.584652  -3.966557 22.573
 71    60.170 54690.11115979 34.48 290.592694  -3.998629 20.756
 71    59.328 54690.11116044 20.70 290.591964  -3.995329 20.756
 71    56.472 54690.11116108 22.73 290.591234  -3.992019 20.756
 71    56.587 54690.11116172 29.74 290.590504  -3.988719 20.756
 71    56.412 54690.11116237 33.94 290.589784  -3.985409 20.756
 71    56.466 54690.11116301 42.16 290.589054  -3.982109 20.756
 71    56.517 54690.11116366 43.52 290.588324  -3.978809 20.756
 71    56.346 54690.11116430 42.49 290.587594  -3.975499 20.756
 71    56.094 54690.11116495 31.17 290.586864  -3.972199 20.756
 71    55.773 54690.11116559 25.74 290.586134  -3.968889 20.756
 71    55.595 54690.11116624 20.95 290.585414  -3.965589 20.756
 72    54.684 54725.11112725 48.79 290.590591  -3.980328 15.930
 72    54.585 54725.11112790 46.44 290.589861  -3.977018 15.930
 72    54.561 54725.11112854 39.23 290.589141  -3.973718 15.930
 72    54.044 54725.11112919 25.28 290.588411  -3.970408 15.930
 72    53.904 54725.11112983 24.50 290.587681  -3.967108 15.930
 72    53.953 54725.11113047 21.76 290.586951  -3.963798 15.930
 72    54.118 54725.11113112 22.08 290.586221  -3.960498 15.930
 73    57.032 54760.11113577 46.78 290.592548  -3.999880 25.932
 73    57.577 54760.11113642 46.39 290.591818  -3.996580 25.932
 73    57.239 54760.11113706 41.30 290.591088  -3.993270 25.932
 73    56.944 54760.11113771 44.79 290.590358  -3.989970 25.932
 73    57.008 54760.11113835 41.68 290.589638  -3.986670 25.932
 73    56.730 54760.11113899 45.48 290.588908  -3.983360 25.932
 73    56.782 54760.11113964 50.60 290.588178  -3.980060 25.932
 73    56.621 54760.11114028 52.84 290.587448  -3.976750 25.932
 73    56.656 54760.11114093 45.70 290.586718  -3.973450 25.932
 73    56.696 54760.11114157 45.03 290.585988  -3.970140 25.932
 73    56.677 54760.11114222 46.71 290.585268  -3.966840 25.932
 73    56.692 54760.11114286 46.50 290.584538  -3.963530 25.932
 74    58.241 54795.11111826 42.59 290.590660  -3.988040 36.251
 74    58.180 54795.11111890 41.64 290.589930  -3.984740 36.251
 74    58.000 54795.11111955 43.08 290.589200  -3.981430 36.251
 74    58.149 54795.11112019 49.07 290.588470  -3.978130 36.251
 74    58.060 54795.11112084 51.92 290.587740  -3.974820 36.251
 74    57.977 54795.11112148 46.13 290.587020  -3.971520 36.251
 74    57.914 54795.11112212 47.81 290.586290  -3.968210 36.251
 74    58.095 54795.11112277 49.83 290.585560  -3.964910 36.251
 75    58.402 54830.11113913 47.83 290.589379  -3.981865 26.948
 75    58.287 54830.11113978 46.79 290.588649  -3.978555 26.948
 75    58.186 54830.11114042 47.17 290.587919  -3.975255 26.948
 75    58.183 54830.11114107 39.91 290.587189  -3.971945 26.948
 75    58.175 54830.11114171 38.63 290.586469  -3.968645 26.948
 75    58.154 54830.11114236 39.86 290.585739  -3.965335 26.948
 75    58.178 54830.11114300 43.37 290.585009  -3.962035 26.948
 76    62.529 54865.11111496 31.53 290.590422  -3.981031 12.334
 76    62.446 54865.11111560 31.21 290.589692  -3.977721 12.334
 76    62.449 54865.11111625 31.20 290.588962  -3.974421 12.334
 76    62.412 54865.11111689 29.58 290.588242  -3.971111 12.334
 76    62.340 54865.11111754 29.66 290.587512  -3.967811 12.334
 76    62.228 54865.11111818 31.43 290.586782  -3.964501 12.334
 76    62.364 54865.11111883 29.17 290.586052  -3.961201 12.334
 77    64.504 54900.11113439 51.94 290.591734  -4.000180 31.210
 77    64.497 54900.11113504 45.65 290.591004  -3.996880 31.210
 77    64.530 54900.11113568 48.05 290.590274  -3.993570 31.210
 77    64.523 54900.11113633 49.17 290.589544  -3.990270 31.210
 77    64.429 54900.11113697 47.75 290.588824  -3.986960 31.210
 77    64.331 54900.11113762 47.36 290.588094  -3.983660 31.210
 77    64.321 54900.11113826 47.65 290.587364  -3.980360 31.210
 77    64.326 54900.11113891 46.12 290.586634  -3.977050 31.210
 77    64.377 54900.11113955 48.61 290.585904  -3.973750 31.210
 77    64.333 54900.11114019 49.02 290.585174  -3.970440 31.210
 77    64.309 54900.11114084 49.41 290.584454  -3.967140 31.210
 78    64.361 54935.11110663 49.61 290.589940  -3.982226 35.942
 78    64.309 54935.11110727 48.39 290.589210  -3.978916 35.942
 78    64.288 54935.11110791 46.89 290.588480  -3.975616 35.942
 78    64.421 54935.11110856 47.44 290.587750  -3.972306 35.942
 78    64.425 54935.11110920 46.84 290.587030  -3.969006 35.942
 78    64.415 54935.11110985 47.50 290.586300  -3.965696 35.942
 78    64.438 54935.11111049 46.93 290.585570  -3.962396 35.942
 79    64.948 54970.11114023 49.57 290.590034  -3.982810 35.258
 79    64.962 54970.11114087 48.75 290.589304  -3.979500 35.258
 79    64.957 54970.11114151 48.38 290.588574  -3.976200 35.258
 79    64.958 54970.11114216 46.11 290.587844  -3.972890 35.258
 79    65.039 54970.11114280 48.56 290.587124  -3.969590 35.258
 79    65.008 54970.11114345 45.56 290.586394  -3.966280 35.258
 79    64.867 54970.11114409 38.54 290.585664  -3.962980 35.258
 80    64.000 55005.11115637 35.57 290.590781  -3.999482 23.533
 80    63.594 55005.11115701 23.23 290.590051  -3.996172 23.533
 80    63.329 55005.11115766 23.86 290.589321  -3.992872 23.533
 80    63.481 55005.11115830 24.14 290.588601  -3.989562 23.533
 80    63.457 55005.11115895 24.68 290.587871  -3.986262 23.533
 80    63.369 55005.11115959 24.83 290.587141  -3.982962 23.533
 80    63.153 55005.11116023 26.29 290.586411  -3.979652 23.533
 80    63.203 55005.11116088 26.48 290.585681  -3.976352 23.533
 80    63.337 55005.11116152 26.52 290.584951  -3.973042 23.533
 80    63.476 55005.11116217 27.65 290.584231  -3.969742 23.533
 81    60.880 55040.11114707 49.77 290.590551  -3.982101 34.280
 81    60.809 55040.11114772 50.18 290.589821  -3.978791 34.280
 81    60.800 55040.11114836 48.54 290.589091  -3.975491 34.280
 81    60.771 55040.11114901 46.43 290.588361  -3.972181 34.280
 81    60.769 55040.11114965 48.84 290.587641  -3.968881 34.280
 81    60.764 55040.11115029 47.96 290.586911  -3.965571 34.280
 81    60.752 55040.11115094 50.12 290.586181  -3.962271 34.280
 82    57.263 55075.11112688 50.90 290.592693  -3.999207 30.769
 82    57.403 55075.11112753 55.37 290.591963  -3.995907 30.769
 82    57.223 55075.11112817 50.97 290.591233  -3.992597 30.769
 82    57.107 55075.11112882 48.90 290.590503  -3.989297 30.769
 82    56.976 55075.11112946 40.30 290.589783  -3.985987 30.769
 82    56.728 55075.11113011 38.20 290.589053  -3.982687 30.769
 82    56.649 55075.11113075 35.81 290.588323  -3.979387 30.769
 82    56.925 55075.11113140 47.72 290.587593  -3.976077 30.769
 82    56.912 55075.11113204 49.19 290.586863  -3.972777 30.769
 82    56.837 55075.11113268 49.97 290.586133  -3.969467 30.769
 82    56.783 55075.11113333 51.53 290.585413  -3.966167 30.769
 82    56.764 55075.11113397 50.59 290.584683  -3.962857 30.769
 83    55.754 55110.11107944 35.83 290.590299  -3.983658 15.741
 83    55.507 55110.11108008 33.12 290.589569  -3.980348 15.741
 83    55.616 55110.11108072 31.56 290.588839  -3.977048 15.741
 83    55.739 55110.11108137 31.62 290.588109  -3.973738 15.741
 83    55.608 55110.11108201 32.14 290.587389  -3.970438 15.741
 83    55.589 55110.11108266 31.45 290.586659  -3.967128 15.741
 83    55.627 55110.11108330 34.85 290.585929  -3.963828 15.741
 84    56.316 55145.11107887 50.99 290.591915  -3.999999 19.550
 84    56.422 55145.11107951 43.58 290.591185  -3.996699 19.550
 84    56.160 55145.11108016 24.92 290.590455  -3.993389 19.550
 84    56.268 55145.11108080 31.91 290.589725  -3.990089 19.550
 84    56.398 55145.11108145 34.10 290.589005  -3.986779 19.550
 84    56.187 55145.11108209 29.55 290.588275  -3.983479 19.550
 84    55.877 55145.11108274 31.36 290.587545  -3.980179 19.550
 84    55.996 55145.11108338 31.02 290.586815  -3.976869 19.550
 84    55.989 55145.11108403 41.28 290.586085  -3.973569 19.550
 84    55.974 55145.11108467 36.99 290.585355  -3.970259 19.550
 84    55.933 55145.11108531 35.83 290.584635  -3.966959 19.550
 85    61.018 55180.11105585 47.73 290.590286  -3.980263 29.172
 85    60.992 55180.11105649 45.87 290.589556  -3.976953 29.172
 85    60.863 55180.11105714 47.93 290.588836  -3.973653 29.172
 85    60.883 55180.11105778 43.94 290.588106  -3.970343 29.172
 85    60.736 55180.11105843 37.01 290.587376  -3.967043 29.172
 85    60.929 55180.11105907 41.32 290.586646  -3.963733 29.172
 85    60.983 55180.11105972 47.47 290.585916  -3.960433 29.172
 86    61.371 55215.11107447 50.77 290.592390  -3.996855 22.723
 86    61.383 55215.11107511 47.23 290.591660  -3.993555 22.723
 86    61.179 55215.11107576 52.15 290.590930  -3.990245 22.723
 86    61.195 55215.11107640 51.17 290.590200  -3.986945 22.723
 86    61.179 55215.11107705 49.51 290.589471  -3.983635 23.496
 86    61.131 55215.11107769 49.83 290.588741  -3.980335 23.496
 86    61.067 55215.11107834 50.54 290.588011  -3.977025 23.496
 86    61.042 55215.11107898 48.76 290.587291  -3.973725 23.496
 86    61.045 55215.11107963 49.29 290.586561  -3.970415 23.496
 86    60.944 55215.11108027 39.46 290.585831  -3.967115 23.496
 86    60.946 55215.11108092 39.39 290.585101  -3.963805 23.496
 87    61.600 55250.11105286 31.13 290.591151  -3.979368  9.377
 87    61.567 55250.11105351 28.88 290.590421  -3.976068  9.377
 87    61.487 55250.11105415 28.38 290.589701  -3.972758  9.377
 87    61.281 55250.11105480 27.98 290.588971  -3.969458  9.377
 87    61.297 55250.11105544 27.48 290.588241  -3.966148  9.377
 87    61.429 55250.11105609 27.15 290.587511  -3.962848  9.377
 87    61.421 55250.11105673 28.14 290.586781  -3.959548  9.377
 88    62.901 55285.11106735 42.69 290.591956  -3.999576 15.478
 88    62.484 55285.11106799 33.28 290.591230  -3.996269 16.798
 88    62.066 55285.11106864 36.33 290.590500  -3.992969 16.798
 88    62.245 55285.11106928 39.43 290.589770  -3.989659 16.798
 88    62.313 55285.11106993 42.09 290.589040  -3.986359 16.798
 88    62.237 55285.11107057 42.32 290.588320  -3.983049 16.798
 88    62.197 55285.11107122 40.87 290.587590  -3.979749 16.798
 88    62.029 55285.11107186 36.75 290.586860  -3.976449 16.798
 88    61.949 55285.11107251 34.14 290.586130  -3.973139 16.798
 88    62.039 55285.11107315 34.87 290.585400  -3.969839 16.798
 88    62.036 55285.11107380 38.49 290.584670  -3.966529 16.798
 89    63.432 55320.11104108 50.85 290.591202  -3.997653 29.731
 89    63.269 55320.11104173 41.59 290.590472  -3.994353 29.731
 89    63.322 55320.11104237 46.03 290.589752  -3.991043 29.731
 89    63.383 55320.11104302 49.06 290.589022  -3.987743 29.731
 89    63.254 55320.11104366 49.81 290.588292  -3.984443 29.731
 89    63.159 55320.11104431 49.00 290.587562  -3.981133 29.731
 89    63.124 55320.11104495 47.29 290.586832  -3.977833 29.731
 89    63.126 55320.11104560 43.17 290.586102  -3.974523 29.731
 89    63.125 55320.11104624 45.43 290.585382  -3.971223 29.731
 89    63.128 55320.11104689 44.14 290.584652  -3.967913 29.731
 90    62.365 55355.11104153 49.27 290.592567  -3.999584 40.949
 90    62.578 55355.11104217 52.38 290.591837  -3.996274 40.949
 90    62.321 55355.11104282 51.83 290.591117  -3.992974 40.949
 90    62.285 55355.11104346 51.91 290.590387  -3.989664 40.949
 90    62.270 55355.11104411 52.34 290.589657  -3.986364 40.949
 90    62.267 55355.11104475 51.86 290.588927  -3.983064 40.949
 90    62.269 55355.11104540 52.30 290.588197  -3.979754 40.949
 90    62.279 55355.11104604 49.91 290.587467  -3.976454 40.949
 90    62.279 55355.11104669 49.58 290.586737  -3.973144 40.949
 90    62.268 55355.11104733 52.54 290.586017  -3.969844 40.949
 90    62.228 55355.11104797 51.50 290.585287  -3.966534 40.949
 90    62.227 55355.11104862 50.24 290.584557  -3.963234 40.949
 91    57.736 55390.11104115 51.82 290.592357  -3.997991 26.743
 91    57.889 55390.11104179 48.20 290.591627  -3.994691 26.743
 91    57.823 55390.11104244 50.49 290.590897  -3.991381 26.743
 91    57.706 55390.11104308 50.23 290.590167  -3.988081 26.743
 91    57.702 55390.11104373 49.40 290.589437  -3.984781 26.743
 91    57.632 55390.11104437 46.13 290.588707  -3.981471 26.743
 91    57.625 55390.11104501 38.82 290.587977  -3.978171 26.743
 91    57.373 55390.11104566 34.89 290.587247  -3.974861 26.743
 91    57.360 55390.11104630 35.15 290.586527  -3.971561 26.743
 91    57.278 55390.11104695 35.19 290.585797  -3.968251 26.743
 91    57.392 55390.11104759 40.10 290.585067  -3.964951 26.743
 92    55.259 55425.11106211 35.08 290.589908  -3.980804 21.518
 92    55.264 55425.11106276 35.75 290.589178  -3.977494 21.518
 92    55.181 55425.11106340 35.31 290.588448  -3.974194 21.518
 92    55.290 55425.11106405 37.23 290.587718  -3.970884 21.518
 92    55.144 55425.11106469 33.92 290.586998  -3.967584 21.518
 92    55.300 55425.11106534 35.76 290.586268  -3.964274 21.518
 92    55.365 55425.11106598 41.96 290.585538  -3.960974 21.518
 93    52.847 55460.11103123 28.06 290.589998  -3.980840 12.615
 93    52.906 55460.11103187 26.88 290.589268  -3.977540 12.615
 93    59.226 55460.11103252 25.72 290.588538  -3.974230 12.615
 93    52.686 55460.11103316 26.00 290.587808  -3.970930 12.615
 93    52.609 55460.11103381 24.29 290.587078  -3.967620 12.615
 93    52.665 55460.11103445 23.22 290.586358  -3.964320 12.615
 93    52.659 55460.11103510 23.83 290.585628  -3.961010 12.615
