# NaN NaN NaN ;Mean Elev.(m), Avg Gradient(m/km), RMS Gradient(m/km) - SRTM1     
#   18.037  -2.914  12.054 ;Mean Elev.(m), Avg Gradient(m/km), RMS Gradient(m/km) - ASTER GDEM
#   18.474   0.380   5.306 ;Mean Elev.(m), Avg Gradient(m/km), RMS Gradient(m/km) - GMTED2010 
  7 297.754660  -3.905662    28.956    28.958  3 52470.09126388 50.227
  8 297.755483  -3.905746    27.359    27.269  3 52505.09124740 38.213
  9 297.760856  -3.904087    24.075    24.079  3 52540.09123025 50.446
 11 297.756738  -3.904590    22.058    22.064  3 52610.09123595 51.734
 12 297.757115  -3.905099    23.772    23.729  3 52645.09122602 51.260
 13 297.762396  -3.902469    23.631    23.641  3 52680.09120280 40.638
 15 297.747172  -3.909196    26.674    26.674  2 52750.09127579 51.984
 16 297.755602  -3.904278    28.197    28.116  3 52785.09121940 34.197
 17 297.755946  -3.905067    28.938    28.894  3 52820.09129447 49.842
 18 297.758934  -3.902922    28.300    28.313  3 52855.09134305 38.084
 20 297.755578  -3.905577    19.583    19.583  2 52925.09132891 47.314
 21 297.763921  -3.903242    20.095    20.119  3 52960.09129627 52.599
 22 297.757201  -3.903371    20.370    20.512  3 52995.09133045 40.678
 23 297.757773  -3.905729    23.515    23.513  3 53030.09129374 32.840
 24 297.761743  -3.904144    21.735    21.722  3 53065.09130120 49.065
 25 297.752433  -3.905822    25.047    25.050  3 53100.09130743 48.561
 28 297.755434  -3.904599    26.826    26.821  3 53205.09137065 52.617
 29 297.761328  -3.902562    25.338    25.375  3 53240.09133862 47.602
 31 297.753389  -3.905171    20.543    20.551  3 53310.09135287 49.242
 32 297.757381  -3.904176    21.850    21.850  3 53345.09131898 53.461
 34 297.762413  -3.902831    23.325    23.281  4 53415.09129631 51.275
 35 297.759121  -3.905096    25.933    25.953  3 53450.09128951 38.175
 36 297.750415  -3.907816    27.404    27.404  2 53485.09137454 46.433
 37 297.758889  -3.904989    28.088    27.982  3 53520.09137111 30.819
 38 297.750434  -3.906634    27.756    27.756  2 53555.09139412 48.787
 39 297.763134  -3.903498    23.865    23.884  3 53590.09133738 52.229
 40 297.751601  -3.907171    17.207    17.170  3 53625.09131784 49.643
 41 297.755421  -3.905558    14.337    14.311  3 53660.09134434 45.303
 42 297.756830  -3.906292    20.538    19.360  3 53695.09131809 31.613
 43 297.760186  -3.903749    20.028    20.008  4 53730.09124140 50.802
 45 297.761010  -3.903957    25.936    26.010  4 53800.09121269 37.487
 46 297.758302  -3.902779    27.142    27.137  3 53835.09121476 49.967
 47 297.756346  -3.904583    28.256    28.226  3 53870.09127473 48.916
 48 297.755352  -3.906687    28.218    28.147  3 53905.09130958 38.860
 49 297.747872  -3.908208    26.360    26.360  2 53940.09134223 49.936
 50 297.754731  -3.906642    21.736    21.724  3 53975.09130035 51.186
 51 297.759488  -3.905613    17.274    17.272  3 54010.09129726 49.259
 52 297.763046  -3.902516    17.492    17.494  4 54045.09131518 42.299
 53 297.757015  -3.903805    21.273    21.290  3 54080.09130798 50.644
 54 297.756924  -3.904136    23.755    23.758  3 54115.09124312 27.113
 56 297.757337  -3.904807    24.656    24.616  3 54185.09123383 27.350
 57 297.756355  -3.904821    26.956    26.903  3 54220.09126523 51.179
 58 297.756604  -3.903957    28.300    28.352  3 54255.09128985 48.149
 59 297.758819  -3.902855    28.067    28.061  3 54290.09129232 50.189
 60 297.759387  -3.905217    25.933    25.936  3 54325.09128912 52.205
 61 297.757718  -3.903130    19.153    19.184  3 54360.09124330 50.406
 62 297.758912  -3.905328    17.334    17.400  3 54395.09122913 41.359
 63 297.759193  -3.905063    20.283    20.265  3 54430.09119276 52.103
 64 297.759029  -3.903310    22.239    22.386  3 54465.09120934 36.091
 65 297.758550  -3.903300    24.981    25.012  3 54500.09120483 30.800
 66 297.758982  -3.903482    26.090    26.048  3 54535.09122373 46.981
 67 297.758445  -3.905278    27.218    27.100  3 54570.09120765 34.503
 68 297.757107  -3.904447    28.254    28.266  3 54605.09121851 49.101
 69 297.756921  -3.905165    28.254    28.329  3 54640.09122795 34.654
 70 297.756177  -3.904158    26.766    26.733  3 54675.09123051 28.289
 71 297.759605  -3.905390    22.924    22.924  3 54710.09118708 32.669
 72 297.757092  -3.903472    19.316    19.312  3 54745.09119789 49.816
 73 297.759311  -3.905163    21.267    20.712  3 54780.09117046 18.319
 74 297.758246  -3.905471    22.209    21.788  3 54815.09119034 21.820
 75 297.757825  -3.903378    23.160    23.119  3 54850.09117012 48.663
 76 297.756451  -3.903619    26.279    26.278  3 54885.09119452 41.313
 77 297.755399  -3.904789    27.615    27.723  3 54920.09117100 29.492
 78 297.756632  -3.904993    28.932    29.038  3 54955.09118996 30.705
 79 297.754891  -3.905235    29.950    29.954  3 54990.09121365 47.992
 80 297.758762  -3.905001    29.917    29.901  3 55025.09120450 50.689
 81 297.757862  -3.904833    28.424    28.376  3 55060.09119896 52.668
 82 297.756919  -3.904956    23.463    23.434  3 55095.09115087 31.844
 83 297.757571  -3.904757    18.530    18.555  3 55130.09114045 48.349
 84 297.758531  -3.903988    16.255    16.288  3 55165.09111231 51.645
 85 297.756902  -3.904174    21.820    21.820  3 55200.09113273 35.189
 86 297.757354  -3.906008    23.110    23.102  3 55235.09111769 48.037
 87 297.757904  -3.905080    24.233    24.109  3 55270.09112648 26.223
 88 297.758303  -3.903371    26.183    26.178  3 55305.09109934 35.963
 89 297.758038  -3.905478    27.788    27.905  3 55340.09109891 38.391
 90 297.758561  -3.905513    28.041    28.036  3 55375.09109049 43.565
 91 297.758774  -3.903575    25.671    25.719  3 55410.09111297 48.407
 92 297.758227  -3.904760    18.402    18.398  3 55445.09110749 47.387
 93 297.758957  -3.905548    15.305    15.445  3 55480.09104208 37.000
