# NaN NaN NaN ;Mean Elev.(m), Avg Gradient(m/km), RMS Gradient(m/km) - SRTM1     
#    9.566  -0.777   6.554 ;Mean Elev.(m), Avg Gradient(m/km), RMS Gradient(m/km) - ASTER GDEM
#    1.445  -0.520   5.772 ;Mean Elev.(m), Avg Gradient(m/km), RMS Gradient(m/km) - GMTED2010 
  8     4.362 52498.56032468 18.21 308.072155  -1.567489 12.796
  8     4.196 52498.56032533 17.09 308.071425  -1.570799 12.796
  8     3.844 52498.56032597 18.74 308.070695  -1.574099 12.796
  8     3.721 52498.56032662 20.72 308.069975  -1.577409 12.796
  8     3.995 52498.56032726 19.30 308.069245  -1.580709 12.796
  8     4.200 52498.56032790 22.14 308.068515  -1.584019 12.796
 10     2.700 52568.56033937 12.29 308.072326  -1.567552 13.143
 10     2.705 52568.56034002 12.15 308.071606  -1.570862 13.143
 10     2.740 52568.56034066 12.19 308.070876  -1.574162 13.143
 10     2.369 52568.56034131 19.27 308.070146  -1.577472 13.143
 10     2.626 52568.56034195 21.49 308.069426  -1.580772 13.143
 10     2.783 52568.56034260 21.76 308.068696  -1.584082 13.143
 11     2.819 52603.56033160 12.93 308.066811  -1.571193 19.229
 11     2.844 52603.56033224 12.61 308.066081  -1.574493 19.229
 11     2.913 52603.56033289 12.94 308.065351  -1.577803 19.229
 11     2.731 52603.56033353 14.63 308.064631  -1.581103 19.229
 11     2.907 52603.56033418 17.37 308.063901  -1.584413 19.229
 11     2.996 52603.56033482 24.26 308.063171  -1.587713 19.229
 12     2.109 52638.56030775 13.74 308.067031  -1.571743  9.595
 12     2.201 52638.56030840 13.94 308.066301  -1.575043  9.595
 12     2.274 52638.56030904 13.58 308.065581  -1.578353  9.595
 12     2.175 52638.56030969 16.61 308.064851  -1.581653  9.595
 12     2.279 52638.56031033 21.80 308.064121  -1.584963  9.595
 12     2.480 52638.56031098 25.06 308.063401  -1.588263  9.595
 13     3.801 52673.56030594 13.72 308.069354  -1.569624 12.001
 13     3.547 52673.56030659 14.63 308.068634  -1.572934 12.001
 13     3.473 52673.56030723 13.96 308.067904  -1.576234 12.001
 13     3.449 52673.56030788 16.42 308.067174  -1.579544 12.001
 13     3.531 52673.56030852 20.97 308.066454  -1.582844 12.001
 13     3.655 52673.56030917 22.45 308.065724  -1.586154 12.001
 14     3.388 52708.56031603 15.87 308.069899  -1.568659 13.561
 14     3.402 52708.56031667 12.87 308.069169  -1.571959 13.561
 14     3.122 52708.56031732 14.73 308.068439  -1.575269 13.561
 14     3.212 52708.56031796 14.02 308.067719  -1.578569 13.561
 14     3.282 52708.56031861 16.97 308.066989  -1.581879 13.561
 14     3.276 52708.56031925 21.79 308.066259  -1.585179 13.561
 15     3.736 52743.56034745 16.58 308.062896  -1.575935 16.502
 15     3.703 52743.56034810 16.80 308.062176  -1.579235 16.502
 15     3.597 52743.56034874 17.60 308.061446  -1.582545 16.502
 15     3.731 52743.56034939 20.71 308.060716  -1.585855 16.502
 15     3.960 52743.56035003 23.95 308.059996  -1.589155 16.502
 17     3.429 52813.56036634 14.73 308.066211  -1.571978 12.490
 17     3.267 52813.56036698 15.22 308.065491  -1.575288 12.490
 17     3.191 52813.56036763 14.89 308.064761  -1.578588 12.490
 17     3.028 52813.56036827 16.81 308.064031  -1.581898 12.490
 17     3.168 52813.56036892 21.27 308.063311  -1.585198 12.490
 17     3.412 52813.56036956 22.93 308.062581  -1.588508 12.490
 18     3.198 52848.56041937 25.60 308.069242  -1.570000  8.836
 18     2.892 52848.56042001 27.75 308.068512  -1.573310  8.836
 18     3.108 52848.56042066 26.23 308.067782  -1.576610  8.836
 18     3.249 52848.56042130 26.53 308.067062  -1.579920  8.836
 18     3.521 52848.56042195 26.47 308.066332  -1.583220  8.836
 18     3.603 52848.56042259 25.78 308.065602  -1.586530  8.836
 19     3.806 52883.56045619 15.15 308.065796  -1.574298 15.619
 19     3.664 52883.56045683 15.95 308.065066  -1.577598 15.619
 19     3.587 52883.56045748 17.48 308.064346  -1.580908 15.619
 19     3.678 52883.56045812 18.73 308.063616  -1.584208 15.619
 19     3.709 52883.56045877 24.73 308.062886  -1.587518 15.619
 20     2.567 52918.56041180 11.55 308.071284  -1.569439 13.663
 20     2.437 52918.56041245 12.79 308.070564  -1.572739 13.663
 20     2.355 52918.56041309 14.67 308.069834  -1.576049 13.663
 20     2.363 52918.56041374 15.02 308.069104  -1.579349 13.663
 20     2.480 52918.56041438 18.49 308.068384  -1.582659 13.663
 20     2.519 52918.56041503 24.10 308.067654  -1.585959 13.663
 21     2.745 52953.56037353 13.86 308.076003  -1.564904 11.174
 21     2.650 52953.56037418 14.11 308.075283  -1.568214 11.174
 21     2.656 52953.56037482 14.02 308.074553  -1.571514 11.174
 21     2.706 52953.56037547 13.80 308.073823  -1.574824 11.174
 21     2.734 52953.56037611 15.81 308.073093  -1.578124 11.174
 21     2.714 52953.56037675 23.88 308.072373  -1.581434 11.174
 21     2.900 52953.56037740 34.84 308.071643  -1.584734 11.174
 22     2.675 52988.56038226 14.73 308.080324  -1.564784 13.998
 22     2.747 52988.56038290 16.58 308.079594  -1.568084 13.998
 22     2.823 52988.56038355 22.17 308.078864  -1.571394 13.998
 22     2.893 52988.56038419 18.41 308.078144  -1.574694 13.998
 23     2.448 53023.56036934 12.16 308.077456  -1.564709 11.789
 23     2.426 53023.56036998 12.59 308.076726  -1.568009 11.789
 23     2.441 53023.56037063 11.53 308.076006  -1.571319 11.789
 23     2.519 53023.56037127 12.02 308.075276  -1.574619 11.789
 23     2.618 53023.56037192 14.44 308.074546  -1.577929 11.789
 23     2.635 53023.56037256 21.92 308.073826  -1.581229 11.789
 24     4.282 53058.56036487 22.29 308.078895  -1.564977 10.699
 24     3.906 53058.56036551 21.87 308.078165  -1.568287 10.699
 24     3.908 53058.56036616 20.89 308.077435  -1.571587 10.699
 24     4.198 53058.56036680 21.06 308.076715  -1.574897 10.699
 24     4.281 53058.56036745 22.98 308.075985  -1.578197 10.699
 24     4.359 53058.56036809 23.27 308.075255  -1.581507 10.699
 25     3.173 53093.56040521 16.49 308.061255  -1.576758 10.046
 25     3.129 53093.56040585 16.99 308.060525  -1.580068 10.046
 25     3.133 53093.56040650 17.21 308.059805  -1.583368 10.046
 25     3.244 53093.56040714 17.34 308.059075  -1.586678 10.046
 25     3.249 53093.56040779 21.44 308.058345  -1.589978 10.046
 26     4.158 53128.56037364 16.73 308.075645  -1.565195 16.736
 26     3.962 53128.56037428 16.83 308.074915  -1.568495 16.736
 26     3.685 53128.56037493 17.30 308.074198  -1.571803 26.130
 26     3.694 53128.56037557 17.24 308.073468  -1.575103 26.130
 26     3.816 53128.56037622 18.54 308.072738  -1.578413 26.130
 26     4.136 53128.56037686 20.44 308.072018  -1.581723 26.130
 26     4.224 53128.56037751 31.11 308.071288  -1.585023 26.130
 28     2.999 53198.56044187 12.92 308.070774  -1.568789 11.585
 28     2.927 53198.56044252 12.30 308.070054  -1.572089 11.585
 28     2.838 53198.56044316 13.95 308.069324  -1.575399 11.585
 28     2.834 53198.56044381 16.27 308.068594  -1.578699 11.585
 28     2.927 53198.56044445 17.02 308.067874  -1.582009 11.585
 28     3.032 53198.56044510 21.95 308.067144  -1.585309 11.585
 29     3.599 53233.56041326 13.84 308.079662  -1.563729 11.511
 29     3.462 53233.56041391 14.61 308.078932  -1.567039 11.511
 29     3.412 53233.56041455 17.11 308.078202  -1.570339 11.511
 29     3.278 53233.56041520 17.94 308.077482  -1.573649 11.511
 29     3.426 53233.56041584 21.53 308.076752  -1.576949 11.511
 29     3.598 53233.56041649 22.05 308.076032  -1.580259 11.511
 30     3.518 53268.56038252 13.58 308.069288  -1.571018 15.987
 30     3.328 53268.56038317 13.92 308.068558  -1.574328 15.987
 30     3.294 53268.56038381 14.58 308.067838  -1.577628 15.987
 30     3.297 53268.56038446 15.80 308.067108  -1.580938 15.987
 30     3.387 53268.56038510 20.54 308.066378  -1.584238 15.987
 30     3.613 53268.56038574 24.98 308.065658  -1.587548 15.987
 31     1.992 53303.56044312 15.61 308.059729  -1.579087 19.000
 31     2.209 53303.56044376 16.95 308.059009  -1.582387 19.000
 31     2.323 53303.56044441 18.92 308.058279  -1.585697 19.000
 31     2.404 53303.56044505 22.02 308.057549  -1.588997 19.000
 32     2.613 53338.56041061 13.43 308.069158  -1.570725 16.130
 32     2.340 53338.56041126 15.61 308.068438  -1.574035 16.130
 32     2.628 53338.56041190 14.60 308.067708  -1.577335 16.130
 32     2.635 53338.56041255 16.27 308.066978  -1.580645 16.130
 32     2.756 53338.56041319 19.66 308.066258  -1.583945 16.130
 32     2.817 53338.56041384 23.58 308.065528  -1.587255 16.130
 33     2.174 53373.56034300 12.08 308.073136  -1.567518 13.841
 33     2.307 53373.56034365 11.58 308.072416  -1.570828 13.841
 33     2.337 53373.56034429 12.14 308.071686  -1.574128 13.841
 33     2.302 53373.56034493 13.83 308.070966  -1.577438 13.841
 33     2.291 53373.56034558 19.58 308.070236  -1.580738 13.841
 33     2.625 53373.56034622 24.72 308.069506  -1.584048 13.841
 34     4.416 53408.56038317 12.63 308.073233  -1.566684 11.333
 34     2.910 53408.56038381 12.56 308.072503  -1.569984 11.333
 34     2.905 53408.56038446 13.58 308.071783  -1.573294 11.333
 34     2.865 53408.56038510 14.12 308.071053  -1.576594 11.333
 34     2.965 53408.56038575 16.86 308.070323  -1.579904 11.333
 34     2.976 53408.56038639 20.45 308.069603  -1.583204 11.333
 35     4.346 53443.56036774 22.06 308.070724  -1.568622 10.128
 35     4.006 53443.56036838 22.17 308.069994  -1.571922 10.128
 35     3.947 53443.56036903 22.99 308.069274  -1.575232 10.128
 35     3.699 53443.56036967 25.55 308.068544  -1.578532 10.128
 35     3.912 53443.56037032 25.75 308.067814  -1.581842 10.128
 35     4.364 53443.56037096 23.62 308.067094  -1.585142 10.128
 36     3.796 53478.56044416 15.57 308.063166  -1.574204 16.747
 36     3.681 53478.56044481 14.97 308.062436  -1.577514 16.747
 36     3.423 53478.56044545 16.98 308.061706  -1.580814 16.747
 36     3.437 53478.56044610 18.77 308.060986  -1.584124 16.747
 36     3.765 53478.56044674 20.32 308.060256  -1.587434 16.747
 37     3.986 53513.56045243 17.95 308.069621  -1.570435 12.312
 37     3.851 53513.56045307 17.38 308.068901  -1.573745 12.312
 37     3.741 53513.56045372 17.49 308.068171  -1.577045 12.312
 37     3.791 53513.56045436 19.81 308.067441  -1.580355 12.312
 37     3.951 53513.56045501 24.13 308.066721  -1.583655 12.312
 37     4.173 53513.56045565 27.54 308.065991  -1.586965 12.312
 38     3.621 53548.56047240 22.05 308.063536  -1.576137 10.938
 38     3.640 53548.56047305 21.98 308.062816  -1.579437 10.938
 38     3.697 53548.56047369 21.57 308.062086  -1.582747 10.938
 38     3.748 53548.56047434 21.73 308.061356  -1.586047 10.938
 38     3.920 53548.56047498 22.67 308.060636  -1.589357 10.938
 39     2.922 53583.56043688 12.40 308.070813  -1.570420 12.210
 39     2.896 53583.56043752 12.82 308.070083  -1.573720 12.210
 39     2.801 53583.56043817 13.89 308.069363  -1.577030 12.210
 39     2.919 53583.56043881 15.03 308.068633  -1.580330 12.210
 39     2.945 53583.56043946 20.41 308.067903  -1.583640 12.210
 39     3.177 53583.56044010 28.64 308.067183  -1.586940 12.210
 40     3.062 53618.56039334 11.78 308.066813  -1.572135 13.715
 40     3.056 53618.56039398 12.03 308.066083  -1.575445 13.715
 40     2.917 53618.56039463 13.38 308.065363  -1.578745 13.715
 40     2.831 53618.56039527 16.52 308.064633  -1.582055 13.715
 40     3.015 53618.56039592 20.41 308.063913  -1.585355 13.715
 40     3.183 53618.56039656 22.51 308.063183  -1.588665 13.715
 41     2.468 53653.56041571 23.53 308.069410  -1.570359 14.101
 41     2.453 53653.56041635 15.83 308.068680  -1.573659 14.101
 41     2.061 53653.56041700 15.45 308.067950  -1.576969 14.101
 41     2.033 53653.56041764 16.80 308.067230  -1.580269 14.101
 41     2.066 53653.56041829 22.12 308.066500  -1.583579 14.101
 41     2.328 53653.56041893 23.89 308.065770  -1.586879 14.101
 42    -2.870 53688.56041482 13.63 308.066171  -1.572129 17.898
 42    -3.043 53688.56041547 14.19 308.065451  -1.575439 17.898
 42    -3.081 53688.56041611 16.07 308.064721  -1.578739 17.898
 42    -2.745 53688.56041676 16.41 308.063991  -1.582049 17.898
 42    -2.733 53688.56041740 21.16 308.063271  -1.585349 17.898
 42    -2.508 53688.56041804 23.90 308.062541  -1.588659 17.898
 43     3.015 53723.56033839 14.45 308.073493  -1.566721 16.229
 43     3.009 53723.56033904 14.70 308.072773  -1.570031 16.229
 43     3.043 53723.56033968 14.49 308.072043  -1.573331 16.229
 43     3.009 53723.56034033 15.15 308.071323  -1.576641 16.229
 43     3.046 53723.56034097 20.94 308.070593  -1.579941 16.229
 43     3.116 53723.56034162 24.72 308.069863  -1.583251 16.229
 44     2.383 53758.56027605 15.03 308.078716  -1.563738 12.569
 44     2.371 53758.56027670 18.63 308.077986  -1.567038 12.569
 44     2.492 53758.56027734 17.50 308.077266  -1.570348 12.569
 44     2.544 53758.56027799 17.29 308.076536  -1.573648 12.569
 44     2.786 53758.56027863 16.09 308.075806  -1.576958 12.569
 44     3.243 53758.56027928 16.48 308.075086  -1.580258 12.569
 44     2.811 53758.56027992 34.90 308.074356  -1.583568 12.569
 45     4.112 53793.56029828 47.13 308.074546  -1.567600 23.851
 45     4.111 53793.56029892 46.72 308.073816  -1.570900 23.851
 45     4.163 53793.56029957 49.30 308.073096  -1.574210 23.851
 45     4.126 53793.56030021 50.72 308.072366  -1.577510 23.851
 45     4.113 53793.56030086 51.64 308.071636  -1.580820 23.851
 45     4.129 53793.56030150 50.75 308.070916  -1.584120 23.851
 46     4.513 53828.56026919 19.18 308.074851  -1.566203 16.260
 46     4.186 53828.56026983 19.34 308.074131  -1.569513 16.260
 46     4.056 53828.56027048 20.62 308.073401  -1.572813 16.260
 46     4.119 53828.56027112 20.51 308.072671  -1.576123 16.260
 46     4.297 53828.56027177 22.73 308.071951  -1.579423 16.260
 46     4.501 53828.56027241 23.95 308.071221  -1.582733 16.260
 47     4.168 53863.56035321 50.94 308.066541  -1.571802 28.639
 47     4.188 53863.56035386 53.94 308.065821  -1.575102 28.639
 47     4.243 53863.56035450 54.13 308.065091  -1.578412 28.639
 47     4.312 53863.56035515 50.47 308.064361  -1.581712 28.639
 47     4.324 53863.56035579 52.25 308.063641  -1.585022 28.639
 47     4.329 53863.56035644 49.16 308.062911  -1.588322 28.639
 48     4.521 53898.56037617 35.67 308.070494  -1.568628 20.450
 48     4.542 53898.56037682 29.85 308.069764  -1.571928 20.450
 48     4.399 53898.56037746 32.85 308.069034  -1.575238 20.450
 48     4.502 53898.56037811 35.38 308.068314  -1.578538 20.450
 48     4.520 53898.56037875 42.26 308.067584  -1.581848 20.450
 48     4.594 53898.56037939 44.49 308.066854  -1.585148 20.450
 49     3.597 53933.56042439 15.00 308.058052  -1.579471 16.591
 49     3.366 53933.56042503 16.02 308.057332  -1.582781 16.591
 49     3.371 53933.56042568 17.35 308.056602  -1.586081 16.591
 49     3.439 53933.56042632 19.77 308.055872  -1.589391 16.591
 50     3.124 53968.56039548 13.34 308.063578  -1.573926 20.189
 50     3.078 53968.56039612 13.22 308.062848  -1.577226 20.189
 50     2.997 53968.56039677 14.48 308.062128  -1.580536 20.189
 50     2.812 53968.56039741 16.12 308.061398  -1.583836 20.189
 50     2.965 53968.56039806 18.26 308.060678  -1.587146 20.189
 51     3.149 54003.56036374 11.96 308.073253  -1.567323 15.075
 51     3.182 54003.56036438 12.25 308.072533  -1.570633 15.075
 51     2.925 54003.56036503 14.36 308.071803  -1.573933 15.075
 51     3.007 54003.56036567 15.84 308.071073  -1.577243 15.075
 51     3.042 54003.56036632 19.96 308.070343  -1.580543 15.075
 51     3.313 54003.56036696 22.58 308.069623  -1.583853 15.075
 52     1.694 54038.56039887 13.14 308.073708  -1.566516 20.040
 52     1.651 54038.56039952 12.82 308.072978  -1.569826 20.040
 52     1.646 54038.56040016 12.51 308.072248  -1.573126 20.040
 52     1.574 54038.56040080 15.73 308.071528  -1.576436 20.040
 52     1.591 54038.56040145 22.15 308.070798  -1.579746 20.040
 52     1.743 54038.56040209 25.43 308.070068  -1.583046 20.040
 53     2.238 54073.56039402 11.66 308.071306  -1.569685 18.430
 53     2.348 54073.56039467 12.59 308.070576  -1.572995 18.430
 53     2.258 54073.56039531 13.92 308.069856  -1.576295 18.430
 53     2.275 54073.56039596 16.38 308.069126  -1.579605 18.430
 53     2.404 54073.56039660 18.18 308.068396  -1.582905 18.430
 53     2.488 54073.56039725 26.54 308.067676  -1.586215 18.430
 54     3.348 54108.56034071 14.49 308.069266  -1.569793 21.201
 54     3.184 54108.56034135 15.57 308.068546  -1.573103 21.201
 54     3.052 54108.56034200 17.64 308.067816  -1.576403 21.201
 54     3.330 54108.56034264 15.50 308.067096  -1.579713 21.201
 54     3.447 54108.56034328 19.37 308.066366  -1.583023 21.201
 54     3.516 54108.56034393 22.24 308.065636  -1.586323 21.201
 55     2.664 54143.56033026 11.86 308.069926  -1.569289 14.597
 55     2.615 54143.56033091 11.79 308.069206  -1.572589 14.597
 55     2.579 54143.56033155 12.13 308.068476  -1.575899 14.597
 55     2.541 54143.56033220 14.42 308.067746  -1.579199 14.597
 55     2.597 54143.56033284 20.16 308.067026  -1.582509 14.597
 55     2.629 54143.56033349 22.10 308.066296  -1.585809 14.597
 56     4.160 54178.56032499 19.00 308.069163  -1.570696 12.396
 56     4.029 54178.56032563 18.53 308.068443  -1.574006 12.396
 56     3.753 54178.56032627 19.67 308.067713  -1.577306 12.396
 56     3.796 54178.56032692 19.74 308.066983  -1.580616 12.396
 56     4.155 54178.56032756 22.09 308.066263  -1.583916 12.396
 56     4.225 54178.56032821 23.08 308.065533  -1.587226 12.396
 58     3.937 54248.56036555 22.66 308.069763  -1.568896 12.712
 58     3.836 54248.56036619 19.39 308.069033  -1.572206 12.712
 58     3.753 54248.56036684 17.27 308.068303  -1.575506 12.712
 58     3.576 54248.56036748 17.19 308.067583  -1.578816 12.712
 58     3.585 54248.56036813 21.04 308.066853  -1.582116 12.712
 58     3.801 54248.56036877 24.48 308.066123  -1.585426 12.712
 59     3.813 54283.56037479 31.72 308.070733  -1.570404  7.677
 59     3.871 54283.56037544 29.28 308.070003  -1.573714  7.677
 59     3.743 54283.56037608 28.39 308.069273  -1.577014  7.677
 59     3.807 54283.56037672 27.47 308.068553  -1.580324  7.677
 59     3.972 54283.56037737 27.06 308.067823  -1.583624  7.677
 59     4.163 54283.56037801 28.71 308.067093  -1.586934  7.677
 60     3.366 54318.56037209 17.46 308.072017  -1.568982 10.083
 60     3.207 54318.56037273 16.57 308.071287  -1.572282 10.083
 60     3.119 54318.56037337 16.92 308.070567  -1.575592 10.083
 60     3.081 54318.56037402 18.25 308.069837  -1.578892 10.083
 60     3.211 54318.56037466 19.48 308.069107  -1.582202 10.083
 60     3.261 54318.56037531 28.78 308.068387  -1.585502 10.083
 61     2.952 54353.56033626 13.09 308.071440  -1.568556 11.141
 61     2.958 54353.56033691 12.93 308.070720  -1.571866 11.141
 61     2.908 54353.56033755 14.86 308.069990  -1.575166 11.141
 61     2.936 54353.56033820 16.14 308.069270  -1.578476 11.141
 61     3.074 54353.56033884 19.17 308.068540  -1.581776 11.141
 61     3.186 54353.56033949 24.10 308.067810  -1.585086 11.141
 62     2.941 54388.56031257 11.87 308.071051  -1.570502 11.829
 62     2.922 54388.56031321 11.55 308.070321  -1.573812 11.829
 62     2.898 54388.56031386 12.62 308.069591  -1.577112 11.829
 62     2.927 54388.56031450 16.17 308.068871  -1.580422 11.829
 62     3.091 54388.56031515 19.96 308.068141  -1.583722 11.829
 62     3.271 54388.56031579 23.94 308.067411  -1.587032 11.829
 63     1.574 54423.56028677 14.84 308.070035  -1.570127 17.531
 63     1.562 54423.56028741 14.04 308.069315  -1.573427 17.531
 63     1.413 54423.56028806 18.16 308.068585  -1.576737 17.531
 63     1.582 54423.56028870 17.43 308.067855  -1.580037 17.531
 63     1.729 54423.56028935 23.41 308.067135  -1.583347 17.531
 63     1.928 54423.56028999 24.56 308.066405  -1.586647 17.531
 64     2.809 54458.56028691 12.97 308.071366  -1.568757  3.786
 64     2.823 54458.56028756 13.58 308.070636  -1.572067  3.786
 64     2.823 54458.56028820 14.04 308.069906  -1.575367  3.786
 64     2.841 54458.56028885 14.64 308.069176  -1.578677  3.786
 64     2.889 54458.56028949 17.95 308.068449  -1.581984 22.632
 64     2.937 54458.56029014 22.92 308.067729  -1.585294 22.632
 65     3.551 54493.56029066 14.48 308.071161  -1.570146 11.812
 65     3.372 54493.56029130 15.71 308.070431  -1.573456 11.812
 65     3.353 54493.56029195 16.69 308.069711  -1.576756 11.812
 65     3.394 54493.56029259 16.01 308.068981  -1.580066 11.812
 65     3.436 54493.56029323 22.68 308.068251  -1.583366 11.812
 65     3.713 54493.56029388 28.44 308.067531  -1.586676 11.812
 66     3.267 54528.56029953 23.19 308.072541  -1.568310 12.897
 66     3.154 54528.56030017 22.90 308.071821  -1.571620 12.897
 66     3.194 54528.56030082 22.17 308.071091  -1.574920 12.897
 66     3.456 54528.56030146 25.74 308.070361  -1.578230 12.897
 66     3.293 54528.56030211 24.34 308.069641  -1.581530 12.897
 66     3.364 54528.56030275 28.20 308.068911  -1.584840 12.897
 67     4.592 54563.56029769 20.10 308.069951  -1.570919 22.414
 67     4.368 54563.56029834 19.89 308.069231  -1.574229 22.414
 67     4.176 54563.56029898 20.84 308.068501  -1.577529 22.414
 67     4.343 54563.56029963 21.03 308.067774  -1.580839 30.331
 67     4.576 54563.56030027 23.25 308.067044  -1.584139 30.331
 67     4.690 54563.56030092 27.75 308.066324  -1.587449 30.331
 68     3.616 54598.56029500 24.39 308.070400  -1.568815 21.380
 68     3.491 54598.56029565 24.43 308.069670  -1.572115 21.380
 68     3.590 54598.56029629 23.84 308.068950  -1.575425 21.380
 68     3.749 54598.56029694 23.07 308.068220  -1.578725 21.380
 68     3.958 54598.56029758 24.44 308.067490  -1.582035 21.380
 68     4.032 54598.56029823 25.04 308.066770  -1.585335 21.380
 69     4.150 54633.56030853 44.07 308.068833  -1.569803 31.154
 69     4.162 54633.56030917 43.90 308.068113  -1.573113 31.154
 69     4.137 54633.56030982 43.69 308.067383  -1.576413 31.154
 69     4.158 54633.56031046 44.73 308.066653  -1.579723 31.154
 69     4.161 54633.56031111 45.96 308.065933  -1.583023 31.154
 69     4.167 54633.56031175 46.61 308.065203  -1.586333 31.154
 70     4.326 54668.56031334 27.17 308.069021  -1.569813 17.636
 70     4.235 54668.56031399 21.75 308.068291  -1.573113 17.636
 70     4.000 54668.56031463 19.92 308.067571  -1.576423 17.636
 70     4.000 54668.56031528 19.90 308.066841  -1.579723 17.636
 70     4.210 54668.56031592 26.08 308.066111  -1.583033 17.636
 70     4.172 54668.56031657 25.27 308.065391  -1.586343 17.636
 71     2.889 54703.56027760 13.25 308.072374  -1.567482 12.937
 71     2.868 54703.56027825 12.44 308.071644  -1.570792 12.937
 71     2.650 54703.56027889 14.34 308.070924  -1.574092 12.937
 71     2.730 54703.56027953 15.40 308.070194  -1.577402 12.937
 71     2.878 54703.56028018 18.41 308.069464  -1.580702 12.937
 71     2.968 54703.56028082 21.91 308.068744  -1.584012 12.937
 72     2.837 54738.56027519 11.26 308.070690  -1.568367 10.151
 72     2.928 54738.56027583 10.87 308.069960  -1.571667 10.151
 72     2.806 54738.56027648 12.62 308.069240  -1.574977 10.151
 72     2.565 54738.56027712 15.58 308.068510  -1.578277 10.151
 72     2.785 54738.56027777 18.22 308.067780  -1.581587 10.151
 72     2.882 54738.56027841 20.60 308.067060  -1.584887 10.151
 73     2.889 54773.56025933 13.29 308.071910  -1.567655 13.514
 73     2.805 54773.56025997 13.03 308.071180  -1.570965 13.514
 73     2.838 54773.56026062 13.49 308.070450  -1.574265 13.514
 73     2.745 54773.56026126 16.02 308.069730  -1.577575 13.514
 73     2.878 54773.56026191 15.87 308.069000  -1.580875 13.514
 73     3.087 54773.56026255 22.12 308.068270  -1.584185 13.514
 74     1.882 54808.56026854 14.37 308.069653  -1.569151  9.435
 74     1.874 54808.56026918 14.25 308.068933  -1.572461  9.435
 74     1.838 54808.56026982 13.78 308.068203  -1.575761  9.435
 74     1.843 54808.56027047 15.16 308.067473  -1.579071  9.435
 74     1.896 54808.56027111 19.67 308.066753  -1.582371  9.435
 74     2.081 54808.56027176 21.00 308.066023  -1.585681  9.435
 75     3.526 54843.56025739 15.99 308.070235  -1.571144 12.521
 75     3.361 54843.56025804 15.67 308.069505  -1.574444 12.521
 75     3.243 54843.56025868 17.48 308.068785  -1.577754 12.521
 75     3.402 54843.56025933 18.00 308.068055  -1.581054 12.521
 75     3.626 54843.56025997 21.40 308.067325  -1.584364 12.521
 75     3.769 54843.56026062 28.61 308.066605  -1.587664 12.521
 76     3.367 54878.56027215 16.03 308.068701  -1.569799 16.606
 76     3.317 54878.56027279 15.96 308.067971  -1.573109 16.606
 76     3.233 54878.56027344 17.01 308.067251  -1.576409 16.606
 76     3.290 54878.56027408 16.92 308.066521  -1.579719 16.606
 76     3.387 54878.56027472 18.89 308.065791  -1.583029 16.606
 76     3.584 54878.56027537 22.76 308.065071  -1.586329 16.606
 77     4.204 54913.56026163 17.63 308.068207  -1.571485 16.807
 77     3.877 54913.56026227 17.90 308.067477  -1.574785 16.807
 77     3.746 54913.56026291 18.21 308.066757  -1.578095 16.807
 77     3.769 54913.56026356 19.69 308.066027  -1.581395 16.807
 77     3.912 54913.56026420 23.49 308.065297  -1.584705 16.807
 77     4.169 54913.56026485 25.77 308.064577  -1.588015 16.807
 78     4.934 54948.56026395 21.31 308.068199  -1.571897 22.598
 78     4.489 54948.56026460 22.25 308.067479  -1.575197 22.598
 78     4.314 54948.56026524 23.41 308.066749  -1.578507 22.598
 78     4.512 54948.56026589 22.41 308.066019  -1.581817 22.598
 78     4.831 54948.56026653 23.86 308.065299  -1.585117 22.598
 78     4.948 54948.56026718 27.16 308.064565  -1.588425 38.006
 79     4.494 54983.56028994 43.60 308.067791  -1.572888 31.184
 79     4.528 54983.56029059 47.58 308.067061  -1.576188 31.184
 79     4.490 54983.56029123 47.35 308.066331  -1.579498 31.184
 79     4.493 54983.56029188 45.76 308.065611  -1.582798 31.184
 79     4.408 54983.56029252 43.60 308.064881  -1.586108 31.184
 80     4.280 55018.56028691 18.89 308.070565  -1.571000 16.667
 80     3.982 55018.56028756 19.40 308.069835  -1.574300 16.667
 80     3.876 55018.56028820 20.25 308.069115  -1.577610 16.667
 80     4.101 55018.56028885 22.20 308.068385  -1.580910 16.667
 80     4.347 55018.56028949 23.74 308.067655  -1.584220 16.667
 81     4.261 55053.56028201 18.94 308.071518  -1.569699 15.196
 81     3.945 55053.56028266 20.38 308.070788  -1.573009 15.196
 81     3.833 55053.56028330 21.01 308.070058  -1.576309 15.196
 81     4.002 55053.56028394 21.83 308.069338  -1.579619 15.196
 81     4.098 55053.56028459 23.39 308.068608  -1.582919 15.196
 81     4.336 55053.56028523 28.65 308.067888  -1.586229 15.196
 82     2.891 55088.56024392 13.00 308.069872  -1.568909 13.028
 82     2.822 55088.56024457 12.40 308.069152  -1.572209 13.028
 82     2.813 55088.56024521 12.81 308.068422  -1.575519 13.028
 82     2.748 55088.56024585 13.86 308.067692  -1.578819 13.028
 82     2.753 55088.56024650 18.83 308.066972  -1.582129 13.028
 82     2.837 55088.56024714 20.94 308.066242  -1.585429 13.028
 83     2.797 55123.56021911 12.84 308.071298  -1.569694  9.982
 83     2.848 55123.56021976 12.29 308.070568  -1.572994  9.982
 83     2.781 55123.56022040 13.31 308.069838  -1.576304  9.982
 83     2.874 55123.56022105 14.64 308.069118  -1.579604  9.982
 83     2.943 55123.56022169 19.54 308.068388  -1.582914  9.982
 83     3.054 55123.56022234 27.58 308.067658  -1.586214  9.982
 84     2.341 55158.56020488 12.25 308.069350  -1.569537 14.689
 84     2.430 55158.56020552 11.20 308.068620  -1.572847 14.689
 84     2.340 55158.56020617 13.38 308.067890  -1.576147 14.689
 84     2.385 55158.56020681 13.76 308.067170  -1.579457 14.689
 84     2.451 55158.56020745 18.79 308.066440  -1.582757 14.689
 84     2.492 55158.56020810 21.04 308.065710  -1.586067 14.689
 85     2.051 55193.56020908 15.60 308.069423  -1.571607  7.743
 85     2.089 55193.56020973 14.24 308.068693  -1.574907  7.743
 85     2.088 55193.56021037 15.10 308.067963  -1.578217  7.743
 85     2.167 55193.56021101 16.48 308.067243  -1.581517  7.743
 85     2.270 55193.56021166 21.36 308.066513  -1.584827  7.743
 86     4.117 55228.56020695 18.11 308.069401  -1.568932 13.322
 86     4.048 55228.56020760 17.71 308.068671  -1.572232 13.322
 86     3.777 55228.56020824 18.07 308.067951  -1.575542 13.322
 86     3.784 55228.56020889 18.77 308.067221  -1.578842 13.322
 86     3.860 55228.56020953 19.99 308.066491  -1.582152 13.322
 86     3.944 55228.56021018 22.68 308.065771  -1.585452 13.322
 87     3.098 55263.56020421 15.13 308.070779  -1.570350 12.338
 87     3.043 55263.56020486 14.92 308.070049  -1.573650 12.338
 87     2.911 55263.56020550 15.28 308.069319  -1.576960 12.338
 87     2.938 55263.56020615 16.02 308.068599  -1.580270 12.338
 87     2.981 55263.56020679 20.21 308.067869  -1.583570 12.338
 87     3.113 55263.56020744 26.88 308.067139  -1.586880 12.338
 88     3.916 55298.56018927 45.94 308.071308  -1.568058 27.865
 88     3.925 55298.56018991 49.06 308.070578  -1.571368 27.865
 88     3.899 55298.56019056 45.77 308.069858  -1.574668 27.865
 88     3.874 55298.56019120 49.62 308.069128  -1.577978 27.865
 88     3.869 55298.56019185 50.30 308.068398  -1.581278 27.865
 88     3.928 55298.56019249 49.85 308.067678  -1.584588 27.865
 89     4.572 55333.56018247 35.58 308.068861  -1.570561 17.805
 89     4.080 55333.56018312 29.49 308.068131  -1.573861 17.805
 89     3.994 55333.56018376 29.68 308.067411  -1.577171 17.805
 89     4.189 55333.56018441 28.75 308.066681  -1.580471 17.805
 89     4.403 55333.56018505 28.63 308.065951  -1.583781 17.805
 89     4.481 55333.56018570 28.69 308.065231  -1.587081 17.805
 90     3.550 55368.56017385 23.84 308.071113  -1.568727 16.514
 90     3.307 55368.56017449 22.18 308.070383  -1.572037 16.514
 90     3.178 55368.56017514 23.27 308.069653  -1.575337 16.514
 90     3.156 55368.56017578 24.26 308.068933  -1.578647 16.514
 90     3.493 55368.56017643 22.95 308.068203  -1.581957 16.514
 90     3.580 55368.56017707 28.89 308.067473  -1.585257 16.514
 91     3.850 55403.56018935 17.37 308.071134  -1.568510 13.694
 91     3.631 55403.56019000 16.56 308.070404  -1.571810 13.694
 91     3.488 55403.56019064 16.74 308.069684  -1.575120 13.694
 91     3.409 55403.56019129 18.63 308.068954  -1.578420 13.694
 91     3.594 55403.56019193 19.56 308.068224  -1.581730 13.694
 91     3.648 55403.56019258 24.42 308.067504  -1.585030 13.694
 92     3.564 55438.56019174 14.36 308.071912  -1.569606 15.051
 92     3.392 55438.56019238 15.03 308.071182  -1.572916 15.051
 92     3.336 55438.56019302 16.25 308.070452  -1.576216 15.051
 92     3.438 55438.56019367 16.85 308.069732  -1.579526 15.051
 92     3.504 55438.56019431 20.29 308.069002  -1.582826 15.051
 92     3.683 55438.56019496 29.31 308.068272  -1.586136 15.051
 93     1.422 55473.56013976 15.35 308.071259  -1.569295 13.869
 93     1.090 55473.56014041 17.48 308.070539  -1.572595 13.869
 93     1.344 55473.56014105 18.05 308.069809  -1.575905 13.869
 93     1.506 55473.56014170 20.32 308.069079  -1.579205 13.869
 93     1.661 55473.56014234 19.97 308.068359  -1.582515 13.869
 93     1.906 55473.56014299 23.18 308.067629  -1.585815 13.869
