-217948.105    39.250     0.00    2.20
-217572.052    39.107    -0.38    1.98
-217195.999    39.407     0.80    2.02
-216819.944    38.826    -1.54    1.94
-216443.889    38.936     0.29    1.95
-216067.832    38.417    -1.38    2.40
-215691.775    37.591    -2.20    2.09
-215315.716    37.722     0.35    2.08
-214939.657    38.423     1.86    2.31
-214563.597    39.426     2.67    2.32
-214187.535    39.585     0.42    1.83
-213811.473    39.423    -0.43    2.02
-213435.409    39.369    -0.14    2.32
-213059.345    38.658    -1.89    2.33
-212683.279    38.724     0.18    2.31
-212307.212    38.699    -0.07    2.64
-211931.145    38.496    -0.54    2.90
-211555.076    37.774    -1.92    3.53
-211179.007    37.607    -0.45    3.03
-210802.936    36.722    -2.35    3.36
-210426.864    34.101    -6.97    5.50
-210050.792    33.180    -2.45    6.06
-209674.718    31.486    -4.50    6.46
-209298.643    31.170    -0.84    6.73
-208922.567    31.930     2.02    7.36
-208546.491    34.072     5.70    7.01
-208170.413    36.468     6.37    4.49
-207794.334    36.571     0.27    6.04
-207418.254    35.288    -3.41    6.97
-207042.173    30.342   -13.15   10.09
-206666.091    25.369   -13.22   10.37
-206290.008    24.109    -3.35    8.97
-205913.924    24.391     0.75    8.58
-205537.839    26.630     5.95    9.33
-205161.752    32.109    14.57    8.70
-204785.665    34.963     7.59    5.42
-204409.577    35.857     2.38    4.05
-204033.487    37.160     3.47    3.80
-203657.397    37.423     0.70    3.83
-203281.305    38.109     1.82    2.68
-202905.213    37.986    -0.33    2.72
-202529.119    37.176    -2.15    2.53
-202153.025    37.551     1.00    2.21
-201776.929    37.276    -0.73    2.40
-201400.832    37.032    -0.65    2.37
-201024.734    36.858    -0.46    2.62
-200648.635    37.288     1.14    3.03
-200272.535    37.234    -0.14    3.95
-199896.434    36.991    -0.65    3.86
-199520.332    37.380     1.04    2.97
-199144.229    37.477     0.26    2.76
-198768.124    37.826     0.93    2.72
-198392.019    38.117     0.77    3.08
-198015.912    37.936    -0.48    2.87
-197639.805    38.670     1.95    3.60
-197263.696    37.365    -3.47    5.78
-196887.586    34.433    -7.80    8.42
-196511.475    30.412   -10.69   10.18
-196135.363    25.289   -13.62    9.39
-195759.250    25.468     0.48    9.18
-195383.136    27.647     5.79    9.96
-195007.021    32.212    12.13    8.81
-194630.905    36.030    10.15    5.68
-194254.787    36.991     2.55    4.19
-193878.669    37.045     0.14    4.91
-193502.549    38.486     3.83    2.79
-193126.428    39.064     1.54    2.78
-192750.307    39.440     1.00    2.19
-192374.184    38.626    -2.16    2.86
-191998.060    37.930    -1.85    3.11
-191621.934    38.261     0.88    2.91
-191245.808    37.693    -1.51    3.14
-190869.681    37.301    -1.04    3.85
-190493.552    36.904    -1.06    4.37
-190117.423    36.801    -0.27    4.48
-189741.292    37.596     2.11    4.77
-189365.160    38.912     3.50    3.94
-188989.027    39.083     0.45    3.49
-188612.893    38.596    -1.30    3.15
-188236.758    37.801    -2.11    2.96
-187860.621    37.301    -1.33    2.61
-187484.484    37.234    -0.18    2.69
-187108.345    37.612     1.01    3.04
-186732.205    37.468    -0.38    3.29
-186356.065    37.342    -0.34    3.58
-185979.923    37.212    -0.35    3.84
-185603.779    37.545     0.89    3.84
-185227.635    38.369     2.19    3.43
-184851.490    38.477     0.29    3.44
-184475.343    37.827    -1.73    3.59
-184099.195    36.801    -2.73    2.96
-183723.046    37.045     0.65    2.91
-183346.896    36.301    -1.98    4.27
-182970.745    34.909    -3.70    5.30
-182594.593    34.045    -2.30    5.66
-182218.439    33.936    -0.29    5.36
-181842.285    34.770     2.22    5.50
-181466.129    36.442     4.45    4.09
-181089.972    37.930     3.95    3.43
-180713.814    38.329     1.06    3.75
-180337.654    38.186    -0.38    3.25
-179961.494    38.829     1.71    2.38
-179585.332    38.289    -1.44    2.45
-179209.170    37.617    -1.78    2.30
-178833.006    37.234    -1.02    2.13
-178456.841    36.774    -1.22    3.28
-178080.674    35.801    -2.59    3.80
-177704.507    35.143    -1.75    3.52
-177328.338    35.246     0.27    3.51
-176952.168    34.907    -0.90    2.77
-176575.997    35.564     1.75    2.55
-176199.825    35.180    -1.02    3.60
-175823.652    34.558    -1.65    4.39
-175447.477    34.773     0.57    5.44
-175071.301    34.519    -0.67    5.98
-174695.125    33.417    -2.93    7.04
-174318.946    32.912    -1.34    7.90
-173942.767    31.058    -4.93    7.75
-173566.587    30.135    -2.45    6.93
-173190.405    29.354    -2.08    6.63
-172814.222    29.058    -0.79    6.77
-172438.038    28.670    -1.03    6.66
-172061.853    28.747     0.21    7.62
-171685.666    28.907     0.42    7.39
-171309.479    30.026     2.98    7.60
-170933.290    31.639     4.29    7.21
-170557.100    33.776     5.68    4.77
-170180.908    35.909     5.67    4.35
-169804.716    36.963     2.80    3.88
-169428.522    38.153     3.16    2.99
-169052.327    39.001     2.26    2.60
-168676.131    39.032     0.08    2.83
-168299.934    39.126     0.25    2.57
-167923.735    39.531     1.08    2.46
-167547.535    40.126     1.58    2.57
-167171.334    39.986    -0.37    2.95
-166795.132    40.275     0.77    3.26
-166418.928    40.153    -0.33    3.28
-166042.724    40.486     0.88    3.35
-165666.518    40.079    -1.08    3.00
-165290.311    39.774    -0.81    2.57
-164914.102    40.591     2.17    2.77
-164537.893    40.630     0.10    3.42
-164161.682    41.776     3.05    3.44
-163785.470    41.955     0.48    3.48
-163409.256    41.369    -1.56    3.54
-163033.042    40.666    -1.87    3.37
-162656.826    38.963    -4.53    3.04
-162280.609    38.212    -2.00    2.71
-161904.391    38.622     1.09    3.21
-161528.289    39.747     2.99    3.83
-161152.323    40.032     0.76    3.81
-160776.355    39.854    -0.47    3.95
-160400.386    39.038    -2.17    3.93
-160024.416    38.153    -2.36    2.51
-159648.445    38.442     0.77    2.63
-159272.472    39.091     1.72    2.59
-158896.498    39.662     1.52    2.96
-158520.523    40.301     1.70    3.10
-158144.546    41.301     2.66    2.56
-157768.568    41.571     0.72    3.13
-157392.589    42.186     1.64    3.48
-157016.609    41.887    -0.79    3.84
-156640.627    41.207    -1.81    3.96
-156264.645    39.936    -3.38    3.17
-155888.660    40.423     1.29    3.05
-155512.675    40.951     1.41    3.09
-155136.688    41.855     2.40    3.01
-154760.700    41.699    -0.42    3.45
-154384.711    41.380    -0.85    3.68
-154008.721    41.186    -0.52    4.39
-153632.729    41.396     0.56    4.27
-153256.736    41.426     0.08    4.29
-152880.742    41.433     0.02    4.08
-152504.746    42.024     1.57    3.67
-152128.749    41.504    -1.38    3.45
-151752.751    42.079     1.53    3.49
-151376.751    42.749     1.78    3.39
-151000.751    42.955     0.55    3.39
-150624.749    43.104     0.40    3.93
-150248.745    42.091    -2.70    4.05
-149872.741    40.936    -3.07    3.95
-149496.735    39.829    -2.95    3.15
-149120.727    39.160    -1.78    2.85
-148744.719    39.196     0.10    3.02
-148368.709    39.314     0.31    3.47
-147992.698    39.006    -0.82    3.74
-147616.685    39.468     1.23    3.84
-147240.671    39.828     0.96    3.64
-146864.656    39.724    -0.28    4.05
-146488.640    38.827    -2.39    4.63
-146112.622    38.635    -0.51    4.68
-145736.603    37.315    -3.51    4.93
-145360.583    36.612    -1.87    4.61
-144984.561    36.909     0.79    4.75
-144608.538    36.643    -0.71    4.83
-144232.514    34.996    -4.38    5.39
-143856.488    32.276    -7.23    6.17
-143480.461    28.512   -10.01    6.57
-143104.433    24.940    -9.50    6.23
-142728.403    22.212    -7.26    4.69
-142352.372    21.433    -2.07    3.40
-141976.340    22.038     1.61    2.93
-141600.306    23.012     2.59    4.79
-141224.271    25.314     6.12    5.96
-140848.235    27.936     6.97    5.60
-140472.197    30.519     6.87    3.46
-140096.158    32.576     5.47    3.92
-139720.118    33.857     3.41    4.59
-139344.076    35.882     5.39    4.82
-138968.033    38.315     6.47    4.02
-138591.989    39.396     2.87    3.45
-138215.943    40.477     2.87    2.95
-137839.896    40.344    -0.35    3.12
-137463.848    38.226    -5.63    5.97
-137087.798    37.494    -1.95    5.75
-136711.747    37.207    -0.76    4.63
-136335.694    37.673     1.24    3.91
-135959.640    38.749     2.86    2.72
-135583.585    39.750     2.66    2.51
-135207.529    40.072     0.86    2.53
-134831.471    40.545     1.26    2.22
-134455.411    40.746     0.53    2.11
-134079.351    40.750     0.01    1.89
-133703.289    40.724    -0.07    1.87
-133327.225    40.645    -0.21    1.71
-132951.160    40.828     0.49    1.61
-132575.094    40.585    -0.65    1.62
-132199.027    40.504    -0.22    1.58
-131822.958    40.315    -0.50    1.66
-131446.887    40.329     0.04    1.78
-131070.816    40.801     1.26    2.35
-130694.743    41.289     1.30    2.52
-130318.668    42.012     1.92    2.06
-129942.592    42.091     0.21    1.77
-129566.515    41.647    -1.18    1.98
-129190.437    41.340    -0.82    1.88
-128814.357    41.207    -0.35    1.83
-128438.275    39.853    -3.60    2.66
-128062.192    38.909    -2.51    2.83
-127686.108    38.249    -1.76    2.64
-127310.022    38.143    -0.28    2.28
-126933.935    37.958    -0.49    2.14
-126557.847    38.212     0.68    1.90
-126181.757    38.512     0.80    1.66
-125805.666    38.801     0.77    1.82
-125429.573    39.083     0.75    1.73
-125053.479    39.024    -0.16    1.68
-124677.384    38.468    -1.48    1.77
-124301.287    38.275    -0.51    1.84
-123925.189    38.423     0.39    2.11
-123549.089    38.340    -0.22    2.39
-123172.988    38.263    -0.20    2.54
-122796.886    38.314     0.14    2.46
-122420.782    38.329     0.04    2.54
-122044.676    38.670     0.91    2.28
-121668.569    38.720     0.13    1.96
-121292.461    39.207     1.29    1.98
-120916.352    39.666     1.22    2.06
-120540.240    40.468     2.13    1.95
-120164.128    40.930     1.23    1.95
-119788.014    41.354     1.13    2.36
-119411.899    42.301     2.52    2.55
-119035.782    42.417     0.31    2.41
-118659.664    42.607     0.51    2.39
-118283.544    42.160    -1.19    2.49
-117907.423    41.724    -1.16    2.73
-117531.300    41.855     0.35    2.89
-117155.176    41.670    -0.49    2.66
-116779.051    41.827     0.42    2.53
-116402.924    41.901     0.20    2.51
-116026.795    41.639    -0.70    2.51
-115650.666    41.186    -1.20    2.39
-115274.534    40.722    -1.23    2.16
-114898.402    40.720    -0.01    1.93
-114522.267    41.450     1.94    2.51
-114146.132    42.551     2.93    2.42
-113769.995    42.571     0.05    2.84
-113393.856    42.026    -1.45    3.43
-113017.716    41.135    -2.37    3.44
-112641.575    39.596    -4.09    3.84
-112265.432    39.024    -1.52    3.51
-111889.287    39.907     2.35    3.68
-111513.141    40.596     1.83    3.66
-111136.994    41.670     2.85    2.18
-110760.845    42.288     1.64    2.02
-110384.695    41.396    -2.37    3.17
-110008.543    39.201    -5.83    4.78
-109632.390    38.440    -2.02    4.74
-109256.235    38.851     1.09    4.62
-108880.079    39.801     2.53    4.56
-108503.921    41.857     5.46    3.22
-108127.762    42.531     1.79    2.52
-107751.601    41.940    -1.57    2.46
-107375.439    41.930    -0.03    2.28
-106999.275    41.976     0.12    2.16
-106623.110    41.963    -0.03    2.46
-106246.944    42.451     1.30    2.78
-105870.775    42.775     0.86    2.35
-105494.606    43.064     0.77    1.81
-105118.435    43.504     1.17    1.78
-104742.262    43.673     0.45    1.54
-104366.088    44.117     1.18    1.54
-103989.912    44.190     0.19    1.86
-103613.735    44.135    -0.15    2.45
-103237.556    44.329     0.52    2.47
-102861.376    44.391     0.16    2.40
-102485.194    44.801     1.09    2.37
-102109.011    45.087     0.76    1.96
-101732.826    44.585    -1.33    2.20
-101356.640    44.504    -0.22    2.30
-100980.452    44.531     0.07    2.43
-100604.263    44.314    -0.58    2.35
-100228.072    44.261    -0.14    2.28
 -99851.880    43.673    -1.56    2.91
 -99475.686    42.827    -2.25    3.06
 -99099.491    42.117    -1.89    3.26
 -98723.294    41.855    -0.70    3.53
 -98347.096    42.776     2.45    2.99
 -97970.896    43.828     2.80    1.95
 -97594.694    44.301     1.26    1.93
 -97218.491    44.289    -0.03    2.63
 -96842.287    44.190    -0.26    3.40
 -96466.080    44.091    -0.26    3.31
 -96089.873    44.673     1.55    3.16
 -95713.664    44.458    -0.57    2.35
 -95337.453    43.882    -1.53    2.30
 -94961.241    42.328    -4.13    3.13
 -94585.027    40.531    -4.78    3.56
 -94208.811    39.545    -2.62    3.83
 -93832.595    39.666     0.32    3.99
 -93456.376    39.237    -1.14    3.53
 -93080.156    39.878     1.70    2.49
 -92703.934    37.647    -5.93    4.02
 -92327.711    33.693   -10.51    6.07
 -91951.487    29.109   -12.18    6.47
 -91575.260    23.933   -13.76    7.89
 -91199.033    17.357   -17.48    9.52
 -90822.803    11.477   -15.63    9.86
 -90446.572     4.693   -18.03    7.23
 -90070.340     2.909    -4.74    5.15
 -89694.106     8.494    14.84   12.84
 -89317.870    17.801    24.74   15.58
 -88941.633    25.981    21.74   12.07
 -88565.394    31.237    13.97    6.51
 -88189.154    32.274     2.75    4.75
 -87812.912    32.237    -0.10    4.73
 -87436.668    32.558     0.85    3.61
 -87060.423    33.365     2.15    3.15
 -86684.176    34.328     2.56    2.15
 -86308.200    34.959     1.68    2.05
 -85932.274    35.558     1.59    2.05
 -85556.347    35.596     0.10    2.09
 -85180.418    35.673     0.20    2.12
 -84804.487    35.440    -0.62    1.74
 -84428.555    35.396    -0.12    1.80
 -84052.621    35.153    -0.65    2.18
 -83676.686    35.828     1.80    2.10
 -83300.749    36.207     1.01    2.17
 -82924.810    35.860    -0.92    2.51
 -82548.870    35.676    -0.49    2.96
 -82172.928    34.442    -3.28    3.09
 -81796.985    34.079    -0.97    3.08
 -81421.040    32.981    -2.92    3.98
 -81045.093    33.828     2.25    3.50
 -80669.145    34.064     0.63    3.78
 -80293.195    34.143     0.21    4.02
 -79917.244    34.186     0.11    5.14
 -79541.291    28.639   -14.75   12.41
 -79165.336    20.617   -21.34   16.41
 -78789.380    11.576   -24.05   16.05
 -78413.422     3.773   -20.76   10.41
 -78037.462     4.933     3.09   10.44
 -77661.501    11.801    18.27   13.07
 -77285.538    19.666    20.92   11.50
 -76909.574    26.720    18.76    7.07
 -76533.608    29.551     7.53    3.86
 -76157.640    30.699     3.05    3.59
 -75781.671    32.135     3.82    3.01
 -75405.700    32.045    -0.24    3.26
 -75029.728    28.724    -8.83    8.27
 -74653.753    24.538   -11.13    9.55
 -74277.778    23.622    -2.44    9.42
 -73901.800    22.855    -2.04    8.71
 -73525.821    25.776     7.77    8.87
 -73149.840    30.024    11.30    6.70
 -72773.858    33.328     8.79    2.94
 -72397.874    33.750     1.12    3.07
 -72021.888    33.953     0.54    3.03
 -71645.901    33.853    -0.27    2.85
 -71269.912    34.072     0.58    2.05
 -70893.921    33.504    -1.51    2.11
 -70517.929    32.342    -3.09    2.28
 -70141.935    31.690    -1.73    2.50
 -69765.940    30.853    -2.23    2.62
 -69389.942    29.901    -2.53    2.59
 -69013.944    29.531    -0.98    2.36
 -68637.943    28.647    -2.35    2.29
 -68261.941    28.647     0.00    2.16
 -67885.937    28.878     0.61    2.02
 -67509.931    29.433     1.48    1.98
 -67133.924    30.289     2.28    2.13
 -66757.915    30.450     0.43    2.23
 -66381.905    31.288     2.23    2.49
 -66005.893    31.612     0.86    2.41
 -65629.879    31.438    -0.46    1.76
 -65253.863    31.237    -0.53    1.87
 -64877.846    31.643     1.08    2.27
 -64501.827    30.801    -2.24    3.45
 -64125.806    28.909    -5.03    4.75
 -63749.784    27.107    -4.79    4.84
 -63373.760    25.117    -5.29    3.86
 -62997.734    24.596    -1.39    2.63
 -62621.707    24.396    -0.53    2.02
 -62245.678    26.417     5.37    3.79
 -61869.647    28.696     6.06    4.24
 -61493.615    29.959     3.36    3.75
 -61117.581    31.558     4.25    2.49
 -60741.545    31.226    -0.88    3.05
 -60365.507    31.234     0.02    2.91
 -59989.468    31.423     0.50    3.19
 -59613.427    31.504     0.22    2.95
 -59237.385    32.087     1.55    2.57
 -58861.340    31.365    -1.92    2.95
 -58485.294    29.673    -4.50    3.87
 -58109.246    28.996    -1.80    3.69
 -57733.197    27.512    -3.95    3.31
 -57357.146    26.885    -1.67    2.66
 -56981.093    27.012     0.34    2.43
 -56605.038    28.083     2.85    3.18
 -56228.982    30.180     5.57    4.30
 -55852.924    32.670     6.62    3.96
 -55476.864    34.170     3.99    2.75
 -55100.803    34.417     0.66    2.56
 -54724.739    34.180    -0.63    2.68
 -54348.675    34.058    -0.32    2.69
 -53972.608    33.545    -1.36    2.80
 -53596.540    32.342    -3.20    3.04
 -53220.469    31.693    -1.72    2.69
 -52844.398    31.693     0.00    2.62
 -52468.324    32.083     1.04    3.10
 -52092.249    32.417     0.89    2.73
 -51716.172    32.430     0.04    3.01
 -51340.093    31.545    -2.35    3.70
 -50964.012    30.477    -2.84    3.57
 -50587.930    29.912    -1.50    3.91
 -50211.846    29.696    -0.58    3.92
 -49835.760    30.538     2.24    3.90
 -49459.673    31.275     1.96    3.78
 -49083.583    31.986     1.89    2.55
 -48707.492    32.901     2.44    2.55
 -48331.399    33.288     1.03    2.46
 -47955.305    33.151    -0.36    2.24
 -47579.209    33.596     1.18    2.56
 -47203.111    33.274    -0.86    2.50
 -46827.011    32.828    -1.18    2.79
 -46450.909    32.828     0.00    2.74
 -46074.806    32.722    -0.28    2.73
 -45698.701    32.801     0.21    3.09
 -45322.594    32.369    -1.15    3.56
 -44946.485    31.626    -1.97    3.50
 -44570.375    31.880     0.68    3.38
 -44194.263    31.855    -0.07    3.44
 -43818.149    31.907     0.14    2.88
 -43442.033    31.699    -0.55    2.55
 -43065.915    31.380    -0.85    2.07
 -42689.796    31.246    -0.36    1.96
 -42313.675    31.750     1.34    2.27
 -41937.552    31.477    -0.73    2.42
 -41561.428    31.101    -1.00    2.66
 -41185.301    30.622    -1.27    2.84
 -40809.173    30.516    -0.28    2.63
 -40433.043    29.612    -2.40    2.99
 -40056.911    27.315    -6.11    4.96
 -39680.778    26.696    -1.65    5.44
 -39304.642    25.981    -1.90    5.90
 -38928.505    26.024     0.11    6.19
 -38552.366    27.094     2.85    6.29
 -38176.225    28.545     3.86    4.83
 -37800.083    26.828    -4.56    5.90
 -37423.938    20.234   -17.53   12.43
 -37047.792    11.933   -22.07   13.71
 -36671.644     4.571   -19.57   12.21
 -36295.494    -2.088   -17.70    4.80
 -35919.343    -3.199    -2.95    0.00
 -35543.189    -3.199     0.00    0.00
 -35167.034    -3.199     0.00    0.00
 -34790.877    -3.199     0.00    0.00
 -34414.718    -3.199     0.00    0.00
 -34038.558    -3.199     0.00    0.00
 -33662.395    -3.199     0.00    0.00
 -33286.231    -3.199     0.00    0.00
 -32910.065    -3.199     0.00    0.00
 -32533.897    -3.199     0.00    0.00
 -32157.727    -0.788     6.41    5.79
 -31781.555     2.647     9.13    8.61
 -31405.382     9.249    17.55   10.67
 -31029.207    17.072    20.80    9.47
 -30653.029    21.904    12.85    8.17
 -30276.851    27.314    14.38    5.46
 -29900.670    29.747     6.47    3.99
 -29524.487    29.750     0.01    4.14
 -29148.303    28.369    -3.67    5.54
 -28772.116    27.170    -3.19    4.87
 -28395.928    27.340     0.45    4.31
 -28019.738    27.489     0.40    4.16
 -27643.546    28.417     2.47    3.79
 -27267.353    28.494     0.20    3.69
 -26891.157    29.072     1.54    3.22
 -26514.960    29.878     2.14    2.32
 -26138.760    31.126     3.32    2.22
 -25762.559    30.699    -1.13    2.41
 -25386.356    30.442    -0.68    2.67
 -25010.152    29.666    -2.06    2.52
 -24633.945    29.196    -1.25    2.43
 -24257.736    28.904    -0.78    2.29
 -23881.526    28.263    -1.70    2.04
 -23505.314    27.774    -1.30    2.42
 -23129.100    27.380    -1.05    2.46
 -22752.883    26.342    -2.76    2.69
 -22376.666    25.504    -2.23    2.57
 -22000.446    24.477    -2.73    2.93
 -21624.224    23.114    -3.62    3.17
 -21248.001    23.032    -0.22    3.47
 -20871.775    23.237     0.55    3.55
 -20495.548    23.885     1.72    3.07
 -20119.319    24.827     2.50    2.44
 -19743.088    25.107     0.74    2.05
 -19366.855    24.827    -0.74    2.07
 -18990.620    24.959     0.35    1.70
 -18614.383    24.558    -1.07    1.88
 -18238.145    24.531    -0.07    1.97
 -17861.904    24.699     0.45    2.45
 -17485.662    24.533    -0.44    2.88
 -17109.418    24.635     0.27    2.89
 -16733.172    24.263    -0.99    2.67
 -16356.924    23.722    -1.44    2.60
 -15980.674    23.828     0.28    2.15
 -15604.422    23.612    -0.57    3.01
 -15228.168    23.316    -0.79    3.38
 -14851.912    23.647     0.88    3.67
 -14475.655    22.601    -2.78    4.43
 -14099.395    22.180    -1.12    4.04
 -13723.134    21.673    -1.35    3.80
 -13346.870    21.746     0.19    2.92
 -12970.605    21.959     0.57    2.44
 -12594.338    20.776    -3.15    2.78
 -12218.069    20.196    -1.54    3.06
 -11841.798    20.170    -0.07    3.03
 -11465.608    19.596    -1.52    4.99
 -11089.715    20.126     1.41    5.28
 -10713.820    20.720     1.58    5.10
 -10337.924    21.401     1.81    4.20
  -9962.025    19.486    -5.10    6.37
  -9586.125    15.504   -10.59    8.86
  -9210.222    11.585   -10.43    8.98
  -8834.318    10.801    -2.09    8.40
  -8458.411    11.673     2.32    8.09
  -8082.503    14.351     7.12    7.08
  -7706.593    14.504     0.41    6.80
  -7330.681    12.626    -5.00    6.95
  -6954.767    12.722     0.26    6.97
  -6578.851    13.442     1.92    6.65
  -6202.933    15.775     6.21    5.96
  -5827.013    16.328     1.47    5.67
  -5451.091    17.329     2.66    3.95
  -5075.167    17.933     1.61    1.88
  -4699.242    17.006    -2.46    1.76
  -4323.314    17.190     0.49    2.49
  -3947.384    17.930     1.97    3.25
  -3571.453    19.083     3.07    3.54
  -3195.519    19.288     0.54    3.58
  -2819.584    19.531     0.65    4.86
  -2443.646    20.099     1.51    5.69
  -2067.707    21.519     3.78    4.78
  -1691.766    17.976    -9.42    9.89
  -1315.822    11.234   -17.94   10.86
   -939.877     4.726   -17.31    8.72
   -563.930    -0.199   -13.10    0.00
   -187.981    -0.199     0.00    0.00
    187.971    -0.199     0.00    0.00
    563.924     0.201     1.06    1.24
    939.879     1.407     3.21    3.47
   1315.836     2.639     3.28    5.33
   1691.795     6.749    10.93    8.73
   2067.756     9.774     8.05    9.12
   2443.719    11.801     5.39    9.30
   2819.684    16.853    13.44   12.38
   3195.651    20.107     8.66   13.90
   3571.620    27.639    20.03   12.88
   3947.591    34.423    18.04   10.01
   4323.564    37.301     7.66    9.03
   4699.539    41.076    10.04    7.61
   5075.516    43.153     5.52    4.71
   5451.495    44.109     2.54    3.73
   5827.476    44.196     0.23    2.75
   6203.459    44.380     0.49    2.41
   6579.444    43.963    -1.11    2.33
   6955.431    43.451    -1.36    2.88
   7331.420    41.801    -4.39    4.95
   7707.411    39.746    -5.47    7.55
   8083.404    39.126    -1.65    7.68
   8459.399    38.858    -0.71    8.39
   8835.396    32.930   -15.77   13.79
   9211.395    23.904   -24.00   18.08
   9587.396    17.887   -16.00   17.87
   9963.399    10.369   -19.99   15.66
  10339.404     4.369   -15.96   10.46
  10715.411     1.018    -8.91    4.21
  11091.420    -0.049    -2.84    0.95
  11467.431    -0.199    -0.40    0.00
  11843.444    -0.199     0.00    0.00
  12219.459    -0.199     0.00    0.00
  12595.476    -0.199     0.00    0.00
  12971.495    -0.199     0.00    0.00
  13347.516    -0.199     0.00    0.00
  13723.540    -0.199     0.00    0.00
  14099.565    -0.199     0.00    0.00
  14475.592    -0.199     0.00    0.00
  14851.622    -0.199     0.00    0.00
  15227.653    -0.199     0.00    0.00
  15603.686    -0.199     0.00    0.00
  15979.722    -0.142     0.15    0.34
  16355.759     1.647     4.76    4.20
  16731.799     3.407     4.68    5.22
  17107.841     5.551     5.70    5.09
  17483.884     9.596    10.76    6.17
  17859.930    12.828     8.59    7.59
  18235.978    17.930    13.57    7.91
  18612.028    22.696    12.68    5.50
  18988.079    24.926     5.93    4.05
  19364.133    25.639     1.90    3.32
  19740.189    26.026     1.03    2.86
  20116.247    26.699     1.79    2.37
  20492.307    26.996     0.79    2.46
  20868.370    27.207     0.56    2.57
  21244.434    30.045     7.55    4.46
  21620.500    33.531     9.27    5.14
  21996.569    37.519    10.61    5.14
  22372.639    40.385     7.62    3.86
  22748.711    42.160     4.72    3.62
  23124.786    42.933     2.05    3.41
  23500.863    42.607    -0.87    3.59
  23876.941    42.571    -0.10    3.33
  24253.022    42.749     0.47    3.20
  24629.105    42.986     0.63    3.14
  25005.190    44.459     3.92    2.81
  25381.277    44.135    -0.86    3.12
  25757.366    43.909    -0.60    3.05
  26133.458    44.083     0.46    2.82
  26509.551    44.251     0.45    2.49
  26885.646    45.496     3.31    2.46
  27261.744    45.882     1.03    3.04
  27637.844    46.207     0.86    3.21
  28013.945    45.991    -0.57    3.29
  28390.049    44.504    -3.95    3.55
  28766.155    43.135    -3.64    3.77
  29142.263    39.551    -9.53    6.31
  29518.373    38.486    -2.83    6.64
  29894.485    38.504     0.05    7.63
  30270.600    38.750     0.65    8.17
  30646.716    40.222     3.91    8.48
  31022.835    39.512    -1.89    8.48
  31398.955    37.504    -5.34    8.77
  31775.078    37.135    -0.98    7.52
  32151.203    37.107    -0.07    6.20
  32527.330    37.904     2.12    5.35
  32903.459    38.930     2.73    3.27
  33279.590    38.478    -1.20    2.89
  33655.724    34.342   -11.00    6.54
  34031.859    33.180    -3.09    6.71
  34407.997    32.423    -2.01    6.93
  34784.137    34.261     4.89    6.39
  35160.278    37.718     9.19    3.79
  35536.422    38.186     1.24    3.89
  35912.569    38.930     1.98    3.33
  36288.717    41.354     6.45    3.73
  36664.867    43.064     4.55    4.09
  37041.020    44.722     4.41    3.35
  37417.175    45.596     2.32    2.79
  37793.331    45.558    -0.10    2.79
  38169.490    45.724     0.44    3.06
  38545.651    45.079    -1.72    3.22
  38921.815    44.032    -2.78    3.62
  39297.980    43.289    -1.98    3.28
  39674.148    41.551    -4.62    3.61
  40050.317    40.160    -3.70    5.02
  40426.489    37.072    -8.21    6.54
  40802.663    35.828    -3.30    6.58
  41178.839    36.909     2.87    7.56
  41555.018    38.496     4.22    7.75
  41931.198    41.012     6.69    6.77
  42307.381    41.955     2.51    6.28
  42683.566    43.261     3.47    5.29
  43059.753    43.724     1.23    5.44
  43435.942    45.340     4.29    4.91
  43812.133    46.006     1.77    3.87
  44188.327    45.693    -0.83    4.36
  44564.522    44.853    -2.23    4.91
  44940.720    43.909    -2.51    4.94
  45316.920    43.986     0.20    5.07
  45693.123    43.612    -0.99    5.34
  46069.327    44.739     2.99    4.26
  46445.533    45.417     1.80    4.17
  46821.742    46.670     3.33    3.93
  47197.953    47.162     1.31    3.88
  47574.166    46.801    -0.96    4.30
  47950.382    45.135    -4.43    4.37
  48326.599    43.196    -5.15    5.18
  48702.819    42.212    -2.62    4.25
  49079.041    42.477     0.71    3.87
  49455.265    41.263    -3.23    4.21
  49831.491    38.647    -6.95    7.23
  50207.719    35.058    -9.54    7.84
  50583.950    33.153    -5.06    7.11
  50960.183    34.051     2.39    7.36
  51336.418    35.072     2.71    7.12
  51712.655    37.180     5.60    7.46
  52088.895    38.855     4.45    6.19
  52465.136    39.448     1.58    6.00
  52841.380    40.878     3.80    5.46
  53217.626    41.827     2.52    5.12
  53593.875    43.579     4.66    3.67
  53970.125    44.670     2.90    4.32
  54346.378    45.329     1.75    3.61
  54722.633    45.933     1.60    3.39
  55098.890    46.365     1.15    3.06
  55475.150    46.018    -0.92    3.31
  55851.411    46.512     1.31    2.85
  56227.675    47.064     1.47    2.89
  56603.941    47.001    -0.17    2.17
  56980.210    47.207     0.55    2.20
  57356.480    47.006    -0.53    2.21
  57732.753    46.545    -1.23    3.54
  58109.028    45.774    -2.05    4.41
  58485.305    46.045     0.72    4.11
  58861.585    46.288     0.65    3.85
  59237.866    47.263     2.59    3.19
  59614.150    48.237     2.59    2.12
  59990.437    48.544     0.82    2.24
  60366.725    48.571     0.07    2.62
  60743.016    48.369    -0.54    2.92
  61119.309    47.579    -2.10    3.44
  61495.604    46.775    -2.14    3.47
  61871.902    46.933     0.42    3.28
  62248.201    47.263     0.88    2.74
  62624.503    47.064    -0.53    2.49
  63000.807    45.576    -3.95    3.26
  63377.114    43.882    -4.50    3.72
  63753.147    42.051    -4.87    4.52
  64128.998    40.699    -3.60    4.15
  64504.851    40.135    -1.50    4.47
  64880.707    39.288    -2.25    4.60
  65256.564    39.180    -0.29    5.21
  65632.424    39.775     1.58    4.79
  66008.287    40.058     0.75    5.62
  66384.151    40.991     2.48    6.13
  66760.018    39.851    -3.03    6.42
  67135.887    39.222    -1.67    6.28
  67511.759    38.882    -0.90    5.56
  67887.632    41.064     5.81    6.08
  68263.508    44.494     9.12    6.45
  68639.386    48.170     9.78    5.56
  69015.267    50.107     5.15    3.04
  69391.150    50.494     1.03    3.30
  69767.035    50.936     1.18    2.42
  70142.922    50.326    -1.62    2.22
  70518.812    50.109    -0.58    2.64
  70894.703    48.944    -3.10    3.53
  71270.598    47.369    -4.19    4.39
  71646.494    46.828    -1.44    5.81
  72022.393    44.564    -6.02    8.07
  72398.294    40.801   -10.01    8.76
  72774.197    38.018    -7.41    8.39
  73150.103    34.576    -9.15    7.33
  73526.011    30.724   -10.25    9.00
  73901.921    28.722    -5.33    9.75
  74277.834    25.538    -8.47   10.34
  74653.748    22.058    -9.26   10.43
  75029.666    18.222   -10.20    9.12
  75405.585    14.829    -9.03    7.50
  75781.507    11.365    -9.21    4.38
  76157.431    10.190    -3.13    2.02
  76533.357    10.176    -0.04    2.20
  76909.286    11.596     3.78    4.65
  77285.217    11.573    -0.06    2.06
  77661.150    12.666     2.91    2.95
  78037.086    16.423     9.99    8.34
  78413.024    18.670     5.98   10.18
  78788.964    20.596     5.12   11.30
  79164.907    22.828     5.94   12.11
  79540.852    24.476     4.38   11.40
  79916.799    25.904     3.80   11.59
  80292.749    30.407    11.98   11.94
  80668.701    31.234     2.20   12.14
  81044.655    30.160    -2.86   12.63
  81420.612    31.519     3.61   12.49
  81796.571    27.551   -10.55   13.03
  82172.532    25.571    -5.27   12.95
  82548.496    23.135    -6.48   12.71
  82924.462    20.459    -7.12   11.66
  83300.430    19.212    -3.32   10.45
  83676.401    18.301    -2.42    8.56
  84052.374    18.315     0.04    8.74
  84428.349    19.722     3.74    9.50
  84804.327    17.909    -4.82    7.72
  85180.307    16.545    -3.63    6.01
  85556.289    15.885    -1.76    2.39
  85932.274    17.724     4.89    4.40
  86308.261    20.340     6.96    6.46
  86684.251    23.519     8.46    7.60
  87060.243    28.072    12.11    7.49
  87436.237    31.354     8.73    6.66
  87812.234    33.249     5.04    5.25
  88188.233    34.912     4.42    5.17
  88564.234    35.153     0.64    5.76
  88940.238    35.423     0.72    6.53
  89316.244    35.828     1.08    6.93
  89692.252    35.622    -0.55    6.98
  90068.263    35.676     0.14    7.03
  90444.276    38.064     6.35    6.58
  90820.292    39.907     4.90    5.49
  91196.310    40.261     0.94    5.12
  91572.330    40.083    -0.47    4.85
  91948.353    40.423     0.90    4.60
  92324.378    41.263     2.23    4.27
  92700.405    42.417     3.07    3.54
  93076.435    43.340     2.45    2.54
  93452.468    43.747     1.08    2.17
  93828.502    44.058     0.83    2.10
  94204.539    44.301     0.65    2.33
  94580.579    44.357     0.15    2.41
  94956.621    44.018    -0.90    2.98
  95332.665    44.126     0.29    3.27
  95708.712    43.774    -0.93    3.10
  96084.761    44.596     2.19    2.61
  96460.812    45.270     1.79    2.44
  96836.866    44.724    -1.45    2.54
  97212.922    43.442    -3.41    3.65
  97588.981    43.162    -0.74    4.02
  97965.042    43.571     1.09    4.16
  98341.106    44.396     2.19    4.33
  98717.172    45.750     3.60    2.47
  99093.240    46.135     1.02    2.24
  99469.311    45.959    -0.47    2.39
  99845.384    45.512    -1.19    2.35
 100221.460    44.955    -1.48    2.44
 100597.538    44.904    -0.14    2.40
 100973.618    44.162    -1.97    3.59
 101349.701    43.153    -2.68    4.97
 101725.786    42.072    -2.87    5.19
 102101.874    40.720    -3.59    5.35
 102477.964    40.288    -1.15    5.23
 102854.057    42.373     5.54    4.50
 103230.152    43.176     2.14    4.66
 103606.249    44.083     2.41    4.67
 103982.349    45.162     2.87    3.65
 104358.452    45.801     1.70    2.96
 104734.556    45.963     0.43    2.43
 105110.664    45.904    -0.16    2.02
 105486.773    45.328    -1.53    2.08
 105862.886    45.468     0.37    2.37
 106239.000    45.720     0.67    2.28
 106615.117    45.091    -1.67    2.56
 106991.237    44.576    -1.37    3.64
 107367.359    43.973    -1.60    3.75
 107743.483    43.882    -0.24    4.23
 108119.610    44.207     0.86    4.31
 108495.739    44.396     0.50    4.63
 108871.871    43.801    -1.58    4.83
 109248.005    43.135    -1.77    5.00
 109624.142    42.651    -1.29    5.51
 110000.281    41.340    -3.49    7.15
 110376.423    39.126    -5.89    8.35
 110752.567    35.058   -10.81    8.42
 111128.714    33.012    -5.44    7.19
 111504.863    33.828     2.17    5.84
 111881.014    37.301     9.23    6.10
 112257.168    40.545     8.62    5.51
 112633.325    42.991     6.50    3.58
 113009.484    45.038     5.44    3.30
 113385.645    46.151     2.96    3.58
 113761.809    46.607     1.21    3.04
 114137.976    47.617     2.69    2.02
 114514.145    47.558    -0.16    1.85
 114890.316    47.369    -0.50    1.80
 115266.490    46.612    -2.01    2.41
 115642.667    45.801    -2.16    3.16
 116018.845    43.545    -6.00    5.54
 116395.027    41.776    -4.70    5.62
 116771.211    40.963    -2.16    4.88
 117147.397    40.955    -0.02    4.71
 117523.586    42.801     4.91    3.71
 117899.777    44.647     4.91    2.51
 118275.971    45.591     2.51    3.13
 118652.168    46.135     1.45    3.65
 119028.367    45.551    -1.55    4.17
 119404.568    45.591     0.10    4.24
 119780.772    45.622     0.08    3.72
 120156.979    46.246     1.66    2.74
 120533.188    48.186     5.16    3.06
 120909.399    49.882     4.51    2.96
 121285.613    51.018     3.02    2.85
 121661.830    50.747    -0.72    3.20
 122038.049    48.912    -4.88    4.21
 122414.270    45.904    -8.00    5.06
 122790.494    43.899    -5.33    3.77
 123166.721    43.045    -2.27    3.59
 123542.950    44.176     3.01    3.51
 123919.182    45.696     4.04    3.67
 124295.416    45.442    -0.67    4.84
 124671.653    44.477    -2.57    5.57
 125047.892    41.519    -7.86    7.74
 125424.134    38.635    -7.67    7.82
 125800.378    36.720    -5.09    8.12
 126176.625    35.670    -2.79    7.59
 126552.875    35.373    -0.79    7.26
 126929.127    34.904    -1.25    7.06
 127305.381    36.289     3.68    6.75
 127681.638    37.746     3.87    5.99
 128057.898    39.639     5.03    6.58
 128434.160    41.531     5.03    5.35
 128810.425    43.012     3.94    4.74
 129186.692    43.626     1.63    5.09
 129562.962    44.180     1.47    5.28
 129939.235    42.442    -4.62    7.23
 130315.510    40.538    -5.06    8.00
 130691.787    40.275    -0.70    6.99
 131068.067    39.477    -2.12    6.77
 131444.350    39.701     0.60    7.10
 131820.635    40.670     2.57    6.27
 132196.923    40.746     0.20    6.89
 132573.214    42.407     4.41    5.71
 132949.507    44.496     5.55    4.64
 133325.802    45.878     3.67    2.49
 133702.100    45.596    -0.75    3.25
 134078.401    45.001    -1.58    3.70
 134454.704    43.126    -4.98    5.47
 134831.010    43.207     0.22    5.09
 135207.319    43.531     0.86    4.76
 135583.630    44.026     1.32    5.14
 135959.943    43.855    -0.45    5.34
 136336.259    44.775     2.44    4.49
 136712.578    45.933     3.08    3.56
 137088.900    46.391     1.22    3.47
 137465.224    46.747     0.95    3.48
 137841.550    47.571     2.19    2.56
 138217.879    48.459     2.36    2.34
 138594.211    48.940     1.28    2.49
 138970.036    48.909    -0.08    2.21
 139345.854    48.342    -1.51    2.52
 139721.675    47.622    -1.92    2.30
 140097.499    47.545    -0.20    2.29
 140473.325    47.862     0.84    2.84
 140849.154    47.909     0.13    3.19
 141224.985    47.477    -1.15    3.33
 141600.819    46.504    -2.59    3.70
 141976.655    45.878    -1.67    3.77
 142352.494    45.558    -0.85    3.61
 142728.336    46.622     2.83    3.28
 143104.180    47.365     1.98    2.15
 143480.027    47.083    -0.75    2.45
 143855.877    46.261    -2.19    3.10
 144231.729    44.850    -3.75    3.49
 144607.584    43.959    -2.37    3.91
 144983.441    43.357    -1.60    3.90
 145359.301    41.693    -4.43    4.80
 145735.164    41.801     0.29    5.03
 146111.029    40.722    -2.87    6.11
 146486.897    38.955    -4.70    6.68
 146862.768    36.573    -6.34    6.83
 147238.641    33.391    -8.47    7.31
 147614.517    31.986    -3.74    7.45
 147990.395    32.912     2.47    7.91
 148366.276    35.878     7.89    7.75
 148742.160    39.617     9.95    6.10
 149118.046    41.263     4.38    4.65
 149493.935    41.670     1.08    3.86
 149869.827    41.426    -0.65    3.11
 150245.721    40.747    -1.81    3.46
 150621.618    40.118    -1.67    3.00
 150997.518    40.904     2.09    2.69
 151373.420    41.607     1.87    3.09
 151749.325    42.261     1.74    2.68
 152125.233    42.099    -0.43    3.36
 152501.143    41.423    -1.80    3.23
 152877.056    40.622    -2.13    3.22
 153252.971    40.030    -1.57    3.99
 153628.889    39.494    -1.43    4.16
 154004.810    35.064   -11.78    8.46
 154380.734    28.662   -17.03   10.27
 154756.660    23.622   -13.41    8.40
 155132.589    22.038    -4.21    6.52
 155508.520    28.006    15.88   10.22
 155884.454    34.012    15.98    9.36
 156260.391    38.596    12.19    5.89
 156636.331    40.301     4.54    2.36
 157012.273    39.442    -2.28    2.81
 157388.218    38.340    -2.93    2.60
 157764.166    37.274    -2.84    2.88
 158140.116    37.396     0.33    3.28
 158516.069    39.045     4.39    3.48
 158892.024    40.288     3.31    3.85
 159267.983    41.263     2.59    2.88
 159643.944    40.274    -2.63    3.98
 160019.907    39.109    -3.10    4.22
 160395.874    37.354    -4.67    3.64
 160771.843    37.585     0.61    3.55
 161147.815    38.160     1.53    3.77
 161523.789    38.486     0.87    3.09
 161899.766    37.986    -1.33    3.49
 162275.746    37.612    -0.99    3.48
 162651.729    37.801     0.50    3.73
 163027.714    37.666    -0.36    4.21
 163403.702    37.776     0.29    4.10
 163779.693    37.701    -0.20    3.88
 164155.686    37.746     0.12    3.70
 164531.682    38.558     2.16    3.39
 164907.681    39.288     1.94    3.01
 165283.683    39.099    -0.50    3.22
 165659.687    39.275     0.47    3.20
 166035.694    39.107    -0.45    2.81
 166411.704    38.551    -1.48    2.76
 166787.716    38.289    -0.70    2.64
 167163.731    37.450    -2.23    2.36
 167539.749    37.032    -1.11    1.86
 167915.770    36.801    -0.61    1.71
 168291.793    36.986     0.49    1.64
 168667.819    37.072     0.23    1.61
 169043.848    36.750    -0.86    1.59
 169419.879    36.423    -0.87    1.59
 169795.914    36.391    -0.08    1.71
 170171.951    36.601     0.56    1.68
 170547.990    37.087     1.29    1.81
 170924.033    36.991    -0.26    1.88
 171300.078    37.207     0.57    2.30
 171676.126    37.477     0.72    2.47
 172052.177    38.099     1.65    2.43
 172428.230    38.940     2.24    2.21
 172804.286    39.701     2.02    1.74
 173180.345    39.904     0.54    1.92
 173556.407    39.936     0.09    1.75
 173932.472    40.083     0.39    1.90
 174308.539    40.249     0.44    2.23
 174684.609    40.494     0.65    2.17
 175060.682    40.477    -0.04    2.12
 175436.757    40.083    -1.05    1.97
 175812.835    39.246    -2.23    1.80
 176188.917    38.417    -2.20    1.43
 176565.000    38.186    -0.61    1.35
 176941.087    37.890    -0.79    1.64
 177317.176    38.207     0.84    1.76
 177693.268    37.720    -1.29    2.62
 178069.363    37.012    -1.88    2.85
 178445.461    36.855    -0.42    2.68
 178821.561    37.018     0.43    2.99
 179197.665    35.601    -3.77    5.49
 179573.771    33.519    -5.54    7.30
 179949.880    30.407    -8.28    7.74
 180325.991    27.012    -9.03    7.64
 180702.105    23.135   -10.31    6.19
 181078.223    21.801    -3.55    3.72
 181454.343    21.747    -0.14    3.77
 181830.465    22.058     0.83    3.63
 182206.591    22.135     0.20    3.25
 182582.719    21.801    -0.89    2.94
 182958.850    21.494    -0.82    2.74
 183334.984    21.176    -0.84    2.06
 183711.121    21.186     0.03    1.97
 184087.261    21.747     1.49    1.86
 184463.403    22.072     0.86    2.01
 184839.548    22.328     0.68    2.11
 185215.696    22.468     0.37    2.16
 185591.847    23.006     1.43    2.40
 185968.000    23.468     1.23    2.72
 186344.157    24.670     3.19    2.62
 186720.316    25.417     1.99    1.93
 187096.478    25.006    -1.09    2.98
 187472.643    24.135    -2.32    3.40
 187848.810    23.315    -2.18    4.10
 188224.981    22.930    -1.02    4.38
 188601.154    22.315    -1.63    4.23
 188977.330    21.776    -1.43    4.22
 189353.509    20.117    -4.41    3.90
 189729.691    18.645    -3.91    3.10
 190105.876    17.776    -2.31    2.15
 190482.063    17.143    -1.68    1.46
 190858.253    17.396     0.67    1.38
 191234.447    17.596     0.53    1.66
 191610.642    17.857     0.69    1.60
 191986.841    18.512     1.74    1.89
 192363.043    19.853     3.56    2.67
 192739.247    21.666     4.82    3.93
 193115.455    23.545     4.99    3.82
 193491.665    24.519     2.59    3.33
 193867.878    23.365    -3.07    4.13
 194244.094    21.720    -4.37    4.26
 194620.312    21.032    -1.83    4.49
 194996.534    21.828     2.12    5.09
 195372.758    24.038     5.87    5.10
 195748.986    26.099     5.48    3.21
 196125.216    26.114     0.04    2.40
 196501.449    25.340    -2.06    2.48
 196877.685    24.986    -0.94    2.32
 197253.924    25.412     1.13    2.56
 197630.165    26.365     2.53    2.33
 198006.410    26.940     1.53    1.74
 198382.657    26.380    -1.49    2.30
 198758.907    26.083    -0.79    2.44
 199135.160    25.963    -0.32    2.39
 199511.416    25.468    -1.32    2.13
 199887.675    25.494     0.07    1.96
 200263.937    24.647    -2.25    1.63
 200640.201    23.720    -2.46    3.55
 201016.469    20.901    -7.49    6.23
 201392.739    18.180    -7.23    7.45
 201769.012    18.504     0.86    9.59
 202145.288    20.909     6.39   10.22
 202521.567    27.058    16.34    7.70
 202897.849    29.237     5.79    3.35
 203274.134    27.391    -4.91    3.01
 203650.422    26.301    -2.90    3.87
 204026.712    25.407    -2.38    4.43
 204403.006    26.274     2.30    4.63
 204779.302    26.170    -0.28    3.50
 205155.602    22.930    -8.61    6.57
 205531.904    19.991    -7.81    7.66
 205908.209    20.275     0.76    7.75
 206284.517    20.564     0.77    7.81
 206660.828    23.237     7.10    5.50
 207037.141    22.855    -1.01    4.05
 207413.458    22.001    -2.27    3.68
 207789.778    21.776    -0.60    5.44
 208166.100    19.477    -6.11    7.06
 208542.426    18.288    -3.16    7.27
 208918.754    17.357    -2.47    6.97
 209295.086    17.391     0.09    7.18
 209671.420    20.186     7.43    8.42
 210047.757    20.162    -0.06    8.93
 210424.097    21.459     3.45   11.40
 210800.440    22.828     3.64   14.07
 211176.786    27.234    11.71   15.93
 211553.135    33.851    17.58   15.54
 211929.487    38.639    12.72   12.76
 212305.841    43.301    12.39    8.06
 212682.199    44.696     3.71    6.88
 213058.560    46.826     5.66    4.95
 213434.923    48.261     3.81    3.77
 213811.071    48.923     1.76    3.08
 214186.850    49.596     1.79    2.19
 214562.631    46.524    -8.18    8.45
 214938.416    42.072   -11.85   13.58
 215314.203    33.801   -22.01   16.33
 215689.994    25.750   -21.43   14.15
 216065.787    21.263   -11.94   10.34
 216441.583    19.301    -5.22    6.94
 216817.383    21.365     5.49    8.03
 217193.185    24.222     7.60   10.84
 217568.990    24.385     0.43   10.93
 217944.798    24.494     0.29   11.26
 218320.609    23.064    -3.80    9.57
 218696.423    24.622     4.14   11.20
 219072.240    26.591     5.24   11.82
 219448.060    27.176     1.56   12.47
 219823.883    28.693     4.04   12.55
 220199.709    29.876     3.15   12.35
 220575.538    28.699    -3.13   11.68
 220951.369    27.936    -2.03   10.44
 221327.204    27.612    -0.86   11.05
 221703.042    28.747     3.02   10.40
 222078.883    28.959     0.56    9.50
 222454.726    29.750     2.10   10.19
 222830.573    28.051    -4.52    9.46
 223206.422    30.276     5.92   10.98
 223582.275    29.722    -1.47   10.74
 223958.131    28.968    -2.01   10.43
 224333.989    30.959     5.30   10.79
 224709.851    31.930     2.58   11.18
 225085.715    30.750    -3.14   10.33
 225461.583    33.196     6.51   10.64
 225837.453    34.176     2.61   10.77
 226213.327    34.774     1.59   10.37
 226589.203    36.151     3.66   10.58
 226965.083    35.083    -2.84   10.55
 227340.965    34.746    -0.90   10.75
 227716.850    34.099    -1.72   10.30
 228092.739    33.288    -2.16   10.76
 228468.630    33.064    -0.59   10.40
 228844.525    33.726     1.76    9.69
 229220.422    33.072    -1.74    9.68
 229596.323    33.776     1.87    8.07
 229972.226    37.955    11.12    9.22
 230348.133    43.380    14.43    7.09
 230724.042    45.591     5.88    4.97
 231099.954    46.519     2.47    5.00
 231475.870    46.012    -1.35    4.93
 231851.789    46.342     0.88    4.71
 232227.710    46.776     1.16    4.94
 232603.635    46.135    -1.71    4.93
 232979.562    46.401     0.71    4.76
 233355.493    47.186     2.09    4.23
 233731.426    48.412     3.26    4.18
 234107.363    48.720     0.82    4.49
 234483.303    48.828     0.29    4.00
 234859.245    47.417    -3.76    5.22
 235235.191    45.126    -6.09    6.18
 235611.140    45.135     0.02    5.85
 235987.092    45.051    -0.22    6.20
