-326275.158   102.171     0.00    8.08
-325899.406   101.836    -0.89    7.83
-325523.659   102.784     2.52    7.99
-325147.915   105.847     8.15    6.19
-324772.174   107.409     4.16    5.87
-324396.437   109.220     4.82    6.39
-324020.704   108.942    -0.74    6.11
-323644.604   110.114     3.12    4.87
-323268.170   110.308     0.52    4.40
-322891.740   109.573    -1.95    4.62
-322515.313   108.678    -2.38    4.18
-322138.890   109.193     1.37    3.90
-321762.470   107.908    -3.41    4.89
-321386.053   107.571    -0.90    4.66
-321009.641   105.473    -5.58    4.87
-320633.232   102.780    -7.15    5.80
-320256.826   101.088    -4.50    6.12
-319880.424    98.099    -7.94    7.02
-319504.025    96.114    -5.28    6.61
-319127.630    94.806    -3.47    6.76
-318751.239    90.874   -10.45    8.88
-318374.851    87.344    -9.38    9.04
-317998.466    86.355    -2.63    8.55
-317622.085    89.733     8.98    9.83
-317245.708    94.524    12.73    9.07
-316869.334    97.746     8.56    7.68
-316492.964    97.934     0.50    7.12
-316116.597   101.524     9.54    7.35
-315740.233   103.193     4.43    7.11
-315363.874   105.575     6.33    6.29
-314987.517   107.112     4.08    5.42
-314611.165   106.755    -0.95    5.34
-314234.815   105.960    -2.11    5.32
-313858.469   103.409    -6.78    7.51
-313482.127   100.047    -8.93    8.62
-313105.788    96.062   -10.59    8.04
-312729.453    93.370    -7.15    6.72
-312353.121    91.247    -5.64    5.28
-311976.793    89.524    -4.58    3.20
-311600.468    89.274    -0.66    3.51
-311224.147    88.942    -0.88    3.27
-310847.829    88.678    -0.70    3.44
-310471.515    87.965    -1.90    4.37
-310095.204    85.447    -6.69    4.33
-309718.897    84.678    -2.04    4.22
-309342.593    85.763     2.88    5.29
-308966.293    87.293     4.07    5.52
-308589.996    89.847     6.79    3.74
-308213.703    90.601     2.00    2.57
-307837.413    90.073    -1.40    2.45
-307461.126    88.949    -2.99    2.41
-307084.843    88.806    -0.38    2.64
-306708.564    87.626    -3.13    3.22
-306332.288    86.139    -3.95    3.32
-305956.015    84.902    -3.29    3.21
-305579.746    84.037    -2.30    3.02
-305203.481    83.409    -1.67    3.14
-304827.219    83.599     0.51    3.47
-304450.960    83.517    -0.22    3.52
-304074.705    84.410     2.37    2.78
-303698.453    84.011    -1.06    2.61
-303322.205    82.994    -2.70    3.26
-302945.960    82.513    -1.28    3.59
-302569.718    82.473    -0.11    3.57
-302193.480    82.124    -0.93    3.52
-301817.246    83.037     2.43    2.99
-301441.015    83.524     1.29    2.04
-301064.787    83.490    -0.09    2.10
-300688.563    83.216    -0.73    2.73
-300312.343    82.857    -0.95    2.76
-299936.125    82.427    -1.14    2.69
-299559.912    81.057    -3.64    3.32
-299183.701    79.877    -3.14    3.53
-298807.494    78.787    -2.90    3.47
-298431.291    77.706    -2.87    3.46
-298055.091    77.733     0.07    3.36
-297678.894    77.652    -0.22    3.12
-297302.701    76.139    -4.02    3.82
-296926.511    72.550    -9.54    5.97
-296550.325    69.458    -8.22    6.00
-296174.142    66.883    -6.84    5.76
-295797.962    67.513     1.68    6.24
-295421.786    69.389     4.99    5.36
-295045.613    71.575     5.81    4.62
-294669.444    72.625     2.79    2.47
-294293.278    72.784     0.42    2.09
-293917.116    73.139     0.95    2.40
-293540.957    72.832    -0.82    2.39
-293164.801    72.490    -0.91    2.35
-292788.649    72.302    -0.50    2.24
-292412.500    72.573     0.72    2.44
-292036.355    72.706     0.35    2.45
-291660.213    73.409     1.87    2.72
-291284.074    74.138     1.94    2.72
-290907.939    74.396     0.69    2.46
-290531.807    73.985    -1.09    3.04
-290155.679    74.291     0.81    3.10
-289779.554    74.573     0.75    3.11
-289403.432    74.819     0.65    2.94
-289027.314    75.047     0.61    3.11
-288651.199    75.678     1.68    2.83
-288275.088    75.544    -0.36    2.74
-287898.980    74.942    -1.60    2.68
-287522.875    75.284     0.91    2.54
-287146.774    74.852    -1.15    2.86
-286770.676    73.895    -2.54    2.96
-286394.581    73.927     0.08    2.78
-286018.490    73.780    -0.39    2.72
-285642.402    73.490    -0.77    2.87
-285266.318    73.868     1.01    3.14
-284890.237    73.463    -1.08    3.34
-284514.159    72.498    -2.57    3.74
-284138.085    70.191    -6.14    4.44
-283762.014    69.291    -2.39    4.30
-283385.946    70.231     2.50    4.84
-283009.882    71.152     2.45    4.29
-282633.821    71.994     2.24    3.79
-282257.763    71.139    -2.27    3.88
-281881.709    69.544    -4.24    3.44
-281505.658    68.020    -4.05    2.21
-281129.611    67.784    -0.63    1.70
-280753.567    67.977     0.51    1.62
-280377.526    67.517    -1.22    1.90
-280001.489    67.377    -0.37    2.01
-279625.455    67.447     0.19    1.79
-279249.424    67.274    -0.46    1.95
-278873.397    66.787    -1.29    2.43
-278497.373    66.247    -1.44    2.58
-278121.352    63.832    -6.42    7.13
-277745.334    63.037    -2.11    6.09
-277369.320    62.152    -2.35    5.20
-276993.310    60.494    -4.41    3.46
-276617.302    58.598    -5.04    3.06
-276241.298    55.994    -6.93    3.97
-275865.298    53.780    -5.89    4.27
-275489.300    51.490    -6.09    3.69
-275113.306    50.468    -2.72    3.07
-274737.315    51.126     1.75    3.21
-274361.328    51.827     1.87    4.33
-273985.344    53.030     3.20    4.26
-273609.363    55.027     5.31    4.56
-273233.386    54.908    -0.32    6.50
-272857.411    54.166    -1.98    8.19
-272481.441    54.112    -0.14    8.64
-272105.473    54.382     0.72    8.21
-271729.509    54.447     0.17    7.47
-271353.548    55.037     1.57    4.73
-270977.590    55.430     1.05    3.41
-270601.636    54.177    -3.33    4.18
-270225.685    51.436    -7.29    5.61
-269849.737    50.124    -3.49    5.84
-269473.793    49.344    -2.07    5.41
-269097.852    49.705     0.96    5.24
-268721.914    49.678    -0.07    5.32
-268345.979    49.547    -0.35    6.14
-267970.048    50.002     1.21    6.58
-267594.120    50.436     1.15    6.47
-267218.195    52.127     4.50    5.63
-266842.274    54.524     6.38    2.27
-266466.356    54.652     0.34    2.45
-266090.441    57.166     6.69    5.88
-265714.529    62.544    14.31    9.79
-265338.621    67.883    14.20   10.97
-264962.716    72.755    12.96    8.49
-264586.814    74.458     4.53    6.62
-264210.916    75.602     3.04    6.68
-263835.021    78.836     8.60    9.09
-263459.129    85.124    16.73   10.90
-263083.240    89.524    11.71   10.77
-262707.355    92.099     6.85    9.11
-262331.473    92.363     0.70    8.90
-261955.594    91.284    -2.87    7.89
-261579.718    93.352     5.50    8.92
-261203.846    96.220     7.63    8.95
-260827.977   100.077    10.26    8.45
-260452.111   102.421     6.24    7.67
-260076.248   101.513    -2.42    8.13
-259700.389    99.517    -5.31    8.59
-259324.533    97.895    -4.31    7.83
-258948.680    95.573    -6.18    7.41
-258572.831    96.627     2.80    8.40
-258196.984    99.124     6.64    8.61
-257821.141   100.252     3.00    7.69
-257445.301   100.382     0.35    7.16
-257069.465    97.085    -8.77    9.06
-256693.631    91.494   -14.88    9.82
-256317.801    89.915    -4.20    9.09
-255941.974    91.073     3.08   10.15
-255566.151    92.731     4.41   10.11
-255190.330    97.202    11.90   11.00
-254814.513   101.571    11.63    8.22
-254438.699   101.152    -1.11    7.43
-254062.888   102.421     3.38    6.67
-253687.081   103.235     2.17    6.97
-253311.276   107.463    11.25    7.56
-252935.475   111.985    12.04    7.59
-252559.677   113.267     3.41    7.08
-252183.883   114.102     2.22    5.94
-251808.091   114.166     0.17    5.09
-251432.303   113.277    -2.36    5.07
-251056.518   112.547    -1.94    5.12
-250680.736   111.310    -3.29    5.53
-250304.957   112.810     3.99    6.18
-249929.182   112.547    -0.70    6.62
-249553.410   112.152    -1.05    7.06
-249177.641   110.571    -4.21    6.80
-248801.875   106.727   -10.23    8.14
-248425.533   100.571   -16.36   10.18
-248049.127    98.027    -6.76    9.43
-247672.723    99.757     4.60   10.45
-247296.323   103.569    10.13   11.81
-246919.926   109.003    14.44   10.00
-246543.532   114.069    13.46    6.01
-246167.142   115.524     3.87    5.81
-245790.755   115.852     0.87    6.14
-245414.370   116.382     1.41    6.25
-245037.989   117.052     1.78    5.49
-244661.612   117.832     2.07    6.28
-244285.237   117.205    -1.67    6.95
-243908.866   117.231     0.07    7.12
-243532.498   117.755     1.39    6.32
-243156.133   117.810     0.15    6.28
-242779.771   118.235     1.13    5.63
-242403.412   120.062     4.85    5.85
-242027.057   121.976     5.09    5.52
-241650.704   122.427     1.20    4.28
-241274.355   122.447     0.05    4.03
-240898.009   121.452    -2.64    4.81
-240521.666   117.814    -9.67    6.79
-240145.327   116.463    -3.59    7.31
-239768.990   116.205    -0.69    6.80
-239392.657   117.678     3.91    7.39
-239016.327   118.409     1.94    7.16
-238640.000   116.352    -5.47    9.34
-238263.676   115.062    -3.43    9.47
-237887.356   113.355    -4.54    9.25
-237511.038   113.257    -0.26    8.90
-237134.724   114.011     2.00    8.08
-236758.413   112.705    -3.47    7.84
-236382.105   112.152    -1.47    7.80
-236005.800   112.729     1.53    8.35
-235629.498   112.274    -1.21    9.16
-235253.200   112.524     0.66    9.49
-234876.904   113.370     2.25    8.32
-234500.612   111.081    -6.08    9.64
-234124.323   103.868   -19.17   11.18
-233748.037    97.490   -16.95   10.53
-233371.754    96.363    -3.00   10.70
-232995.474    99.062     7.18   12.99
-232619.198   104.097    13.38   13.33
-232242.924   110.335    16.58   10.06
-231866.654   113.114     7.38    6.84
-231490.387   112.895    -0.58    5.74
-231114.123   109.037   -10.26    7.64
-230737.862   106.678    -6.27    8.33
-230361.604   105.601    -2.86    8.95
-229985.350   105.057    -1.44    8.12
-229609.098   104.421    -1.69    8.15
-229232.850   105.069     1.72    7.83
-228856.604   104.421    -1.72    7.75
-228480.362   104.883     1.23    7.89
-228104.123   107.887     7.99    7.31
-227727.887   107.814    -0.19    7.21
-227351.654   106.139    -4.45    6.96
-226975.424   105.757    -1.01    6.19
-226599.198   103.787    -5.24    6.85
-226222.974   102.814    -2.59    6.90
-225846.754   102.052    -2.03    7.54
-225470.536   101.242    -2.15    6.90
-225094.322   100.571    -1.78    7.40
-224718.111    96.575   -10.62    9.21
-224341.903    93.652    -7.77   10.33
-223965.698    91.293    -6.27    9.50
-223589.496    89.328    -5.22    9.37
-223213.297    89.037    -0.77    9.72
-222837.102    86.485    -6.78   10.75
-222460.909    80.960   -14.69   11.73
-222084.720    77.806    -8.38   11.75
-221708.533    72.410   -14.35    6.94
-221332.350    72.178    -0.61    6.78
-220956.170    75.112     7.80   10.29
-220579.993    77.836     7.24   11.49
-220203.818    81.003     8.42   12.35
-219827.647    85.124    10.96   12.61
-219451.479    89.883    12.65   11.03
-219075.315    90.293     1.09   10.61
-218699.153    93.099     7.46    9.82
-218322.994    93.757     1.75    9.87
-217946.838    96.447     7.15    9.62
-217570.686    99.344     7.70    9.11
-217194.536   101.517     5.78    8.66
-216818.390   104.088     6.84    8.62
-216442.246   108.124    10.73    8.14
-216066.106   110.114     5.29    7.48
-215689.969   110.370     0.68    6.70
-215313.834   110.558     0.50    5.83
-214937.703   110.601     0.11    6.08
-214561.575   107.030    -9.49    6.52
-214185.450   104.409    -6.97    6.86
-213809.328   102.057    -6.25    8.34
-213433.209    98.597    -9.20    9.93
-213057.093    96.231    -6.29    9.87
-212680.980    94.857    -3.65   10.68
-212304.870    93.247    -4.28   10.35
-211928.763    96.165     7.76   10.62
-211552.659    97.780     4.30   10.81
-211176.558    99.242     3.89   10.53
-210800.461   103.328    10.86   11.45
-210424.366   102.960    -0.98   10.71
-210048.274   102.949    -0.03    9.53
-209672.186   102.284    -1.77    9.24
-209296.100    97.968   -11.48    8.94
-208920.017    95.402    -6.82    7.96
-208543.938    90.806   -12.22    6.79
-208167.861    85.705   -13.56    7.67
-207791.788    81.787   -10.42    8.41
-207415.717    77.922   -10.28    6.65
-207039.650    77.541    -1.01    6.21
-206663.585    82.494    13.17   11.59
-206287.524    87.088    12.22   11.82
-205911.465    93.112    16.02   10.74
-205535.410    96.832     9.89   10.28
-205159.357    97.652     2.18    9.74
-204783.308    99.139     3.95    9.82
-204407.261   102.328     8.48   10.17
-204031.218   106.319    10.61    9.43
-203655.177   113.220    18.35    9.84
-203279.140   118.733    14.66    7.89
-202903.105   121.573     7.55    6.51
-202527.074   122.808     3.28    5.69
-202151.045   121.601    -3.21    4.85
-201775.020   121.784     0.49    4.31
-201398.997   121.085    -1.86    4.43
-201022.978   120.520    -1.50    4.93
-200646.961   122.374     4.93    4.86
-200270.948   123.547     3.12    4.56
-199894.937   124.242     1.85    4.30
-199518.930   123.598    -1.71    4.99
-199142.925   122.344    -3.33    4.69
-198766.923   121.473    -2.32    5.25
-198390.925   120.011    -3.89    5.39
-198014.929   118.463    -4.12    6.17
-197638.936   116.601    -4.95    5.68
-197262.946   114.949    -4.39    5.17
-196886.960   114.003    -2.52    5.97
-196510.976   112.382    -4.31    6.81
-196134.995   111.902    -1.28    6.74
-195759.017   109.062    -7.55    7.75
-195383.042   105.047   -10.68    7.31
-195007.070   104.402    -1.71    7.22
-194631.101   101.216    -8.47    7.17
-194255.135    96.985   -11.25    8.87
-193879.172    91.757   -13.91    9.26
-193503.212    90.267    -3.96    9.50
-193127.255    92.544     6.06   13.38
-192751.300    99.601    18.77   14.30
-192375.349   106.626    18.69   11.46
-191999.401   109.752     8.31    7.52
-191623.455   109.355    -1.06    5.94
-191247.513   108.377    -2.60    6.23
-190871.573   108.679     0.80    6.22
-190495.637   111.139     6.54    6.76
-190119.703   111.787     1.73    6.10
-189743.772   112.946     3.08    7.21
-189367.844   115.011     5.49    6.84
-188991.920   117.370     6.28    5.55
-188615.998   118.152     2.08    5.71
-188240.079   118.883     1.94    5.73
-187864.162   118.124    -2.02    6.49
-187488.249   115.703    -6.44    8.10
-187112.339   113.011    -7.16    8.59
-186736.432   110.382    -6.99    7.54
-186360.527   108.520    -4.95    6.69
-185984.626   109.601     2.87    6.70
-185608.727   111.502     5.06    6.76
-185232.832   115.706    11.18    6.84
-184856.939   117.447     4.63    5.39
-184481.049   117.626     0.48    5.52
-184105.162   117.814     0.50    4.98
-183729.278   116.976    -2.23    5.67
-183353.397   115.509    -3.90    5.44
-182977.519   113.447    -5.49    5.89
-182601.643   112.402    -2.78    5.99
-182225.771   112.263    -0.37    5.25
-181849.901   113.421     3.08    5.64
-181474.035   114.680     3.35    5.73
-181098.171   117.678     7.98    6.45
-180722.310   120.344     7.10    6.05
-180346.452   120.915     1.52    5.59
-179970.597   120.310    -1.61    5.71
-179594.745   117.832    -6.59    6.18
-179218.896   113.202   -12.32    7.51
-178843.049   109.976    -8.58    6.76
-178467.206   108.421    -4.14    6.19
-178091.365   107.889    -1.42    6.54
-177715.527   107.057    -2.21    7.34
-177339.692   104.328    -7.26    9.42
-176963.860   100.024   -11.45   10.73
-176588.031    95.267   -12.66   11.42
-176212.205    90.327   -13.15    9.72
-175836.382    85.976   -11.58    8.91
-175460.561    84.832    -3.05    8.81
-175084.743    83.235    -4.25    7.05
-174708.929    81.678    -4.14    7.32
-174333.117    80.447    -3.28    5.83
-173957.308    79.573    -2.33    5.43
-173581.350    78.868    -1.87    5.96
-173204.975    79.191     0.86    5.51
-172828.604    77.702    -3.95    5.27
-172452.236    77.355    -0.92    5.87
-172075.870    77.202    -0.41    6.20
-171699.508    76.355    -2.25    5.97
-171323.148    75.490    -2.30    5.94
-170946.791    74.706    -2.08    6.37
-170570.437    71.985    -7.23    6.26
-170194.086    71.037    -2.52    5.91
-169817.737    69.627    -3.75    6.12
-169441.392    68.097    -4.07    5.60
-169065.049    66.602    -3.97    6.31
-168688.709    65.810    -2.10    6.97
-168312.372    65.960     0.40    6.29
-167936.038    66.216     0.68    5.88
-167559.707    67.126     2.42    6.48
-167183.378    66.126    -2.66    6.32
-166807.053    66.382     0.68    6.52
-166430.730    65.902    -1.27    6.36
-166054.410    65.013    -2.36    6.19
-165678.093    64.977    -0.10    6.16
-165301.778    63.599    -3.66    6.19
-164925.467    63.430    -0.45    6.25
-164549.158    63.490     0.16    5.87
-164172.852    63.708     0.58    5.52
-163796.549    64.703     2.65    4.95
-163420.249    63.602    -2.93    5.03
-163043.952    60.922    -7.12    5.32
-162667.657    60.027    -2.38    6.71
-162291.366    59.114    -2.43    6.38
-161915.077    59.047    -0.18    6.62
-161538.791    60.520     3.92    7.39
-161162.507    60.088    -1.15    6.83
-160786.227    59.257    -2.21    7.64
-160409.949    57.874    -3.68    7.43
-160033.674    55.421    -6.52    8.09
-159657.402    52.652    -7.36    7.74
-159281.133    50.302    -6.25    7.13
-158904.866    48.934    -3.64    6.92
-158528.603    47.138    -4.77    6.10
-158152.342    46.085    -2.80    6.27
-157776.084    44.760    -3.52    5.33
-157399.828    43.152    -4.27    5.66
-157023.576    43.396     0.65    6.37
-156647.326    43.220    -0.47    6.85
-156271.079    43.852     1.68    6.35
-155894.835    44.729     2.33    6.33
-155518.594    44.784     0.15    5.54
-155142.355    44.520    -0.70    4.13
-154766.119    43.832    -1.83    3.69
-154389.886    43.293    -1.43    3.38
-154013.656    42.485    -2.15    4.38
-153637.429    44.216     4.60    3.55
-153261.204    45.763     4.11    3.44
-152884.982    48.473     7.20    4.72
-152508.763    52.088     9.61    5.95
-152132.547    56.938    12.89    5.62
-151756.333    59.841     7.72    5.78
-151380.122    62.544     7.18    5.17
-151003.914    64.073     4.06    5.25
-150627.709    63.652    -1.12    4.90
-150251.506    63.069    -1.55    4.88
-149875.306    63.823     2.00    5.84
-149499.109    65.139     3.50    6.87
-149122.915    67.355     5.89    6.17
-148746.723    68.517     3.09    6.60
-148370.535    71.284     7.35    7.93
-147994.349    75.601    11.48    8.59
-147618.165    82.708    18.89   11.31
-147241.985    88.114    14.37    9.68
-146865.807    89.819     4.53    9.78
-146489.632    90.011     0.51    8.41
-146113.459    90.267     0.68    7.83
-145737.290    88.996    -3.38    7.62
-145361.123    86.436    -6.81    7.75
-144984.959    82.544   -10.35    6.57
-144608.798    79.706    -7.54    4.65
-144232.639    76.889    -7.49    5.14
-143856.483    75.625    -3.36    5.31
-143480.330    76.267     1.71    6.14
-143104.179    76.447     0.48    5.99
-142728.032    77.520     2.85    5.00
-142351.886    78.868     3.58    4.91
-141975.744    80.062     3.17    4.63
-141599.605    80.883     2.18    4.93
-141223.468    81.328     1.18    4.85
-140847.334    82.139     2.16    5.45
-140471.202    82.085    -0.15    5.43
-140095.073    84.037     5.19    5.73
-139718.947    87.165     8.32    7.23
-139342.824    89.996     7.53    9.11
-138966.703    92.652     7.06   10.88
-138590.586    90.382    -6.04   11.67
-138214.470    87.544    -7.55   11.12
-137838.358    86.524    -2.71   11.15
-137462.248    87.490     2.57   11.79
-137086.141    93.216    15.23   12.31
-136710.037    97.755    12.07   11.06
-136333.935    98.868     2.96    9.39
-135957.836    98.319    -1.46    9.04
-135581.740    96.062    -6.00    8.31
-135205.646    94.524    -4.09    8.09
-134829.555    94.544     0.05    9.54
-134453.467    92.037    -6.67    6.34
-134077.381    90.193    -4.90    5.13
-133701.298    89.257    -2.49    5.88
-133325.218    89.152    -0.28    6.08
-132949.141    89.215     0.17    6.25
-132573.066    92.601     9.00   10.17
-132196.994    96.757    11.05   10.66
-131820.924    97.625     2.31   10.48
-131444.857    94.857    -7.36    9.21
-131068.793    91.597    -8.67    7.20
-130692.732    92.062     1.24    7.83
-130316.673    90.447    -4.30    6.83
-129940.617    89.085    -3.62    6.93
-129564.563    87.832    -3.33    6.52
-129188.512    86.267    -4.16    4.92
-128812.464    85.114    -3.07    4.72
-128436.419    83.112    -5.32    4.36
-128060.376    81.705    -3.74    4.04
-127684.335    79.868    -4.88    4.65
-127308.298    77.409    -6.54    5.17
-126932.263    75.220    -5.82    5.45
-126556.231    72.558    -7.08    3.99
-126180.201    71.037    -4.05    3.44
-125804.174    70.626    -1.09    3.83
-125428.150    70.097    -1.41    4.39
-125052.128    68.678    -3.77    4.89
-124676.109    66.624    -5.46    4.96
-124300.093    65.832    -2.11    4.20
-123924.079    65.047    -2.09    3.77
-123548.068    65.652     1.61    4.56
-123172.059    66.409     2.01    4.52
-122796.054    65.319    -2.90    4.57
-122420.050    65.359     0.11    4.13
-122044.050    64.874    -1.29    3.60
-121668.052    63.968    -2.41    3.81
-121292.056    62.520    -3.85    3.95
-120916.064    60.760    -4.68    4.39
-120540.074    59.355    -3.74    4.59
-120164.086    58.366    -2.63    4.19
-119788.101    58.139    -0.60    4.39
-119412.119    58.011    -0.34    4.16
-119036.139    56.985    -2.73    4.06
-118660.162    57.191     0.55    3.72
-118284.188    56.069    -2.98    3.28
-117908.216    53.942    -5.66    4.75
-117532.247    50.784    -8.40    5.63
-117156.280    48.178    -6.93    4.87
-116780.316    45.112    -8.16    4.49
-116404.355    43.729    -3.68    4.97
-116028.396    43.018    -1.89    5.40
-115652.440    42.708    -0.83    5.19
-115276.487    44.573     4.96    6.47
-114900.536    49.139    12.14    8.74
-114524.587    53.328    11.14    8.53
-114148.641    55.247     5.10    6.62
-113772.698    53.081    -5.76    8.29
-113396.757    51.027    -5.46    7.17
-113020.819    49.755    -3.38    6.88
-112644.884    51.166     3.75    6.71
-112268.951    54.242     8.18    5.57
-111893.021    56.949     7.20    4.45
-111517.093    57.547     1.59    4.41
-111141.168    58.908     3.62    4.42
-110765.245    58.908     0.00    4.11
-110389.326    60.706     4.78    4.30
-110013.408    62.020     3.50    3.79
-109637.493    62.934     2.43    3.58
-109261.581    63.706     2.05    3.38
-108885.671    64.139     1.15    3.52
-108509.764    65.436     3.45    3.75
-108133.860    66.922     3.95    4.48
-107757.958    68.112     3.16    4.18
-107382.058    67.874    -0.63    3.73
-107006.161    67.088    -2.09    4.35
-106630.267    66.152    -2.49    4.42
-106254.375    66.003    -0.40    3.98
-105878.486    66.473     1.25    3.92
-105502.599    68.073     4.26    4.19
-105126.715    71.370     8.77    4.87
-104750.834    74.473     8.25    5.10
-104374.955    76.601     5.66    5.52
-103999.078    80.124     9.37    4.94
-103623.204    82.442     6.17    6.68
-103247.333    82.062    -1.01    6.00
-102871.464    80.819    -3.31    6.89
-102495.598    79.319    -3.99    6.99
-102119.734    75.544   -10.04    5.21
-101743.873    73.652    -5.03    4.51
-101368.014    74.517     2.30    5.61
-100992.158    76.291     4.72    8.19
-100616.304    81.191    13.04    9.69
-100240.453    86.164    13.23   11.14
 -99864.604    89.814     9.71   10.90
 -99488.758    94.577    12.67   10.43
 -99112.915    99.731    13.71    8.24
 -98737.074   100.626     2.38    8.29
 -98360.914    99.994    -1.68    9.40
 -97984.569    98.678    -3.50    9.73
 -97608.226    95.874    -7.45    8.40
 -97231.886    93.625    -5.98    7.75
 -96855.549    92.267    -3.61    7.33
 -96479.214    93.338     2.84    8.21
 -96102.882    96.524     8.47   11.30
 -95726.552   103.370    18.19   13.21
 -95350.224   109.597    16.55   11.16
 -94973.900   114.463    12.93    7.94
 -94597.577   115.463     2.66    5.59
 -94221.257   115.573     0.29    4.85
 -93844.940   114.377    -3.18    5.09
 -93468.625   113.436    -2.50    6.40
 -93092.313   111.780    -4.40    6.40
 -92716.003   111.442    -0.90    6.46
 -92339.696   111.626     0.49    6.61
 -91963.391   111.166    -1.22    6.47
 -91587.089   110.152    -2.69    6.19
 -91210.789   108.757    -3.71    6.37
 -90834.492   108.544    -0.57    6.22
 -90458.197   107.020    -4.05    7.00
 -90081.904   106.180    -2.23    7.91
 -89705.615   104.703    -3.92    8.22
 -89329.327   102.267    -6.47    9.40
 -88953.042    99.338    -7.79    9.29
 -88576.760    93.057   -16.69    8.60
 -88200.480    89.544    -9.34    7.61
 -87824.203    90.030     1.29    8.47
 -87447.928    92.102     5.51    9.48
 -87071.655    93.409     3.47    9.55
 -86695.385    89.942    -9.22   11.10
 -86319.117    83.705   -16.58   11.39
 -85942.852    78.293   -14.38    7.55
 -85566.590    75.841    -6.52    5.15
 -85190.330    75.152    -1.83    4.55
 -84814.072    76.336     3.15    4.70
 -84437.817    78.708     6.30    5.94
 -84061.564    80.841     5.67    7.09
 -83685.313    83.409     6.82    8.41
 -83309.066    87.037     9.64   10.18
 -82932.820    91.319    11.38   10.86
 -82556.577    93.402     5.54   10.07
 -82180.337    96.166     7.35    9.94
 -81804.099    97.706     4.09    9.49
 -81427.863    99.382     4.45    8.95
 -81051.630   100.550     3.10    8.74
 -80675.399   101.231     1.81    8.38
 -80299.171   102.729     3.98    8.37
 -79922.945   104.678     5.18    7.40
 -79546.722   105.780     2.93    6.41
 -79170.501   104.868    -2.42    5.94
 -78794.282   105.370     1.33    6.22
 -78418.066   107.494     5.65    5.40
 -78041.853   108.069     1.53    6.26
 -77665.641   107.382    -1.83    6.91
 -77289.433   106.013    -3.64    6.83
 -76913.226   102.787    -8.58    7.16
 -76537.022   103.985     3.19    6.79
 -76160.821   105.746     4.68    6.40
 -75784.622   105.678    -0.18    6.13
 -75408.425   104.468    -3.22    7.12
 -75032.231   100.819    -9.70    8.71
 -74656.039    94.550   -16.67   10.93
 -74279.849    90.625   -10.43    9.62
 -73903.662    88.421    -5.86    9.99
 -73527.478    89.908     3.95   10.40
 -73151.296    91.126     3.24   10.58
 -72775.116    93.784     7.07    8.67
 -72398.939    93.011    -2.05    6.83
 -72022.764    91.703    -3.48    8.24
 -71646.591    89.235    -6.56    8.98
 -71270.421    89.598     0.96   10.39
 -70894.253    90.085     1.29   11.18
 -70518.088    89.841    -0.65   10.95
 -70141.925    88.099    -4.63   10.62
 -69765.764    85.481    -6.96    9.05
 -69389.606    87.577     5.57    9.68
 -69013.450    90.755     8.45    9.81
 -68637.297    94.680    10.44    8.90
 -68261.146    98.267     9.54    7.37
 -67884.997   100.490     5.91    6.66
 -67508.851   100.626     0.36    6.57
 -67132.707    98.520    -5.60    7.35
 -66756.566    95.960    -6.81    7.43
 -66380.426    94.328    -4.34    6.74
 -66004.290    93.099    -3.27    7.30
 -65628.155    90.327    -7.37    8.83
 -65252.023    86.566   -10.00   10.74
 -64875.894    83.193    -8.97   10.99
 -64499.767    81.274    -5.10    9.36
 -64123.642    80.598    -1.80    8.77
 -63747.519    78.328    -6.04    9.20
 -63371.399    74.338   -10.61   10.01
 -62995.281    67.677   -17.71    7.54
 -62619.166    62.960   -12.54    6.51
 -62243.053    59.598    -8.94    6.05
 -61866.942    54.780   -12.81    7.33
 -61490.834    51.257    -9.37    6.99
 -61114.728    48.336    -7.77    5.36
 -60738.624    48.889     1.47    6.59
 -60362.523    50.883     5.30    8.07
 -59986.424    55.112    11.24    7.95
 -59610.327    58.284     8.43    6.45
 -59234.233    60.677     6.36    6.07
 -58858.141    63.595     7.76    6.84
 -58482.052    69.626    16.04   10.97
 -58105.965    73.003     8.98   11.54
 -57729.880    76.139     8.34   10.17
 -57353.797    77.922     4.74    9.43
 -56977.717    73.985   -10.47    7.67
 -56601.639    72.370    -4.30    7.80
 -56225.564    75.626     8.66   11.40
 -55849.490    81.544    15.74   13.84
 -55473.420    90.985    25.11   12.54
 -55097.351    97.205    16.54    9.86
 -54721.285   100.473     8.69    7.83
 -54345.221   102.085     4.29    5.84
 -53969.159   101.242    -2.24    5.92
 -53593.100    99.347    -5.04    6.73
 -53217.043    97.205    -5.70    7.89
 -52840.989    94.806    -6.38    8.04
 -52464.936    93.281    -4.06    8.95
 -52088.886    91.652    -4.33    9.45
 -51712.839    92.382     1.94    9.44
 -51336.793    92.787     1.08    9.64
 -50960.750    92.679    -0.29    8.88
 -50584.709    92.902     0.59   10.04
 -50208.671    88.319   -12.19   11.79
 -49832.635    83.603   -12.54   13.29
 -49456.601    77.247   -16.90   10.83
 -49080.569    71.729   -14.67    6.20
 -48704.540    69.729    -5.32    5.10
 -48328.513    69.216    -1.36    5.07
 -47952.489    70.284     2.84    5.08
 -47576.466    70.191    -0.25    3.97
 -47200.446    72.166     5.25    4.62
 -46824.428    73.841     4.46    5.05
 -46448.413    74.810     2.58    4.96
 -46072.400    75.052     0.64    4.89
 -45696.389    73.806    -3.31    3.98
 -45320.380    73.915     0.29    4.90
 -44944.374    74.208     0.78    4.44
 -44568.370    74.490     0.75    3.91
 -44192.368    73.013    -3.93    4.09
 -43816.368    69.389    -9.64    6.26
 -43440.371    67.052    -6.22    5.93
 -43064.376    65.355    -4.51    5.27
 -42688.383    65.550     0.52    4.52
 -42312.393    68.442     7.69    3.98
 -41936.405    70.293     4.92    4.31
 -41560.419    75.085    12.74    6.92
 -41184.435    81.652    17.47   11.18
 -40808.454    85.652    10.64   11.13
 -40432.475    91.274    14.95   11.04
 -40056.498    94.274     7.98   10.98
 -39680.523    92.224    -5.45   10.32
 -39304.551    90.165    -5.48   10.61
 -38928.581    88.011    -5.73   12.11
 -38552.613    87.458    -1.47   12.21
 -38176.647    85.382    -5.52   12.73
 -37800.684    85.597     0.57   13.45
 -37424.723    83.389    -5.87   13.61
 -37048.764    81.627    -4.69   12.16
 -36672.807    75.301   -16.83    8.43
 -36296.853    71.994    -8.80    9.64
 -35920.901    67.810   -11.13    8.71
 -35544.951    66.037    -4.72    7.93
 -35169.003    63.544    -6.63    7.10
 -34793.057    61.202    -6.23    5.99
 -34417.114    60.257    -2.51    5.83
 -34041.173    59.652    -1.61    6.45
 -33665.235    60.274     1.65    6.93
 -33289.298    59.735    -1.43    8.04
 -32913.364    57.729    -5.34    8.32
 -32537.432    56.139    -4.23    7.70
 -32161.502    55.374    -2.03    6.64
 -31785.574    54.520    -2.27    5.90
 -31409.649    54.124    -1.05    5.99
 -31033.725    51.310    -7.49    5.66
 -30657.804    49.191    -5.64    5.21
 -30281.886    46.787    -6.39    4.53
 -29905.969    44.442    -6.24    6.11
 -29530.055    40.705    -9.94    7.49
 -29154.143    38.502    -5.86    7.72
 -28778.233    35.382    -8.30    7.67
 -28402.325    32.857    -6.72    7.90
 -28026.419    31.242    -4.30    7.79
 -27650.516    29.598    -4.37    5.36
 -27274.615    29.085    -1.37    5.60
 -26898.716    30.112     2.73    5.83
 -26522.819    31.062     2.53    4.59
 -26146.925    31.806     1.98    4.00
 -25771.032    32.930     2.99    2.37
 -25395.142    32.577    -0.94    2.16
 -25019.254    31.922    -1.74    2.59
 -24643.368    33.328     3.74    4.85
 -24267.485    36.062     7.28    8.03
 -23891.603    39.310     8.64    9.93
 -23515.724    44.810    14.63   10.07
 -23139.408    47.994     8.46   10.11
 -22763.091    50.202     5.87    7.72
 -22386.777    49.922    -0.74    7.08
 -22010.465    46.377    -9.42    7.05
 -21634.155    42.678    -9.83    5.22
 -21257.848    40.597    -5.53    4.37
 -20881.542    40.003    -1.58    3.19
 -20505.239    40.841     2.23    3.13
 -20128.938    42.994     5.72    4.58
 -19752.639    45.252     6.00    3.91
 -19376.342    47.841     6.88    4.62
 -19000.047    49.327     3.95    4.45
 -18623.755    51.547     5.90    5.17
 -18247.464    53.112     4.16    5.94
 -17871.176    54.889     4.72    6.18
 -17494.890    56.703     4.82    6.71
 -17118.606    58.363     4.41    6.85
 -16742.325    60.124     4.68    6.26
 -16366.045    62.832     7.19    6.83
 -15989.768    66.301     9.22    7.09
 -15613.493    69.427     8.31    6.92
 -15237.220    73.575    11.02    8.74
 -14860.949    72.509    -2.83   11.40
 -14484.680    67.571   -13.12   14.12
 -14108.413    60.112   -19.82   12.13
 -13732.149    54.520   -14.86    7.60
 -13355.886    53.216    -3.47    6.89
 -12979.626    53.458     0.64    9.11
 -12603.368    50.213    -8.62    8.85
 -12227.112    48.242    -5.24    7.32
 -11850.858    46.274    -5.23    5.13
 -11474.607    47.868     4.24    5.88
 -11098.357    48.336     1.24    6.31
 -10722.110    48.960     1.66    7.36
 -10345.865    47.708    -3.33    7.82
  -9969.621    44.780    -7.78    8.06
  -9593.380    40.902   -10.31    6.77
  -9217.141    37.319    -9.52    5.31
  -8840.905    34.652    -7.09    5.60
  -8464.670    31.402    -8.64    5.03
  -8088.437    27.544   -10.25    4.46
  -7712.207    24.220    -8.84    3.78
  -7335.979    22.085    -5.68    3.81
  -6959.752    18.731    -8.91    3.74
  -6583.528    15.814    -7.75    3.69
  -6207.306    13.934    -5.00    3.19
  -5831.086    13.370    -1.50    3.19
  -5454.869    14.678     3.48    3.48
  -5078.653    15.284     1.61    4.50
  -4702.439    13.319    -5.22    7.45
  -4326.228    11.473    -4.91    9.07
  -3950.019     8.193    -8.72   10.03
  -3573.811     5.908    -6.07   10.37
  -3197.606     1.263   -12.35    7.52
  -2821.403    -1.348    -6.94    4.04
  -2445.202    -2.348    -2.66    0.00
  -2069.003    -2.348     0.00    0.00
  -1692.806    -2.348     0.00    0.00
  -1316.612    -2.348     0.00    0.00
   -940.419    -2.321     0.07    0.16
   -564.228    -2.194     0.34    0.49
   -188.040    -1.876     0.85    1.08
    188.147    -1.143     1.95    1.88
    564.331    -0.168     2.59    2.63
    940.513     1.436     4.26    3.27
   1316.693     2.447     2.69    3.15
   1692.871     2.652     0.55    2.91
   2069.047     1.806    -2.25    3.08
   2445.221     0.355    -3.86    2.81
   2821.393    -1.168    -4.05    1.99
   3197.563    -0.213     2.54    4.47
   3573.731     3.284     9.29    7.28
   3949.897     7.760    11.90    7.30
   4326.060    12.090    11.51    4.72
   4702.222    13.165     2.86    2.55
   5078.381    12.520    -1.71    2.96
   5454.539    11.374    -3.05    3.08
   5830.694    10.088    -3.42    3.47
   6206.848     8.680    -3.74    2.96
   6582.999     7.857    -2.19    3.14
   6959.148     7.257    -1.59    3.15
   7335.296     7.517     0.69    3.21
   7711.441    10.073     6.80    4.20
   8087.584    12.626     6.79    4.54
   8463.725    13.727     2.93    3.92
   8839.864    14.013     0.76    4.00
   9216.001    12.703    -3.48    4.88
   9592.136    11.205    -3.98    4.96
   9968.269    10.517    -1.83    5.83
  10344.400    11.409     2.37    6.35
  10720.529    14.481     8.17    6.61
  11096.656    16.703     5.91    6.75
  11472.781    19.002     6.11    5.65
  11848.903    19.624     1.65    5.02
  12225.024    19.011    -1.63    5.02
  12601.143    17.652    -3.61    4.80
  12977.260    16.205    -3.85    5.85
  13353.374    13.114    -8.22    8.46
  13729.487     8.020   -13.54   10.13
  14105.598     0.889   -18.96    8.10
  14481.707    -2.886   -10.04    5.29
  14857.813    -4.998    -5.61    0.48
  15233.918    -5.186    -0.50    0.37
  15610.020    -5.194    -0.02    0.37
  15986.121    -5.190     0.01    0.37
  16362.220    -5.267    -0.20    0.28
  16738.316    -5.321    -0.14    0.16
  17114.411    -5.070     0.67    1.67
  17490.504    -3.085     5.28    6.42
  17866.594    -0.723     6.28    8.20
  18242.683     0.347     2.84    8.07
  18618.770     3.216     7.63    8.95
  18994.854     4.787     4.18    9.08
  19370.937     7.942     8.39    8.75
  19747.017     8.575     1.68    8.74
  20123.096    10.652     5.52    7.28
  20499.173    11.355     1.87    6.70
  20875.248     9.968    -3.69    7.22
  21251.320     9.477    -1.31    7.13
  21627.391     9.208    -0.72    7.11
  22003.460     8.827    -1.01    6.79
  22379.527     6.257    -6.83    6.84
  22755.591     4.301    -5.20    6.92
  23131.654     2.922    -3.67    6.58
  23507.715     4.097     3.12    7.78
  23883.774     5.703     4.27    7.37
  24259.831     6.752     2.79    6.16
  24635.886     7.085     0.88    5.86
  25011.939     7.677     1.58    6.53
  25387.990     9.626     5.18    6.75
  25764.039    11.442     4.83    7.35
  26140.086    14.706     8.68    7.14
  26516.131    16.626     5.11    6.77
  26892.174    16.841     0.57    6.93
  27268.216    17.597     2.01    6.68
  27644.255    17.242    -0.94    6.72
  28020.292    18.791     4.12    5.36
  28396.327    19.832     2.77    4.90
  28772.361    20.626     2.11    6.70
  29148.392    23.985     8.93    3.25
  29524.422    25.679     4.50    2.43
  29900.449    26.301     1.65    2.35
  30276.475    25.520    -2.07    2.75
  30652.499    24.447    -2.85    3.06
  31028.521    23.976    -1.25    3.00
  31404.540    24.267     0.77    2.86
  31780.558    25.126     2.28    2.66
  32156.574    26.257     3.01    2.79
  32532.588    27.328     2.85    2.93
  32908.600    28.062     1.95    2.73
  33284.611    27.573    -1.30    3.22
  33660.619    24.569    -7.99    7.34
  34036.625    21.073    -9.30    8.20
  34412.630    20.319    -2.01    7.33
  34788.632    19.678    -1.70    6.20
  35164.633    21.293     4.30    4.87
  35540.631    23.505     5.88    4.22
  35916.628    24.949     3.84    3.88
  36292.623    26.895     5.18    2.43
  36668.616    26.895     0.00    1.91
  37044.607    26.927     0.08    2.24
  37420.596    25.355    -4.18    4.12
  37796.583    24.139    -3.23    4.25
  38172.568    23.703    -1.16    4.30
  38548.551    23.037    -1.77    4.33
  38924.533    22.328    -1.89    5.08
  39300.512    20.344    -5.28    5.73
  39676.490    18.863    -3.94    4.78
  40052.466    19.597     1.95    4.74
  40428.440    19.868     0.72    4.14
  40804.412    21.180     3.49    4.32
  41180.382    22.073     2.38    3.69
  41556.350    21.755    -0.85    3.70
  41932.316    20.933    -2.18    3.87
  42308.281    18.784    -5.72    5.69
  42684.243    15.571    -8.55    6.50
  43060.204    14.041    -4.07    7.17
  43436.163    12.601    -3.83    7.22
  43812.119    11.652    -2.52    7.37
  44188.074     9.550    -5.59    7.71
  44564.027     8.447    -2.93    7.16
  44939.979     5.960    -6.62    7.13
  45315.928     3.517    -6.50    6.26
  45691.876     0.927    -6.89    4.40
  46067.821     0.498    -1.14    4.08
  46443.765     1.569     2.85    4.44
  46819.707     3.220     4.39    5.06
  47195.647     6.057     7.55    5.13
  47571.585     9.679     9.63    6.23
  47947.521    13.139     9.20    5.81
  48323.456    14.917     4.73    5.52
  48699.388    16.447     4.07    5.06
  49075.319    18.547     5.59    5.41
  49451.248    20.541     5.30    5.14
  49827.175    22.934     6.37    4.22
  50203.100    24.193     3.35    3.14
  50579.024    24.780     1.56    2.48
  50954.945    25.126     0.92    2.41
  51330.865    25.011    -0.31    3.20
  51706.913    24.355    -1.75    3.77
  52083.197    24.267    -0.23    3.82
  52459.480    24.227    -0.11    4.19
  52835.760    25.013     2.09    3.80
  53212.038    26.490     3.92    3.37
  53588.315    27.193     1.87    3.61
  53964.590    27.949     2.01    4.24
  54340.863    30.030     5.53    3.76
  54717.134    31.595     4.16    3.25
  55093.403    32.777     3.14    2.10
  55469.671    33.152     1.00    2.33
  55845.936    33.517     0.97    2.66
  56222.200    33.114    -1.07    3.06
  56598.462    33.389     0.73    3.09
  56974.722    33.757     0.98    3.26
  57350.981    33.599    -0.42    2.89
  57727.237    33.319    -0.75    2.68
  58103.492    32.652    -1.77    2.84
  58479.745    32.047    -1.61    2.79
  58855.996    32.202     0.41    3.05
  59232.245    31.852    -0.93    2.99
  59608.493    32.003     0.40    2.79
  59984.738    33.139     3.02    2.51
  60360.982    32.409    -1.94    4.38
  60737.224    30.030    -6.32    6.46
  61113.464    29.402    -1.67    6.62
  61489.703    27.960    -3.83    6.77
  61865.940    27.396    -1.50    6.03
  62242.174    26.544    -2.26    7.04
  62618.407    27.037     1.31    6.59
  62994.639    27.626     1.57    6.75
  63370.868    27.575    -0.14    6.58
  63747.096    28.139     1.50    5.64
  64123.321    27.780    -0.95    5.46
  64499.546    28.319     1.43    5.52
  64875.768    28.626     0.82    5.50
  65251.988    29.310     1.82    4.58
  65628.207    30.402     2.90    2.85
  66004.424    29.703    -1.86    3.36
  66380.639    27.193    -6.67    5.68
  66756.852    25.041    -5.72    6.78
  67133.064    23.463    -4.19    6.17
  67509.274    22.930    -1.42    5.31
  67885.482    23.942     2.69    4.88
  68261.688    27.677     9.93    5.34
  68637.892    30.598     7.76    5.60
  69014.095    32.780     5.80    5.22
  69390.296    34.498     4.57    4.66
  69766.495    36.011     4.02    3.92
  70142.693    36.490     1.27    3.55
  70518.888    35.985    -1.34    3.30
  70895.082    35.193    -2.11    3.71
  71271.274    32.895    -6.11    4.31
  71647.465    31.976    -2.44    4.20
  72023.653    32.829     2.27    4.88
  72399.840    35.447     6.96    6.88
  72776.025    39.498    10.77    7.77
  73152.209    41.985     6.61    5.96
  73528.390    44.706     7.23    4.15
  73904.570    46.541     4.88    4.37
  74280.748    47.994     3.86    4.19
  74656.924    49.377     3.68    3.67
  75033.099    49.814     1.16    3.74
  75409.272    49.942     0.34    3.83
  75785.443    50.389     1.19    3.22
  76161.613    47.473    -7.75    6.92
  76537.780    43.544   -10.44    7.77
  76913.946    40.402    -8.35    6.45
  77290.110    39.336    -2.83    5.29
  77666.273    41.003     4.43    4.83
  78042.434    41.787     2.08    4.90
  78418.593    41.458    -0.88    4.58
  78794.750    42.242     2.08    4.92
  79170.905    44.011     4.70    5.08
  79547.059    46.513     6.65    5.15
  79923.211    50.073     9.46    5.53
  80299.362    52.868     7.43    5.85
  80675.511    56.902    10.72    7.12
  81051.657    62.002    13.56    8.62
  81427.803    66.139    11.00    7.38
  81803.946    68.336     5.84    7.08
  82180.088    68.468     0.35    5.91
  82556.228    67.052    -3.76    7.56
  82932.367    67.895     2.24    7.76
  83308.503    68.552     1.75    7.93
  83684.638    70.575     5.38    7.44
  84060.772    71.382     2.14    5.96
  84436.903    70.112    -3.38    6.11
  84813.033    69.139    -2.59    6.31
  85189.162    67.547    -4.23    7.35
  85565.288    65.934    -4.29    7.45
  85941.413    66.097     0.43    7.66
  86317.536    62.934    -8.41    8.12
  86693.657    59.284    -9.71    7.50
  87069.777    57.624    -4.41    7.13
  87445.895    56.421    -3.20    7.38
  87822.012    56.755     0.89    7.19
  88198.126    56.047    -1.88    7.39
  88574.239    55.760    -0.76    6.80
  88950.351    54.191    -4.17    6.41
  89326.461    51.922    -6.03    6.21
  89702.569    52.052     0.34    6.23
  90078.675    50.601    -3.86    5.20
  90454.780    50.052    -1.46    5.75
  90830.883    47.733    -6.17    6.51
  91206.984    41.490   -16.60    8.75
  91583.083    36.220   -14.01   10.51
  91959.181    28.994   -19.21    9.16
  92335.278    24.874   -10.95    5.81
  92711.372    23.677    -3.18    3.95
  93087.465    23.626    -0.13    3.24
  93463.557    23.301    -0.87    4.24
  93839.646    27.960    12.39   10.08
  94215.734    32.757    12.76   11.29
  94591.821    37.626    12.94   10.29
  94967.906    44.069    17.13    4.73
  95343.989    45.293     3.26    4.44
  95720.070    46.791     3.98    5.04
  96096.150    49.216     6.45    5.64
  96472.228    52.883     9.75    8.71
  96848.304    57.270    11.66    9.80
  97224.379    61.733    11.87   10.98
  97600.453    67.625    15.67   10.35
  97976.524    68.047     1.12    9.88
  98352.594    68.547     1.33    8.96
  98728.662    66.347    -5.85    8.66
  99104.729    63.729    -6.96    7.97
  99480.794    63.191    -1.43    7.09
  99856.857    63.814     1.66    6.38
 100232.919    64.205     1.04    6.97
 100608.979    62.994    -3.22    7.23
 100985.038    63.139     0.39    7.97
 101361.095    60.517    -6.97    8.09
 101737.150    58.165    -6.25    8.33
 102113.204    58.513     0.93    8.36
 102489.256    57.550    -2.56    7.77
 102865.306    57.550     0.00    6.70
 103241.355    60.183     7.00    6.45
 103617.402    60.810     1.67    6.34
 103993.448    62.112     3.46    6.39
 104369.492    63.922     4.82    6.92
 104745.534    65.062     3.03    7.18
 105121.575    65.355     0.78    6.51
 105497.614    65.550     0.52    6.42
 105873.652    66.985     3.82    6.69
 106249.688    69.436     6.52    6.97
 106625.722    73.247    10.13    7.21
 107001.755    76.908     9.74    8.50
 107377.786    78.524     4.30    8.22
 107753.815    80.085     4.15    9.01
 108129.843    82.421     6.21    7.60
 108505.870    84.571     5.72    8.52
 108881.895    88.355    10.06    9.35
 109257.918    94.336    15.91    9.15
 109633.939    97.246     7.74    6.61
 110009.959    97.960     1.90    6.07
 110385.978    97.165    -2.11    6.45
 110761.995    95.680    -3.95    6.05
 111138.010    94.447    -3.28    8.02
 111514.024    91.220    -8.58    9.35
 111890.036    86.857   -11.60   10.99
 112266.046    83.652    -8.52   12.00
 112642.055    82.231    -3.78   12.15
 113018.063    78.517    -9.88   12.04
 113394.069    77.216    -3.46   11.15
 113770.073    74.277    -7.82    9.79
 114146.076    71.985    -6.09    8.09
 114522.077    71.247    -1.96    7.84
 114898.077    69.836    -3.75    7.86
 115274.075    67.355    -6.60    7.70
 115650.071    65.247    -5.61    7.51
 116026.066    62.358    -7.68    5.67
 116402.059    60.114    -5.97    7.25
 116778.051    57.396    -7.23    7.43
 117154.041    55.291    -5.60    7.63
 117530.030    51.216   -10.84    7.64
 117906.017    48.958    -6.01    5.34
 118282.003    47.073    -5.01    4.74
 118657.987    46.126    -2.52    4.23
 119033.970    44.883    -3.31    3.95
 119409.951    43.030    -4.93    5.00
 119785.930    43.494     1.23    6.24
 120161.908    43.777     0.75    7.38
 120537.884    43.263    -1.37    7.21
 120913.859    43.047    -0.58    7.42
 121289.833    41.003    -5.43    8.91
 121665.804    39.139    -4.96    8.68
 122041.775    36.841    -6.11    7.78
 122417.743    35.208    -4.35    6.17
 122793.711    31.832    -8.98    7.32
 123169.676    29.293    -6.75    6.61
 123545.640    27.382    -5.08    5.95
 123921.603    28.216     2.22    5.49
 124297.564    31.003     7.41    7.45
 124673.524    35.088    10.86    8.02
 125049.482    38.678     9.55    6.22
 125425.438    39.344     1.77    5.19
 125801.393    40.708     3.63    5.57
 126177.347    41.994     3.42    5.36
 126553.299    43.421     3.80    5.13
 126929.469    45.224     4.79    4.96
 127305.727    46.052     2.20    6.77
 127681.983    46.319     0.71    7.25
