# NaN NaN NaN ;Mean Elev.(m), Avg Gradient(m/km), RMS Gradient(m/km) - SRTM1     
#  105.443  -1.719   6.332 ;Mean Elev.(m), Avg Gradient(m/km), RMS Gradient(m/km) - ASTER GDEM
#   81.635  -2.215   4.971 ;Mean Elev.(m), Avg Gradient(m/km), RMS Gradient(m/km) - GMTED2010 
  8    77.153 52486.61458838 31.71 288.260157  -3.430723 11.656
  8    76.948 52486.61458903 31.73 288.259427  -3.434023 11.656
  8    76.731 52486.61458967 32.53 288.258707  -3.437333 11.656
  8    76.796 52486.61459032 31.96 288.257971  -3.440632 19.695
  8    76.826 52486.61459096 33.03 288.257251  -3.443942 19.695
  8    76.875 52486.61459161 34.44 288.256521  -3.447242 19.695
  8    76.918 52486.61459225 35.15 288.255791  -3.450552 19.695
  8    76.976 52486.61459290 34.81 288.255061  -3.453852 19.695
  8    76.967 52486.61459354 35.53 288.254331  -3.457162 19.695
  8    76.880 52486.61459934 42.79 288.247781  -3.486902 19.695
  8    76.886 52486.61459999 43.37 288.247061  -3.490212 19.695
  8    76.889 52486.61460063 42.38 288.246331  -3.493512 19.695
  8    76.891 52486.61460128 40.55 288.245601  -3.496822 19.695
  8    76.904 52486.61460192 38.96 288.244871  -3.500122 19.695
  9    72.606 52521.61455667 21.91 288.260057  -3.427656  8.408
  9    72.575 52521.61455732 20.82 288.259327  -3.430966  8.408
  9    72.594 52521.61455796 21.77 288.258607  -3.434266  8.408
  9    72.671 52521.61455861 21.82 288.257877  -3.437576  8.408
  9    72.586 52521.61455925 22.63 288.257147  -3.440876  8.408
  9    72.504 52521.61455990 22.66 288.256417  -3.444186  8.408
  9    72.557 52521.61456054 23.62 288.255697  -3.447486  8.408
  9    72.534 52521.61456119 24.63 288.254967  -3.450796  8.408
  9    72.436 52521.61456183 24.44 288.254237  -3.454096  8.408
  9    72.406 52521.61456248 23.83 288.253507  -3.457406  8.408
  9    72.071 52521.61456312 24.56 288.252777  -3.460706  8.408
  9    71.857 52521.61456376 24.55 288.252057  -3.464016  8.408
  9    76.969 52521.61456441 24.00 288.251327  -3.467316  8.408
  9    76.762 52521.61456505 24.94 288.250597  -3.470626  8.408
  9    76.727 52521.61456570 25.21 288.249867  -3.473926  8.408
  9    69.292 52521.61456634 25.84 288.249147  -3.477236  8.408
  9    76.222 52521.61456699 22.98 288.248413  -3.480535 13.528
  9    72.101 52521.61456763 25.40 288.247693  -3.483845 13.528
  9    72.058 52521.61456828 27.41 288.246963  -3.487145 13.528
  9    72.330 52521.61456892 26.93 288.246233  -3.490455 13.528
  9    72.152 52521.61456957 31.33 288.245503  -3.493755 13.528
  9    72.316 52521.61457021 34.05 288.244773  -3.497065 13.528
  9    72.556 52521.61457086 43.29 288.244053  -3.500365 13.528
 11    76.351 52591.61460036 48.84 288.256913  -3.423986 21.785
 11    76.257 52591.61460101 46.61 288.256183  -3.427296 21.785
 11    76.267 52591.61460165 41.02 288.255463  -3.430596 21.785
 11    76.177 52591.61460230 36.01 288.254733  -3.433906 21.785
 11    76.054 52591.61460294 31.30 288.254003  -3.437206 21.785
 11    75.855 52591.61460359 30.52 288.253273  -3.440516 21.785
 11    76.183 52591.61460423 29.76 288.252553  -3.443816 21.785
 11    76.203 52591.61460488 33.55 288.251823  -3.447126 21.785
 11    76.162 52591.61460552 34.67 288.251093  -3.450426 21.785
 11    76.091 52591.61460617 37.78 288.250363  -3.453736 21.785
 11    76.050 52591.61460681 35.30 288.249633  -3.457036 21.785
 11    76.085 52591.61460746 34.07 288.248913  -3.460346 21.785
 11    76.105 52591.61460810 34.04 288.248176  -3.463645  9.154
 11    76.127 52591.61460874 37.28 288.247456  -3.466955  9.154
 11    76.078 52591.61460939 36.15 288.246726  -3.470255  9.154
 11    76.050 52591.61461003 34.18 288.245996  -3.473565  9.154
 11    76.037 52591.61461068 32.62 288.245266  -3.476865  9.154
 11    76.012 52591.61461132 34.16 288.244536  -3.480175  9.154
 11    75.911 52591.61461197 31.38 288.243816  -3.483475  9.154
 11    75.784 52591.61461261 30.93 288.243086  -3.486785  9.154
 11    75.943 52591.61461326 30.12 288.242356  -3.490085  9.154
 11    75.929 52591.61461390 29.42 288.241626  -3.493395  9.154
 11    75.965 52591.61461455 29.34 288.240906  -3.496695  9.154
 12    77.020 52626.61452290 46.15 288.263716  -3.449990 25.236
 12    77.075 52626.61452355 46.37 288.262986  -3.453300 25.236
 12    76.857 52626.61452419 48.94 288.262266  -3.456600 25.236
 12    76.868 52626.61452484 51.72 288.261536  -3.459910 25.236
 12    76.717 52626.61453193 50.22 288.253526  -3.496260 25.236
 12    76.719 52626.61453257 51.79 288.252796  -3.499570 25.236
 12    76.683 52626.61453322 48.73 288.252066  -3.502870 25.236
 12    76.662 52626.61453386 51.66 288.251336  -3.506180 25.236
 13    76.623 52661.61456480 45.16 288.259451  -3.427707 23.494
 13    76.729 52661.61456545 41.64 288.258721  -3.431007 23.494
 13    76.600 52661.61456609 40.68 288.257991  -3.434317 23.494
 13    76.649 52661.61456673 38.36 288.257261  -3.437617 23.494
 13    76.423 52661.61456738 34.69 288.256531  -3.440927 23.494
 13    76.572 52661.61456802 36.61 288.255811  -3.444227 23.494
 13    76.425 52661.61456867 39.37 288.255081  -3.447537 23.494
 13    76.428 52661.61456931 40.08 288.254351  -3.450837 23.494
 13    76.454 52661.61456996 42.96 288.253621  -3.454147 23.494
 13    76.484 52661.61457060 40.73 288.252891  -3.457447 23.494
 13    76.465 52661.61457125 38.00 288.252171  -3.460757 23.494
 13    76.450 52661.61457189 37.72 288.251441  -3.464057 23.494
 13    76.445 52661.61457254 35.14 288.250711  -3.467367 23.494
 13    76.365 52661.61457318 33.03 288.249981  -3.470667 23.494
 13    76.424 52661.61457383 31.12 288.249261  -3.473977 23.494
 13    76.375 52661.61457447 31.72 288.248523  -3.477275 15.898
 13    76.239 52661.61457512 32.33 288.247803  -3.480585 15.898
 13    75.957 52661.61457576 34.76 288.247073  -3.483885 15.898
 13    76.080 52661.61457640 35.14 288.246343  -3.487195 15.898
 13    76.268 52661.61457705 36.94 288.245613  -3.490495 15.898
 13    76.288 52661.61457769 43.49 288.244893  -3.493805 15.898
 13    76.430 52661.61457834 45.55 288.244163  -3.497105 15.898
 13    76.484 52661.61457898 48.33 288.243433  -3.500415 15.898
 14    77.034 52696.61454453 33.98 288.260433  -3.438620  7.198
 14    76.797 52696.61454518 27.83 288.259713  -3.441920  7.198
 14    76.838 52696.61454582 28.26 288.258983  -3.445230  7.198
 14    76.896 52696.61454647 29.06 288.258253  -3.448530  7.198
 14    76.905 52696.61454711 30.41 288.257523  -3.451840  7.198
 14    77.034 52696.61454776 32.37 288.256793  -3.455140  7.198
 14    77.046 52696.61454840 31.97 288.256063  -3.458450  7.198
 14    76.685 52696.61455420 28.73 288.249513  -3.488190  7.198
 14    76.634 52696.61455485 30.10 288.248783  -3.491500  7.198
 14    76.567 52696.61455549 31.50 288.248057  -3.494797 12.333
 14    76.666 52696.61455614 32.13 288.247327  -3.498107 12.333
 14    76.754 52696.61455678 30.46 288.246597  -3.501407 12.333
 15    78.033 52731.61457223 38.45 288.262624  -3.447067  8.005
 15    77.939 52731.61457288 40.35 288.261894  -3.450377  8.005
 15    77.911 52731.61457352 41.69 288.261164  -3.453677  8.005
 15    77.955 52731.61457417 44.77 288.260444  -3.456987  8.005
 15    77.995 52731.61457481 42.30 288.259707  -3.460285  8.033
 15    77.622 52731.61458190 34.36 288.251707  -3.496645  8.033
 15    77.528 52731.61458255 33.46 288.250977  -3.499945  8.033
 15    77.522 52731.61458319 33.26 288.250247  -3.503255  8.033
 15    77.758 52731.61458384 37.43 288.249517  -3.506555  8.033
 16    78.433 52766.61457661 23.16 288.256425  -3.423097 23.265
 16    77.882 52766.61457725 23.44 288.255695  -3.426407 23.265
 16    78.174 52766.61457790 18.53 288.254964  -3.429709  5.560
 16    78.384 52766.61457854 16.13 288.254234  -3.433019  5.560
 16    78.452 52766.61457919 16.10 288.253514  -3.436319  5.560
 16    78.234 52766.61457983 16.86 288.252784  -3.439629  5.560
 16    78.297 52766.61458048 15.36 288.252054  -3.442929  5.560
 16    78.318 52766.61458112 15.36 288.251324  -3.446239  5.560
 16    78.366 52766.61458177 15.59 288.250604  -3.449539  5.560
 16    78.361 52766.61458241 15.95 288.249874  -3.452849  5.560
 16    78.375 52766.61458306 16.46 288.249144  -3.456149  5.560
 16    78.373 52766.61458370 15.96 288.248414  -3.459459  5.560
 16    78.342 52766.61458435 17.05 288.247694  -3.462759  5.560
 16    78.328 52766.61458499 16.94 288.246964  -3.466069  5.560
 16    78.249 52766.61458564 17.27 288.246234  -3.469369  5.560
 16    78.314 52766.61458628 17.80 288.245504  -3.472679  5.560
 16    78.216 52766.61458692 18.63 288.244784  -3.475979  5.560
 16    78.450 52766.61458757 18.17 288.244054  -3.479289  5.560
 16    78.215 52766.61458821 17.71 288.243324  -3.482589  5.560
 16    78.158 52766.61458886 17.55 288.242594  -3.485899  5.560
 16    77.938 52766.61458950 18.08 288.241874  -3.489199  5.560
 16    77.839 52766.61459015 17.30 288.241144  -3.492509  5.560
 16    78.078 52766.61459079 17.87 288.240411  -3.495810 21.684
 18    77.824 52836.61464953 18.53 288.259931  -3.441394 20.305
 18    77.237 52836.61465017 18.73 288.259201  -3.444704 20.305
 18    77.425 52836.61465082 16.62 288.258481  -3.448004 20.305
 18    77.299 52836.61465146 16.64 288.257751  -3.451314 20.305
 18    76.787 52836.61465211 20.76 288.257021  -3.454614 20.305
 18    77.103 52836.61465275 18.77 288.256291  -3.457924 20.305
 18    77.368 52836.61465920 19.60 288.249007  -3.490972 12.030
 18    77.154 52836.61465984 20.21 288.248287  -3.494272 12.030
 18    77.095 52836.61466049 20.11 288.247557  -3.497582 12.030
 18    77.300 52836.61466113 21.46 288.246827  -3.500882 12.030
 19    73.917 52871.61469035 20.01 288.259966  -3.442396 24.589
 19    73.814 52871.61469100 20.85 288.259236  -3.445696 24.589
 19    73.812 52871.61469164 23.76 288.258516  -3.449006 24.589
 19    73.950 52871.61469229 30.26 288.257786  -3.452306 24.589
 19    74.000 52871.61469293 35.36 288.257056  -3.455616 24.589
 19    74.136 52871.61469358 36.42 288.256326  -3.458916 24.589
 19    73.588 52871.61469938 29.27 288.249775  -3.488664 15.723
 19    73.199 52871.61470002 34.60 288.249045  -3.491964 15.723
 19    73.444 52871.61470067 35.66 288.248315  -3.495274 15.723
 19    73.497 52871.61470131 39.57 288.247595  -3.498574 15.723
 19    73.602 52871.61470196 36.28 288.246865  -3.501884 15.723
 20    72.127 52906.61468316 43.45 288.260536  -3.437159 43.082
 20    71.977 52906.61468381 50.57 288.259806  -3.440459 43.082
 20    72.110 52906.61468445 51.03 288.259076  -3.443769 43.082
 20    71.978 52906.61468510 52.62 288.258356  -3.447069 43.082
 20    72.041 52906.61468574 51.28 288.257626  -3.450379 43.082
 20    72.038 52906.61468639 51.61 288.256896  -3.453679 43.082
 20    71.970 52906.61468703 51.37 288.256166  -3.456989 43.082
 20    71.684 52906.61469348 52.08 288.248896  -3.490039 43.082
 20    71.702 52906.61469412 54.63 288.248159  -3.493337 16.431
 20    71.670 52906.61469477 46.94 288.247439  -3.496647 16.431
 20    71.429 52906.61469541 40.29 288.246709  -3.499947 16.431
 21    72.880 52941.61461448 19.50 288.260730  -3.442335 18.443
 21    78.445 52941.61461513 11.58 288.260000  -3.445635 18.443
 21    78.243 52941.61461577 11.56 288.259270  -3.448945 18.443
 21    77.735 52941.61461642 11.54 288.258550  -3.452245 18.443
 21    77.326 52941.61461706 11.63 288.257820  -3.455555 18.443
 21    77.124 52941.61461771 11.70 288.257090  -3.458855 18.443
 21    76.334 52941.61462415 17.68 288.249803  -3.491902 12.192
 21    72.652 52941.61462480 22.44 288.249073  -3.495212 12.192
 21    73.020 52941.61462544 24.40 288.248353  -3.498512 12.192
 21    73.207 52941.61462609 25.84 288.247623  -3.501822 12.192
 23    78.452 53011.61466401 33.76 288.257975  -3.422364 23.009
 23    78.195 53011.61466466 29.95 288.257239  -3.425664  8.984
 23    78.197 53011.61466530 29.61 288.256519  -3.428974  8.984
 23    78.175 53011.61466595 28.37 288.255789  -3.432274  8.984
 23    78.133 53011.61466659 27.63 288.255059  -3.435584  8.984
 23    78.010 53011.61466724 26.99 288.254329  -3.438884  8.984
 23    78.000 53011.61466788 26.05 288.253609  -3.442194  8.984
 23    77.947 53011.61466853 26.16 288.252879  -3.445494  8.984
 23    77.927 53011.61466917 25.89 288.252149  -3.448804  8.984
 23    77.934 53011.61466981 25.57 288.251419  -3.452104  8.984
 23    77.948 53011.61467046 24.49 288.250689  -3.455414  8.984
 23    78.095 53011.61467110 23.54 288.249969  -3.458714  8.984
 23    78.022 53011.61467175 23.21 288.249239  -3.462024  8.984
 23    78.030 53011.61467239 23.33 288.248509  -3.465324  8.984
 23    78.013 53011.61467304 23.75 288.247779  -3.468634  8.984
 23    77.990 53011.61467368 23.68 288.247049  -3.471934  8.984
 23    77.974 53011.61467433 24.01 288.246329  -3.475244  8.984
 23    77.922 53011.61467497 25.26 288.245599  -3.478544  8.984
 23    77.952 53011.61467562 26.81 288.244869  -3.481854  8.984
 23    78.011 53011.61467626 27.23 288.244139  -3.485154  8.984
 23    78.044 53011.61467691 27.76 288.243419  -3.488464  8.984
 23    78.006 53011.61467755 28.42 288.242681  -3.491763 15.722
 23    78.050 53011.61467820 30.02 288.241961  -3.495073 15.722
 23    78.117 53011.61467884 36.15 288.241231  -3.498373 15.722
 25    76.543 53081.61466406 47.73 288.255631  -3.421094 16.555
 25    76.509 53081.61466470 43.87 288.254901  -3.424394 16.555
 25    76.317 53081.61466535 40.68 288.254171  -3.427704 16.555
 25    76.416 53081.61466599 34.42 288.253441  -3.431004 16.555
 25    76.158 53081.61466664 30.57 288.252711  -3.434314 16.555
 25    76.057 53081.61466728 30.19 288.251991  -3.437614 16.555
 25    75.857 53081.61466793 30.24 288.251261  -3.440924 16.555
 25    75.852 53081.61466857 30.72 288.250531  -3.444224 16.555
 25    75.904 53081.61466922 31.44 288.249801  -3.447534 16.555
 25    75.875 53081.61466986 32.00 288.249071  -3.450834 16.555
 25    75.817 53081.61467051 32.23 288.248351  -3.454144 16.555
 25    75.793 53081.61467115 32.37 288.247621  -3.457444 16.555
 25    75.813 53081.61467180 31.38 288.246891  -3.460754 16.555
 25    75.696 53081.61467244 30.15 288.246161  -3.464054 16.555
 25    75.838 53081.61467309 28.52 288.245441  -3.467364 16.555
 25    75.986 53081.61467373 27.26 288.244704  -3.470663  7.551
 25    75.997 53081.61467437 27.29 288.243984  -3.473973  7.551
 25    76.024 53081.61467502 26.59 288.243254  -3.477273  7.551
 25    76.056 53081.61467566 25.69 288.242524  -3.480583  7.551
 25    75.992 53081.61467631 26.36 288.241794  -3.483883  7.551
 25    75.948 53081.61467695 27.09 288.241064  -3.487193  7.551
 25    75.801 53081.61467760 29.42 288.240344  -3.490493  7.551
 25    75.923 53081.61467824 32.32 288.239614  -3.493803  7.551
 25    76.021 53081.61467889 34.11 288.238884  -3.497103  7.551
 26    76.721 53116.61463420 44.06 288.256683  -3.421881 12.902
 26    76.678 53116.61463484 43.06 288.255953  -3.425191 12.902
 26    76.602 53116.61463549 38.21 288.255223  -3.428491 12.902
 26    76.569 53116.61463613 36.70 288.254493  -3.431801 12.902
 26    76.359 53116.61463678 35.06 288.253763  -3.435101 12.902
 26    76.399 53116.61463742 33.13 288.253033  -3.438411 12.902
 26    76.365 53116.61463807 34.22 288.252313  -3.441711 12.902
 26    76.362 53116.61463871 34.89 288.251583  -3.445021 12.902
 26    76.414 53116.61463936 35.10 288.250853  -3.448321 12.902
 26    76.424 53116.61464000 35.59 288.250123  -3.451631 12.902
 26    76.441 53116.61464065 34.57 288.249393  -3.454931 12.902
 26    76.413 53116.61464129 34.48 288.248673  -3.458241 12.902
 26    76.388 53116.61464194 34.82 288.247943  -3.461541 12.902
 26    76.432 53116.61464258 33.99 288.247213  -3.464851 12.902
 26    76.389 53116.61464323 34.70 288.246483  -3.468151 12.902
 26    76.411 53116.61464387 34.73 288.245753  -3.471461 12.902
 26    76.364 53116.61464451 34.38 288.245029  -3.474759 11.512
 26    76.350 53116.61464516 35.51 288.244299  -3.478069 11.512
 26    76.432 53116.61464580 36.16 288.243569  -3.481369 11.512
 26    76.335 53116.61464645 35.94 288.242839  -3.484679 11.512
 26    76.431 53116.61464709 36.88 288.242119  -3.487979 11.512
 26    76.348 53116.61464774 36.83 288.241389  -3.491289 11.512
 26    76.525 53116.61464838 38.72 288.240659  -3.494589 11.512
 26    76.593 53116.61464903 39.71 288.239929  -3.497899 11.512
 27    77.592 53151.61468228 47.75 288.256809  -3.420274 24.690
 27    77.406 53151.61468292 46.09 288.256079  -3.423574 24.690
 27    77.303 53151.61468357 43.38 288.255349  -3.426884 24.690
 27    77.258 53151.61468421 43.88 288.254619  -3.430184 24.690
 27    77.185 53151.61468486 43.13 288.253889  -3.433494 24.690
 27    77.221 53151.61468550 42.42 288.253169  -3.436794 24.690
 27    77.262 53151.61468615 41.02 288.252439  -3.440104 24.690
 27    77.234 53151.61468679 40.55 288.251709  -3.443404 24.690
 27    77.187 53151.61468744 38.74 288.250979  -3.446714 24.690
 27    77.144 53151.61468808 42.67 288.250249  -3.450014 24.690
 27    77.167 53151.61468872 39.41 288.249529  -3.453324 24.690
 27    77.243 53151.61468937 35.11 288.248799  -3.456624 24.690
 27    77.133 53151.61469001 33.07 288.248069  -3.459934 24.690
 27    77.088 53151.61469066 28.99 288.247339  -3.463234 24.690
 27    76.881 53151.61469130 28.45 288.246609  -3.466544 24.690
 27    77.079 53151.61469195 27.83 288.245889  -3.469841 10.958
 27    77.120 53151.61469259 30.82 288.245159  -3.473151 10.958
 27    77.121 53151.61469324 33.09 288.244429  -3.476451 10.958
 27    77.118 53151.61469388 34.85 288.243699  -3.479761 10.958
 27    77.138 53151.61469453 30.00 288.242969  -3.483061 10.958
 27    77.029 53151.61469517 31.63 288.242249  -3.486371 10.958
 27    77.136 53151.61469582 34.84 288.241519  -3.489671 10.958
 27    77.156 53151.61469646 36.71 288.240789  -3.492981 10.958
 27    77.147 53151.61469711 36.06 288.240059  -3.496281 10.958
 28    77.515 53186.61467386 38.76 288.263956  -3.448445 11.770
 28    77.581 53186.61467450 41.27 288.263236  -3.451745 11.770
 28    77.586 53186.61467515 41.60 288.262506  -3.455055 11.770
 28    77.548 53186.61467579 40.27 288.261776  -3.458355 11.770
 28    77.559 53186.61467644 39.95 288.261046  -3.461665 11.770
 28    77.336 53186.61468353 38.47 288.253036  -3.498012 13.837
 28    77.151 53186.61468417 36.73 288.252316  -3.501322 13.837
 28    77.283 53186.61468482 40.82 288.251586  -3.504622 13.837
 28    77.313 53186.61468546 46.08 288.250856  -3.507932 13.837
 29    75.456 53221.61469706 46.05 288.259939  -3.435850 36.138
 29    75.343 53221.61469770 47.88 288.259219  -3.439150 36.138
 29    75.402 53221.61469834 44.71 288.258489  -3.442460 36.138
 29    75.392 53221.61469899 46.85 288.257759  -3.445760 36.138
 29    75.219 53221.61469963 49.91 288.257029  -3.449070 36.138
 29    75.227 53221.61470028 49.05 288.256309  -3.452370 36.138
 29    75.262 53221.61470092 48.93 288.255579  -3.455680 36.138
 29    75.297 53221.61470157 48.78 288.254849  -3.458980 36.138
 29    75.175 53221.61470737 50.12 288.248302  -3.488729 24.539
 29    75.126 53221.61470801 50.46 288.247572  -3.492029 24.539
 29    75.068 53221.61470866 53.81 288.246842  -3.495339 24.539
 29    75.015 53221.61470930 52.44 288.246112  -3.498639 24.539
 29    74.999 53221.61470995 50.45 288.245392  -3.501949 24.539
 30    73.659 53256.61467064 40.70 288.257637  -3.421394 35.626
 30    73.584 53256.61467129 43.95 288.256917  -3.424704 35.626
 30    73.607 53256.61467193 48.60 288.256187  -3.428004 35.626
 30    73.658 53256.61467258 44.97 288.255457  -3.431314 35.626
 30    73.549 53256.61467322 43.63 288.254727  -3.434614 35.626
 30    73.393 53256.61467387 46.27 288.254007  -3.437924 35.626
 30    73.506 53256.61467451 45.71 288.253277  -3.441224 35.626
 30    73.494 53256.61467516 46.09 288.252547  -3.444534 35.626
 30    73.344 53256.61467580 46.97 288.251817  -3.447834 35.626
 30    73.369 53256.61467645 46.43 288.251087  -3.451144 35.626
 30    73.334 53256.61467709 49.28 288.250367  -3.454444 35.626
 30    73.362 53256.61467774 46.34 288.249637  -3.457754 35.626
 30    73.357 53256.61467838 47.26 288.248907  -3.461054 35.626
 30    73.357 53256.61467903 47.48 288.248177  -3.464364 35.626
 30    73.350 53256.61467967 46.75 288.247457  -3.467664 35.626
 30    73.328 53256.61468031 46.81 288.246727  -3.470974 35.626
 30    73.310 53256.61468096 44.29 288.245997  -3.474274 35.626
 30    73.286 53256.61468160 46.75 288.245267  -3.477584 35.626
 30    73.257 53256.61468225 47.07 288.244537  -3.480884 35.626
 30    73.222 53256.61468289 48.77 288.243817  -3.484194 35.626
 30    73.207 53256.61468354 48.72 288.243084  -3.487494 18.397
 30    73.387 53256.61468418 48.23 288.242364  -3.490804 18.397
 30    73.410 53256.61468483 46.53 288.241634  -3.494104 18.397
 30    73.418 53256.61468547 47.94 288.240904  -3.497414 18.397
 31    73.682 53291.61468490 30.72 288.254782  -3.417246  9.015
 31    73.578 53291.61468555 27.29 288.254062  -3.420546  9.015
 31    73.357 53291.61468619 24.89 288.253332  -3.423856  9.015
 31    73.152 53291.61468683 24.85 288.252602  -3.427156  9.015
 31    73.118 53291.61468748 22.84 288.251872  -3.430466  9.015
 31    72.967 53291.61468812 21.78 288.251142  -3.433766  9.015
 31    73.081 53291.61468877 19.38 288.250412  -3.437076  9.015
 31    73.082 53291.61468941 19.37 288.249692  -3.440376  9.015
 31    73.004 53291.61469006 19.07 288.248962  -3.443686  9.015
 31    73.028 53291.61469070 18.56 288.248232  -3.446986  9.015
 31    73.049 53291.61469135 18.24 288.247502  -3.450296  9.015
 31    72.998 53291.61469199 18.63 288.246778  -3.453593  4.252
 31    73.151 53291.61469264 18.25 288.246048  -3.456903  4.252
 31    78.160 53291.61469328 18.65 288.245318  -3.460203  4.252
 31    78.137 53291.61469393 19.01 288.244588  -3.463513  4.252
 31    78.251 53291.61469457 19.01 288.243868  -3.466813  4.252
 31    73.028 53291.61469522 19.94 288.243138  -3.470123  4.252
 31    72.927 53291.61469586 18.65 288.242408  -3.473423  4.252
 31    74.362 53291.61469651 18.31 288.241678  -3.476733  4.252
 31    77.990 53291.61469715 17.88 288.240948  -3.480033  4.252
 31    73.669 53291.61469779 18.85 288.240218  -3.483343  4.252
 31    73.748 53291.61469844 18.46 288.239498  -3.486643  4.252
 31    73.522 53291.61469908 19.46 288.238768  -3.489953  4.252
 31    73.236 53291.61469973 21.80 288.238038  -3.493253  4.252
 31    75.710 53291.61470037 20.86 288.237308  -3.496563  4.252
 32    76.971 53326.61466426 46.83 288.260216  -3.443688 20.220
 32    76.797 53326.61466491 48.16 288.259486  -3.446998 20.220
 32    76.886 53326.61466555 47.84 288.258756  -3.450298 20.220
 32    76.895 53326.61466620 50.16 288.258036  -3.453608 20.220
 32    76.896 53326.61466684 47.91 288.257299  -3.456906 11.100
 32    76.868 53326.61466749 41.09 288.256579  -3.460216 11.100
 32    76.585 53326.61467329 27.34 288.250029  -3.489956 11.100
 32    76.478 53326.61467393 27.84 288.249299  -3.493266 11.100
 32    76.351 53326.61467458 29.79 288.248569  -3.496566 11.100
 32    76.330 53326.61467522 30.01 288.247839  -3.499876 11.100
 32    76.589 53326.61467587 32.51 288.247119  -3.503176 11.100
 33    78.382 53361.61462145 19.90 288.261100  -3.444975 20.751
 33    78.153 53361.61462209 19.34 288.260370  -3.448275 20.751
 33    77.392 53361.61462274 20.35 288.259640  -3.451585 20.751
 33    76.930 53361.61462338 20.90 288.258920  -3.454885 20.751
 33    76.889 53361.61462403 21.57 288.258190  -3.458195 20.751
 33    77.129 53361.61463047 19.89 288.250906  -3.491244 11.196
 33    76.879 53361.61463112 19.60 288.250186  -3.494544 11.196
 33    76.532 53361.61463176 21.02 288.249456  -3.497854 11.196
 33    76.682 53361.61463241 20.12 288.248726  -3.501154 11.196
 33    76.893 53361.61463305 29.11 288.247996  -3.504464 11.196
 34    75.909 53396.61463845 46.40 288.258967  -3.427709 17.602
 34    75.852 53396.61463910 43.37 288.258237  -3.431009 17.602
 34    75.695 53396.61463974 43.36 288.257507  -3.434319 17.602
 34    75.831 53396.61464039 41.56 288.256777  -3.437619 17.602
 34    75.669 53396.61464103 41.01 288.256057  -3.440929 17.602
 34    75.699 53396.61464168 40.95 288.255327  -3.444229 17.602
 34    75.734 53396.61464232 37.80 288.254597  -3.447539 17.602
 34    75.550 53396.61464297 37.06 288.253867  -3.450839 17.602
 34    75.417 53396.61464361 34.76 288.253137  -3.454149 17.602
 34    75.419 53396.61464425 33.64 288.252414  -3.457447 20.305
 34    75.232 53396.61464490 33.04 288.251684  -3.460757 20.305
 34    75.237 53396.61464554 32.54 288.250954  -3.464057 20.305
 34    75.254 53396.61464619 32.78 288.250224  -3.467367 20.305
 34    75.369 53396.61464683 33.76 288.249504  -3.470667 20.305
 34    75.367 53396.61464748 35.82 288.248774  -3.473977 20.305
 34    75.337 53396.61464812 39.08 288.248044  -3.477277 20.305
 34    75.315 53396.61464877 43.29 288.247314  -3.480587 20.305
 34    75.450 53396.61464941 45.57 288.246584  -3.483887 20.305
 34    75.568 53396.61465006 46.83 288.245854  -3.487197 20.305
 34    75.513 53396.61465070 49.19 288.245134  -3.490497 20.305
 34    75.482 53396.61465135 49.93 288.244404  -3.493807 20.305
 34    75.444 53396.61465199 49.59 288.243674  -3.497107 20.305
 35    77.421 53431.61463322 43.17 288.260133  -3.442801 23.210
 35    77.416 53431.61463386 40.98 288.259403  -3.446101 23.210
 35    77.466 53431.61463451 42.30 288.258673  -3.449411 23.210
 35    77.444 53431.61463515 42.29 288.257943  -3.452711 23.210
 35    77.383 53431.61463579 43.35 288.257223  -3.456021 23.210
 35    77.388 53431.61463644 39.53 288.256489  -3.459320 31.545
 35    77.158 53431.61464224 42.80 288.249939  -3.489070 31.545
 35    77.155 53431.61464289 41.90 288.249219  -3.492370 31.545
 35    77.144 53431.61464353 50.28 288.248489  -3.495680 31.545
 35    77.129 53431.61464418 48.80 288.247759  -3.498980 31.545
 35    77.123 53431.61464482 50.95 288.247029  -3.502290 31.545
 36    77.585 53466.61466297 26.82 288.260015  -3.428421 14.823
 36    77.553 53466.61466362 26.68 288.259285  -3.431721 14.823
 36    77.578 53466.61466426 24.81 288.258555  -3.435031 14.823
 36    77.605 53466.61466491 23.49 288.257835  -3.438331 14.823
 36    77.431 53466.61466555 24.19 288.257105  -3.441641 14.823
 36    77.394 53466.61466620 23.51 288.256375  -3.444941 14.823
 36    77.489 53466.61466684 22.54 288.255645  -3.448251 14.823
 36    77.358 53466.61466748 22.95 288.254921  -3.451549  4.724
 36    77.317 53466.61466813 22.56 288.254191  -3.454859  4.724
 36    77.341 53466.61466877 22.74 288.253461  -3.458159  4.724
 36    77.201 53466.61466942 23.56 288.252731  -3.461469  4.724
 36    77.497 53466.61467006 22.50 288.252011  -3.464769  4.724
 36    77.545 53466.61467071 22.31 288.251281  -3.468079  4.724
 36    77.596 53466.61467135 23.29 288.250551  -3.471379  4.724
 36    77.405 53466.61467200 23.56 288.249821  -3.474689  4.724
 36    77.359 53466.61467264 22.04 288.249091  -3.477989  4.724
 36    77.267 53466.61467329 21.36 288.248361  -3.481299  4.724
 36    77.175 53466.61467393 22.46 288.247641  -3.484599  4.724
 36    77.175 53466.61467458 23.28 288.246911  -3.487909  4.724
 36    77.128 53466.61467522 24.17 288.246181  -3.491209  4.724
 36    77.234 53466.61467587 23.87 288.245451  -3.494519  4.724
 36    77.315 53466.61467651 24.32 288.244721  -3.497819  4.724
 37    78.638 53501.61471667 45.21 288.256011  -3.419938 17.829
 37    78.591 53501.61471731 47.98 288.255281  -3.423248 17.829
 37    78.454 53501.61471796 48.62 288.254561  -3.426548 17.829
 37    78.590 53501.61471860 43.67 288.253831  -3.429858 17.829
 37    78.452 53501.61471925 39.49 288.253101  -3.433158 17.829
 37    78.247 53501.61471989 32.48 288.252371  -3.436468 17.829
 37    78.033 53501.61472054 29.89 288.251641  -3.439768 17.829
 37    78.000 53501.61472118 28.02 288.250921  -3.443078 17.829
 37    78.074 53501.61472182 27.09 288.250191  -3.446378 17.829
 37    78.090 53501.61472247 25.85 288.249461  -3.449688 17.829
 37    77.986 53501.61472311 26.18 288.248731  -3.452988 17.829
 37    78.039 53501.61472376 26.09 288.248011  -3.456298 17.829
 37    77.987 53501.61472440 25.83 288.247282  -3.459597  6.364
 37    77.990 53501.61472505 24.90 288.246552  -3.462907  6.364
 37    77.735 53501.61472569 25.01 288.245822  -3.466207  6.364
 37    77.790 53501.61472634 25.94 288.245092  -3.469517  6.364
 37    77.939 53501.61472698 24.45 288.244362  -3.472817  6.364
 37    78.002 53501.61472763 23.48 288.243642  -3.476127  6.364
 37    78.086 53501.61472827 23.77 288.242912  -3.479427  6.364
 37    78.090 53501.61472892 23.97 288.242182  -3.482737  6.364
 37    78.200 53501.61472956 24.28 288.241452  -3.486037  6.364
 37    78.223 53501.61473021 24.92 288.240722  -3.489347  6.364
 37    78.269 53501.61473085 26.04 288.240002  -3.492647  6.364
 37    78.286 53501.61473149 30.79 288.239272  -3.495957  6.364
 38    76.442 53536.61470991 28.23 288.260261  -3.431315 10.200
 38    76.406 53536.61471056 27.93 288.259531  -3.434615 10.200
 38    76.287 53536.61471120 27.62 288.258811  -3.437925 10.200
 38    76.275 53536.61471185 24.60 288.258081  -3.441225 10.200
 38    76.243 53536.61471249 24.37 288.257351  -3.444535 10.200
 38    76.299 53536.61471314 28.70 288.256621  -3.447835 10.200
 38    76.292 53536.61471378 30.09 288.255901  -3.451145 10.200
 38    76.314 53536.61471443 31.24 288.255164  -3.454442 10.038
 38    76.362 53536.61471507 29.84 288.254444  -3.457752 10.038
 38    76.358 53536.61472087 22.41 288.247894  -3.487492 10.038
 38    75.758 53536.61472152 23.84 288.247164  -3.490802 10.038
 38    75.861 53536.61472216 23.52 288.246434  -3.494102 10.038
 38    75.926 53536.61472281 27.70 288.245704  -3.497412 10.038
 38    76.039 53536.61472345 32.70 288.244974  -3.500712 10.038
 39    73.437 53571.61471486 16.92 288.256683  -3.421300  7.706
 39    73.026 53571.61471550 17.64 288.255953  -3.424610  7.706
 39    72.514 53571.61471615 18.71 288.255233  -3.427910  7.706
 39    73.243 53571.61471679 15.02 288.254503  -3.431220  7.706
 39    77.412 53571.61471744 12.40 288.253773  -3.434520  7.706
 39    77.578 53571.61471808 11.80 288.253043  -3.437830  7.706
 39    77.758 53571.61471873 11.25 288.252323  -3.441130  7.706
 39    77.916 53571.61471937 11.67 288.251593  -3.444440  7.706
 39    78.074 53571.61472002 11.50 288.250863  -3.447740  7.706
 39    78.088 53571.61472066 12.40 288.250133  -3.451050  7.706
 39    78.205 53571.61472130 12.39 288.249403  -3.454350  7.706
 39    78.246 53571.61472195 12.44 288.248683  -3.457660  7.706
 39    78.355 53571.61472259 13.19 288.247947  -3.460958  8.010
 39    78.415 53571.61472324 13.37 288.247227  -3.464268  8.010
 39    78.265 53571.61472388 13.77 288.246497  -3.467568  8.010
 39    78.075 53571.61472453 14.57 288.245767  -3.470878  8.010
 39    77.837 53571.61472517 15.76 288.245037  -3.474178  8.010
 39    77.588 53571.61472582 16.01 288.244307  -3.477488  8.010
 39    75.629 53571.61472646 17.10 288.243587  -3.480788  8.010
 39    74.352 53571.61472711 17.62 288.242857  -3.484098  8.010
 39    74.059 53571.61472775 18.85 288.242127  -3.487398  8.010
 39    74.553 53571.61472840 19.94 288.241397  -3.490708  8.010
 39    74.688 53571.61472904 20.13 288.240677  -3.494008  8.010
 39    74.706 53571.61472969 21.91 288.239947  -3.497318  8.010
 40    70.512 53606.61466476 51.29 288.260021  -3.431065 22.921
 40    70.439 53606.61466540 47.81 288.259291  -3.434365 22.921
 40    70.393 53606.61466605 45.39 288.258561  -3.437675 22.921
 40    70.372 53606.61466669 35.25 288.257841  -3.440975 22.921
 40    70.169 53606.61466734 36.03 288.257111  -3.444285 22.921
 40    70.148 53606.61466798 39.59 288.256381  -3.447585 22.921
 40    70.188 53606.61466862 43.42 288.255651  -3.450895 22.921
 40    70.259 53606.61466927 42.86 288.254931  -3.454195 22.921
 40    70.272 53606.61466991 45.24 288.254201  -3.457505 22.921
 40    69.828 53606.61467572 38.25 288.247650  -3.487245 15.677
 40    69.778 53606.61467636 46.79 288.246920  -3.490555 15.677
 40    69.445 53606.61467701 35.90 288.246200  -3.493855 15.677
 40    69.304 53606.61467765 30.83 288.245470  -3.497165 15.677
 40    72.986 53606.61467829 30.32 288.244740  -3.500465 15.677
 41    70.117 53641.61466412 47.51 288.258348  -3.425644 31.632
 41    70.047 53641.61466477 50.64 288.257618  -3.428954 31.632
 41    70.002 53641.61466541 48.09 288.256888  -3.432254 31.632
 41    70.026 53641.61466606 47.55 288.256158  -3.435564 31.632
 41    69.970 53641.61466670 47.05 288.255428  -3.438864 31.632
 41    69.854 53641.61466734 43.06 288.254698  -3.442174 31.632
 41    69.856 53641.61466799 40.17 288.253978  -3.445474 31.632
 41    69.848 53641.61466863 38.28 288.253248  -3.448784 31.632
 41    69.834 53641.61466928 40.35 288.252518  -3.452084 31.632
 41    69.906 53641.61466992 41.30 288.251788  -3.455394 31.632
 41    69.903 53641.61467057 42.04 288.251064  -3.458691 27.927
 41    69.877 53641.61467121 43.04 288.250334  -3.462001 27.927
 41    69.817 53641.61467186 44.03 288.249604  -3.465301 27.927
 41    69.647 53641.61467250 46.62 288.248874  -3.468611 27.927
 41    69.645 53641.61467315 46.84 288.248154  -3.471911 27.927
 41    69.678 53641.61467379 47.26 288.247424  -3.475221 27.927
 41    69.704 53641.61467444 45.24 288.246694  -3.478521 27.927
 41    69.564 53641.61467508 34.37 288.245964  -3.481831 27.927
 41    69.367 53641.61467573 32.62 288.245234  -3.485131 27.927
 41    69.583 53641.61467637 39.69 288.244504  -3.488441 27.927
 41    69.543 53641.61467701 35.41 288.243784  -3.491741 27.927
 41    69.101 53641.61467766 26.55 288.243054  -3.495051 27.927
 41    68.821 53641.61467830 25.86 288.242324  -3.498351 27.927
 42    74.317 53676.61468306 27.22 288.256184  -3.422850  5.907
 42    74.173 53676.61468371 26.77 288.255464  -3.426150  5.907
 42    74.261 53676.61468435 26.58 288.254734  -3.429460  5.907
 42    74.039 53676.61468500 27.34 288.254004  -3.432760  5.907
 42    74.113 53676.61468564 27.57 288.253274  -3.436070  5.907
 42    74.123 53676.61468629 27.81 288.252554  -3.439370  5.907
 42    74.123 53676.61468693 27.15 288.251824  -3.442680  5.907
 42    74.117 53676.61468757 28.54 288.251094  -3.445980  5.907
 42    74.032 53676.61468822 29.45 288.250364  -3.449290  5.907
 42    73.983 53676.61468886 28.37 288.249634  -3.452590  5.907
 42    74.003 53676.61468951 27.83 288.248914  -3.455900  5.907
 42    73.943 53676.61469015 27.60 288.248176  -3.459199  5.538
 42    73.839 53676.61469080 26.47 288.247456  -3.462509  5.538
 42    73.748 53676.61469144 25.84 288.246726  -3.465809  5.538
 42    73.703 53676.61469209 25.81 288.245996  -3.469119  5.538
 42    73.746 53676.61469273 25.01 288.245266  -3.472419  5.538
 42    73.932 53676.61469338 24.52 288.244546  -3.475729  5.538
 42    74.003 53676.61469402 23.90 288.243816  -3.479029  5.538
 42    73.872 53676.61469467 24.36 288.243086  -3.482339  5.538
 42    73.872 53676.61469531 25.46 288.242356  -3.485639  5.538
 42    74.097 53676.61469596 26.87 288.241626  -3.488949  5.538
 42    74.264 53676.61469660 31.79 288.240906  -3.492249  5.538
 42    74.281 53676.61469725 31.90 288.240176  -3.495559  5.538
 43    73.227 53711.61461650 40.83 288.260751  -3.445305 14.099
 43    73.165 53711.61461714 44.01 288.260021  -3.448605 14.099
 43    73.076 53711.61461779 46.49 288.259291  -3.451915 14.099
 43    73.066 53711.61461843 46.84 288.258561  -3.455215 14.099
 43    73.084 53711.61461908 48.18 288.257841  -3.458525 14.099
 43    72.872 53711.61462552 47.48 288.250558  -3.491575 19.426
 43    72.865 53711.61462617 46.25 288.249838  -3.494875 19.426
 43    72.866 53711.61462681 51.27 288.249108  -3.498185 19.426
 43    72.853 53711.61462746 38.54 288.248378  -3.501485 19.426
 43    72.837 53711.61462810 38.94 288.247648  -3.504795 19.426
 44    75.282 53746.61452681 33.95 288.260649  -3.440932 17.675
 44    75.159 53746.61452746 23.53 288.259919  -3.444242 17.675
 44    75.215 53746.61452810 23.21 288.259192  -3.447539 23.688
 44    74.997 53746.61452875 23.46 288.258462  -3.450849 23.688
 44    75.093 53746.61452939 24.39 288.257732  -3.454149 23.688
 44    75.327 53746.61453004 32.58 288.257002  -3.457459 23.688
 44    75.099 53746.61453648 44.65 288.249722  -3.490509 23.688
 44    75.054 53746.61453713 38.06 288.248992  -3.493809 23.688
 44    74.963 53746.61453777 40.76 288.248262  -3.497119 23.688
 44    75.011 53746.61453842 44.86 288.247542  -3.500419 23.688
 44    74.996 53746.61453906 48.01 288.246812  -3.503729 23.688
 45    78.060 53781.61455894 18.06 288.260628  -3.446111 25.059
 45    78.020 53781.61455959 18.02 288.259898  -3.449421 25.059
 45    77.917 53781.61456023 18.28 288.259168  -3.452721 25.059
 45    77.849 53781.61456088 19.39 288.258448  -3.456031 25.059
 45    77.946 53781.61456152 19.61 288.257710  -3.459330 15.328
 45    77.665 53781.61456797 22.45 288.250440  -3.492380 15.328
 45    77.577 53781.61456861 21.43 288.249710  -3.495690 15.328
 45    77.555 53781.61456926 21.23 288.248980  -3.498990 15.328
 45    77.748 53781.61456990 22.51 288.248250  -3.502300 15.328
 46    78.680 53816.61452528 45.54 288.260650  -3.443151 23.122
 46    78.631 53816.61452592 45.02 288.259930  -3.446451 23.122
 46    78.686 53816.61452657 45.96 288.259200  -3.449761 23.122
 46    78.762 53816.61452721 46.03 288.258470  -3.453061 23.122
 46    78.780 53816.61452785 46.84 288.257740  -3.456371 23.122
 46    78.749 53816.61452850 41.55 288.257020  -3.459671 23.122
 46    78.614 53816.61453430 42.83 288.250470  -3.489422 27.359
 46    78.444 53816.61453495 38.98 288.249740  -3.492722 27.359
 46    78.445 53816.61453559 43.10 288.249010  -3.496032 27.359
 46    78.486 53816.61453624 44.29 288.248290  -3.499332 27.359
 46    78.542 53816.61453688 48.25 288.247560  -3.502642 27.359
 47    79.616 53851.61459174 29.24 288.256995  -3.423701 14.089
 47    79.414 53851.61459238 25.81 288.256265  -3.427011 14.089
 47    79.364 53851.61459303 24.33 288.255535  -3.430311 14.089
 47    79.208 53851.61459367 21.06 288.254805  -3.433621 14.089
 47    79.129 53851.61459432 20.01 288.254085  -3.436921 14.089
 47    79.057 53851.61459496 20.38 288.253355  -3.440231 14.089
 47    78.917 53851.61459561 20.20 288.252625  -3.443531 14.089
 47    78.695 53851.61459625 21.48 288.251895  -3.446841 14.089
 47    78.374 53851.61459689 22.61 288.251165  -3.450141 14.089
 47    77.739 53851.61459754 23.98 288.250435  -3.453451 14.089
 47    77.687 53851.61459818 24.75 288.249715  -3.456751 14.089
 47    78.208 53851.61459883 24.47 288.248985  -3.460061 14.089
 47    78.457 53851.61459947 24.57 288.248255  -3.463361 14.089
 47    78.549 53851.61460012 25.18 288.247525  -3.466671 14.089
 47    78.560 53851.61460076 24.52 288.246801  -3.469969 14.643
 47    78.730 53851.61460141 22.82 288.246071  -3.473279 14.643
 47    78.833 53851.61460205 22.18 288.245341  -3.476579 14.643
 47    78.893 53851.61460270 22.23 288.244611  -3.479889 14.643
 47    78.837 53851.61460334 22.65 288.243891  -3.483189 14.643
 47    79.091 53851.61460399 21.55 288.243161  -3.486499 14.643
 47    79.251 53851.61460463 22.49 288.242431  -3.489799 14.643
 47    79.310 53851.61460528 22.69 288.241701  -3.493109 14.643
 47    79.201 53851.61460592 24.89 288.240971  -3.496409 14.643
 48    75.746 53886.61460341 33.60 288.264016  -3.450657 15.265
 48    75.778 53886.61460406 33.24 288.263286  -3.453967 15.265
 48    75.797 53886.61460470 41.22 288.262556  -3.457267 15.265
 48    75.823 53886.61460535 45.12 288.261826  -3.460577 15.265
 48    75.675 53886.61461244 42.56 288.253826  -3.496926 19.133
 48    75.704 53886.61461308 45.52 288.253096  -3.500236 19.133
 48    75.617 53886.61461373 52.38 288.252366  -3.503536 19.133
 48    75.707 53886.61461437 51.59 288.251636  -3.506846 19.133
 49    74.784 53921.61466786 31.82 288.253990  -3.414904  9.922
 49    74.549 53921.61466851 31.44 288.253260  -3.418204  9.922
 49    74.506 53921.61466915 32.38 288.252540  -3.421514  9.922
 49    74.428 53921.61466980 31.60 288.251810  -3.424814  9.922
 49    74.462 53921.61467044 31.48 288.251080  -3.428124  9.922
 49    74.509 53921.61467109 30.12 288.250350  -3.431424  9.922
 49    74.493 53921.61467173 31.36 288.249620  -3.434734  9.922
 49    74.533 53921.61467238 31.94 288.248900  -3.438034  9.922
 49    74.409 53921.61467302 32.49 288.248170  -3.441344  9.922
 49    74.041 53921.61467367 34.33 288.247440  -3.444644  9.922
 49    74.098 53921.61467431 35.69 288.246710  -3.447954  9.922
 49    74.218 53921.61467496 35.47 288.245980  -3.451254  9.922
 49    74.258 53921.61467560 34.02 288.245260  -3.454564  9.922
 49    74.245 53921.61467625 34.24 288.244530  -3.457864  9.922
 49    74.095 53921.61467689 34.14 288.243800  -3.461174  9.922
 49    73.865 53921.61467753 32.18 288.243070  -3.464474  9.922
 49    73.993 53921.61467818 29.81 288.242350  -3.467784  9.922
 49    74.030 53921.61467882 28.12 288.241621  -3.471082 12.883
 49    74.008 53921.61467947 30.09 288.240891  -3.474392 12.883
 49    73.997 53921.61468011 31.49 288.240161  -3.477692 12.883
 49    74.026 53921.61468076 30.56 288.239431  -3.481002 12.883
 49    74.019 53921.61468140 29.84 288.238701  -3.484302 12.883
 49    74.005 53921.61468205 28.54 288.237981  -3.487612 12.883
 49    74.008 53921.61468269 27.54 288.237251  -3.490912 12.883
 49    74.043 53921.61468334 27.59 288.236521  -3.494222 12.883
 49    74.460 53921.61468398 26.20 288.235791  -3.497522 12.883
 49    74.417 53921.61468463 43.85 288.235061  -3.500832 12.883
 50    71.762 53956.61466501 44.76 288.254307  -3.418456 17.936
 50    71.668 53956.61466565 47.41 288.253577  -3.421756 17.936
 50    71.524 53956.61466630 48.07 288.252847  -3.425066 17.936
 50    71.566 53956.61466694 44.38 288.252127  -3.428366 17.936
 50    71.322 53956.61466759 38.91 288.251397  -3.431676 17.936
 50    71.095 53956.61466823 37.05 288.250667  -3.434976 17.936
 50    71.045 53956.61466888 37.03 288.249937  -3.438286 17.936
 50    71.040 53956.61466952 35.63 288.249217  -3.441586 17.936
 50    71.100 53956.61467017 34.56 288.248487  -3.444896 17.936
 50    71.282 53956.61467081 33.91 288.247757  -3.448196 17.936
 50    71.259 53956.61467145 33.41 288.247027  -3.451506 17.936
 50    71.126 53956.61467210 34.13 288.246307  -3.454806 17.936
 50    71.034 53956.61467274 35.20 288.245577  -3.458116 17.936
 50    71.081 53956.61467339 33.76 288.244847  -3.461416 17.936
 50    71.004 53956.61467403 33.72 288.244117  -3.464726 17.936
 50    71.088 53956.61467468 32.19 288.243387  -3.468026 17.936
 50    71.107 53956.61467532 31.13 288.242667  -3.471336 17.936
 50    71.175 53956.61467597 31.30 288.241930  -3.474634 11.633
 50    71.206 53956.61467661 32.98 288.241210  -3.477944 11.633
 50    71.257 53956.61467726 31.80 288.240480  -3.481244 11.633
 50    71.252 53956.61467790 32.64 288.239750  -3.484554 11.633
 50    71.230 53956.61467855 32.60 288.239020  -3.487854 11.633
 50    71.217 53956.61467919 30.91 288.238300  -3.491164 11.633
 50    71.287 53956.61467984 30.79 288.237570  -3.494464 11.633
 50    71.227 53956.61468048 30.94 288.236840  -3.497774 11.633
 51    70.921 53991.61458997 36.53 288.260297  -3.443328 15.065
 51    70.937 53991.61459062 39.88 288.259567  -3.446638 15.065
 51    70.911 53991.61459126 42.75 288.258837  -3.449938 15.065
 51    70.893 53991.61459191 44.27 288.258107  -3.453248 15.065
 51    70.849 53991.61459255 41.59 288.257387  -3.456548 15.065
 51    70.753 53991.61459320 39.63 288.256657  -3.459858 15.065
 51    70.329 53991.61459900 37.15 288.250099  -3.489596 10.383
 51    70.389 53991.61459964 37.45 288.249369  -3.492906 10.383
 51    70.426 53991.61460029 39.82 288.248639  -3.496206 10.383
 51    70.535 53991.61460093 36.22 288.247909  -3.499516 10.383
 51    72.821 53991.61460158 30.96 288.247189  -3.502816 10.383
 52    72.899 54026.61465320 38.78 288.260422  -3.432073 29.212
 52    72.940 54026.61465384 42.16 288.259692  -3.435373 29.212
 52    73.021 54026.61465448 42.37 288.258962  -3.438683 29.212
 52    73.015 54026.61465513 41.31 288.258242  -3.441983 29.212
 52    72.820 54026.61465577 36.80 288.257512  -3.445293 29.212
 52    72.822 54026.61465642 42.21 288.256782  -3.448593 29.212
 52    72.855 54026.61465706 44.46 288.256052  -3.451903 29.212
 52    72.906 54026.61465771 45.71 288.255322  -3.455203 29.212
 52    72.967 54026.61465835 40.00 288.254592  -3.458513 29.212
 52    72.661 54026.61466415 51.83 288.248047  -3.488250 25.965
 52    72.549 54026.61466480 47.68 288.247317  -3.491560 25.965
 52    72.460 54026.61466544 39.83 288.246587  -3.494860 25.965
 52    72.435 54026.61466609 38.98 288.245857  -3.498170 25.965
 52    72.394 54026.61466673 36.44 288.245127  -3.501470 25.965
 53    75.904 54061.61464966 36.46 288.261576  -3.446907 11.403
 53    75.853 54061.61465031 36.45 288.260846  -3.450207 11.403
 53    75.907 54061.61465095 39.28 288.260116  -3.453517 11.403
 53    75.907 54061.61465160 39.57 288.259396  -3.456817 11.403
 53    75.785 54061.61465224 36.15 288.258666  -3.460127 11.403
 53    75.633 54061.61465869 29.86 288.251378  -3.493176  9.490
 53    75.477 54061.61465933 30.78 288.250658  -3.496476  9.490
 53    75.538 54061.61465998 31.05 288.249928  -3.499786  9.490
 53    75.607 54061.61466062 40.64 288.249198  -3.503086  9.490
 55    78.805 54131.61456763 21.96 288.260359  -3.430956 17.783
 55    78.952 54131.61456828 23.56 288.259629  -3.434266 17.783
 55    78.970 54131.61456892 23.25 288.258909  -3.437566 17.783
 55    78.779 54131.61456957 22.84 288.258179  -3.440876 17.783
 55    78.580 54131.61457021 22.77 288.257449  -3.444176 17.783
 55    78.545 54131.61457086 19.32 288.256719  -3.447486 17.783
 55    78.495 54131.61457150 17.56 288.255989  -3.450786 17.783
 55    78.376 54131.61457215 17.41 288.255269  -3.454096 17.783
 55    78.283 54131.61457279 20.64 288.254539  -3.457396 17.783
 55    78.505 54131.61457859 22.19 288.247984  -3.487144 17.119
 55    78.433 54131.61457924 20.56 288.247254  -3.490444 17.119
 55    78.351 54131.61457988 20.24 288.246524  -3.493754 17.119
 55    78.273 54131.61458053 21.13 288.245794  -3.497054 17.119
 55    78.424 54131.61458117 22.15 288.245064  -3.500364 17.119
 56    75.177 54166.61459077 18.93 288.259217  -3.427576 17.332
 56    75.445 54166.61459142 18.89 288.258487  -3.430886 17.332
 56    75.549 54166.61459206 17.30 288.257757  -3.434186 17.332
 56    75.697 54166.61459271 15.85 288.257027  -3.437496 17.332
 56    75.841 54166.61459335 14.82 288.256297  -3.440796 17.332
 56    75.309 54166.61459399 18.61 288.255577  -3.444106 17.332
 56    75.624 54166.61459464 16.62 288.254842  -3.447404  5.708
 56    75.657 54166.61459528 15.99 288.254122  -3.450714  5.708
 56    76.548 54166.61459593 14.14 288.253392  -3.454014  5.708
 56    77.042 54166.61459657 13.97 288.252662  -3.457324  5.708
 56    77.368 54166.61459722 14.42 288.251932  -3.460624  5.708
 56    77.592 54166.61459786 16.28 288.251202  -3.463934  5.708
 56    77.629 54166.61459851 17.65 288.250482  -3.467234  5.708
 56    77.599 54166.61459915 18.66 288.249752  -3.470544  5.708
 56    77.528 54166.61459980 18.01 288.249022  -3.473844  5.708
 56    77.215 54166.61460044 17.44 288.248292  -3.477154  5.708
 56    77.124 54166.61460109 16.46 288.247572  -3.480454  5.708
 56    76.973 54166.61460173 15.80 288.246842  -3.483764  5.708
 56    76.841 54166.61460238 16.67 288.246112  -3.487064  5.708
 56    76.450 54166.61460302 16.60 288.245382  -3.490374  5.708
 56    75.876 54166.61460366 16.88 288.244652  -3.493674  5.708
 56    76.306 54166.61460431 16.65 288.243932  -3.496984  5.708
 56    77.047 54166.61460495 17.24 288.243202  -3.500284  5.708
 57    78.669 54201.61457061 24.30 288.259698  -3.429438 18.595
 57    78.690 54201.61457126 25.24 288.258968  -3.432748 18.595
 57    78.666 54201.61457190 25.47 288.258238  -3.436048 18.595
 57    78.652 54201.61457255 23.20 288.257508  -3.439358 18.595
 57    78.559 54201.61457319 23.92 288.256785  -3.442657  5.586
 57    78.411 54201.61457384 24.04 288.256055  -3.445967  5.586
 57    78.566 54201.61457448 23.04 288.255325  -3.449267  5.586
 57    78.541 54201.61457513 22.88 288.254595  -3.452577  5.586
 57    78.548 54201.61457577 22.47 288.253875  -3.455877  5.586
 57    78.525 54201.61457642 22.84 288.253145  -3.459187  5.586
 57    78.415 54201.61457706 23.39 288.252415  -3.462487  5.586
 57    78.292 54201.61457771 23.02 288.251685  -3.465797  5.586
 57    78.286 54201.61457835 23.48 288.250955  -3.469097  5.586
 57    78.294 54201.61457899 23.88 288.250225  -3.472407  5.586
 57    78.350 54201.61457964 23.67 288.249505  -3.475707  5.586
 57    78.403 54201.61458028 23.11 288.248775  -3.479017  5.586
 57    78.306 54201.61458093 24.15 288.248045  -3.482317  5.586
 57    78.341 54201.61458157 24.56 288.247315  -3.485627  5.586
 57    78.382 54201.61458222 25.73 288.246585  -3.488927  5.586
 57    78.422 54201.61458286 27.11 288.245855  -3.492237  5.586
 57    78.481 54201.61458351 26.92 288.245135  -3.495537  5.586
 57    78.409 54201.61458415 26.55 288.244405  -3.498847  5.586
 58    78.920 54236.61460712 30.45 288.260479  -3.434329  7.738
 58    78.961 54236.61460776 31.42 288.259749  -3.437639  7.738
 58    78.916 54236.61460841 33.08 288.259019  -3.440939  7.738
 58    78.864 54236.61460905 33.03 288.258289  -3.444249  7.738
 58    78.777 54236.61460970 33.44 288.257569  -3.447548  9.956
 58    78.840 54236.61461034 35.11 288.256839  -3.450858  9.956
 58    78.852 54236.61461098 36.06 288.256109  -3.454158  9.956
 58    78.730 54236.61461163 37.44 288.255379  -3.457468  9.956
 58    78.678 54236.61461743 33.63 288.248829  -3.487208  9.956
 58    78.656 54236.61461808 34.79 288.248099  -3.490518  9.956
 58    78.679 54236.61461872 36.07 288.247369  -3.493818  9.956
 58    78.727 54236.61461937 34.46 288.246639  -3.497128  9.956
 58    78.814 54236.61462001 34.46 288.245919  -3.500428  9.956
 59    76.646 54271.61462791 30.34 288.259996  -3.434744 10.275
 59    76.641 54271.61462856 33.22 288.259266  -3.438054 10.275
 59    76.569 54271.61462920 31.96 288.258536  -3.441354 10.275
 59    76.507 54271.61462985 31.58 288.257816  -3.444664 10.275
 59    76.568 54271.61463049 33.36 288.257079  -3.447961 12.864
 59    76.538 54271.61463114 33.97 288.256359  -3.451271 12.864
 59    76.582 54271.61463178 34.78 288.255629  -3.454571 12.864
 59    76.625 54271.61463243 36.91 288.254899  -3.457881 12.864
 59    76.385 54271.61463823 34.78 288.248349  -3.487621 12.864
 59    76.379 54271.61463887 40.38 288.247619  -3.490931 12.864
 59    76.386 54271.61463952 41.57 288.246889  -3.494231 12.864
 59    76.371 54271.61464016 42.75 288.246169  -3.497541 12.864
 59    76.421 54271.61464081 41.12 288.245439  -3.500841 12.864
 60    73.735 54306.61463036 27.28 288.259775  -3.434286  7.092
 60    73.763 54306.61463100 28.13 288.259045  -3.437596  7.092
 60    73.456 54306.61463165 28.45 288.258315  -3.440896  7.092
 60    73.524 54306.61463229 29.71 288.257595  -3.444206  7.092
 60    73.458 54306.61463294 32.09 288.256866  -3.447504  8.880
 60    73.463 54306.61463358 32.48 288.256136  -3.450814  8.880
 60    73.560 54306.61463423 33.38 288.255406  -3.454114  8.880
 60    73.575 54306.61463487 31.83 288.254676  -3.457424  8.880
 60    73.348 54306.61464067 24.20 288.248126  -3.487164  8.880
 60    73.299 54306.61464132 24.54 288.247396  -3.490474  8.880
 60    73.385 54306.61464196 27.91 288.246676  -3.493774  8.880
 60    73.334 54306.61464261 33.30 288.245946  -3.497084  8.880
 60    73.392 54306.61464325 35.33 288.245216  -3.500384  8.880
 61    71.907 54341.61461133 26.21 288.260434  -3.435372 18.570
 61    71.949 54341.61461198 12.26 288.259704  -3.438672 18.570
 61    71.486 54341.61461262 10.73 288.258974  -3.441982 18.570
 61    70.797 54341.61461327 11.52 288.258244  -3.445282 18.570
 61    70.659 54341.61461391 12.08 288.257524  -3.448592 18.570
 61    70.548 54341.61461455 13.08 288.256790  -3.451891 12.804
 61    70.636 54341.61461520 11.78 288.256070  -3.455201 12.804
 61    70.796 54341.61461584 16.00 288.255340  -3.458501 12.804
 61    75.514 54341.61462165 17.08 288.248790  -3.488251 12.804
 61    70.345 54341.61462229 20.25 288.248060  -3.491551 12.804
 61    70.322 54341.61462294 26.26 288.247330  -3.494861 12.804
 61    70.589 54341.61462358 33.34 288.246610  -3.498161 12.804
 61    70.682 54341.61462422 43.80 288.245880  -3.501471 12.804
 62    71.844 54376.61456433 31.44 288.260255  -3.429701 11.778
 62    71.725 54376.61456498 32.48 288.259525  -3.433011 11.778
 62    71.595 54376.61456562 33.23 288.258795  -3.436311 11.778
 62    71.552 54376.61456627 32.55 288.258075  -3.439621 11.778
 62    71.662 54376.61456691 34.05 288.257345  -3.442921 11.778
 62    71.724 54376.61456756 36.01 288.256615  -3.446231 11.778
 62    71.786 54376.61456820 41.61 288.255885  -3.449531 11.778
 62    71.712 54376.61456885 43.74 288.255155  -3.452841 11.778
 62    71.677 54376.61456949 42.69 288.254434  -3.456139 18.771
 62    71.561 54376.61457529 34.59 288.247874  -3.485889 18.771
 62    71.565 54376.61457594 36.91 288.247154  -3.489189 18.771
 62    71.522 54376.61457658 43.57 288.246424  -3.492499 18.771
 62    71.469 54376.61457723 41.20 288.245694  -3.495799 18.771
 62    71.517 54376.61457787 39.11 288.244964  -3.499109 18.771
 63    74.305 54411.61455736 19.45 288.260010  -3.429076 17.729
 63    74.343 54411.61455800 18.94 288.259280  -3.432376 17.729
 63    74.555 54411.61455865 19.37 288.258550  -3.435686 17.729
 63    74.575 54411.61455929 16.77 288.257820  -3.438986 17.729
 63    74.408 54411.61455994 14.95 288.257100  -3.442296 17.729
 63    74.457 54411.61456058 12.58 288.256370  -3.445596 17.729
 63    74.435 54411.61456123 12.59 288.255640  -3.448906 17.729
 63    74.530 54411.61456187 11.78 288.254910  -3.452206 17.729
 63    74.489 54411.61456252 11.74 288.254190  -3.455516 17.729
 63    74.549 54411.61456316 11.51 288.253452  -3.458815  2.689
 63    74.420 54411.61456381 11.09 288.252732  -3.462125  2.689
 63    74.405 54411.61456445 11.46 288.252002  -3.465425  2.689
 63    74.433 54411.61456510 11.65 288.251272  -3.468735  2.689
 63    74.598 54411.61456574 11.22 288.250542  -3.472035  2.689
 63    75.025 54411.61456639 11.13 288.249822  -3.475345  2.689
 63    74.445 54411.61456703 11.73 288.249092  -3.478645  2.689
 63    75.701 54411.61456767 11.45 288.248362  -3.481955  2.689
 63    75.799 54411.61456832 11.49 288.247632  -3.485255  2.689
 63    75.302 54411.61456896 12.59 288.246902  -3.488565  2.689
 63    74.378 54411.61456961 13.48 288.246182  -3.491865  2.689
 63    74.305 54411.61457025 14.28 288.245452  -3.495175  2.689
 63    74.464 54411.61457090 15.37 288.244722  -3.498475  2.689
 64    76.149 54446.61452915 18.07 288.259869  -3.431069 14.301
 64    76.201 54446.61452980 20.18 288.259139  -3.434369 14.301
 64    76.195 54446.61453044 22.22 288.258409  -3.437679 14.301
 64    76.327 54446.61453109 14.59 288.257689  -3.440979 14.301
 64    76.201 54446.61453173 13.52 288.256959  -3.444289 14.301
 64    76.121 54446.61453238 14.61 288.256229  -3.447589 14.301
 64    76.162 54446.61453302 14.27 288.255499  -3.450899 14.301
 64    76.207 54446.61453367 14.12 288.254774  -3.454197  4.004
 64    76.115 54446.61453431 14.03 288.254044  -3.457507  4.004
 64    75.871 54446.61454011 14.18 288.247494  -3.487247  4.004
 64    75.871 54446.61454076 14.10 288.246764  -3.490557  4.004
 64    75.795 54446.61454140 14.55 288.246034  -3.493857  4.004
 64    75.902 54446.61454205 14.18 288.245304  -3.497167  4.004
 64    76.176 54446.61454269 15.23 288.244574  -3.500467  4.004
 65    77.408 54481.61455059 37.60 288.260252  -3.435642 14.008
 65    77.398 54481.61455123 40.31 288.259522  -3.438952 14.008
 65    77.279 54481.61455188 36.51 288.258792  -3.442252 14.008
 65    77.186 54481.61455252 37.18 288.258062  -3.445562 14.008
 65    77.173 54481.61455317 36.32 288.257332  -3.448862 14.008
 65    77.218 54481.61455381 40.21 288.256612  -3.452172 14.008
 65    77.237 54481.61455446 43.30 288.255882  -3.455472 14.008
 65    77.136 54481.61455510 37.55 288.255152  -3.458782 14.008
 65    77.070 54481.61456090 45.22 288.248603  -3.488520 22.239
 65    77.075 54481.61456155 47.78 288.247873  -3.491830 22.239
 65    77.077 54481.61456219 48.62 288.247143  -3.495130 22.239
 65    77.082 54481.61456284 48.32 288.246413  -3.498440 22.239
 65    77.088 54481.61456348 51.86 288.245693  -3.501740 22.239
 66    77.622 54516.61454373 22.59 288.260296  -3.433294 17.870
 66    77.674 54516.61454438 21.83 288.259566  -3.436594 17.870
 66    77.799 54516.61454502 18.92 288.258836  -3.439904 17.870
 66    77.370 54516.61454566 21.37 288.258106  -3.443204 17.870
 66    77.336 54516.61454631 20.09 288.257386  -3.446514 17.870
 66    77.539 54516.61454695 16.85 288.256656  -3.449814 17.870
 66    77.412 54516.61454760 17.60 288.255926  -3.453124 17.870
 66    77.496 54516.61454824 17.02 288.255196  -3.456424 17.870
 66    77.244 54516.61455405 17.71 288.248642  -3.486172 12.598
 66    77.128 54516.61455469 18.11 288.247912  -3.489472 12.598
 66    77.128 54516.61455533 16.50 288.247182  -3.492782 12.598
 66    77.151 54516.61455598 16.26 288.246462  -3.496082 12.598
 66    77.162 54516.61455662 19.31 288.245732  -3.499392 12.598
 67    78.917 54551.61456189 34.78 288.260209  -3.429852 17.079
 67    78.957 54551.61456253 37.97 288.259479  -3.433152 17.079
 67    78.972 54551.61456317 36.57 288.258749  -3.436462 17.079
 67    78.924 54551.61456382 36.37 288.258029  -3.439762 17.079
 67    78.895 54551.61456446 37.63 288.257299  -3.443072 17.079
 67    78.855 54551.61456511 37.52 288.256569  -3.446372 17.079
 67    78.862 54551.61456575 37.85 288.255839  -3.449682 17.079
 67    78.897 54551.61456640 38.68 288.255119  -3.452982 17.079
 67    78.870 54551.61456704 41.75 288.254389  -3.456292 17.079
 67    78.731 54551.61457284 45.60 288.247834  -3.486032 21.275
 67    78.720 54551.61457349 45.26 288.247104  -3.489342 21.275
 67    78.728 54551.61457413 47.10 288.246384  -3.492642 21.275
 67    78.712 54551.61457478 47.51 288.245654  -3.495952 21.275
 67    78.720 54551.61457542 46.99 288.244924  -3.499252 21.275
 68    79.292 54586.61453869 26.88 288.260246  -3.432214 16.444
 68    79.322 54586.61453934 27.03 288.259526  -3.435514 16.444
 68    79.308 54586.61453998 30.36 288.258796  -3.438824 16.444
 68    79.150 54586.61454063 31.93 288.258066  -3.442124 16.444
 68    79.132 54586.61454127 28.63 288.257336  -3.445434 16.444
 68    79.230 54586.61454192 30.85 288.256606  -3.448734 16.444
 68    79.349 54586.61454256 31.30 288.255886  -3.452044 16.444
 68    79.351 54586.61454321 32.21 288.255156  -3.455344 16.444
 68    79.331 54586.61454385 33.65 288.254426  -3.458654 16.444
 68    79.102 54586.61454965 35.20 288.247876  -3.488392 19.657
 68    79.155 54586.61455030 40.34 288.247146  -3.491702 19.657
 68    79.171 54586.61455094 41.40 288.246416  -3.495002 19.657
 68    79.201 54586.61455159 43.42 288.245686  -3.498312 19.657
 68    79.178 54586.61455223 45.15 288.244966  -3.501612 19.657
 69    77.032 54621.61455747 22.33 288.260058  -3.429582 15.503
 69    76.952 54621.61455811 23.69 288.259328  -3.432892 15.503
 69    76.908 54621.61455876 27.75 288.258608  -3.436192 15.503
 69    76.919 54621.61455940 24.46 288.257878  -3.439502 15.503
 69    76.739 54621.61456005 22.45 288.257148  -3.442802 15.503
 69    76.647 54621.61456069 21.93 288.256418  -3.446112 15.503
 69    76.671 54621.61456134 21.69 288.255698  -3.449412 15.503
 69    76.587 54621.61456198 22.41 288.254968  -3.452722 15.503
 69    76.591 54621.61456263 21.91 288.254238  -3.456022 15.503
 69    76.935 54621.61456843 20.49 288.247690  -3.485769 11.762
 69    76.785 54621.61456907 19.50 288.246960  -3.489069 11.762
 69    76.563 54621.61456972 20.37 288.246230  -3.492379 11.762
 69    76.595 54621.61457036 18.83 288.245500  -3.495679 11.762
 69    77.121 54621.61457101 19.19 288.244770  -3.498989 11.762
 70    75.916 54656.61456652 40.40 288.259481  -3.426236 14.569
 70    76.010 54656.61456716 38.07 288.258751  -3.429536 14.569
 70    75.848 54656.61456781 37.50 288.258021  -3.432846 14.569
 70    75.920 54656.61456845 35.61 288.257301  -3.436146 14.569
 70    75.860 54656.61456910 31.19 288.256571  -3.439456 14.569
 70    75.639 54656.61456974 28.09 288.255841  -3.442756 14.569
 70    75.648 54656.61457039 26.25 288.255111  -3.446066 14.569
 70    75.648 54656.61457103 26.43 288.254391  -3.449366 14.569
 70    75.609 54656.61457168 26.42 288.253661  -3.452676 14.569
 70    75.675 54656.61457232 26.37 288.252931  -3.455976 14.569
 70    75.686 54656.61457296 26.12 288.252201  -3.459286 14.569
 70    75.565 54656.61457361 26.51 288.251471  -3.462586 14.569
 70    75.402 54656.61457425 25.80 288.250751  -3.465896 14.569
 70    75.578 54656.61457490 24.54 288.250023  -3.469194  9.025
 70    75.321 54656.61457554 23.98 288.249293  -3.472504  9.025
 70    75.573 54656.61457619 23.97 288.248563  -3.475804  9.025
 70    75.697 54656.61457683 23.39 288.247833  -3.479114  9.025
 70    75.678 54656.61457748 23.27 288.247103  -3.482414  9.025
 70    75.576 54656.61457812 22.54 288.246383  -3.485724  9.025
 70    75.504 54656.61457877 22.24 288.245653  -3.489024  9.025
 70    75.488 54656.61457941 22.44 288.244923  -3.492334  9.025
 70    75.489 54656.61458006 23.68 288.244193  -3.495634  9.025
 70    75.580 54656.61458070 31.43 288.243463  -3.498944  9.025
 71    72.993 54691.61455156 38.96 288.259818  -3.432020 26.781
 71    72.793 54691.61455220 37.00 288.259088  -3.435330 26.781
 71    72.917 54691.61455284 35.19 288.258358  -3.438630 26.781
 71    72.807 54691.61455349 32.13 288.257628  -3.441940 26.781
 71    72.640 54691.61455413 33.17 288.256908  -3.445240 26.781
 71    72.709 54691.61455478 36.72 288.256178  -3.448550 26.781
 71    72.776 54691.61455542 43.03 288.255448  -3.451850 26.781
 71    72.869 54691.61455607 43.85 288.254718  -3.455160 26.781
 71    72.885 54691.61455671 43.98 288.253988  -3.458460 26.781
 71    72.444 54691.61456187 40.15 288.248172  -3.484899 19.355
 71    72.352 54691.61456252 40.06 288.247442  -3.488209 19.355
 71    72.386 54691.61456316 47.49 288.246712  -3.491509 19.355
 71    72.297 54691.61456380 43.18 288.245992  -3.494819 19.355
 71    72.287 54691.61456445 43.82 288.245262  -3.498119 19.355
 72    72.883 54726.61452009 27.06 288.259887  -3.435176  9.817
 72    72.933 54726.61452073 21.18 288.259157  -3.438476  9.817
 72    72.431 54726.61452138 21.02 288.258427  -3.441786  9.817
 72    72.433 54726.61452202 21.69 288.257697  -3.445086  9.817
 72    72.537 54726.61452267 21.96 288.256977  -3.448396  9.817
 72    72.580 54726.61452331 22.45 288.256247  -3.451696  9.817
 72    72.635 54726.61452396 23.52 288.255517  -3.455006  9.817
 72    72.674 54726.61452460 30.13 288.254787  -3.458306  9.817
 72    72.341 54726.61453040 22.43 288.248234  -3.488052  9.836
 72    72.529 54726.61453105 24.41 288.247504  -3.491352  9.836
 72    72.552 54726.61453169 37.12 288.246774  -3.494662  9.836
 72    72.532 54726.61453234 38.22 288.246054  -3.497962  9.836
 72    72.391 54726.61453298 37.63 288.245324  -3.501272  9.836
 73    73.021 54761.61452852 34.33 288.259613  -3.427852 19.345
 73    72.932 54761.61452916 35.55 288.258883  -3.431152 19.345
 73    72.900 54761.61452981 34.34 288.258153  -3.434462 19.345
 73    72.767 54761.61453045 31.04 288.257433  -3.437762 19.345
 73    72.571 54761.61453110 32.82 288.256703  -3.441072 19.345
 73    72.574 54761.61453174 33.32 288.255973  -3.444372 19.345
 73    72.593 54761.61453239 33.71 288.255243  -3.447682 19.345
 73    72.724 54761.61453303 38.42 288.254513  -3.450982 19.345
 73    72.769 54761.61453368 47.44 288.253793  -3.454292 19.345
 73    72.821 54761.61453432 46.40 288.253063  -3.457592 19.345
 73    72.834 54761.61453496 46.00 288.252333  -3.460902 19.345
 73    72.801 54761.61453561 47.02 288.251603  -3.464202 19.345
 73    72.802 54761.61453625 47.66 288.250883  -3.467512 19.345
 73    72.799 54761.61453690 48.72 288.250145  -3.470810 22.625
 73    72.764 54761.61453754 47.94 288.249425  -3.474120 22.625
 73    72.724 54761.61453819 47.37 288.248695  -3.477420 22.625
 73    72.738 54761.61453883 45.41 288.247965  -3.480730 22.625
 73    72.658 54761.61453948 41.83 288.247235  -3.484030 22.625
 73    72.606 54761.61454012 41.74 288.246515  -3.487340 22.625
 73    72.554 54761.61454077 50.05 288.245785  -3.490640 22.625
 73    72.563 54761.61454141 45.91 288.245055  -3.493950 22.625
 73    72.561 54761.61454206 48.50 288.244325  -3.497250 22.625
 73    72.562 54761.61454270 45.27 288.243595  -3.500560 22.625
 74    74.461 54796.61451224 23.35 288.259244  -3.429202  7.417
 74    74.480 54796.61451288 23.77 288.258514  -3.432512  7.417
 74    74.350 54796.61451352 24.93 288.257784  -3.435812  7.417
 74    74.304 54796.61451417 25.55 288.257054  -3.439122  7.417
 74    74.282 54796.61451481 26.07 288.256324  -3.442422  7.417
 74    74.173 54796.61451546 27.28 288.255594  -3.445732  7.417
 74    74.236 54796.61451610 28.63 288.254874  -3.449032  7.417
 74    74.308 54796.61451675 28.71 288.254144  -3.452342  7.417
 74    74.243 54796.61451739 28.27 288.253414  -3.455642  7.417
 74    74.308 54796.61451804 26.84 288.252684  -3.458952  7.417
 74    74.186 54796.61451868 27.03 288.251958  -3.462251 11.865
 74    74.042 54796.61451933 26.53 288.251228  -3.465561 11.865
 74    74.095 54796.61451997 26.90 288.250498  -3.468861 11.865
 74    74.023 54796.61452062 27.16 288.249768  -3.472171 11.865
 74    74.027 54796.61452126 28.07 288.249048  -3.475471 11.865
 74    74.030 54796.61452191 28.72 288.248318  -3.478781 11.865
 74    73.945 54796.61452255 29.39 288.247588  -3.482081 11.865
 74    73.855 54796.61452319 31.22 288.246858  -3.485391 11.865
 74    73.692 54796.61452384 34.80 288.246128  -3.488691 11.865
 74    73.855 54796.61452448 36.02 288.245398  -3.492001 11.865
 74    73.986 54796.61452513 36.09 288.244678  -3.495301 11.865
 74    74.061 54796.61452577 38.01 288.243948  -3.498611 11.865
 75    73.522 54831.61452890 29.63 288.260125  -3.428819 21.144
 75    73.356 54831.61452954 30.60 288.259395  -3.432119 21.144
 75    73.450 54831.61453019 30.82 288.258665  -3.435429 21.144
 75    73.369 54831.61453083 30.13 288.257945  -3.438729 21.144
 75    73.232 54831.61453148 28.16 288.257215  -3.442039 21.144
 75    73.190 54831.61453212 23.61 288.256485  -3.445339 21.144
 75    73.104 54831.61453277 24.32 288.255755  -3.448649 21.144
 75    73.378 54831.61453341 27.49 288.255025  -3.451949 21.144
 75    73.441 54831.61453406 31.63 288.254305  -3.455259 21.144
 75    73.354 54831.61453470 31.08 288.253575  -3.458559 21.144
 75    73.223 54831.61453534 32.39 288.252845  -3.461869 21.144
 75    73.219 54831.61453599 38.20 288.252115  -3.465169 21.144
 75    73.257 54831.61453663 39.59 288.251395  -3.468479 21.144
 75    73.214 54831.61453728 35.61 288.250657  -3.471778 15.583
 75    73.236 54831.61453792 38.79 288.249937  -3.475088 15.583
 75    73.203 54831.61453857 35.76 288.249207  -3.478388 15.583
 75    73.194 54831.61453921 37.96 288.248477  -3.481698 15.583
 75    73.103 54831.61453986 33.57 288.247747  -3.484998 15.583
 75    72.805 54831.61454050 28.67 288.247017  -3.488308 15.583
 75    72.951 54831.61454115 28.82 288.246297  -3.491608 15.583
 75    73.132 54831.61454179 28.49 288.245567  -3.494918 15.583
 75    73.147 54831.61454244 27.28 288.244837  -3.498218 15.583
 76    78.307 54866.61450875 36.91 288.259867  -3.433347 14.221
 76    78.256 54866.61450940 31.79 288.259137  -3.436657 14.221
 76    78.065 54866.61451004 32.81 288.258407  -3.439957 14.221
 76    78.081 54866.61451069 33.97 288.257677  -3.443267 14.221
 76    78.164 54866.61451133 37.05 288.256957  -3.446567 14.221
 76    78.239 54866.61451198 39.35 288.256227  -3.449877 14.221
 76    78.268 54866.61451262 41.94 288.255497  -3.453177 14.221
 76    78.263 54866.61451327 43.71 288.254767  -3.456477 14.221
 76    77.857 54866.61451907 35.98 288.248214  -3.486222 15.620
 76    77.779 54866.61451971 37.67 288.247484  -3.489532 15.620
 76    77.790 54866.61452036 37.28 288.246764  -3.492832 15.620
 76    77.919 54866.61452100 37.77 288.246034  -3.496142 15.620
 76    77.867 54866.61452165 41.79 288.245304  -3.499442 15.620
 77    79.408 54901.61452756 35.52 288.258951  -3.426756 11.756
 77    79.329 54901.61452820 34.23 288.258221  -3.430056 11.756
 77    79.231 54901.61452885 33.81 288.257491  -3.433366 11.756
 77    79.251 54901.61452949 32.45 288.256771  -3.436666 11.756
 77    79.129 54901.61453014 33.33 288.256041  -3.439976 11.756
 77    79.121 54901.61453078 33.30 288.255311  -3.443276 11.756
 77    79.056 54901.61453143 35.04 288.254581  -3.446586 11.756
 77    79.195 54901.61453207 34.96 288.253851  -3.449886 11.756
 77    79.229 54901.61453272 36.58 288.253131  -3.453196 11.756
 77    79.238 54901.61453336 37.29 288.252401  -3.456496 11.756
 77    79.263 54901.61453401 37.58 288.251671  -3.459806 11.756
 77    79.193 54901.61453465 36.94 288.250941  -3.463106 11.756
 77    79.137 54901.61453530 35.52 288.250221  -3.466416 11.756
 77    79.136 54901.61453594 36.00 288.249485  -3.469716 11.869
 77    79.090 54901.61453659 34.99 288.248765  -3.473026 11.869
 77    78.995 54901.61453723 35.59 288.248035  -3.476326 11.869
 77    78.939 54901.61453788 36.32 288.247305  -3.479636 11.869
 77    78.941 54901.61453852 36.47 288.246575  -3.482936 11.869
 77    79.010 54901.61453916 38.60 288.245845  -3.486246 11.869
 77    78.963 54901.61453981 39.35 288.245125  -3.489546 11.869
 77    78.953 54901.61454045 40.12 288.244395  -3.492856 11.869
 77    78.978 54901.61454110 43.43 288.243665  -3.496156 11.869
 77    78.970 54901.61454174 41.73 288.242935  -3.499466 11.869
 78    79.572 54936.61449821 27.13 288.259807  -3.435232 13.937
 78    79.433 54936.61449885 29.20 288.259087  -3.438532 13.937
 78    79.242 54936.61449950 29.77 288.258357  -3.441842 13.937
 78    79.336 54936.61450014 28.22 288.257627  -3.445142 13.937
 78    79.349 54936.61450079 28.18 288.256897  -3.448452 13.937
 78    79.466 54936.61450143 27.41 288.256167  -3.451752 13.937
 78    79.418 54936.61450208 28.37 288.255447  -3.455062 13.937
 78    79.431 54936.61450272 29.19 288.254717  -3.458362 13.937
 78    79.157 54936.61450852 26.78 288.248165  -3.488111 11.412
 78    79.195 54936.61450917 27.94 288.247435  -3.491411 11.412
 78    79.269 54936.61450981 28.03 288.246705  -3.494721 11.412
 78    79.277 54936.61451046 27.46 288.245975  -3.498021 11.412
 78    79.257 54936.61451110 28.66 288.245245  -3.501331 11.412
 79    79.959 54971.61453121 29.00 288.259880  -3.433279 22.404
 79    79.935 54971.61453185 28.44 288.259160  -3.436579 22.404
 79    79.941 54971.61453250 26.89 288.258430  -3.439889 22.404
 79    79.854 54971.61453314 25.02 288.257700  -3.443189 22.404
 79    79.746 54971.61453379 22.80 288.256970  -3.446499 22.404
 79    79.656 54971.61453443 21.35 288.256240  -3.449799 22.404
 79    79.551 54971.61453508 22.17 288.255520  -3.453109 22.404
 79    79.747 54971.61453572 23.62 288.254790  -3.456409 22.404
 79    79.636 54971.61454152 24.93 288.248241  -3.486156 21.846
 79    79.489 54971.61454217 24.24 288.247511  -3.489456 21.846
 79    79.475 54971.61454281 23.44 288.246781  -3.492766 21.846
 79    79.495 54971.61454346 24.31 288.246051  -3.496066 21.846
 79    79.574 54971.61454410 25.26 288.245321  -3.499376 21.846
 80    78.653 55006.61454904 34.15 288.258747  -3.427248 16.385
 80    78.429 55006.61454968 32.51 288.258017  -3.430558 16.385
 80    78.500 55006.61455033 32.87 288.257287  -3.433858 16.385
 80    78.509 55006.61455097 33.19 288.256557  -3.437168 16.385
 80    78.532 55006.61455162 34.10 288.255837  -3.440468 16.385
 80    78.555 55006.61455226 36.44 288.255107  -3.443778 16.385
 80    78.565 55006.61455291 37.55 288.254377  -3.447078 16.385
 80    78.523 55006.61455355 38.17 288.253647  -3.450388 16.385
 80    78.552 55006.61455420 36.79 288.252927  -3.453688 16.385
 80    78.547 55006.61455484 37.20 288.252197  -3.456998 16.385
 80    78.532 55006.61455549 36.08 288.251467  -3.460298 16.385
 80    78.462 55006.61455613 33.93 288.250737  -3.463608 16.385
 80    78.431 55006.61455677 32.36 288.250007  -3.466908 16.385
 80    78.430 55006.61455742 28.33 288.249287  -3.470218 16.385
 80    78.279 55006.61455806 27.95 288.248559  -3.473516 10.640
 80    78.048 55006.61455871 28.06 288.247829  -3.476826 10.640
 80    78.013 55006.61455935 27.01 288.247099  -3.480126 10.640
 80    78.048 55006.61456000 26.87 288.246369  -3.483436 10.640
 80    78.056 55006.61456064 27.42 288.245639  -3.486736 10.640
 80    78.172 55006.61456129 28.91 288.244919  -3.490046 10.640
 80    78.144 55006.61456193 31.03 288.244189  -3.493346 10.640
 80    78.320 55006.61456258 34.51 288.243459  -3.496656 10.640
 80    78.230 55006.61456322 34.60 288.242729  -3.499956 10.640
 81    75.679 55041.61453836 32.75 288.259889  -3.435225 11.263
 81    75.497 55041.61453901 33.35 288.259169  -3.438525 11.263
 81    75.473 55041.61453965 33.81 288.258439  -3.441835 11.263
 81    75.476 55041.61454030 35.34 288.257709  -3.445135 11.263
 81    75.523 55041.61454094 36.13 288.256979  -3.448445 11.263
 81    75.650 55041.61454159 37.37 288.256249  -3.451745 11.263
 81    75.561 55041.61454223 38.81 288.255529  -3.455055 11.263
 81    75.564 55041.61454288 38.18 288.254799  -3.458355 11.263
 81    75.397 55041.61454868 35.17 288.248250  -3.488104 12.794
 81    75.418 55041.61454932 40.70 288.247520  -3.491404 12.794
 81    75.396 55041.61454997 40.19 288.246790  -3.494714 12.794
 81    75.408 55041.61455061 38.02 288.246060  -3.498014 12.794
 81    75.162 55041.61455126 40.44 288.245330  -3.501324 12.794
 82    73.823 55076.61451800 42.30 288.260412  -3.429330 25.430
 82    73.859 55076.61451865 41.85 288.259692  -3.432630 25.430
 82    73.730 55076.61451929 41.37 288.258962  -3.435940 25.430
 82    73.756 55076.61451994 39.36 288.258232  -3.439240 25.430
 82    73.752 55076.61452058 39.41 288.257502  -3.442550 25.430
 82    73.604 55076.61452123 41.93 288.256782  -3.445850 25.430
 82    73.665 55076.61452187 45.93 288.256052  -3.449160 25.430
 82    73.747 55076.61452252 45.10 288.255322  -3.452460 25.430
 82    73.786 55076.61452316 41.12 288.254592  -3.455770 25.430
 82    73.542 55076.61452896 49.01 288.248047  -3.485508 19.507
 82    73.499 55076.61452961 49.07 288.247317  -3.488818 19.507
 82    73.492 55076.61453025 49.69 288.246587  -3.492118 19.507
 82    73.419 55076.61453090 45.83 288.245857  -3.495428 19.507
 82    73.253 55076.61453154 40.83 288.245137  -3.498728 19.507
 83    72.879 55111.61447094 49.31 288.259828  -3.431776 28.869
 83    72.878 55111.61447159 48.26 288.259108  -3.435076 28.869
 83    72.810 55111.61447223 47.76 288.258378  -3.438386 28.869
 83    72.751 55111.61447288 48.41 288.257648  -3.441686 28.869
 83    72.642 55111.61447352 47.10 288.256918  -3.444996 28.869
 83    72.706 55111.61447417 50.51 288.256188  -3.448296 28.869
 83    72.771 55111.61447481 51.82 288.255458  -3.451606 28.869
 83    72.843 55111.61447546 46.29 288.254738  -3.454906 28.869
 83    72.730 55111.61447610 44.28 288.254008  -3.458216 28.869
 83    72.538 55111.61448126 43.91 288.248186  -3.484653 23.954
 83    72.471 55111.61448190 44.77 288.247456  -3.487953 23.954
 83    72.469 55111.61448255 44.61 288.246726  -3.491263 23.954
 83    72.464 55111.61448319 47.43 288.245996  -3.494563 23.954
 83    72.432 55111.61448384 42.22 288.245266  -3.497873 23.954
 83    72.216 55111.61448448 42.24 288.244546  -3.501173 23.954
 84    71.907 55146.61447194 36.57 288.259034  -3.427746 17.705
 84    71.811 55146.61447258 37.11 288.258304  -3.431046 17.705
 84    71.913 55146.61447323 36.90 288.257574  -3.434356 17.705
 84    71.694 55146.61447387 37.16 288.256854  -3.437656 17.705
 84    71.759 55146.61447452 38.71 288.256124  -3.440966 17.705
 84    71.785 55146.61447516 41.56 288.255394  -3.444266 17.705
 84    71.750 55146.61447580 43.35 288.254664  -3.447576 17.705
 84    71.734 55146.61447645 43.82 288.253944  -3.450876 17.705
 84    71.759 55146.61447709 39.49 288.253214  -3.454186 17.705
 84    71.821 55146.61447774 36.76 288.252484  -3.457486 17.705
 84    71.762 55146.61447838 36.33 288.251754  -3.460796 17.705
 84    71.726 55146.61447903 33.98 288.251024  -3.464096 17.705
 84    71.702 55146.61447967 36.08 288.250304  -3.467406 17.705
 84    71.677 55146.61448032 36.92 288.249576  -3.470705 15.153
 84    71.627 55146.61448096 36.49 288.248846  -3.474015 15.153
 84    71.524 55146.61448161 36.16 288.248116  -3.477315 15.153
 84    71.491 55146.61448225 34.71 288.247386  -3.480625 15.153
 84    71.252 55146.61448290 37.30 288.246656  -3.483925 15.153
 84    71.397 55146.61448354 37.94 288.245936  -3.487235 15.153
 84    71.517 55146.61448419 39.55 288.245206  -3.490535 15.153
 84    71.444 55146.61448483 40.74 288.244476  -3.493845 15.153
 84    71.471 55146.61448547 40.58 288.243746  -3.497145 15.153
 85    76.831 55181.61444913 19.68 288.259767  -3.431869 13.679
 85    76.901 55181.61444978 21.06 288.259037  -3.435169 13.679
 85    77.049 55181.61445042 16.93 288.258307  -3.438479 13.679
 85    77.035 55181.61445106 15.19 288.257577  -3.441779 13.679
 85    76.736 55181.61445171 17.02 288.256847  -3.445089 13.679
 85    76.943 55181.61445235 15.44 288.256127  -3.448389 13.679
 85    76.928 55181.61445300 15.57 288.255397  -3.451699 13.679
 85    77.023 55181.61445364 15.00 288.254667  -3.454999 13.679
 85    76.973 55181.61445429 14.76 288.253937  -3.458309 13.679
 85    76.507 55181.61445945 16.11 288.248112  -3.484747  8.694
 85    76.474 55181.61446009 16.30 288.247382  -3.488047  8.694
 85    76.420 55181.61446073 17.08 288.246652  -3.491357  8.694
 85    76.564 55181.61446138 16.91 288.245932  -3.494657  8.694
 85    76.769 55181.61446202 17.89 288.245202  -3.497967  8.694
 85    76.739 55181.61446267 23.41 288.244472  -3.501267  8.694
 86    74.750 55216.61446671 28.70 288.260278  -3.428260 15.470
 86    74.821 55216.61446735 30.14 288.259548  -3.431560 15.470
 86    74.923 55216.61446800 34.58 288.258818  -3.434870 15.470
 86    74.909 55216.61446864 37.08 288.258098  -3.438170 15.470
 86    74.781 55216.61446929 35.53 288.257368  -3.441480 15.470
 86    74.830 55216.61446993 32.50 288.256638  -3.444780 15.470
 86    74.858 55216.61447058 33.80 288.255908  -3.448090 15.470
 86    74.871 55216.61447122 31.39 288.255188  -3.451390 15.470
 86    74.890 55216.61447187 32.81 288.254458  -3.454700 15.470
 86    74.935 55216.61447251 39.70 288.253728  -3.458000 15.470
 86    74.687 55216.61447767 21.99 288.247901  -3.484438 10.324
 86    74.692 55216.61447831 21.37 288.247171  -3.487748 10.324
 86    74.603 55216.61447896 21.20 288.246451  -3.491048 10.324
 86    74.566 55216.61447960 22.10 288.245721  -3.494358 10.324
 86    74.660 55216.61448025 24.74 288.244991  -3.497658 10.324
 86    74.533 55216.61448089 30.19 288.244261  -3.500968 10.324
 87    77.082 55251.61444717 19.94 288.259909  -3.437583 20.050
 87    77.015 55251.61444781 18.26 288.259179  -3.440883 20.050
 87    76.509 55251.61444846 20.69 288.258449  -3.444193 20.050
 87    76.630 55251.61444910 18.15 288.257729  -3.447493 20.050
 87    77.079 55251.61444975 15.13 288.256999  -3.450803 20.050
 87    76.902 55251.61445039 14.42 288.256269  -3.454103 20.050
 87    76.955 55251.61445104 14.25 288.255539  -3.457413 20.050
 87    76.917 55251.61445684 16.73 288.248986  -3.487151 10.814
 87    76.699 55251.61445748 15.79 288.248256  -3.490461 10.814
 87    76.500 55251.61445813 15.26 288.247536  -3.493761 10.814
 87    76.530 55251.61445877 14.76 288.246806  -3.497071 10.814
 87    76.654 55251.61445942 16.89 288.246076  -3.500371 10.814
 88    77.903 55286.61445933 22.70 288.259889  -3.426808  9.843
 88    77.796 55286.61445997 21.26 288.259159  -3.430108  9.843
 88    77.662 55286.61446061 22.09 288.258429  -3.433418  9.843
 88    77.666 55286.61446126 23.46 288.257699  -3.436718  9.843
 88    77.544 55286.61446190 24.58 288.256969  -3.440028  9.843
 88    77.478 55286.61446255 25.10 288.256249  -3.443328  9.843
 88    77.543 55286.61446319 26.04 288.255519  -3.446638  9.843
 88    77.512 55286.61446384 26.64 288.254789  -3.449938  9.843
 88    77.611 55286.61446448 27.60 288.254059  -3.453248  9.843
 88    77.618 55286.61446513 27.98 288.253339  -3.456548  9.843
 88    77.604 55286.61446577 27.10 288.252609  -3.459858  9.843
 88    77.345 55286.61446642 27.19 288.251879  -3.463158  9.843
 88    77.172 55286.61446706 26.98 288.251149  -3.466468  9.843
 88    77.132 55286.61446771 26.89 288.250429  -3.469768  9.843
 88    77.336 55286.61446835 26.13 288.249699  -3.473078  9.843
 88    77.407 55286.61446900 26.11 288.248964  -3.476379  8.949
 88    77.548 55286.61446964 26.46 288.248244  -3.479689  8.949
 88    77.483 55286.61447028 26.90 288.247514  -3.482989  8.949
 88    77.378 55286.61447093 25.76 288.246784  -3.486299  8.949
 88    77.356 55286.61447157 27.57 288.246054  -3.489599  8.949
 88    77.290 55286.61447222 29.28 288.245324  -3.492909  8.949
 88    77.261 55286.61447286 28.32 288.244604  -3.496209  8.949
 88    77.261 55286.61447351 29.28 288.243874  -3.499519  8.949
 89    77.994 55321.61443436 21.36 288.258982  -3.428391  9.087
 89    78.253 55321.61443501 19.65 288.258252  -3.431691  9.087
 89    78.130 55321.61443565 20.29 288.257522  -3.435001  9.087
 89    78.132 55321.61443630 21.08 288.256802  -3.438301  9.087
 89    77.995 55321.61443694 21.67 288.256072  -3.441611  9.087
 89    78.006 55321.61443759 23.22 288.255342  -3.444911  9.087
 89    78.058 55321.61443823 22.95 288.254612  -3.448221  9.087
 89    78.095 55321.61443887 24.00 288.253882  -3.451521  9.087
 89    78.210 55321.61443952 22.11 288.253162  -3.454831  9.087
 89    78.228 55321.61444016 22.60 288.252432  -3.458131  9.087
 89    78.089 55321.61444081 22.05 288.251702  -3.461441  9.087
 89    77.927 55321.61444145 22.67 288.250972  -3.464741  9.087
 89    77.878 55321.61444210 22.75 288.250252  -3.468051  9.087
 89    77.803 55321.61444274 22.91 288.249524  -3.471349  8.728
 89    77.750 55321.61444339 24.49 288.248794  -3.474659  8.728
 89    77.825 55321.61444403 22.91 288.248064  -3.477959  8.728
 89    77.830 55321.61444468 23.78 288.247334  -3.481269  8.728
 89    77.849 55321.61444532 24.13 288.246604  -3.484569  8.728
 89    77.842 55321.61444597 25.04 288.245884  -3.487879  8.728
 89    77.831 55321.61444661 26.75 288.245154  -3.491179  8.728
 89    77.850 55321.61444726 27.57 288.244424  -3.494489  8.728
 89    77.920 55321.61444790 26.72 288.243694  -3.497789  8.728
 90    76.975 55356.61443455 39.99 288.259908  -3.427193 19.755
 90    76.880 55356.61443520 39.44 288.259178  -3.430493 19.755
 90    76.964 55356.61443584 38.92 288.258448  -3.433803 19.755
 90    76.893 55356.61443649 38.33 288.257728  -3.437103 19.755
 90    76.763 55356.61443713 37.09 288.256998  -3.440413 19.755
 90    76.754 55356.61443778 36.12 288.256268  -3.443713 19.755
 90    76.791 55356.61443842 37.73 288.255538  -3.447023 19.755
 90    76.736 55356.61443907 36.33 288.254818  -3.450323 19.755
 90    76.739 55356.61443971 39.26 288.254088  -3.453633 19.755
 90    76.764 55356.61444036 44.50 288.253358  -3.456933 19.755
 90    76.758 55356.61444100 43.96 288.252628  -3.460243 19.755
 90    76.752 55356.61444165 46.56 288.251898  -3.463543 19.755
 90    76.739 55356.61444229 45.53 288.251178  -3.466853 19.755
 90    76.697 55356.61444294 46.30 288.250450  -3.470151 22.721
 90    76.688 55356.61444358 44.51 288.249720  -3.473461 22.721
 90    76.706 55356.61444423 46.56 288.248990  -3.476761 22.721
 90    76.777 55356.61444487 45.89 288.248260  -3.480071 22.721
 90    76.795 55356.61444551 46.33 288.247530  -3.483371 22.721
 90    76.774 55356.61444616 45.85 288.246810  -3.486681 22.721
 90    76.723 55356.61444680 46.03 288.246080  -3.489981 22.721
 90    76.727 55356.61444745 45.24 288.245350  -3.493291 22.721
 90    76.733 55356.61444809 44.92 288.244620  -3.496591 22.721
 90    76.736 55356.61444874 40.86 288.243890  -3.499901 22.721
 91    73.749 55391.61443608 39.88 288.259400  -3.429940 17.195
 91    73.653 55391.61443673 37.12 288.258680  -3.433240 17.195
 91    73.622 55391.61443737 32.34 288.257950  -3.436550 17.195
 91    73.481 55391.61443802 32.24 288.257220  -3.439850 17.195
 91    73.530 55391.61443866 32.94 288.256490  -3.443160 17.195
 91    73.561 55391.61443931 37.25 288.255760  -3.446460 17.195
 91    73.520 55391.61443995 37.37 288.255030  -3.449770 17.195
 91    73.576 55391.61444059 38.56 288.254310  -3.453070 17.195
 91    73.602 55391.61444124 41.23 288.253580  -3.456380 17.195
 91    73.599 55391.61444188 41.48 288.252850  -3.459680 17.195
 91    73.537 55391.61444253 40.36 288.252120  -3.462990 17.195
 91    73.531 55391.61444317 40.18 288.251398  -3.466289 23.095
 91    73.497 55391.61444382 42.43 288.250668  -3.469599 23.095
 91    73.537 55391.61444446 43.45 288.249938  -3.472899 23.095
 91    73.505 55391.61444511 44.23 288.249208  -3.476209 23.095
 91    73.458 55391.61444575 46.54 288.248478  -3.479509 23.095
 91    73.464 55391.61444640 46.08 288.247758  -3.482819 23.095
 91    73.406 55391.61444704 45.10 288.247028  -3.486119 23.095
 91    73.416 55391.61444769 46.69 288.246298  -3.489429 23.095
 91    73.373 55391.61444833 47.20 288.245568  -3.492729 23.095
 91    73.384 55391.61444898 46.69 288.244838  -3.496039 23.095
 91    73.329 55391.61444962 46.63 288.244118  -3.499339 23.095
 92    71.220 55426.61445153 40.19 288.260493  -3.432189 19.781
 92    71.400 55426.61445217 41.90 288.259763  -3.435489 19.781
 92    71.317 55426.61445282 38.09 288.259033  -3.438799 19.781
 92    71.083 55426.61445346 36.57 288.258313  -3.442099 19.781
 92    71.084 55426.61445410 37.36 288.257583  -3.445409 19.781
 92    71.128 55426.61445475 39.30 288.256853  -3.448709 19.781
 92    71.172 55426.61445539 40.70 288.256123  -3.452019 19.781
 92    71.186 55426.61445604 40.91 288.255393  -3.455319 19.781
 92    71.049 55426.61445668 38.52 288.254673  -3.458629 19.781
 92    70.913 55426.61446249 46.52 288.248114  -3.488368 21.357
 92    70.859 55426.61446313 46.06 288.247394  -3.491678 21.357
 92    70.793 55426.61446377 44.06 288.246664  -3.494978 21.357
 92    70.722 55426.61446442 45.29 288.245934  -3.498288 21.357
 92    70.682 55426.61446506 45.94 288.245204  -3.501588 21.357
 93    69.922 55461.61441956 39.92 288.260222  -3.437472 35.528
 93    69.966 55461.61442021 46.56 288.259492  -3.440772 35.528
 93    70.010 55461.61442085 47.15 288.258762  -3.444082 35.528
 93    70.040 55461.61442150 48.78 288.258042  -3.447382 35.528
 93    69.999 55461.61442214 50.44 288.257312  -3.450692 35.528
 93    70.010 55461.61442279 49.82 288.256582  -3.453992 35.528
 93    69.939 55461.61442343 44.31 288.255852  -3.457302 35.528
 93    69.725 55461.61442923 49.79 288.249302  -3.487042 35.528
 93    69.736 55461.61442988 52.33 288.248582  -3.490352 35.528
 93    69.720 55461.61443052 45.43 288.247847  -3.493650 18.871
 93    69.650 55461.61443117 45.35 288.247127  -3.496960 18.871
 93    69.636 55461.61443181 49.27 288.246397  -3.500260 18.871
