-300129.915   110.809     0.00    9.38
-299753.852   109.701    -2.95    9.31
-299377.792   108.030    -4.44    9.31
-299001.735   101.727   -16.76   11.50
-298625.681    95.829   -15.68   13.11
-298249.630    92.107    -9.90   13.41
-297873.582    94.239     5.67   13.28
-297497.537    95.382     3.04   12.03
-297121.495    97.356     5.25   11.34
-296745.456    95.021    -6.21   12.20
-296369.421    91.779    -8.62   11.67
-295993.388    89.996    -4.74   10.71
-295617.358    84.876   -13.62   10.91
-295241.331    83.131    -4.64   10.93
-294865.308    82.833    -0.79   10.22
-294489.287    82.699    -0.36    9.97
-294113.269    85.210     6.68   10.05
-293737.255    86.953     4.64   13.31
-293361.243    86.050    -2.40   15.47
-292985.235    86.876     2.20   14.73
-292609.229    88.144     3.37   13.97
-292233.226    86.482    -4.42   11.63
-291857.227    86.646     0.43   11.96
-291481.230    87.277     1.68   13.91
-291105.237    88.987     4.55   11.78
-290729.246    86.777    -5.88   12.94
-290353.259    83.871    -7.73   14.35
-289977.274    74.644   -24.54   16.59
-289601.292    66.396   -21.94   18.16
-289225.314    57.492   -23.68   15.78
-288849.338    49.477   -21.32   10.34
-288473.366    43.996   -14.58    8.00
-288097.396    43.560    -1.16    8.42
-287721.429    44.619     2.82    8.97
-287345.466    51.321    17.83   13.25
-286969.505    61.116    26.05   18.02
-286593.547    74.496    35.59   20.29
-286217.593    83.969    25.20   12.70
-285841.641    82.509    -3.88   15.42
-285465.692    80.724    -4.75   15.64
-285089.746    81.329     1.61   15.73
-284713.804    84.303     7.91   14.02
-284337.864    86.724     6.44   13.00
-283961.927    79.146   -20.16   15.62
-283585.993    66.158   -34.55   13.31
-283210.062    60.821   -14.20   11.14
-282834.134    58.825    -5.31    9.75
-282458.209    61.421     6.91   10.75
-282082.287    69.104    20.44   14.46
-281706.368    78.699    25.53   18.69
-281330.452    88.287    25.51   16.96
-280954.539    97.071    23.37    7.25
-280578.628    97.104     0.09    7.42
-280202.721    93.671    -9.13   10.47
-279826.817    88.013   -15.05   13.37
-279450.915    83.882   -10.99   13.26
-279075.017    78.382   -14.63   13.34
-278699.121    72.902   -14.58   11.92
-278323.229    65.750   -19.03   11.05
-277947.339    58.347   -19.70    9.76
-277571.453    54.796    -9.45    9.08
-277195.569    54.671    -0.33    9.37
-276819.688    54.996     0.86    9.66
-276443.810    58.415     9.10   10.01
-276067.935    64.671    16.65   11.14
-275692.063    68.590    10.43   13.61
-275316.194    74.838    16.62   11.68
-274940.328    74.184    -1.74   10.99
-274564.465    67.646   -17.40   13.89
-274188.604    62.239   -14.39   12.72
-273812.747    56.821   -14.41   11.85
-273436.893    53.566    -8.66   11.53
-273061.041    51.119    -6.51   10.14
-272685.192    51.698     1.54   12.03
-272309.347    55.902    11.19   15.89
-271933.504    59.266     8.95   17.65
-271557.664    60.560     3.44   17.69
-271181.827    59.953    -1.61   14.75
-270805.993    62.185     5.94   13.22
-270430.162    63.492     3.48   12.23
-270054.334    68.979    14.60   14.19
-269678.508    75.617    17.66   11.91
-269302.686    79.239     9.64    9.59
-268926.866    80.482     3.31   10.17
-268551.050    78.184    -6.11   10.72
-268175.236    75.594    -6.89   12.12
-267799.425    76.023     1.14   11.75
-267423.617    75.221    -2.13   10.42
-267047.519    71.092   -10.98   12.81
-266671.141    63.145   -21.12   14.64
-266294.766    59.563    -9.52   13.89
-265918.393    63.876    11.46   15.91
-265542.024    73.434    25.40   15.10
-265165.657    80.532    18.86    8.17
-264789.293    78.287    -5.97   11.48
-264412.932    74.671    -9.61   13.23
-264036.574    71.107    -9.47   14.12
-263660.219    70.748    -0.95   13.65
-263283.866    74.671    10.42   12.38
-262907.517    73.671    -2.66   12.70
-262531.170    68.293   -14.29   12.82
-262154.827    63.961   -11.51   13.16
-261778.486    63.996     0.09   11.37
-261402.148    66.806     7.47   10.95
-261025.813    66.235    -1.52   10.01
-260649.481    63.210    -8.04   11.75
-260273.151    60.961    -5.98   12.24
-259896.825    60.455    -1.34   11.86
-259520.501    61.594     3.03   12.78
-259144.181    60.697    -2.38   13.21
-258767.863    60.088    -1.62   14.63
-258391.548    57.133    -7.85   14.44
-258015.235    54.005    -8.31   15.49
-257638.926    53.619    -1.03   16.30
-257262.620    55.312     4.50   15.55
-256886.316    56.765     3.86   12.99
-256510.015    54.158    -6.93   10.94
-256133.717    46.829   -19.48   14.30
-255757.422    41.725   -13.56   13.93
-255381.130    42.569     2.24   15.11
-255004.841    49.977    19.69   16.60
-254628.554    59.338    24.88   15.02
-254252.271    66.466    18.94   10.06
-253875.990    68.389     5.11    8.60
-253499.712    69.077     1.83    5.67
-253123.437    69.312     0.63    4.33
-252747.164    67.492    -4.84    6.41
-252370.895    65.255    -5.95    7.56
-251994.628    59.851   -14.36   10.93
-251618.364    55.158   -12.47   10.71
-251242.103    50.566   -12.20    7.96
-250865.845    49.005    -4.15    5.36
-250489.589    48.609    -1.05    5.19
-250113.337    47.461    -3.05    5.59
-249737.087    46.145    -3.50    6.40
-249360.840    41.455   -12.47   11.93
-248984.596    30.646   -28.73   18.38
-248608.355    19.833   -28.74   17.58
-248232.116    13.364   -17.20   12.55
-247855.881    12.030    -3.54    7.59
-247479.648    16.235    11.18    9.56
-247103.418    24.239    21.27   12.24
-246727.190    31.594    19.55   11.67
-246350.966    34.235     7.02   11.11
-245974.744    37.320     8.20    9.99
-245598.525    38.082     2.02    9.36
-245222.309    37.942    -0.37    8.62
-244846.096    39.833     5.03    7.83
-244469.885    41.543     4.54    7.00
-244093.678    43.171     4.33    5.61
-243717.473    44.389     3.24    4.62
-243341.271    45.287     2.39    4.42
-242965.071    45.239    -0.13    4.12
-242588.875    44.928    -0.83    3.60
-242212.681    45.698     2.05    3.58
-241836.490    45.953     0.68    3.33
-241460.302    46.466     1.36    3.75
-241084.117    46.266    -0.53    4.35
-240707.934    45.382    -2.35    4.79
-240331.754    44.261    -2.98    5.88
-239955.577    43.261    -2.66    5.61
-239579.403    41.671    -4.23    6.90
-239203.231    40.250    -3.78    6.62
-238827.062    35.644   -12.25   10.26
-238450.896    34.779    -2.30   10.42
-238074.733    35.347     1.51   10.03
-237698.573    38.421     8.17    9.91
-237322.415    44.441    16.00    7.46
-236946.260    48.825    11.66    6.85
-236570.108    51.477     7.05    5.02
-236193.958    52.979     3.99    4.96
-235817.811    52.644    -0.89    5.53
-235441.668    50.697    -5.18    5.71
-235065.526    49.119    -4.20    6.23
-234689.388    47.374    -4.64    5.41
-234313.252    44.347    -8.05    3.61
-233937.119    43.364    -2.61    2.63
-233560.989    44.501     3.02    3.24
-233184.862    45.588     2.89    3.83
-232808.737    46.540     2.53    3.72
-232432.615    45.961    -1.54    3.96
-232056.495    46.996     2.75    3.97
-231680.379    47.401     1.08    3.72
-231304.265    47.757     0.95    3.83
-230928.154    47.748    -0.02    4.09
-230552.046    47.415    -0.89    3.63
-230175.940    47.866     1.20    2.73
-229799.837    48.030     0.44    2.76
-229423.737    48.449     1.11    3.15
-229047.640    47.902    -1.45    3.79
-228671.545    47.902     0.00    3.79
-228295.453    47.961     0.16    4.07
-227919.364    47.482    -1.27    4.14
-227543.277    47.287    -0.52    3.92
-227167.193    46.721    -1.50    3.80
-226791.112    46.563    -0.42    3.82
-226415.034    45.979    -1.55    3.25
-226038.958    45.382    -1.59    3.13
-225662.885    44.401    -2.61    2.93
-225286.815    43.698    -1.87    2.98
-224910.747    42.614    -2.88    2.55
-224534.682    42.158    -1.21    3.06
-224158.620    41.246    -2.43    2.96
-223782.560    41.725     1.27    3.25
-223406.504    43.287     4.15    3.71
-223030.449    43.199    -0.23    3.93
-222654.398    44.750     4.13    3.96
-222278.349    44.774     0.06    4.09
-221902.303    44.698    -0.20    4.25
-221526.260    43.509    -3.16    4.56
-221150.219    42.441    -2.84    3.48
-220774.181    42.271    -0.45    2.86
-220398.146    43.374     2.93    2.94
-220022.113    44.896     4.05    3.17
-219646.083    45.293     1.05    3.01
-219270.056    45.996     1.87    2.76
-218894.031    46.185     0.50    2.57
-218518.009    45.128    -2.81    2.92
-218141.990    45.107    -0.06    2.82
-217765.974    44.546    -1.49    2.89
-217389.960    44.255    -0.78    3.17
-217013.948    43.921    -0.89    3.26
-216637.940    43.566    -0.94    3.90
-216261.934    43.235    -0.88    3.77
-215885.931    43.158    -0.20    4.22
-215509.930    43.934     2.06    3.85
-215133.932    44.199     0.70    2.88
-214757.937    44.671     1.26    3.15
-214381.944    44.596    -0.20    3.37
-214005.954    44.282    -0.83    3.25
-213629.967    44.748     1.24    2.99
-213253.982    44.750     0.01    3.24
-212878.000    44.347    -1.07    2.92
-212502.021    44.320    -0.07    3.28
-212126.044    43.482    -2.23    3.63
-211750.070    43.235    -0.66    3.43
-211374.098    42.096    -3.03    3.57
-210998.130    41.563    -1.42    3.07
-210622.163    40.496    -2.84    2.90
-210246.200    39.803    -1.84    2.50
-209870.239    40.066     0.70    2.24
-209494.281    39.566    -1.33    2.80
-209118.325    38.979    -1.56    2.54
-208742.372    38.894    -0.23    2.58
-208366.422    36.806    -5.55    5.02
-207990.474    34.441    -6.29    7.01
-207614.529    33.157    -3.41    6.90
-207238.586    33.338     0.48    6.74
-206862.646    34.184     2.25    6.36
-206486.709    36.185     5.32    4.43
-206110.774    37.833     4.39    3.86
-205734.842    37.347    -1.29    4.37
-205358.913    34.158    -8.48    9.25
-204982.986    29.257   -13.04   11.94
-204607.062    25.320   -10.47   12.39
-204231.140    22.121    -8.51   11.94
-203855.221    20.566    -4.14   11.92
-203479.304    18.698    -4.97   10.68
-203103.391    19.671     2.59   12.31
-202727.479    21.021     3.59   14.01
-202351.571    24.777     9.99   15.22
-201975.665    27.860     8.20   15.25
-201599.761    29.882     5.38   14.87
-201223.861    30.394     1.36   13.87
-200847.962    30.774     1.01   13.17
-200472.067    31.056     0.75   12.93
-200096.174    30.810    -0.65   12.68
-199720.283    30.969     0.42   11.77
-199344.395    30.671    -0.79   10.80
-198968.510    29.987    -1.82   10.71
-198592.627    30.021     0.09   10.96
-198216.747    32.860     7.55   10.47
-197840.869    35.338     6.59    7.60
-197464.994    37.013     4.46    5.33
-197089.122    38.224     3.22    4.78
-196713.252    39.590     3.64    5.60
-196337.385    40.971     3.67    6.00
-195961.520    42.066     2.91    5.61
-195585.658    42.374     0.82    4.79
-195209.798    41.617    -2.01    5.65
-194833.941    41.128    -1.30    5.58
-194458.087    41.389     0.69    4.65
-194082.235    42.261     2.32    3.88
-193706.386    41.728    -1.42    3.51
-193330.539    42.320     1.57    2.81
-192954.695    42.752     1.15    2.78
-192578.853    42.171    -1.55    3.20
-192203.014    41.371    -2.13    3.39
-191826.724    40.374    -2.65    3.30
-191450.371    39.382    -2.64    2.91
-191074.021    38.803    -1.54    1.85
-190697.673    38.620    -0.49    2.60
-190321.328    39.320     1.86    2.84
-189944.986    39.196    -0.33    2.90
-189568.646    39.750     1.47    2.65
-189192.308    39.394    -0.95    3.38
-188815.973    39.779     1.03    3.73
-188439.641    40.727     2.52    4.57
-188063.311    41.415     1.83    4.64
-187686.984    41.774     0.95    4.19
-187310.659    41.757    -0.04    3.62
-186934.337    40.401    -3.60    3.42
-186558.017    39.374    -2.73    3.26
-186181.700    38.374    -2.66    3.23
-185805.385    39.210     2.22    3.22
-185429.073    40.050     2.23    2.79
-185052.763    39.928    -0.32    3.15
-184676.456    40.987     2.82    2.99
-184300.152    40.646    -0.91    3.07
-183923.850    40.671     0.07    2.84
-183547.550    41.159     1.30    2.53
-183171.253    40.723    -1.16    2.71
-182794.959    41.338     1.64    3.35
-182418.667    41.050    -0.77    3.86
-182042.377    41.050     0.00    3.81
-181666.090    41.023    -0.07    3.59
-181289.806    40.235    -2.09    4.04
-180913.524    40.702     1.24    4.22
-180537.245    40.415    -0.76    4.52
-180160.968    39.987    -1.14    4.29
-179784.693    39.005    -2.61    3.70
-179408.421    37.543    -3.88    3.25
-179032.152    37.185    -0.95    2.36
-178655.885    37.825     1.70    2.76
-178279.621    38.415     1.57    3.07
-177903.359    38.825     1.09    3.54
-177527.099    38.750    -0.20    4.00
-177150.842    39.671     2.45    3.68
-176774.588    40.517     2.25    3.08
-176398.336    41.255     1.96    2.68
-176022.086    41.212    -0.11    2.60
-175645.839    41.455     0.65    2.77
-175269.595    40.833    -1.65    4.11
-174893.353    40.908     0.20    3.93
-174517.113    40.928     0.05    4.18
-174140.876    40.721    -0.55    4.02
-173764.641    41.303     1.55    3.23
-173388.409    40.977    -0.87    3.85
-173012.180    40.056    -2.45    3.88
-172635.952    39.915    -0.38    3.39
-172259.728    39.987     0.19    3.33
-171883.505    40.250     0.70    2.81
-171507.285    40.569     0.85    2.38
-171131.068    39.320    -3.32    4.66
-170754.853    38.961    -0.95    4.51
-170378.641    38.871    -0.24    4.00
-170002.431    38.071    -2.13    3.52
-169626.223    37.698    -0.99    3.94
-169250.018    36.942    -2.01    3.95
-168873.816    37.752     2.16    3.95
-168497.615    38.698     2.51    3.13
-168121.418    38.671    -0.07    3.00
-167745.222    38.371    -0.80    4.02
-167369.030    39.364     2.64    3.23
-166992.839    39.266    -0.26    3.15
-166616.651    38.902    -0.97    4.13
-166240.466    38.961     0.16    4.01
-165864.283    37.645    -3.50    5.87
-165488.102    36.645    -2.66    6.19
-165111.924    36.364    -0.75    6.73
-164735.748    36.023    -0.91    6.80
-164359.575    37.803     4.73    5.39
-163983.404    38.671     2.31    3.96
-163607.235    39.471     2.13    2.14
-163231.069    39.592     0.32    2.35
-162854.905    39.050    -1.44    2.66
-162478.744    38.725    -0.86    3.50
-162102.585    38.104    -1.65    4.09
-161726.429    38.477     0.99    3.92
-161350.275    38.287    -0.51    3.84
-160974.124    38.928     1.70    3.48
-160597.974    39.428     1.33    2.63
-160221.828    39.005    -1.13    2.53
-159845.683    38.748    -0.68    2.56
-159469.542    37.825    -2.45    4.03
-159093.402    37.401    -1.13    3.91
-158717.265    36.569    -2.21    5.34
-158341.130    32.282   -11.40    8.16
-157964.998    27.119   -13.73   10.23
-157588.868    23.953    -8.42    9.46
-157212.741    22.495    -3.88    8.52
-156836.615    24.825     6.20   10.99
-156460.493    28.401     9.51   10.47
-156084.372    25.401    -7.98   13.37
-155708.255    22.374    -8.05   14.54
-155332.139    18.949    -9.11   14.86
-154956.026    12.851   -16.21   12.31
-154579.915     9.696    -8.39    9.73
-154203.807     6.942    -7.32    4.43
-153827.701     7.876     2.49    6.00
-153451.597     8.908     2.74    7.27
-153075.496     9.620     1.89    7.99
-152699.397     9.856     0.63    7.75
-152323.301     9.466    -1.04    6.17
-151947.206     9.806     0.90    6.17
-151571.115     9.428    -1.01    4.17
-151195.025     9.293    -0.36    3.62
-150818.938     9.643     0.93    3.71
-150442.854     9.466    -0.47    3.77
-150066.771     8.543    -2.45    3.36
-149690.692     8.366    -0.47    2.91
-149314.614     8.104    -0.70    4.17
-148938.539     8.144     0.11    4.93
-148562.466     9.513     3.64    6.46
-148186.396     9.821     0.82    7.21
-147810.327     9.996     0.46    7.76
-147434.262     9.389    -1.61    8.08
-147058.198     8.329    -2.82    7.46
-146682.137     5.934    -6.37    4.54
-146306.078     4.671    -3.36    0.00
-145930.022     4.671     0.00    0.00
-145553.968     4.671     0.00    0.00
-145177.916     5.671     2.66    4.26
-144801.867     5.752     0.22    3.94
-144425.820     6.300     1.46    5.01
-144049.775     7.671     3.65    6.28
-143673.733     8.133     1.23    6.33
-143297.693     8.394     0.69    5.79
-142921.655     9.266     2.32    5.51
-142545.620    10.116     2.26    5.72
-142169.587    11.382     3.37    6.29
-141793.556    11.121    -0.69    5.91
-141417.528    11.482     0.96    5.70
-141041.502    12.066     1.55    5.95
-140665.478    11.540    -1.40    5.07
-140289.457    13.953     6.42    6.76
-139913.438    18.996    13.41    9.42
-139537.421    22.821    10.17   10.58
-139161.407    28.961    16.33    8.66
-138785.395    33.077    10.95    6.02
-138409.385    33.833     2.01    5.34
-138033.377    35.394     4.15    4.65
-137657.372    36.158     2.03    3.83
-137281.369    36.261     0.27    2.82
-136905.369    37.032     2.05    2.21
-136529.370    36.461    -1.52    2.76
-136153.374    35.888    -1.52    3.14
-135777.381    36.131     0.65    2.51
-135401.389    35.871    -0.69    2.23
-135025.400    35.455    -1.11    2.11
-134649.413    34.829    -1.66    2.49
-134273.429    34.145    -1.82    2.95
-133897.447    33.746    -1.06    3.74
-133521.467    33.374    -0.99    5.12
-133145.489    33.171    -0.54    5.52
-132769.514    33.287     0.31    5.48
-132393.541    33.752     1.24    5.29
-132017.570    31.942    -4.82    6.17
-131641.601    27.104   -12.87   10.14
-131265.635    22.119   -13.26   11.60
-130889.671    17.287   -12.85   11.99
-130513.709    15.227    -5.48   11.70
-130137.750    13.261    -5.23   10.80
-129761.793    15.250     5.29   11.84
-129385.838    14.199    -2.80   10.26
-129009.885    18.107    10.40   11.79
-128633.935    20.569     6.55   11.56
-128257.987    25.030    11.87   11.85
-127882.041    28.803    10.04   10.47
-127506.098    26.521    -6.07   11.12
-127130.156    23.131    -9.02   12.20
-126754.217    20.571    -6.81   11.58
-126378.281    17.800    -7.37   10.36
-126002.346    17.060    -1.97   10.04
-125626.414    20.050     7.95    9.96
-125250.484    23.185     8.34   10.49
-124874.556    28.750    14.80    9.62
-124498.631    32.235     9.27    6.62
-124122.707    32.428     0.51    6.03
-123746.786    32.096    -0.88    6.00
-123370.868    32.145     0.13    5.29
-122994.951    33.158     2.69    5.14
-122619.037    34.671     4.03    4.46
-122243.125    35.210     1.43    3.76
-121867.215    33.724    -3.95    6.77
-121491.307    30.977    -7.31    8.36
-121115.402    27.389    -9.54    9.68
-120739.499    26.563    -2.20    9.45
-120363.598    26.446    -0.31    9.58
-119987.699    24.415    -5.40   10.51
-119611.803    20.814    -9.58   11.61
-119235.908    14.158   -17.71   10.92
-118860.016     7.860   -16.75    6.05
-118484.127     6.777    -2.88    4.79
-118108.239     9.364     6.88    6.51
-117732.354    14.590    13.91    9.51
-117356.471    22.021    19.77   10.68
-116980.483    28.261    16.60    8.87
-116604.158    32.487    11.23    4.70
-116227.836    33.158     1.78    4.55
-115851.516    32.415    -1.97    4.89
-115475.198    32.851     1.16    5.41
-115098.882    33.838     2.62    4.88
-114722.568    32.235    -4.26    7.06
-114346.257    32.477     0.64    7.57
-113969.948    33.851     3.65    7.54
-113593.641    36.312     6.54    6.61
-113217.336    38.818     6.66    2.92
-112841.034    39.212     1.05    3.72
-112464.734    39.158    -0.14    3.78
-112088.436    39.145    -0.03    2.98
-111712.140    38.040    -2.94    3.65
-111335.846    36.671    -3.64    3.85
-110959.554    35.671    -2.66    3.98
-110583.265    34.953    -1.91    3.55
-110206.978    35.408     1.21    3.01
-109830.693    36.050     1.70    3.63
-109454.410    35.408    -1.70    4.81
-109078.129    34.287    -2.98    6.18
-108701.851    34.505     0.58    6.13
-108325.575    33.825    -1.81    5.95
-107949.301    34.588     2.03    4.46
-107573.029    34.389    -0.53    3.43
-107196.759    34.158    -0.61    3.32
-106820.492    34.203     0.12    3.19
-106444.226    33.724    -1.27    3.00
-106067.963    33.617    -0.28    3.84
-105691.702    32.752    -2.30    5.23
-105315.443    31.594    -3.08    5.82
-104939.186    31.509    -0.23    5.65
-104562.932    30.158    -3.59    7.61
-104186.679    30.056    -0.27    7.65
-103810.429    31.536     3.93    7.32
-103434.181    32.934     3.72    7.19
-103057.935    32.543    -1.04    6.76
-102681.691    33.774     3.27    6.48
-102305.450    33.185    -1.57    6.69
-101929.210    33.620     1.16    6.03
-101552.973    33.077    -1.44    5.57
-101176.738    32.347    -1.94    5.34
-100800.505    32.566     0.58    4.99
-100424.274    32.734     0.45    4.67
-100048.045    34.056     3.51    4.80
 -99671.819    34.698     1.71    4.58
 -99295.594    35.477     2.07    4.29
 -98919.372    36.851     3.65    2.44
 -98543.152    37.199     0.93    1.95
 -98166.934    36.415    -2.08    2.24
 -97790.718    35.908    -1.35    2.21
 -97414.504    36.104     0.52    2.27
 -97038.292    36.338     0.62    2.65
 -96662.083    36.851     1.36    2.62
 -96285.875    36.774    -0.20    2.72
 -95909.670    36.810     0.10    2.82
 -95533.467    35.513    -3.45    4.10
 -95157.266    34.347    -3.10    5.14
 -94781.067    33.347    -2.66    5.95
 -94404.870    32.428    -2.44    5.96
 -94028.675    34.318     5.02    5.21
 -93652.482    34.697     1.01    4.33
 -93276.292    34.851     0.41    4.17
 -92900.104    35.810     2.55    3.90
 -92523.917    36.441     1.68    3.84
 -92147.733    37.032     1.57    3.02
 -91771.551    36.261    -2.05    4.05
 -91395.371    33.646    -6.95    6.60
 -91019.193    30.833    -7.48    7.13
 -90643.017    27.987    -7.57    6.20
 -90266.844    26.441    -4.11    5.00
 -89890.672    24.996    -3.84    4.91
 -89514.503    22.509    -6.61    3.69
 -89138.335    21.415    -2.91    2.51
 -88762.170    21.487     0.19    2.76
 -88386.007    23.023     4.08    5.00
 -88009.846    25.888     7.62    6.86
 -87633.686    29.894    10.65    7.17
 -87257.529    32.748     7.59    6.53
 -86881.375    35.746     7.97    4.41
 -86505.222    36.888     3.03    3.15
 -86129.071    38.261     3.65    2.00
 -85752.922    38.588     0.87    1.87
 -85376.776    38.566    -0.06    2.25
 -85000.631    38.466    -0.27    2.12
 -84624.489    37.566    -2.39    2.58
 -84248.348    36.750    -2.17    2.60
 -83872.210    36.145    -1.61    2.25
 -83496.074    36.146     0.00    1.84
 -83119.940    35.590    -1.48    2.09
 -82743.808    35.146    -1.18    2.23
 -82367.678    34.382    -2.03    2.73
 -81991.550    34.171    -0.56    3.08
 -81615.424    34.374     0.54    3.36
 -81239.300    34.810     1.16    3.15
 -80863.178    34.979     0.45    2.99
 -80487.058    34.496    -1.28    2.30
 -80110.940    34.401    -0.25    2.12
 -79734.825    35.421     2.71    3.29
 -79358.711    36.566     3.04    3.24
 -78982.599    36.382    -0.49    3.24
 -78606.490    35.619    -2.03    2.68
 -78230.382    35.133    -1.29    2.23
 -77854.277    34.961    -0.46    2.01
 -77478.173    35.505     1.45    2.47
 -77102.072    35.953     1.19    2.28
 -76725.973    35.755    -0.53    2.86
 -76349.875    34.389    -3.63    3.78
 -75973.780    32.543    -4.91    3.72
 -75597.687    31.227    -3.50    3.54
 -75221.596    31.428     0.53    3.11
 -74845.506    31.088    -0.90    2.78
 -74469.419    30.748    -0.90    4.50
 -74093.334    30.082    -1.77    5.19
 -73717.251    29.536    -1.45    5.88
 -73341.170    26.996    -6.75    8.14
 -72965.091    25.235    -4.68    8.07
 -72589.014    25.303     0.18    7.54
 -72212.938    27.806     6.66    6.88
 -71836.865    27.851     0.12    7.67
 -71460.794    29.119     3.37    7.52
 -71084.725    29.032    -0.23    9.28
 -70708.658    28.389    -1.71    9.80
 -70332.593    26.171    -5.90   11.00
 -69956.530    24.671    -3.99   11.00
 -69580.469    23.441    -3.27   10.92
 -69204.410    25.024     4.21   11.09
 -68828.353    28.185     8.40   11.22
 -68452.298    29.131     2.52   10.68
 -68076.245    31.077     5.17    9.49
 -67700.194    29.971    -2.94    9.62
 -67324.145    30.563     1.57    7.34
 -66948.098    31.543     2.61    6.32
 -66572.053    33.415     4.98    4.20
 -66196.010    35.748     6.21    4.27
 -65819.969    37.752     5.33    3.90
 -65443.929    38.671     2.44    3.27
 -65067.892    38.619    -0.14    2.61
 -64691.857    37.282    -3.55    2.76
 -64315.824    35.969    -3.49    2.59
 -63939.793    35.428    -1.44    2.61
 -63563.763    34.987    -1.17    2.38
 -63187.736    35.312     0.86    1.86
 -62811.711    35.421     0.29    2.03
 -62435.688    35.509     0.23    2.39
 -62059.666    35.347    -0.43    2.27
 -61683.647    36.104     2.01    2.99
 -61307.629    36.389     0.76    3.16
 -60931.614    36.347    -0.11    3.33
 -60555.600    36.543     0.52    3.33
 -60179.589    35.517    -2.73    2.41
 -59803.579    36.056     1.43    2.51
 -59427.572    37.266     3.22    2.27
 -59051.566    37.466     0.53    2.54
 -58675.562    38.408     2.51    2.72
 -58299.560    39.366     2.55    3.67
 -57923.561    40.725     3.62    3.55
 -57547.563    41.866     3.03    3.45
 -57171.567    42.185     0.85    2.88
 -56795.573    41.876    -0.82    3.50
 -56419.581    41.015    -2.29    3.76
 -56043.591    39.645    -3.64    3.82
 -55667.603    40.092     1.19    4.06
 -55291.616    40.421     0.87    3.74
 -54915.632    40.594     0.46    3.45
 -54539.650    40.455    -0.37    2.99
 -54163.669    38.825    -4.34    3.15
 -53787.691    36.934    -5.03    4.20
 -53411.714    34.979    -5.20    5.08
 -53035.739    30.482   -11.96    6.21
 -52659.767    27.261    -8.57    5.98
 -52283.796    26.723    -1.43    6.57
 -51907.827    25.116    -4.27    6.07
 -51531.860    25.212     0.26    6.30
 -51155.895    24.644    -1.51    5.91
 -50779.932    25.185     1.44    5.96
 -50403.971    26.536     3.59    5.77
 -50028.011    25.957    -1.54    5.35
 -49652.054    25.396    -1.49    5.38
 -49276.099    25.461     0.17    6.32
 -48900.145    25.563     0.27    6.39
 -48524.193    26.517     2.54    6.32
 -48148.244    28.645     5.66    5.29
 -47772.296    27.250    -3.71    5.23
 -47396.350    28.224     2.59    5.79
 -47020.406    28.441     0.58    6.08
 -46644.464    30.509     5.50    5.28
 -46268.523    32.040     4.07    3.75
 -45892.585    31.371    -1.78    4.18
 -45516.648    30.214    -3.08    4.18
 -45140.714    28.536    -4.46    5.94
 -44764.781    28.617     0.22    6.75
 -44388.850    30.212     4.24    6.39
 -44012.921    30.158    -0.14    5.63
 -43636.994    29.071    -2.89    7.70
 -43261.069    25.746    -8.84    9.93
 -42885.146    23.303    -6.50    9.91
 -42509.225    23.131    -0.46   10.39
 -42133.305    23.338     0.55   10.72
 -41757.162    21.592    -4.64   10.60
 -41380.871    17.800   -10.08   10.53
 -41004.583    14.374    -9.10    8.83
 -40628.296    12.030    -6.23    7.74
 -40252.011    13.421     3.70    8.69
 -39875.728    18.698    14.02   11.15
 -39499.447    22.221     9.36    9.96
 -39123.168    23.109     2.36    8.57
 -38746.891    18.928   -11.11   10.05
 -38370.615    14.617   -11.46    9.72
 -37994.342    13.401    -3.23    8.77
 -37618.070    12.482    -2.44    8.22
 -37241.800    11.227    -3.34    8.23
 -36865.532    11.056    -0.45    8.48
 -36489.266    10.415    -1.70    8.97
 -36113.002     8.509    -5.06    8.46
 -35736.739     6.261    -5.97    7.15
 -35360.479     4.569    -4.50    5.02
 -34984.220     6.005     3.82    6.79
 -34607.963     8.401     6.37    8.26
 -34231.708    11.415     8.01    7.99
 -33855.455    15.482    10.81    7.62
 -33479.203    18.428     7.83    5.96
 -33102.954    18.908     1.28    5.53
 -32726.706    18.984     0.20    6.05
 -32350.460    15.287    -9.83    7.47
 -31974.216    15.066    -0.59    7.49
 -31597.974    16.888     4.84    6.78
 -31221.734    15.644    -3.30    7.72
 -30845.495    12.199    -9.16    7.89
 -30469.259    11.408    -2.10    7.44
 -30093.024    12.979     4.18    8.45
 -29716.791    16.104     8.31    7.95
 -29340.560    18.107     5.33    7.57
 -28964.330    21.224     8.28    6.82
 -28588.103    21.908     1.82    6.70
 -28211.877    23.239     3.54    7.51
 -27835.653    20.596    -7.02    8.08
 -27459.431    19.347    -3.32    8.01
 -27083.210    21.482     5.68    9.95
 -26706.992    24.077     6.90    9.75
 -26330.775    29.700    14.95    7.39
 -25954.560    33.415     9.87    3.87
 -25578.347    33.774     0.95    3.39
 -25202.136    34.338     1.50    2.95
 -24825.926    33.303    -2.75    5.12
 -24449.719    29.560    -9.95    7.76
 -24073.513    23.803   -15.30   11.42
 -23697.309    21.821    -5.27   10.66
 -23321.106    21.077    -1.98    9.98
 -22944.906    23.145     5.50    9.47
 -22568.707    24.119     2.59    6.65
 -22192.510    22.133    -5.28    6.54
 -21816.315    22.401     0.71    6.34
 -21440.122    23.221     2.18    7.43
 -21063.930    26.005     7.40    8.80
 -20687.741    30.401    11.69    7.48
 -20311.553    32.860     6.54    5.24
 -19935.366    32.888     0.07    5.08
 -19559.182    31.389    -3.98    5.84
 -19182.999    30.158    -3.27    7.07
 -18806.818    29.700    -1.22    6.76
 -18430.639    29.750     0.13    6.14
 -18054.462    30.077     0.87    4.25
 -17678.286    28.477    -4.25    4.65
 -17302.113    25.851    -6.98    6.73
 -16925.940    22.401    -9.17    7.44
 -16549.770    19.338    -8.14    6.77
 -16173.602    18.145    -3.17    6.38
 -15797.435    19.646     3.99    7.00
 -15421.270    22.617     7.90    6.11
 -15045.107    24.096     3.93    5.38
 -14668.945    21.748    -6.24    5.96
 -14292.786    20.116    -4.34    6.10
 -13916.628    18.725    -3.70    5.92
 -13540.471    18.860     0.36    6.27
 -13164.317    21.023     5.75    6.25
 -12788.164    23.082     5.47    5.97
 -12412.013    24.860     4.73    5.18
 -12035.864    26.825     5.22    4.02
 -11659.717    27.250     1.13    3.60
 -11283.571    26.698    -1.47    3.33
 -10907.427    25.979    -1.91    3.54
 -10531.285    25.184    -2.11    3.68
 -10155.144    25.645     1.23    3.01
  -9779.005    25.421    -0.59    3.57
  -9402.868    25.569     0.39    4.76
  -9026.733    27.509     5.16    4.64
  -8650.599    28.774     3.36    5.11
  -8274.467    30.621     4.91    4.03
  -7898.337    31.528     2.41    3.99
  -7522.209    31.185    -0.91    4.13
  -7146.082    31.320     0.36    4.05
  -6769.957    29.320    -5.32    5.35
  -6393.834    26.806    -6.68    6.07
  -6017.712    25.116    -4.50    5.80
  -5641.592    23.013    -5.59    4.68
  -5265.474    22.184    -2.20    5.06
  -4889.358    20.536    -4.38    5.82
  -4513.243    18.107    -6.46    6.62
  -4137.130    17.277    -2.21    6.63
  -3761.019    15.902    -3.65    5.04
  -3384.909    14.969    -2.48    4.68
  -3008.801    14.312    -1.74    5.33
  -2632.695    12.616    -4.51    5.79
  -2256.591    11.133    -3.94    4.77
  -1880.488    11.543     1.09    4.77
  -1504.387    11.421    -0.32    4.43
  -1128.287    12.374     2.53    7.50
   -752.190     9.104    -8.70    9.12
   -376.094     5.104   -10.64    8.63
      0.001     1.856    -8.64    6.01
    376.093     2.050     0.52    2.86
    752.184     3.979     5.13    3.11
   1128.273     5.082     2.93    2.29
   1504.361     4.250    -2.21    3.21
   1880.447     2.119    -5.67    3.09
   2256.531     0.312    -4.80    1.35
   2632.614     0.723     1.09    1.72
   3008.694     1.482     2.02    1.82
   3384.774     1.825     0.91    1.57
   3760.851     2.698     2.32    1.89
   4136.927     4.158     3.88    3.40
   4513.001     7.364     8.52    5.07
   4889.074    12.015    12.37    4.72
   5265.145    15.569     9.45    3.49
   5641.214    17.645     5.52    1.72
   6017.281    17.915     0.72    2.25
   6393.347    17.210    -1.87    4.23
   6769.411    18.060     2.26    5.78
   7145.474    17.082    -2.60    7.03
   7521.535    15.569    -4.02    8.38
   7897.594    11.185   -11.66    9.39
   8273.652     6.092   -13.54    6.76
   8649.707     3.876    -5.89    5.75
   9025.762     2.338    -4.09    4.93
   9401.814     0.915    -3.79    3.76
   9777.865    -0.329    -3.31    0.00
  10153.915     3.428     9.99    8.43
  10529.962     9.293    15.60   14.04
  10906.008    18.942    25.66   17.06
  11282.053    26.546    20.22   15.44
  11658.096    30.748    11.17   14.85
  12034.137    34.569    10.16   15.29
  12410.176    34.421    -0.39   15.91
  12786.214    37.312     7.69   16.48
  13162.250    39.755     6.49   15.14
  13538.285    41.979     5.92   16.41
  13914.318    43.592     4.29   14.63
  14290.349    45.320     4.59   12.86
  14666.379    43.023    -6.11   14.82
  15042.407    43.671     1.72   13.39
  15418.434    46.842     8.43   12.45
  15794.459    45.282    -4.15   12.56
  16170.482    47.466     5.81    9.99
  16546.504    49.590     5.65    8.07
  16922.524    50.293     1.87    7.75
  17298.542    53.482     8.48    6.99
  17674.559    52.928    -1.47    8.34
  18050.574    51.851    -2.87    8.18
  18426.588    50.543    -3.48    7.93
  18802.600    48.293    -5.98    7.56
  19178.610    47.389    -2.40   10.74
  19554.619    47.505     0.31   12.97
  19930.626    52.277    12.69   14.55
  20306.632    52.517     0.64   15.89
  20682.636    55.928     9.07   14.36
  21058.638    59.671     9.96    8.72
  21434.639    59.066    -1.61    6.56
  21810.638    55.748    -8.82    8.74
  22186.636    50.266   -14.58    8.74
  22562.632    48.415    -4.92    8.56
  22938.627    48.725     0.83    9.54
  23314.620    49.104     1.01   10.44
  23690.611    47.212    -5.03    9.56
  24066.601    44.255    -7.87   10.29
  24442.589    45.261     2.68   12.89
  24818.575    48.021     7.34   13.63
  25194.560    49.212     3.17   13.87
  25570.544    48.696    -1.37   12.92
  25946.526    50.434     4.62   13.77
  26322.506    51.620     3.15   15.57
  26698.485    53.434     4.83   16.25
  27074.462    53.158    -0.73   16.06
  27450.437    49.977    -8.46   15.28
  27826.411    51.888     5.08   17.47
  28202.384    51.902     0.04   20.29
  28578.355    54.100     5.85   22.61
  28954.324    51.594    -6.66   24.44
  29330.292    43.902   -20.46   24.82
  29706.258    33.338   -28.10   21.74
  30082.223    19.347   -37.21   17.16
  30458.186    11.616   -20.56   12.00
  30834.147     5.119   -17.28    6.64
  31210.107     1.521    -9.57    2.99
  31586.066     0.671    -2.26    0.00
  31962.023     0.671     0.00    0.00
  32337.978     0.671     0.00    0.00
  32713.932     0.671     0.00    0.00
  33089.884     9.617    23.80   19.13
  33466.136    22.946    35.43   26.10
  33842.398    39.806    44.81   26.39
  34218.659    54.239    38.36   15.26
  34594.918    58.617    11.64   10.63
  34971.175    59.449     2.21   10.54
  35347.432    56.082    -8.95   13.29
  35723.686    49.979   -16.22   16.29
  36099.939    50.700     1.92   15.74
  36476.191    49.212    -3.95   14.34
  36852.441    54.536    14.15   13.13
  37228.689    58.908    11.62   11.14
  37604.936    61.271     6.28   11.86
  37981.182    62.212     2.50   12.58
  38357.426    63.987     4.72   14.15
  38733.668    67.540     9.44   13.40
  39109.909    61.594   -15.80   16.21
  39486.148    61.185    -1.09   16.10
  39862.386    64.371     8.47   17.91
  40238.623    66.566     5.83   19.27
  40614.858    74.449    20.95   16.93
  40991.091    67.915   -17.37   18.96
  41367.323    61.755   -16.37   17.68
  41743.553    58.364    -9.01   15.47
  42119.782    49.312   -24.06   10.77
  42496.009    44.900   -11.73   10.94
  42872.235    43.698    -3.20   10.82
  43248.459    45.996     6.11   11.61
  43624.682    51.727    15.23   10.62
  44000.904    54.723     7.96    8.65
  44377.124    53.934    -2.09   10.91
  44753.342    55.517     4.21   13.26
  45129.559    57.774     6.00   15.77
  45505.774    68.056    27.33   19.19
  45881.988    80.996    34.39   19.86
  46258.201    89.371    22.26   16.91
  46634.412    91.158     4.75   16.25
  47010.621    86.699   -11.85   19.16
  47386.829    76.212   -27.88   19.79
  47763.036    66.185   -26.65   15.20
  48139.241    59.239   -18.46   13.64
  48515.444    54.158   -13.50    9.61
  48891.646    53.642    -1.37    9.79
  49267.847    54.871     3.27   10.23
  49644.046    56.513     4.36    8.86
  50020.244    54.671    -4.90    9.73
  50396.440    51.133    -9.41    8.17
  50772.635    51.566     1.15    9.19
  51148.828    54.119     6.79   10.33
  51525.020    56.382     6.02   10.55
  51901.210    59.979     9.56   12.79
  52277.399    68.428    22.46   16.90
  52653.587    75.487    18.76   18.99
  53029.773    86.096    28.20   20.21
  53405.957    99.614    35.93   14.48
  53782.140    98.320    -3.44   16.40
  54158.322    89.779   -22.70   21.08
  54534.502    87.185    -6.90   21.16
  54910.681    82.915   -11.35   21.65
  55286.859    84.557     4.37   21.36
  55663.034    89.196    12.33   18.68
  56039.209    84.487   -12.52   17.90
  56415.382    77.374   -18.91   17.38
  56791.554    76.723    -1.73   16.61
  57167.724    76.540    -0.49   17.65
  57543.892    79.408     7.63   18.94
  57920.060    89.185    25.99   19.81
  58296.226    93.594    11.72   19.13
  58672.390   100.310    17.85   13.72
  59048.553    97.171    -8.34   16.55
  59424.715    85.221   -31.77   20.35
  59800.875    69.732   -41.18   17.46
  60177.034    59.235   -27.90    5.88
  60553.191    60.671     3.82   10.02
  60929.347    64.725    10.78   12.81
  61305.501    75.077    27.52   16.05
  61681.655    84.866    26.02   16.02
  62057.806    92.184    19.46   12.62
  62433.957    88.928    -8.66   16.48
  62810.105    79.833   -24.18   19.07
  63186.253    73.082   -17.95   16.86
  63562.399    66.107   -18.54   14.12
  63938.544    63.723    -6.34   12.66
  64314.687    64.806     2.88   12.90
  64690.829    70.825    16.00   18.18
  65066.969    81.320    27.90   18.03
  65443.108    89.023    20.48   11.82
  65819.246    84.908   -10.94   14.67
  66195.382    80.296   -12.26   14.46
  66571.517    77.184    -8.27   14.12
  66947.650    75.566    -4.30   13.28
  67323.783    74.347    -3.24   13.49
  67699.913    71.320    -8.05   17.33
  68076.043    69.060    -6.01   18.04
  68452.171    63.013   -16.08   18.26
  68828.297    60.748    -6.02   18.68
  69204.422    54.050   -17.81   14.07
  69580.546    50.235   -10.14   10.55
  69956.669    48.646    -4.23    9.33
  70332.790    48.312    -0.89    9.19
  70708.909    49.320     2.68    9.23
  71085.028    47.896    -3.79    8.68
  71461.144    49.509     4.29    7.07
  71837.260    46.563    -7.83    8.22
  72213.374    45.644    -2.44    7.94
  72589.487    45.583    -0.16   13.35
  72965.599    43.005    -6.86   18.91
  73341.709    40.235    -7.36   24.31
  73717.818    34.477   -15.31   25.25
  74093.925    24.934   -25.37   22.67
  74470.031    17.227   -20.49   18.37
  74846.136    13.566    -9.73   14.53
  75222.239    13.235    -0.88   13.10
  75598.341    18.023    12.73   13.65
  75974.442    24.277    16.63   13.26
  76350.541    30.277    15.95    9.67
  76726.639    34.096    10.16    7.83
  77102.735    37.671     9.51    7.48
  77478.831    41.697    10.70    8.66
  77854.925    47.235    14.73   10.74
  78231.017    51.401    11.08   12.14
  78607.109    53.860     6.54   12.23
  78983.198    59.266    14.37   13.07
  79359.287    66.487    19.20   15.26
  79735.374    72.697    16.51   16.54
  80111.460    73.810     2.96   17.07
  80487.545    68.896   -13.07   17.09
  80863.628    62.092   -18.09   14.57
  81239.710    62.699     1.61   14.93
  81615.791    63.934     3.28   14.71
  81991.870    63.777    -0.42   12.81
  82367.948    59.408   -11.62   11.32
  82744.025    51.619   -20.71    9.73
  83120.100    47.071   -12.09   11.18
  83496.174    44.866    -5.86   11.60
  83872.247    46.496     4.34   12.13
  84248.318    53.566    18.80   13.56
  84624.388    60.171    17.56   10.47
  85000.457    69.915    25.91   15.86
  85376.524    70.915     2.66   16.57
  85752.590    72.250     3.55   18.85
  86128.655    74.021     4.71   20.33
  86504.719    67.023   -18.61   20.40
  86880.781    67.746     1.92   19.61
  87256.842    67.594    -0.40   19.13
  87632.902    72.829    13.92   20.92
  88008.960    76.934    10.92   18.13
  88385.017    75.517    -3.77   17.85
  88761.073    70.645   -12.96   15.20
  89137.128    63.671   -18.54    9.85
  89513.181    57.594   -16.16   11.48
  89889.233    54.921    -7.11   11.44
  90265.283    53.221    -4.52    9.59
  90641.333    51.825    -3.71    8.49
  91017.381    51.024    -2.13    9.41
  91393.428    45.644   -14.31    9.39
  91769.473    46.455     2.16   10.97
  92145.517    51.092    12.33   13.13
  92521.560    58.466    19.61   14.21
  92897.602    64.725    16.64   12.29
  93273.642    65.594     2.31   12.42
  93649.682    63.005    -6.89   14.12
  94025.719    65.803     7.44   14.94
  94401.756    65.833     0.08   15.85
  94777.791    72.408    17.48   14.40
  95153.826    70.312    -5.57   16.23
  95529.858    64.810   -14.63   16.37
  95905.890    62.158    -7.05   14.87
  96281.920    64.505     6.24   15.41
  96657.949    69.461    13.18   16.79
  97033.977    75.748    16.72   15.87
  97410.004    76.984     3.29   13.32
  97786.029    71.617   -14.27   14.48
  98162.053    67.540   -10.84   15.97
  98538.076    68.455     2.43   16.08
  98914.097    73.774    14.14   18.75
  99290.118    75.942     5.76   17.50
  99666.137    72.364    -9.52   16.66
 100042.155    74.158     4.77   17.54
 100418.171    77.133     7.91   18.28
 100794.187    78.915     4.74   18.58
 101170.201    79.441     1.40   16.88
 101546.214    74.487   -13.17   15.43
 101922.225    68.366   -16.28   14.57
 102298.236    63.536   -12.84   14.97
 102674.245    57.698   -15.53   11.50
 103050.253    58.266     1.51   10.02
 103426.260    58.800     1.42    8.94
 103802.265    61.140     6.22    7.95
 104178.269    57.723    -9.09    9.85
 104554.273    57.107    -1.64   10.14
 104930.274    59.949     7.56   15.93
 105306.275    66.082    16.31   19.73
 105682.275    71.996    15.73   20.41
 106058.273    72.671     1.80   19.35
 106434.270    77.671    13.30   17.08
 106810.266    83.777    16.24   17.45
 107186.260    86.401     6.98   16.85
 107562.254    84.338    -5.49   16.12
 107938.246    83.466    -2.32   16.56
 108314.314    80.894    -6.84   16.95
 108690.549    74.077   -18.12   16.27
 109066.783    72.996    -2.87   16.30
 109443.016    74.374     3.66   15.23
 109819.248    74.536     0.43   15.45
 110195.479    77.443     7.73   16.49
 110571.708    80.971     9.38   16.18
 110947.936    85.082    10.92   16.18
 111324.163    86.131     2.79   16.16
 111700.389    85.235    -2.38   15.84
 112076.613    85.908     1.79   16.90
 112452.837    82.408    -9.30   14.01
 112829.059    81.645    -2.03   14.15
 113205.280    75.928   -15.20   14.01
 113581.500    68.671   -19.29   11.16
 113957.718    67.592    -2.87   10.95
 114333.936    70.346     7.32   13.85
 114710.152    72.810     6.55   14.62
 115086.367    72.329    -1.28   12.02
 115462.581    69.996    -6.20   12.15
 115838.794    71.563     4.17   11.97
 116215.005    73.942     6.32   11.60
 116591.216    74.477     1.42   11.75
 116967.425    74.800     0.86    9.65
 117343.633    79.235    11.79   10.24
 117719.840    83.644    11.72   10.68
 118096.046    85.158     4.03   10.79
 118472.251    87.171     5.35   12.59
 118848.454    87.748     1.53   12.65
 119224.656    82.356   -14.33   14.68
 119600.857    78.389   -10.54   12.22
 119977.057    76.255    -5.67   10.28
 120353.256    78.408     5.72   12.93
 120729.454    86.158    20.60   14.48
 121105.651    88.443     6.07   12.78
 121481.846    91.210     7.36   14.21
 121858.040    92.517     3.48   13.52
 122234.233    86.838   -15.10   14.08
 122610.425    86.320    -1.38   13.47
 122986.616    85.699    -1.65   11.70
 123362.806    85.513    -0.49   11.58
 123738.994    90.396    12.98    9.83
 124115.182    90.347    -0.13    9.76
 124491.368    87.184    -8.41   11.40
 124867.553    83.461    -9.90   12.82
 125243.737    78.724   -12.59   12.57
 125619.920    71.833   -18.32   10.04
 125996.102    70.021    -4.82    7.86
 126372.283    67.969    -5.46    6.20
 126748.462    68.347     1.01    5.94
 127124.641    69.509     3.09    6.64
 127500.818    71.614     5.60    6.92
 127876.994    74.569     7.85    8.04
 128253.169    79.415    12.88    9.36
 128629.343    84.728    14.13    9.81
 129005.516    88.698    10.55   10.17
 129381.688    95.590    18.32   13.52
 129757.858   102.619    18.68   14.86
 130134.028   106.671    10.77   13.97
 130510.196   105.590    -2.87   13.06
 130886.364   101.777   -10.14   14.68
 131262.530    94.329   -19.80   14.50
 131638.695    88.748   -14.84   11.40
 132014.859    86.104    -7.03    8.85
 132391.022    85.846    -0.68    8.85
 132767.184    88.777     7.79   10.19
 133143.344    90.699     5.11   12.02
 133519.504    98.212    19.97   16.91
 133895.663   111.616    35.63   15.74
 134271.820   117.748    16.30   11.75
 134647.976   118.748     2.66    8.99
 135024.132   111.928   -18.13   15.43
 135400.286    96.953   -39.81   18.19
 135776.439    85.860   -29.49   14.05
 136152.591    85.032    -2.20   13.09
 136528.742    90.697    15.06   17.43
 136904.892    98.145    19.80   16.14
 137281.041   105.364    19.19   13.48
 137657.188   105.066    -0.79   13.92
 138033.335   104.697    -0.98   15.00
 138409.481   103.255    -3.83   15.83
 138785.625   106.146     7.69   16.51
 139161.769   110.082    10.46   14.99
 139537.911   110.144     0.16   13.44
 139914.052   104.401   -15.27   15.50
 140290.193    97.482   -18.39   15.38
 140666.332    94.752    -7.26   12.11
 141042.470    96.829     5.52   13.30
 141418.607   103.588    17.97   14.02
 141794.743   110.902    19.45   14.22
 142170.878   113.119     5.89   14.10
 142547.012   115.320     5.85   12.86
 142923.145   115.851     1.41   12.92
 143299.277   114.619    -3.28   13.07
 143675.408   107.619   -18.61   14.83
 144051.537   101.293   -16.82   13.76
 144427.666    96.543   -12.63   10.36
 144803.794    97.969     3.79   12.64
 145179.920    98.876     2.41   14.95
 145556.046    98.746    -0.35   15.60
 145932.170    97.260    -3.95   12.65
 146308.294    97.996     1.96   12.16
 146684.416   104.915    18.40   15.26
 147060.538   110.942    16.02   15.07
 147436.658   119.077    21.63   13.44
 147812.778   123.928    12.90   13.51
 148188.896   123.235    -1.84   12.38
 148565.013   123.569     0.89   11.16
 148941.130   121.077    -6.63   15.18
 149317.245   117.224   -10.24   19.91
 149693.359   114.356    -7.63   26.13
 150069.473   107.338   -18.66   28.84
 150445.585    96.536   -28.72   27.01
 150821.696    83.005   -35.98   22.90
 151197.806    70.671   -32.79   15.60
 151573.916    67.082    -9.54   11.76
 151950.024    67.774     1.84   14.58
 152326.131    70.296     6.71   16.42
 152702.237    81.005    28.47   19.67
 153078.342    89.833    23.47   20.41
 153454.447    96.823    18.58   20.77
 153830.550    98.217     3.71   24.03
