# NaN NaN NaN ;Mean Elev.(m), Avg Gradient(m/km), RMS Gradient(m/km) - SRTM1     
#   -0.965   0.171   2.370 ;Mean Elev.(m), Avg Gradient(m/km), RMS Gradient(m/km) - ASTER GDEM
#    1.248  -0.165   1.367 ;Mean Elev.(m), Avg Gradient(m/km), RMS Gradient(m/km) - GMTED2010 
  7     5.894 52468.06572122 35.12 306.635509  -1.807882 34.558
  7     5.611 52468.06572186 24.24 306.634779  -1.804582 34.558
  7     5.401 52468.06572251 19.56 306.634049  -1.801272 34.558
  7     4.828 52468.06572315 18.79 306.633329  -1.797972 34.558
  7     4.366 52468.06572380 19.51 306.632599  -1.794662 34.558
  7     3.298 52468.06572444 19.52 306.631869  -1.791362 34.558
  7     4.202 52468.06572509 19.14 306.631149  -1.788052 34.558
  7     4.274 52468.06572573 22.53 306.630416  -1.784752 30.339
  7     5.108 52468.06572638 25.80 306.629696  -1.781442 30.339
  7     5.395 52468.06572702 29.00 306.628966  -1.778142 30.339
  7     5.976 52468.06572766 26.94 306.628236  -1.774832 30.339
  8     5.498 52503.06571054 30.42 306.635352  -1.807911 45.795
  8     5.303 52503.06571118 23.42 306.634622  -1.804601 45.795
  8     4.754 52503.06571183 18.50 306.633892  -1.801301 45.795
  8     4.030 52503.06571247 16.78 306.633172  -1.797991 45.795
  8     3.630 52503.06571312 17.15 306.632441  -1.794692 34.775
  8     4.847 52503.06571376 17.00 306.631711  -1.791382 34.775
  8     3.775 52503.06571441 17.59 306.630991  -1.788082 34.775
  8     4.631 52503.06571505 17.15 306.630261  -1.784772 34.775
  8     4.934 52503.06571570 16.86 306.629541  -1.781472 34.775
  8     5.276 52503.06571634 19.33 306.628811  -1.778162 34.775
  8     5.556 52503.06571699 22.43 306.628081  -1.774862 34.775
 10     3.279 52573.06573490 23.28 306.634160  -1.808186 21.646
 10     2.669 52573.06573555 21.89 306.633430  -1.804886 21.646
 10     2.062 52573.06573619 21.06 306.632700  -1.801576 21.646
 10     1.251 52573.06573684 20.45 306.631980  -1.798276 21.646
 10     0.563 52573.06573748 17.38 306.631250  -1.794966 21.646
 10     1.768 52573.06573813 16.63 306.630520  -1.791666 21.646
 10     2.436 52573.06573877 16.07 306.629800  -1.788356 21.646
 10     2.601 52573.06573942 14.89 306.629070  -1.785056 21.646
 10     3.073 52573.06574006 16.27 306.628340  -1.781746 21.646
 10     3.694 52573.06574071 15.72 306.627620  -1.778446 21.646
 10     4.104 52573.06574135 25.80 306.626890  -1.775136 21.646
 11     2.956 52608.06569323 17.85 306.638492  -1.805747 36.148
 11     2.569 52608.06569387 17.80 306.637761  -1.802448 13.872
 11     2.803 52608.06569452 15.55 306.637031  -1.799138 13.872
 11     3.039 52608.06569516 14.30 306.636311  -1.795838 13.872
 11     2.975 52608.06569581 14.40 306.635581  -1.792528 13.872
 11     3.206 52608.06569645 12.30 306.634861  -1.789228 13.872
 11     3.237 52608.06569710 12.08 306.634131  -1.785918 13.872
 11     3.173 52608.06569774 12.89 306.633401  -1.782618 13.872
 11     3.307 52608.06569839 13.41 306.632681  -1.779308 13.872
 11     3.438 52608.06569903 15.00 306.631951  -1.776008 13.872
 11     3.881 52608.06569968 19.19 306.631221  -1.772698 13.872
 12     4.237 52643.06568927 25.62 306.635853  -1.807259 40.258
 12     3.788 52643.06568991 20.18 306.635133  -1.803949 40.258
 12     3.578 52643.06569056 16.20 306.634403  -1.800649 40.258
 12     4.033 52643.06569120 13.48 306.633673  -1.797339 40.258
 12     1.598 52643.06569185 17.64 306.632955  -1.794041 32.926
 12     3.746 52643.06569249 15.88 306.632225  -1.790731 32.926
 12     3.974 52643.06569314 14.54 306.631495  -1.787431 32.926
 12     3.652 52643.06569378 15.71 306.630775  -1.784121 32.926
 12     3.415 52643.06569443 18.13 306.630045  -1.780821 32.926
 12     3.883 52643.06569507 22.15 306.629315  -1.777511 32.926
 12     4.002 52643.06569572 31.31 306.628585  -1.774211 32.926
 13     3.669 52678.06567288 17.63 306.639571  -1.805102 38.287
 13     3.741 52678.06567352 15.53 306.638851  -1.801802 38.287
 13     3.895 52678.06567417 14.09 306.638121  -1.798492 38.287
 13     3.916 52678.06567481 13.78 306.637391  -1.795192 38.287
 13     3.558 52678.06567546 15.20 306.636671  -1.791882 38.287
 13     3.629 52678.06567610 15.06 306.635941  -1.788582 35.207
 13     3.703 52678.06567675 14.86 306.635221  -1.785272 35.207
 13     3.429 52678.06567739 16.69 306.634491  -1.781972 35.207
 13     3.983 52678.06567804 16.92 306.633761  -1.778662 35.207
 13     4.332 52678.06567868 21.18 306.633041  -1.775362 35.207
 13     4.595 52678.06567933 26.54 306.632311  -1.772052 35.207
 14     5.090 52713.06570926 26.49 306.635287  -1.809008 43.972
 14     4.715 52713.06570990 20.24 306.634557  -1.805698 43.972
 14     4.144 52713.06571055 15.22 306.633838  -1.802397 29.398
 14     3.747 52713.06571119 16.62 306.633108  -1.799087 29.398
 14     2.851 52713.06571184 19.01 306.632378  -1.795787 29.398
 14     1.790 52713.06571248 18.78 306.631658  -1.792477 29.398
 14     2.350 52713.06571313 17.66 306.630928  -1.789177 29.398
 14     4.103 52713.06571377 16.30 306.630198  -1.785867 29.398
 14     4.355 52713.06571441 17.42 306.629468  -1.782567 29.398
 14     4.772 52713.06571506 20.20 306.628748  -1.779257 29.398
 14     5.132 52713.06571570 23.94 306.628018  -1.775957 29.398
 14     5.354 52713.06571635 34.29 306.627288  -1.772647 29.398
 16     6.130 52783.06567572 45.63 306.635528  -1.809341 41.555
 16     5.861 52783.06567636 26.27 306.634798  -1.806031 41.555
 16     5.351 52783.06567701 24.50 306.634077  -1.802733 28.500
 16     4.744 52783.06567765 25.71 306.633347  -1.799423 28.500
 16     4.024 52783.06567830 23.60 306.632617  -1.796123 28.500
 16     3.112 52783.06567894 20.74 306.631897  -1.792813 28.500
 16     3.407 52783.06567958 19.42 306.631167  -1.789513 28.500
 16     4.498 52783.06568023 18.81 306.630437  -1.786203 28.500
 16     5.295 52783.06568087 18.92 306.629707  -1.782903 28.500
 16     5.602 52783.06568152 23.78 306.628987  -1.779593 28.500
 16     5.897 52783.06568216 26.65 306.628257  -1.776293 28.500
 16     6.172 52783.06568281 32.67 306.627527  -1.772983 28.500
 17     5.993 52818.06575404 31.42 306.634577  -1.807570 50.725
 17     5.809 52818.06575468 24.04 306.633847  -1.804260 50.725
 17     5.324 52818.06575533 21.33 306.633126  -1.800962 27.613
 17     5.369 52818.06575597 17.67 306.632396  -1.797652 27.613
 17     5.401 52818.06575662 18.14 306.631666  -1.794352 27.613
 17     5.458 52818.06575726 18.13 306.630946  -1.791042 27.613
 17     5.643 52818.06575790 17.25 306.630216  -1.787742 27.613
 17     5.413 52818.06575855 18.04 306.629486  -1.784432 27.613
 17     5.498 52818.06575919 20.36 306.628756  -1.781132 27.613
 17     5.844 52818.06575984 21.71 306.628036  -1.777822 27.613
 17     5.970 52818.06576048 30.01 306.627306  -1.774522 27.613
 18     5.671 52853.06580356 33.02 306.638426  -1.808460 43.572
 18     5.477 52853.06580420 26.30 306.637696  -1.805160 43.572
 18     4.910 52853.06580485 19.72 306.636966  -1.801850 43.572
 18     4.340 52853.06580549 20.20 306.636249  -1.798551 22.685
 18     3.594 52853.06580614 20.76 306.635519  -1.795241 22.685
 18     4.262 52853.06580678 17.86 306.634789  -1.791941 22.685
 18     3.623 52853.06580743 17.73 306.634059  -1.788631 22.685
 18     4.286 52853.06580807 16.97 306.633339  -1.785331 22.685
 18     4.942 52853.06580872 17.66 306.632609  -1.782021 22.685
 18     5.084 52853.06580936 19.43 306.631879  -1.778721 22.685
 18     5.427 52853.06581001 21.31 306.631159  -1.775411 22.685
 18     5.625 52853.06581065 27.26 306.630429  -1.772111 22.685
 20     3.992 52923.06579229 17.86 306.635910  -1.806322 33.014
 20     3.829 52923.06579294 16.76 306.635190  -1.803022 33.014
 20     4.028 52923.06579358 13.68 306.634460  -1.799712 33.014
 20     4.069 52923.06579423 12.89 306.633731  -1.796411 24.905
 20     4.165 52923.06579487 11.95 306.633001  -1.793101 24.905
 20     4.152 52923.06579552 12.14 306.632281  -1.789801 24.905
 20     4.107 52923.06579616 12.34 306.631551  -1.786491 24.905
 20     4.075 52923.06579681 13.25 306.630831  -1.783191 24.905
 20     3.710 52923.06579745 17.22 306.630101  -1.779881 24.905
 20     4.108 52923.06579809 20.72 306.629371  -1.776581 24.905
 20     4.269 52923.06579874 28.78 306.628651  -1.773271 24.905
 21     2.901 52958.06575793 25.68 306.642852  -1.806448 33.955
 21     2.413 52958.06575857 23.70 306.642122  -1.803148 33.955
 21     1.946 52958.06575922 22.18 306.641392  -1.799838 33.955
 21     1.500 52958.06575986 19.19 306.640673  -1.796539 11.301
 21     1.822 52958.06576051 17.62 306.639943  -1.793229 11.301
 21     1.582 52958.06576115 16.85 306.639213  -1.789929 11.301
 21    -3.004 52958.06576180 20.45 306.638493  -1.786619 11.301
 21     2.328 52958.06576244 17.32 306.637763  -1.783319 11.301
 21     2.714 52958.06576309 15.57 306.637033  -1.780009 11.301
 21     2.945 52958.06576373 16.29 306.636303  -1.776709 11.301
 21     3.583 52958.06576438 18.03 306.635583  -1.773399 11.301
 21     3.831 52958.06576502 22.13 306.634853  -1.770099 11.301
 22     3.282 52993.06578311 17.03 306.639800  -1.805783 12.562
 22     2.991 52993.06578375 16.45 306.639080  -1.802473 12.562
 22     3.088 52993.06578440 14.04 306.638350  -1.799173 12.562
 22     3.230 52993.06578504 12.94 306.637630  -1.795863 12.562
 22     3.295 52993.06578569 11.30 306.636900  -1.792563 12.562
 22     3.341 52993.06578633 10.99 306.636170  -1.789253 12.562
 22     3.342 52993.06578698 10.63 306.635440  -1.785953 12.562
 22     3.359 52993.06578762 11.31 306.634720  -1.782643 12.562
 22     3.352 52993.06578827 11.47 306.633990  -1.779343 12.562
 22     3.486 52993.06578891 12.01 306.633260  -1.776033 12.562
 22     3.598 52993.06578956 18.03 306.632540  -1.772733 12.562
 23     4.555 53028.06574839 25.88 306.641204  -1.805874 37.981
 23     3.411 53028.06574903 22.45 306.640475  -1.802574 25.697
 23     2.070 53028.06574968 23.98 306.639745  -1.799264 25.697
 23     2.079 53028.06575032 20.15 306.639025  -1.795964 25.697
 23     3.919 53028.06575096 16.04 306.638295  -1.792654 25.697
 23     3.916 53028.06575161 16.04 306.637565  -1.789354 25.697
 23     4.009 53028.06575225 15.77 306.636845  -1.786044 25.697
 23     4.149 53028.06575290 15.98 306.636115  -1.782744 25.697
 23     4.151 53028.06575354 17.18 306.635395  -1.779434 25.697
 23     4.237 53028.06575419 19.50 306.634665  -1.776134 25.697
 23     4.372 53028.06575483 24.56 306.633935  -1.772824 25.697
 23     4.829 53028.06575548 34.01 306.633215  -1.769524 25.697
 24     5.152 53063.06575654 28.58 306.642927  -1.806496 47.284
 24     4.562 53063.06575719 20.29 306.642201  -1.803197 26.877
 24     4.236 53063.06575783 19.12 306.641471  -1.799887 26.877
 24     3.517 53063.06575848 21.66 306.640741  -1.796587 26.877
 24     2.923 53063.06575912 19.64 306.640021  -1.793277 26.877
 24     2.096 53063.06575976 19.49 306.639291  -1.789977 26.877
 24     2.187 53063.06576041 18.97 306.638561  -1.786667 26.877
 24     3.524 53063.06576105 18.40 306.637831  -1.783367 26.877
 24     4.254 53063.06576170 18.25 306.637111  -1.780057 26.877
 24     4.692 53063.06576234 21.59 306.636381  -1.776757 26.877
 24     5.057 53063.06576299 25.68 306.635651  -1.773447 26.877
 24     5.216 53063.06576363 29.61 306.634931  -1.770147 26.877
 25     5.762 53098.06577438 28.61 306.631533  -1.808365 41.817
 25     5.335 53098.06577503 22.53 306.630803  -1.805065 41.817
 25     4.861 53098.06577567 18.44 306.630073  -1.801755 41.817
 25     4.235 53098.06577632 18.52 306.629353  -1.798455 41.817
 25     3.384 53098.06577696 19.37 306.628623  -1.795145 41.817
 25     2.870 53098.06577761 18.12 306.627895  -1.791845 38.223
 25     4.447 53098.06577825 17.98 306.627165  -1.788535 38.223
 25     4.766 53098.06577890 19.96 306.626445  -1.785235 38.223
 25     5.256 53098.06577954 22.69 306.625715  -1.781925 38.223
 25     5.612 53098.06578019 28.19 306.624985  -1.778625 38.223
 25     5.837 53098.06578083 33.44 306.624265  -1.775315 38.223
 26     5.968 53133.06575504 30.57 306.644171  -1.803838 23.981
 26     5.711 53133.06575568 21.66 306.643441  -1.800528 23.981
 26     5.552 53133.06575633 19.31 306.642711  -1.797228 23.981
 26     4.845 53133.06575697 18.70 306.641991  -1.793918 23.981
 26     4.358 53133.06575762 18.77 306.641261  -1.790618 23.981
 26     3.728 53133.06575826 19.23 306.640531  -1.787308 23.981
 26     5.472 53133.06575891 18.22 306.639801  -1.784008 23.981
 26     5.198 53133.06575955 18.66 306.639081  -1.780698 23.981
 26     5.517 53133.06576020 19.87 306.638351  -1.777398 23.981
 26     5.816 53133.06576084 21.27 306.637621  -1.774088 23.981
 26     6.067 53133.06576149 25.36 306.636901  -1.770788 23.981
 28     5.722 53203.06582980 38.36 306.635727  -1.808018 46.281
 28     5.350 53203.06583045 23.50 306.635007  -1.804708 46.281
 28     5.041 53203.06583109 18.86 306.634272  -1.801408 26.628
 28     4.656 53203.06583174 17.39 306.633552  -1.798098 26.628
 28     4.902 53203.06583238 16.45 306.632822  -1.794798 26.628
 28     4.874 53203.06583303 16.70 306.632092  -1.791488 26.628
 28     5.211 53203.06583367 16.34 306.631372  -1.788188 26.628
 28     5.110 53203.06583432 16.03 306.630642  -1.784878 26.628
 28     5.036 53203.06583496 17.69 306.629912  -1.781578 26.628
 28     5.349 53203.06583561 18.32 306.629192  -1.778268 26.628
 28     5.598 53203.06583625 22.13 306.628462  -1.774968 26.628
 29     4.860 53238.06579868 22.65 306.642597  -1.804528 41.390
 29     4.560 53238.06579933 21.00 306.641877  -1.801218 41.390
 29     4.339 53238.06579997 17.22 306.641147  -1.797918 24.592
 29     4.506 53238.06580062 14.74 306.640427  -1.794608 24.592
 29     4.528 53238.06580126 14.85 306.639697  -1.791308 24.592
 29     4.480 53238.06580191 15.12 306.638967  -1.787998 24.592
 29     4.383 53238.06580255 14.88 306.638247  -1.784698 24.592
 29     4.535 53238.06580319 15.02 306.637517  -1.781388 24.592
 29     4.404 53238.06580384 16.35 306.636787  -1.778088 24.592
 29     4.727 53238.06580448 17.14 306.636067  -1.774778 24.592
 29     4.881 53238.06580513 23.60 306.635337  -1.771478 24.592
 30     4.094 53273.06575796 17.10 306.639356  -1.805248 17.346
 30     3.932 53273.06575860 15.64 306.638626  -1.801938 17.346
 30     3.703 53273.06575924 15.69 306.637896  -1.798638 17.346
 30     3.989 53273.06575989 14.49 306.637176  -1.795328 17.346
 30     3.742 53273.06576053 15.36 306.636446  -1.792028 17.346
 30     3.847 53273.06576118 14.69 306.635716  -1.788718 17.346
 30     3.940 53273.06576182 14.45 306.634996  -1.785418 17.346
 30     3.949 53273.06576247 13.85 306.634266  -1.782108 17.346
 30     4.010 53273.06576311 14.52 306.633536  -1.778808 17.346
 30     4.143 53273.06576376 16.92 306.632806  -1.775498 17.346
 30     4.331 53273.06576440 19.82 306.632086  -1.772198 17.346
 31     3.743 53308.06581748 30.29 306.632157  -1.809083 39.601
 31     3.312 53308.06581813 23.87 306.631427  -1.805773 39.601
 31     2.749 53308.06581877 17.62 306.630697  -1.802473 39.601
 31     2.255 53308.06581942 15.51 306.629977  -1.799163 39.601
 31     3.222 53308.06582006 15.19 306.629241  -1.795863 28.904
 31     3.372 53308.06582071 15.27 306.628521  -1.792553 28.904
 31     3.586 53308.06582135 13.93 306.627791  -1.789253 28.904
 31     3.550 53308.06582200 13.84 306.627061  -1.785943 28.904
 31     3.625 53308.06582264 14.60 306.626341  -1.782643 28.904
 31     3.662 53308.06582328 19.17 306.625611  -1.779333 28.904
 31     4.127 53308.06582393 23.93 306.624881  -1.776033 28.904
 33     4.173 53378.06572409 18.10 306.641254  -1.806034 21.764
 33     3.929 53378.06572473 14.13 306.640524  -1.802724 21.764
 33     3.924 53378.06572538 13.46 306.639794  -1.799424 21.764
 33     3.908 53378.06572602 14.18 306.639074  -1.796114 21.764
 33     3.934 53378.06572667 14.46 306.638344  -1.792814 21.764
 33     3.888 53378.06572731 14.14 306.637614  -1.789504 21.764
 33     2.492 53378.06572796 17.08 306.636884  -1.786204 21.764
 33     3.782 53378.06572860 15.24 306.636164  -1.782894 21.764
 33     3.744 53378.06572925 15.54 306.635434  -1.779594 21.764
 33     3.833 53378.06572989 17.54 306.634704  -1.776284 21.764
 33     4.090 53378.06573054 20.81 306.633984  -1.772984 21.764
 33     4.254 53378.06573118 34.68 306.633254  -1.769674 21.764
 34     4.647 53413.06576021 33.79 306.641385  -1.807429 39.729
 34     4.410 53413.06576086 27.66 306.640655  -1.804119 39.729
 34     3.775 53413.06576150 16.61 306.639925  -1.800819 39.729
 34     3.853 53413.06576215 16.00 306.639205  -1.797509 39.729
 34     3.679 53413.06576279 16.04 306.638471  -1.794209 31.110
 34     1.652 53413.06576343 17.28 306.637751  -1.790899 31.110
 34     1.829 53413.06576408 17.78 306.637021  -1.787599 31.110
 34     2.949 53413.06576472 17.79 306.636291  -1.784289 31.110
 34     3.540 53413.06576537 18.80 306.635571  -1.780989 31.110
 34     4.066 53413.06576601 19.87 306.634841  -1.777679 31.110
 34     4.428 53413.06576666 24.22 306.634111  -1.774379 31.110
 34     4.679 53413.06576730 27.71 306.633391  -1.771069 31.110
 35     5.732 53448.06574743 30.40 306.637856  -1.808475 29.172
 35     5.488 53448.06574808 26.86 306.637136  -1.805165 29.172
 35     5.052 53448.06574872 23.16 306.636406  -1.801865 29.172
 35     4.908 53448.06574937 22.85 306.635676  -1.798555 29.172
 35     4.028 53448.06575001 24.31 306.634956  -1.795255 29.172
 35     3.373 53448.06575066 26.25 306.634226  -1.791945 29.172
 35     3.858 53448.06575130 28.19 306.633496  -1.788645 29.172
 35     4.466 53448.06575195 30.93 306.632776  -1.785335 29.172
 35     5.047 53448.06575259 31.60 306.632046  -1.782035 29.172
 35     5.448 53448.06575323 34.31 306.631316  -1.778725 29.172
 35     5.700 53448.06575388 36.48 306.630586  -1.775425 29.172
 35     5.806 53448.06575452 45.99 306.629866  -1.772115 29.172
 36     6.293 53483.06583291 29.49 306.630192  -1.808732 41.882
 36     6.119 53483.06583355 28.44 306.629462  -1.805422 41.882
 36     5.474 53483.06583420 27.94 306.628744  -1.802125 31.528
 36     4.851 53483.06583484 23.94 306.628014  -1.798815 31.528
 36     3.917 53483.06583549 23.94 306.627284  -1.795515 31.528
 36     3.367 53483.06583613 22.41 306.626564  -1.792205 31.528
 36     4.644 53483.06583678 21.59 306.625834  -1.788905 31.528
 36     5.454 53483.06583742 23.30 306.625104  -1.785595 31.528
 36     5.655 53483.06583807 28.95 306.624374  -1.782295 31.528
 36     6.060 53483.06583871 32.32 306.623654  -1.778985 31.528
 36     6.360 53483.06583936 34.75 306.622924  -1.775685 31.528
 37     6.165 53518.06583346 29.58 306.637854  -1.807348 36.924
 37     6.036 53518.06583410 27.16 306.637124  -1.804048 36.924
 37     5.638 53518.06583475 23.81 306.636404  -1.800738 36.924
 37     4.946 53518.06583539 23.41 306.635671  -1.797438 33.897
 37     4.091 53518.06583604 22.48 306.634951  -1.794128 33.897
 37     3.029 53518.06583668 23.13 306.634221  -1.790828 33.897
 37     3.654 53518.06583733 21.51 306.633491  -1.787518 33.897
 37     4.473 53518.06583797 22.32 306.632771  -1.784218 33.897
 37     5.405 53518.06583862 23.16 306.632041  -1.780908 33.897
 37     5.850 53518.06583926 27.42 306.631311  -1.777608 33.897
 37     6.190 53518.06583991 31.81 306.630591  -1.774298 33.897
 37     6.399 53518.06584055 39.34 306.629861  -1.770998 33.897
 38     6.009 53553.06585458 37.45 306.630926  -1.810348 38.059
 38     5.635 53553.06585523 26.39 306.630196  -1.807048 38.059
 38     5.270 53553.06585587 20.20 306.629476  -1.803738 38.059
 38     4.965 53553.06585652 16.52 306.628742  -1.800437 30.792
 38     3.850 53553.06585716 18.15 306.628022  -1.797127 30.792
 38     3.015 53553.06585781 18.54 306.627292  -1.793827 30.792
 38     4.177 53553.06585845 17.42 306.626562  -1.790517 30.792
 38     5.093 53553.06585910 17.38 306.625842  -1.787217 30.792
 38     5.373 53553.06585974 17.15 306.625112  -1.783907 30.792
 38     5.479 53553.06586038 21.21 306.624382  -1.780607 30.792
 38     5.808 53553.06586103 24.93 306.623662  -1.777297 30.792
 39     5.354 53588.06580508 23.38 306.641327  -1.806707 38.898
 39     4.961 53588.06580572 19.37 306.640607  -1.803407 38.898
 39     4.690 53588.06580636 17.49 306.639877  -1.800097 38.898
 39     4.709 53588.06580701 16.29 306.639147  -1.796797 38.898
 39     4.849 53588.06580765 15.69 306.638427  -1.793487 38.898
 39     4.636 53588.06580830 17.14 306.637696  -1.790187 32.786
 39     3.831 53588.06580894 17.78 306.636976  -1.786877 32.786
 39     4.849 53588.06580959 16.92 306.636246  -1.783577 32.786
 39     4.798 53588.06581023 16.83 306.635516  -1.780267 32.786
 39     4.748 53588.06581088 18.90 306.634796  -1.776967 32.786
 39     4.963 53588.06581152 22.48 306.634066  -1.773657 32.786
 39     5.196 53588.06581217 31.67 306.633336  -1.770357 32.786
 40     3.601 53623.06577568 25.04 306.631129  -1.809282 29.771
 40     3.098 53623.06577633 22.34 306.630399  -1.805972 29.771
 40     2.495 53623.06577697 21.00 306.629677  -1.802674 25.880
 40     1.877 53623.06577762 17.95 306.628947  -1.799364 25.880
 40     1.826 53623.06577826 16.22 306.628217  -1.796064 25.880
 40     2.573 53623.06577891 15.21 306.627497  -1.792754 25.880
 40     2.646 53623.06577955 15.24 306.626767  -1.789454 25.880
 40     2.875 53623.06578020 14.91 306.626037  -1.786144 25.880
 40     3.260 53623.06578084 15.60 306.625307  -1.782844 25.880
 40     3.785 53623.06578148 18.68 306.624587  -1.779534 25.880
 40     4.064 53623.06578213 25.56 306.623857  -1.776234 25.880
 41     2.637 53658.06580321 18.02 306.635301  -1.807793 34.122
 41     2.302 53658.06580386 18.22 306.634571  -1.804483 34.122
 41     1.809 53658.06580450 17.67 306.633853  -1.801184 22.825
 41     2.413 53658.06580515 13.71 306.633123  -1.797874 22.825
 41     2.533 53658.06580579 13.71 306.632393  -1.794574 22.825
 41     2.460 53658.06580644 14.07 306.631673  -1.791264 22.825
 41     2.412 53658.06580708 14.10 306.630943  -1.787964 22.825
 41     2.587 53658.06580773 13.51 306.630213  -1.784654 22.825
 41     2.942 53658.06580837 14.74 306.629483  -1.781354 22.825
 41     3.452 53658.06580901 17.13 306.628763  -1.778044 22.825
 41     3.696 53658.06580966 24.43 306.628033  -1.774744 22.825
 42     2.713 53693.06578500 19.72 306.635678  -1.807526 32.831
 42     2.250 53693.06578565 18.40 306.634958  -1.804226 32.831
 42     2.588 53693.06578629 14.72 306.634228  -1.800916 32.831
 42     2.761 53693.06578694 12.37 306.633498  -1.797616 32.831
 42     2.763 53693.06578758 12.09 306.632778  -1.794306 32.831
 42     2.861 53693.06578823 11.26 306.632047  -1.791005 16.993
 42     2.876 53693.06578887 10.92 306.631327  -1.787695 16.993
 42     2.896 53693.06578952 11.24 306.630597  -1.784395 16.993
 42     2.931 53693.06579016 11.47 306.629867  -1.781085 16.993
 42     3.077 53693.06579081 11.23 306.629147  -1.777785 16.993
 42     3.528 53693.06579145 14.57 306.628417  -1.774475 16.993
 43     3.373 53728.06570821 23.55 306.639824  -1.807494 39.695
 43     2.875 53728.06570886 20.58 306.639094  -1.804194 39.695
 43     2.374 53728.06570950 15.80 306.638364  -1.800884 39.695
 43     2.955 53728.06571014 15.10 306.637644  -1.797584 39.695
 43     3.171 53728.06571079 14.46 306.636914  -1.794274 39.695
 43     2.691 53728.06571143 16.72 306.636188  -1.790973 20.810
 43     3.276 53728.06571208 14.53 306.635458  -1.787663 20.810
 43     3.306 53728.06571272 14.24 306.634738  -1.784363 20.810
 43     3.240 53728.06571337 13.97 306.634008  -1.781053 20.810
 43     3.406 53728.06571401 13.39 306.633278  -1.777753 20.810
 43     3.501 53728.06571466 16.94 306.632558  -1.774443 20.810
 43     3.618 53728.06571530 26.37 306.631828  -1.771143 20.810
 44     5.039 53763.06566610 28.28 306.644200  -1.806043 44.689
 44     4.347 53763.06566675 18.38 306.643470  -1.802733 44.689
 44     4.116 53763.06566739 15.59 306.642750  -1.799434 26.919
 44     4.290 53763.06566804 16.43 306.642020  -1.796124 26.919
 44     4.373 53763.06566868 16.33 306.641290  -1.792824 26.919
 44     4.396 53763.06566932 17.07 306.640570  -1.789514 26.919
 44     4.234 53763.06566997 16.91 306.639840  -1.786214 26.919
 44     4.492 53763.06567061 17.58 306.639110  -1.782904 26.919
 44     4.523 53763.06567126 17.60 306.638380  -1.779604 26.919
 44     4.579 53763.06567190 20.63 306.637660  -1.776294 26.919
 44     4.856 53763.06567255 23.15 306.636930  -1.772994 26.919
 44     5.043 53763.06567319 25.96 306.636200  -1.769684 26.919
 45     5.937 53798.06567642 23.90 306.640275  -1.804622 34.250
 45     5.564 53798.06567706 22.28 306.639555  -1.801322 34.250
 45     4.079 53798.06567771 23.44 306.638825  -1.798012 34.250
 45     3.827 53798.06567835 21.19 306.638096  -1.794712 35.245
 45     2.617 53798.06567900 21.48 306.637366  -1.791402 35.245
 45     2.808 53798.06567964 20.06 306.636646  -1.788102 35.245
 45     4.098 53798.06568029 22.07 306.635916  -1.784792 35.245
 45     4.644 53798.06568093 25.01 306.635186  -1.781492 35.245
 45     5.257 53798.06568158 31.25 306.634466  -1.778182 35.245
 45     5.588 53798.06568222 34.40 306.633736  -1.774882 35.245
 45     5.839 53798.06568287 38.93 306.633016  -1.771572 35.245
 47     5.350 53868.06573597 24.67 306.635050  -1.806507 31.090
 47     4.830 53868.06573661 23.40 306.634320  -1.803207 31.090
 47     4.273 53868.06573726 20.87 306.633590  -1.799897 31.090
 47     3.557 53868.06573790 19.49 306.632860  -1.796597 31.090
 47     2.392 53868.06573855 19.71 306.632140  -1.793287 31.090
 47     2.685 53868.06573919 19.87 306.631410  -1.789987 31.090
 47     3.804 53868.06573984 17.78 306.630680  -1.786677 31.090
 47     4.396 53868.06574048 18.06 306.629962  -1.783378 33.738
 47     4.872 53868.06574112 19.74 306.629232  -1.780068 33.738
 47     5.215 53868.06574177 23.24 306.628502  -1.776768 33.738
 47     5.647 53868.06574241 26.74 306.627782  -1.773458 33.738
 48     6.561 53903.06576733 31.01 306.635682  -1.808102 31.505
 48     6.327 53903.06576798 23.85 306.634962  -1.804792 31.505
 48     6.068 53903.06576862 19.92 306.634227  -1.801493 30.155
 48     5.453 53903.06576927 19.39 306.633507  -1.798183 30.155
 48     4.628 53903.06576991 19.41 306.632777  -1.794883 30.155
 48     3.665 53903.06577056 19.01 306.632047  -1.791573 30.155
 48     4.421 53903.06577120 18.55 306.631327  -1.788273 30.155
 48     5.177 53903.06577184 18.71 306.630597  -1.784963 30.155
 48     5.802 53903.06577249 22.64 306.629867  -1.781663 30.155
 48     6.245 53903.06577313 25.42 306.629147  -1.778353 30.155
 48     6.491 53903.06577378 31.13 306.628417  -1.775053 30.155
 49     6.180 53938.06580345 40.38 306.627633  -1.811770 27.757
 49     5.805 53938.06580410 23.76 306.626913  -1.808460 27.757
 49     5.409 53938.06580474 18.19 306.626183  -1.805160 27.757
 49     4.600 53938.06580539 17.68 306.625453  -1.801850 27.757
 49     4.022 53938.06580603 18.32 306.624733  -1.798550 27.757
 49     3.314 53938.06580668 18.35 306.624003  -1.795240 27.757
 49     3.733 53938.06580732 18.92 306.623273  -1.791940 27.757
 49     4.453 53938.06580796 21.93 306.622553  -1.788630 27.757
 49     5.019 53938.06580861 25.92 306.621818  -1.785329 43.331
 49     5.592 53938.06580925 28.33 306.621098  -1.782019 43.331
 49     6.023 53938.06580990 35.48 306.620368  -1.778719 43.331
 50     5.077 53973.06576628 28.44 306.633862  -1.808962 28.343
 50     4.761 53973.06576693 16.94 306.633132  -1.805662 28.343
 50     4.510 53973.06576757 15.04 306.632412  -1.802352 28.343
 50     4.377 53973.06576822 15.78 306.631682  -1.799052 28.343
 50     4.498 53973.06576886 15.73 306.630952  -1.795742 28.343
 50     4.570 53973.06576951 15.35 306.630232  -1.792442 28.343
 50     4.358 53973.06577015 16.03 306.629502  -1.789132 28.343
 50     4.719 53973.06577080 15.94 306.628772  -1.785832 28.343
 50     4.352 53973.06577144 18.51 306.628052  -1.782522 28.343
 50     4.767 53973.06577209 18.51 306.627322  -1.779221 40.552
 50     5.065 53973.06577273 22.51 306.626602  -1.775911 40.552
 52     3.382 54043.06577782 21.47 306.642263  -1.807221 30.770
 52     2.753 54043.06577847 18.40 306.641543  -1.803911 30.770
 52     2.507 54043.06577911 17.73 306.640813  -1.800611 30.770
 52     2.815 54043.06577976 16.31 306.640083  -1.797301 30.770
 52     3.014 54043.06578040 15.61 306.639353  -1.794001 30.770
 52     3.049 54043.06578105 14.99 306.638633  -1.790691 30.770
 52     3.140 54043.06578169 14.83 306.637903  -1.787391 30.770
 52     3.209 54043.06578234 13.77 306.637173  -1.784081 30.770
 52     3.204 54043.06578298 14.45 306.636445  -1.780780 22.190
 52     3.149 54043.06578363 15.65 306.635725  -1.777470 22.190
 52     3.254 54043.06578427 18.98 306.634995  -1.774170 22.190
 52     3.500 54043.06578492 27.09 306.634265  -1.770860 22.190
 53     3.277 54078.06577108 29.86 306.637661  -1.808837 22.757
 53     2.664 54078.06577172 23.22 306.636931  -1.805537 22.757
 53     2.412 54078.06577236 17.99 306.636211  -1.802227 22.757
 53     2.675 54078.06577301 17.63 306.635481  -1.798927 22.757
 53     2.815 54078.06577365 16.90 306.634751  -1.795617 22.757
 53     2.766 54078.06577430 17.08 306.634031  -1.792317 22.757
 53     3.008 54078.06577494 16.28 306.633301  -1.789007 22.757
 53     2.978 54078.06577559 16.11 306.632571  -1.785707 22.757
 53     3.179 54078.06577623 15.92 306.631851  -1.782397 22.757
 53     3.191 54078.06577688 17.49 306.631120  -1.779097 22.563
 53     3.391 54078.06577752 19.62 306.630390  -1.775787 22.563
 53     3.589 54078.06577817 26.37 306.629670  -1.772487 22.563
 56     5.702 54183.06569833 32.31 306.637225  -1.808650 43.000
 56     5.399 54183.06569898 22.82 306.636495  -1.805340 43.000
 56     4.759 54183.06569962 21.51 306.635767  -1.802039 27.666
 56     4.481 54183.06570027 17.73 306.635037  -1.798729 27.666
 56     3.661 54183.06570091 17.16 306.634317  -1.795429 27.666
 56     3.445 54183.06570156 17.67 306.633587  -1.792119 27.666
 56     4.581 54183.06570220 17.81 306.632857  -1.788819 27.666
 56     4.507 54183.06570285 18.26 306.632137  -1.785509 27.666
 56     4.898 54183.06570349 18.92 306.631407  -1.782209 27.666
 56     5.364 54183.06570414 21.15 306.630687  -1.778899 27.666
 56     5.540 54183.06570478 22.21 306.629957  -1.775599 27.666
 56     5.794 54183.06570543 28.97 306.629227  -1.772289 27.666
 57     6.080 54218.06572412 35.43 306.636436  -1.808975 25.883
 57     5.887 54218.06572476 25.82 306.635706  -1.805665 25.883
 57     5.042 54218.06572541 23.14 306.634976  -1.802365 25.883
 57     4.599 54218.06572605 20.75 306.634256  -1.799055 25.883
 57     3.946 54218.06572670 19.20 306.633526  -1.795755 25.883
 57     3.009 54218.06572734 18.40 306.632796  -1.792445 25.883
 57     3.462 54218.06572799 17.90 306.632066  -1.789145 25.883
 57     4.388 54218.06572863 17.76 306.631346  -1.785835 25.883
 57     5.316 54218.06572928 17.94 306.630616  -1.782535 25.883
 57     5.716 54218.06572992 20.80 306.629886  -1.779225 25.883
 57     5.941 54218.06573056 25.99 306.629166  -1.775925 25.883
 57     6.186 54218.06573121 30.97 306.628436  -1.772615 25.883
 58     6.276 54253.06575017 28.44 306.636370  -1.807942 24.878
 58     5.888 54253.06575081 25.18 306.635640  -1.804642 24.878
 58     5.569 54253.06575145 20.23 306.634910  -1.801332 24.878
 58     4.975 54253.06575210 20.07 306.634190  -1.798032 24.878
 58     4.084 54253.06575274 19.50 306.633460  -1.794722 24.878
 58     3.164 54253.06575339 19.32 306.632730  -1.791422 24.878
 58     4.174 54253.06575403 16.46 306.632010  -1.788112 24.878
 58     5.118 54253.06575468 16.96 306.631280  -1.784812 24.878
 58     5.532 54253.06575532 18.49 306.630550  -1.781502 24.878
 58     6.021 54253.06575597 21.31 306.629830  -1.778202 24.878
 58     6.276 54253.06575661 24.34 306.629100  -1.774892 24.878
 59     5.950 54288.06575440 29.26 306.638754  -1.806950 18.613
 59     5.414 54288.06575505 24.89 306.638034  -1.803640 18.613
 59     3.075 54288.06575569 21.89 306.637304  -1.800340 18.613
 59     4.863 54288.06575633 17.13 306.636574  -1.797030 18.613
 59     4.745 54288.06575698 17.37 306.635854  -1.793730 18.613
 59     5.222 54288.06575762 17.34 306.635124  -1.790420 18.613
 59     5.462 54288.06575827 17.44 306.634394  -1.787120 18.613
 59     5.293 54288.06575891 17.54 306.633674  -1.783810 18.613
 59     5.569 54288.06575956 17.19 306.632944  -1.780510 18.613
 59     5.837 54288.06576020 18.43 306.632214  -1.777200 18.613
 59     5.896 54288.06576085 24.30 306.631494  -1.773900 18.613
 59     6.157 54288.06576149 30.68 306.630764  -1.770590 18.613
 60     5.529 54323.06575154 26.25 306.638529  -1.806139 19.889
 60    -1.061 54323.06575218 24.91 306.637809  -1.802829 19.889
 60    -1.484 54323.06575283 20.89 306.637079  -1.799529 19.889
 60     3.894 54323.06575347 15.43 306.636349  -1.796219 19.889
 60     5.123 54323.06575411 15.17 306.635629  -1.792919 19.889
 60     5.189 54323.06575476 14.82 306.634899  -1.789609 19.889
 60     5.087 54323.06575540 15.63 306.634169  -1.786309 19.889
 60     4.806 54323.06575605 16.99 306.633449  -1.782999 19.889
 60     5.071 54323.06575669 18.28 306.632719  -1.779699 19.889
 60     5.350 54323.06575734 23.65 306.631989  -1.776389 19.889
 60     5.650 54323.06575798 28.81 306.631269  -1.773089 19.889
 61     4.405 54358.06570879 17.35 306.638237  -1.807079 37.094
 61     4.279 54358.06570944 14.27 306.637510  -1.803778 19.343
 61     4.160 54358.06571008 13.41 306.636780  -1.800468 19.343
 61     4.324 54358.06571073 13.01 306.636060  -1.797168 19.343
 61     4.277 54358.06571137 13.27 306.635330  -1.793858 19.343
 61     4.255 54358.06571201 13.97 306.634600  -1.790558 19.343
 61     4.330 54358.06571266 13.32 306.633880  -1.787248 19.343
 61     4.236 54358.06571330 14.71 306.633150  -1.783948 19.343
 61     4.364 54358.06571395 15.53 306.632430  -1.780638 19.343
 61     4.139 54358.06571459 20.17 306.631700  -1.777338 19.343
 61     4.377 54358.06571524 24.41 306.630970  -1.774028 19.343
 62     2.719 54393.06569188 25.01 306.637919  -1.806161 32.934
 62     2.239 54393.06569253 22.66 306.637199  -1.802851 32.934
 62     1.590 54393.06569317 20.24 306.636464  -1.799551 22.390
 62     0.957 54393.06569382 17.86 306.635744  -1.796241 22.390
 62     1.668 54393.06569446 16.10 306.635014  -1.792941 22.390
 62     2.304 54393.06569511 15.39 306.634284  -1.789631 22.390
 62     2.415 54393.06569575 15.20 306.633564  -1.786331 22.390
 62     2.526 54393.06569640 14.63 306.632834  -1.783021 22.390
 62     3.066 54393.06569704 14.76 306.632104  -1.779721 22.390
 62     3.629 54393.06569768 18.17 306.631384  -1.776411 22.390
 62     3.856 54393.06569833 25.22 306.630654  -1.773111 22.390
 63     2.903 54428.06565897 23.33 306.638336  -1.805621 36.433
 63     2.243 54428.06565962 19.22 306.637616  -1.802321 36.433
 63     2.983 54428.06566026 14.86 306.636886  -1.799011 36.433
 63     3.310 54428.06566091 15.07 306.636155  -1.795710 15.850
 63     3.209 54428.06566155 15.28 306.635435  -1.792400 15.850
 63     3.334 54428.06566220 14.69 306.634705  -1.789100 15.850
 63     3.493 54428.06566284 13.21 306.633975  -1.785790 15.850
 63     3.411 54428.06566348 14.95 306.633255  -1.782490 15.850
 63     3.567 54428.06566413 14.90 306.632525  -1.779180 15.850
 63     3.588 54428.06566477 19.11 306.631795  -1.775880 15.850
 63     3.762 54428.06566542 23.89 306.631075  -1.772570 15.850
 65     5.029 54498.06566747 24.88 306.638976  -1.808540 43.611
 65     4.085 54498.06566812 23.17 306.638246  -1.805230 43.611
 65     3.468 54498.06566876 20.87 306.637516  -1.801930 43.611
 65     4.138 54498.06566941 16.75 306.636796  -1.798620 43.611
 65     4.134 54498.06567005 16.79 306.636064  -1.795320 34.421
 65     4.463 54498.06567069 17.37 306.635344  -1.792010 34.421
 65     4.303 54498.06567134 18.03 306.634614  -1.788710 34.421
 65     4.550 54498.06567198 17.92 306.633884  -1.785400 34.421
 65     4.561 54498.06567263 18.94 306.633164  -1.782100 34.421
 65     4.618 54498.06567327 21.52 306.632434  -1.778790 34.421
 65     4.991 54498.06567392 25.18 306.631704  -1.775490 34.421
 65     5.098 54498.06567456 27.61 306.630984  -1.772180 34.421
 66     5.962 54533.06568337 25.79 306.639258  -1.807374 46.780
 66     5.050 54533.06568402 23.67 306.638532  -1.804075 26.956
 66     4.101 54533.06568466 21.50 306.637812  -1.800765 26.956
 66     4.509 54533.06568531 17.67 306.637082  -1.797465 26.956
 66     3.788 54533.06568595 18.35 306.636352  -1.794155 26.956
 66     3.322 54533.06568660 18.50 306.635632  -1.790855 26.956
 66     4.331 54533.06568724 18.01 306.634902  -1.787545 26.956
 66     5.285 54533.06568789 18.13 306.634172  -1.784245 26.956
 66     5.288 54533.06568853 18.81 306.633452  -1.780935 26.956
 66     5.529 54533.06568918 21.65 306.632722  -1.777635 26.956
 66     5.792 54533.06568982 24.25 306.631992  -1.774325 26.956
 66     5.963 54533.06569047 26.48 306.631272  -1.771025 26.956
 67     6.524 54568.06567231 29.51 306.637894  -1.807180 37.491
 67     5.883 54568.06567296 26.90 306.637164  -1.803870 37.491
 67     5.418 54568.06567360 27.16 306.636436  -1.800571 28.097
 67     4.750 54568.06567425 25.27 306.635706  -1.797261 28.097
 67     4.289 54568.06567489 21.99 306.634986  -1.793961 28.097
 67     3.015 54568.06567554 22.13 306.634256  -1.790651 28.097
 67     3.833 54568.06567618 20.65 306.633536  -1.787351 28.097
 67     5.148 54568.06567682 19.73 306.632806  -1.784041 28.097
 67     5.804 54568.06567747 19.34 306.632076  -1.780741 28.097
 67     6.358 54568.06567811 22.13 306.631356  -1.777431 28.097
 67     6.577 54568.06567876 27.51 306.630626  -1.774131 28.097
 68     6.687 54603.06567929 27.61 306.636651  -1.806344 24.263
 68     6.105 54603.06567993 25.07 306.635931  -1.803034 24.263
 68     5.770 54603.06568058 22.00 306.635201  -1.799734 24.263
 68     5.086 54603.06568122 20.51 306.634471  -1.796424 24.263
 68     4.048 54603.06568187 20.66 306.633751  -1.793124 24.263
 68     3.816 54603.06568251 20.68 306.633021  -1.789814 24.263
 68     4.974 54603.06568316 19.79 306.632291  -1.786514 24.263
 68     5.720 54603.06568380 19.36 306.631571  -1.783204 24.263
 68     6.261 54603.06568444 19.33 306.630841  -1.779904 24.263
 68     6.537 54603.06568509 22.26 306.630111  -1.776594 24.263
 68     6.802 54603.06568573 24.96 306.629391  -1.773294 24.263
 69     6.395 54638.06568958 27.60 306.636430  -1.808065 37.250
 69     5.879 54638.06569022 24.59 306.635697  -1.804764 25.519
 69     5.434 54638.06569087 21.34 306.634977  -1.801454 25.519
 69     4.808 54638.06569151 20.53 306.634247  -1.798154 25.519
 69     4.000 54638.06569216 21.41 306.633517  -1.794844 25.519
 69     3.511 54638.06569280 18.68 306.632797  -1.791544 25.519
 69     4.158 54638.06569345 18.29 306.632067  -1.788234 25.519
 69     5.300 54638.06569409 18.08 306.631337  -1.784934 25.519
 69     5.836 54638.06569474 18.53 306.630617  -1.781624 25.519
 69     6.144 54638.06569538 19.75 306.629887  -1.778324 25.519
 69     6.441 54638.06569603 26.05 306.629157  -1.775014 25.519
 69     6.608 54638.06569667 31.43 306.628437  -1.771714 25.519
 70     5.706 54673.06569285 22.24 306.636049  -1.806706 22.877
 70     5.342 54673.06569349 18.28 306.635329  -1.803406 22.877
 70     4.909 54673.06569414 17.49 306.634599  -1.800096 22.877
 70     3.715 54673.06569478 20.40 306.633869  -1.796796 22.877
 70     3.355 54673.06569543 18.34 306.633149  -1.793486 22.877
 70     5.425 54673.06569607 16.04 306.632419  -1.790186 22.877
 70     4.698 54673.06569671 17.86 306.631689  -1.786876 22.877
 70     5.517 54673.06569736 16.14 306.630969  -1.783576 22.877
 70     5.590 54673.06569800 18.01 306.630239  -1.780266 22.877
 70     5.616 54673.06569865 20.79 306.629509  -1.776966 22.877
 70     5.953 54673.06569929 26.85 306.628789  -1.773656 22.877
 71     5.315 54708.06565172 23.85 306.639105  -1.807019 38.630
 71     4.780 54708.06565236 16.93 306.638385  -1.803709 38.630
 71     4.666 54708.06565301 15.65 306.637655  -1.800408 23.926
 71     4.774 54708.06565365 15.16 306.636935  -1.797098 23.926
 71     4.867 54708.06565430 13.55 306.636205  -1.793798 23.926
 71     4.771 54708.06565494 14.37 306.635475  -1.790488 23.926
 71     4.908 54708.06565559 14.25 306.634755  -1.787188 23.926
 71     4.943 54708.06565623 14.27 306.634025  -1.783878 23.926
 71     4.891 54708.06565687 15.29 306.633295  -1.780578 23.926
 71     4.861 54708.06565752 16.70 306.632575  -1.777268 23.926
 71     5.257 54708.06565816 21.77 306.631845  -1.773968 23.926
 71     5.354 54708.06565881 26.01 306.631115  -1.770658 23.926
 72     3.289 54743.06565878 20.57 306.637074  -1.805806 20.792
 72     3.299 54743.06565943 17.80 306.636344  -1.802496 20.792
 72     3.196 54743.06566007 16.18 306.635614  -1.799196 20.792
 72     3.166 54743.06566072 16.07 306.634884  -1.795886 20.792
 72     3.083 54743.06566136 16.36 306.634164  -1.792586 20.792
 72     3.072 54743.06566201 16.16 306.633434  -1.789276 20.792
 72     3.156 54743.06566265 16.30 306.632704  -1.785976 20.792
 72     3.150 54743.06566330 16.46 306.631984  -1.782666 20.792
 72     3.346 54743.06566394 17.58 306.631254  -1.779366 20.792
 72     3.840 54743.06566459 19.14 306.630524  -1.776056 20.792
 72     4.089 54743.06566523 24.72 306.629804  -1.772756 20.792
 73     2.853 54778.06563293 25.33 306.639325  -1.808218 34.279
 73     2.533 54778.06563357 20.33 306.638605  -1.804908 34.279
 73     2.487 54778.06563422 17.12 306.637873  -1.801608 21.341
 73     2.588 54778.06563486 16.06 306.637153  -1.798298 21.341
 73     2.685 54778.06563551 16.82 306.636423  -1.794998 21.341
 73     2.645 54778.06563615 16.19 306.635693  -1.791688 21.341
 73     2.837 54778.06563680 14.97 306.634973  -1.788388 21.341
 73     2.847 54778.06563744 14.71 306.634243  -1.785078 21.341
 73     2.770 54778.06563809 15.69 306.633513  -1.781778 21.341
 73     2.999 54778.06563873 16.11 306.632793  -1.778468 21.341
 73     3.529 54778.06563937 20.24 306.632063  -1.775168 21.341
 73     3.937 54778.06564002 27.19 306.631333  -1.771858 21.341
 74     3.853 54813.06565147 25.96 306.637834  -1.807434 32.624
 74     3.242 54813.06565212 18.93 306.637115  -1.804136 18.392
 74     3.364 54813.06565276 15.49 306.636385  -1.800826 18.392
 74     3.681 54813.06565341 15.40 306.635655  -1.797526 18.392
 74     3.731 54813.06565405 14.70 306.634935  -1.794216 18.392
 74     3.919 54813.06565470 13.86 306.634205  -1.790916 18.392
 74     3.961 54813.06565534 13.78 306.633475  -1.787606 18.392
 74     3.975 54813.06565599 13.56 306.632745  -1.784306 18.392
 74     3.950 54813.06565663 14.78 306.632025  -1.780996 18.392
 74     3.912 54813.06565727 16.93 306.631295  -1.777696 18.392
 74     3.904 54813.06565792 22.40 306.630565  -1.774386 18.392
 74     4.053 54813.06565856 30.93 306.629845  -1.771086 18.392
 75     4.667 54848.06563324 28.35 306.637923  -1.808817 43.917
 75     4.066 54848.06563389 24.72 306.637203  -1.805507 43.917
 75     2.475 54848.06563453 22.85 306.636472  -1.802206 29.706
 75     3.663 54848.06563518 16.52 306.635752  -1.798896 29.706
 75     3.137 54848.06563582 18.00 306.635022  -1.795596 29.706
 75     2.746 54848.06563646 17.90 306.634292  -1.792286 29.706
 75     3.900 54848.06563711 17.58 306.633572  -1.788986 29.706
 75     4.216 54848.06563775 16.65 306.632842  -1.785676 29.706
 75     4.016 54848.06563840 18.24 306.632112  -1.782376 29.706
 75     4.359 54848.06563904 18.07 306.631392  -1.779066 29.706
 75     4.620 54848.06563969 20.75 306.630662  -1.775766 29.706
 75     4.838 54848.06564033 28.48 306.629932  -1.772456 29.706
 76     5.608 54883.06565468 28.20 306.636797  -1.808846 38.657
 76     4.810 54883.06565533 27.08 306.636061  -1.805546 25.278
 76     4.595 54883.06565597 24.51 306.635341  -1.802236 25.278
 76     4.139 54883.06565661 20.03 306.634611  -1.798936 25.278
 76     3.282 54883.06565726 20.45 306.633881  -1.795626 25.278
 76     2.297 54883.06565790 18.16 306.633161  -1.792326 25.278
 76     2.958 54883.06565855 17.55 306.632431  -1.789016 25.278
 76     4.144 54883.06565919 17.10 306.631701  -1.785716 25.278
 76     4.886 54883.06565984 17.12 306.630981  -1.782406 25.278
 76     5.262 54883.06566048 18.42 306.630251  -1.779106 25.278
 76     5.552 54883.06566113 22.31 306.629521  -1.775796 25.278
 76     5.746 54883.06566177 27.08 306.628801  -1.772496 25.278
 77     6.389 54918.06563573 29.08 306.635104  -1.806674 31.637
 77     5.971 54918.06563637 25.70 306.634374  -1.803364 31.637
 77     5.335 54918.06563702 23.46 306.633647  -1.800066 29.019
 77     4.657 54918.06563766 22.55 306.632917  -1.796756 29.019
 77     3.861 54918.06563831 20.82 306.632197  -1.793456 29.019
 77     3.086 54918.06563895 20.27 306.631467  -1.790146 29.019
 77     4.553 54918.06563960 18.90 306.630747  -1.786846 29.019
 77     5.297 54918.06564024 19.36 306.630017  -1.783536 29.019
 77     6.165 54918.06564089 18.65 306.629287  -1.780236 29.019
 77     6.472 54918.06564153 22.66 306.628567  -1.776926 29.019
 77     6.764 54918.06564218 27.60 306.627837  -1.773626 29.019
 78     7.330 54953.06564979 37.14 306.636017  -1.806521 18.235
 78     7.234 54953.06565044 35.22 306.635287  -1.803211 18.235
 78     7.109 54953.06565108 35.66 306.634557  -1.799911 18.235
 78     7.101 54953.06565173 34.89 306.633827  -1.796601 18.235
 78     7.195 54953.06565237 33.53 306.633107  -1.793301 18.235
 78     7.209 54953.06565302 33.19 306.632377  -1.789991 18.235
 78     7.191 54953.06565366 32.36 306.631647  -1.786691 18.235
 78     7.161 54953.06565431 31.63 306.630927  -1.783381 18.235
 78     7.154 54953.06565495 31.20 306.630197  -1.780081 18.235
 78     7.202 54953.06565559 30.10 306.629467  -1.776771 18.235
 78     7.495 54953.06565624 31.40 306.628747  -1.773471 18.235
 79     6.493 54988.06567403 27.25 306.634529  -1.807083 22.434
 79     6.293 54988.06567467 22.44 306.633809  -1.803773 22.434
 79     5.813 54988.06567532 21.02 306.633079  -1.800473 22.434
 79     5.178 54988.06567596 20.74 306.632349  -1.797163 22.434
 79     4.160 54988.06567661 20.77 306.631629  -1.793863 22.434
 79     3.937 54988.06567725 19.76 306.630899  -1.790553 22.434
 79     5.376 54988.06567789 18.39 306.630169  -1.787253 22.434
 79     6.067 54988.06567854 17.83 306.629449  -1.783943 22.434
 79     6.649 54988.06567918 19.80 306.628719  -1.780643 22.434
 79     7.021 54988.06567983 21.16 306.627989  -1.777333 22.434
 79     7.334 54988.06568047 22.53 306.627269  -1.774033 22.434
 80     6.940 55023.06566547 26.28 306.638909  -1.807752 34.714
 80     6.597 55023.06566612 20.30 306.638177  -1.804452 21.877
 80     6.147 55023.06566676 18.30 306.637457  -1.801142 21.877
 80     6.069 55023.06566741 16.46 306.636727  -1.797842 21.877
 80     5.794 55023.06566805 16.91 306.635997  -1.794532 21.877
 80     6.388 55023.06566870 16.73 306.635277  -1.791232 21.877
 80     6.449 55023.06566934 16.23 306.634547  -1.787922 21.877
 80     6.562 55023.06566999 16.83 306.633817  -1.784622 21.877
 80     6.271 55023.06567063 18.32 306.633097  -1.781312 21.877
 80     6.414 55023.06567128 23.34 306.632367  -1.778012 21.877
 80     6.697 55023.06567192 22.35 306.631637  -1.774702 21.877
 80     6.971 55023.06567257 31.23 306.630917  -1.771402 21.877
 81     5.696 55058.06566157 23.34 306.637562  -1.806377 34.786
 81     5.389 55058.06566222 19.72 306.636830  -1.803077 21.983
 81     5.171 55058.06566286 17.26 306.636110  -1.799767 21.983
 81     4.524 55058.06566351 17.02 306.635380  -1.796467 21.983
 81     4.102 55058.06566415 17.20 306.634650  -1.793157 21.983
 81     5.401 55058.06566480 16.80 306.633930  -1.789857 21.983
 81     5.722 55058.06566544 15.80 306.633200  -1.786547 21.983
 81     5.330 55058.06566608 17.17 306.632470  -1.783247 21.983
 81     5.723 55058.06566673 16.49 306.631750  -1.779937 21.983
 81     5.938 55058.06566737 20.60 306.631020  -1.776637 21.983
 81     6.212 55058.06566802 27.51 306.630290  -1.773327 21.983
 82     5.065 55093.06561666 19.11 306.636765  -1.806976 29.128
 82     4.977 55093.06561730 15.69 306.636035  -1.803666 29.128
 82     4.869 55093.06561795 15.42 306.635307  -1.800364 23.601
 82     4.926 55093.06561859 14.84 306.634577  -1.797054 23.601
 82     5.002 55093.06561924 14.48 306.633857  -1.793754 23.601
 82     4.887 55093.06561988 14.44 306.633127  -1.790444 23.601
 82     5.020 55093.06562052 14.30 306.632407  -1.787144 23.601
 82     4.950 55093.06562117 14.56 306.631677  -1.783834 23.601
 82     4.948 55093.06562181 14.73 306.630947  -1.780534 23.601
 82     5.135 55093.06562246 18.07 306.630227  -1.777224 23.601
 82     5.312 55093.06562310 22.33 306.629497  -1.773924 23.601
 83     3.011 55128.06560130 22.12 306.637787  -1.808119 36.816
 83     2.880 55128.06560195 22.31 306.637052  -1.804819 23.338
 83     2.219 55128.06560259 19.73 306.636332  -1.801509 23.338
 83     1.566 55128.06560324 19.23 306.635602  -1.798209 23.338
 83     0.405 55128.06560388 18.81 306.634872  -1.794899 23.338
 83     1.915 55128.06560453 16.82 306.634152  -1.791599 23.338
 83     2.069 55128.06560517 16.27 306.633422  -1.788289 23.338
 83     2.554 55128.06560582 15.86 306.632692  -1.784989 23.338
 83     2.752 55128.06560646 16.72 306.631972  -1.781679 23.338
 83     3.433 55128.06560711 17.16 306.631242  -1.778379 23.338
 83     3.782 55128.06560775 22.47 306.630512  -1.775069 23.338
 83     3.990 55128.06560839 32.58 306.629792  -1.771769 23.338
 84     2.593 55163.06557782 17.47 306.637315  -1.805735 34.281
 84     2.320 55163.06557846 16.46 306.636595  -1.802425 34.281
 84     2.393 55163.06557911 14.45 306.635863  -1.799126 22.728
 84     2.470 55163.06557975 13.40 306.635143  -1.795816 22.728
 84     2.439 55163.06558040 13.58 306.634413  -1.792516 22.728
 84     2.531 55163.06558104 12.93 306.633683  -1.789206 22.728
 84     2.657 55163.06558168 11.83 306.632963  -1.785906 22.728
 84     2.703 55163.06558233 12.32 306.632233  -1.782596 22.728
 84     2.800 55163.06558297 13.43 306.631503  -1.779296 22.728
 84     3.472 55163.06558362 15.44 306.630783  -1.775986 22.728
 84     3.810 55163.06558426 21.95 306.630053  -1.772686 22.728
 85     4.167 55198.06559278 24.15 306.637257  -1.808727 33.311
 85    -2.700 55198.06559343 20.26 306.636540  -1.805427 18.550
 85     3.303 55198.06559407 15.06 306.635810  -1.802117 18.550
 85     3.855 55198.06559472 13.11 306.635080  -1.798817 18.550
 85     4.724 55198.06559536 12.98 306.634350  -1.795507 18.550
 85     4.496 55198.06559601 12.83 306.633630  -1.792207 18.550
 85     4.695 55198.06559665 12.84 306.632900  -1.788897 18.550
 85     4.661 55198.06559730 13.21 306.632170  -1.785597 18.550
 85     5.065 55198.06559794 13.19 306.631450  -1.782287 18.550
 85     5.013 55198.06559859 16.07 306.630720  -1.778987 18.550
 85     5.386 55198.06559923 18.78 306.629990  -1.775677 18.550
 85     5.684 55198.06559987 23.78 306.629270  -1.772377 18.550
 86     4.571 55233.06558176 24.97 306.637006  -1.808540 38.716
 86     3.722 55233.06558240 24.93 306.636276  -1.805230 38.716
 86     3.566 55233.06558304 17.09 306.635547  -1.801929 27.457
 86     3.233 55233.06558369 15.78 306.634817  -1.798619 27.457
 86     2.919 55233.06558433 15.91 306.634097  -1.795319 27.457
 86     2.667 55233.06558498 15.98 306.633367  -1.792009 27.457
 86     2.019 55233.06558562 17.02 306.632637  -1.788709 27.457
 86     4.121 55233.06558627 15.94 306.631917  -1.785399 27.457
 86     4.228 55233.06558691 16.14 306.631187  -1.782099 27.457
 86     4.478 55233.06558756 18.13 306.630467  -1.778789 27.457
 86     4.758 55233.06558820 22.08 306.629737  -1.775489 27.457
 86     4.969 55233.06558885 30.85 306.629007  -1.772179 27.457
 87     5.088 55268.06558722 24.41 306.637819  -1.807264 43.197
 87     4.268 55268.06558787 23.52 306.637094  -1.803966 25.871
 87     3.631 55268.06558851 19.69 306.636374  -1.800656 25.871
 87     3.542 55268.06558916 16.88 306.635644  -1.797356 25.871
 87     4.262 55268.06558980 15.97 306.634914  -1.794046 25.871
 87     4.689 55268.06559045 16.66 306.634194  -1.790746 25.871
 87     4.386 55268.06559109 16.64 306.633464  -1.787436 25.871
 87     4.974 55268.06559174 16.00 306.632734  -1.784136 25.871
 87     4.762 55268.06559238 16.82 306.632014  -1.780826 25.871
 87     4.994 55268.06559303 19.71 306.631284  -1.777526 25.871
 87     5.239 55268.06559367 23.58 306.630554  -1.774216 25.871
 88     5.666 55303.06556227 22.63 306.638446  -1.805619 24.033
 88    -0.592 55303.06556291 23.54 306.637726  -1.802319 24.033
 88     4.532 55303.06556356 17.99 306.636996  -1.799009 24.033
 88     5.112 55303.06556420 17.36 306.636266  -1.795709 24.033
 88     4.784 55303.06556485 18.74 306.635546  -1.792399 24.033
 88     5.641 55303.06556549 18.25 306.634816  -1.789099 24.033
 88     5.689 55303.06556613 19.25 306.634086  -1.785789 24.033
 88     5.556 55303.06556678 20.62 306.633366  -1.782489 24.033
 88     5.638 55303.06556742 22.62 306.632636  -1.779179 24.033
 88     5.916 55303.06556807 21.64 306.631906  -1.775879 24.033
 88     6.059 55303.06556871 25.24 306.631186  -1.772569 24.033
 89     6.221 55338.06556175 24.31 306.637152  -1.807095 43.243
 89     5.691 55338.06556239 24.82 306.636418  -1.803794 24.593
 89     4.940 55338.06556304 20.86 306.635698  -1.800484 24.593
 89     4.327 55338.06556368 19.96 306.634968  -1.797184 24.593
 89     3.796 55338.06556433 18.06 306.634238  -1.793874 24.593
 89     3.698 55338.06556497 18.43 306.633518  -1.790574 24.593
 89     5.680 55338.06556562 17.30 306.632788  -1.787264 24.593
 89     5.728 55338.06556626 17.98 306.632058  -1.783964 24.593
 89     5.707 55338.06556691 18.97 306.631338  -1.780654 24.593
 89     5.937 55338.06556755 20.72 306.630608  -1.777354 24.593
 89     6.329 55338.06556820 24.65 306.629878  -1.774044 24.593
 90     6.288 55373.06555154 26.86 306.638579  -1.808067 45.308
 90     5.594 55373.06555218 24.62 306.637847  -1.804767 24.100
 90     5.209 55373.06555283 20.79 306.637127  -1.801457 24.100
 90     4.752 55373.06555347 17.85 306.636397  -1.798157 24.100
 90     5.402 55373.06555412 14.83 306.635667  -1.794847 24.100
 90     5.683 55373.06555476 15.10 306.634947  -1.791547 24.100
 90     5.641 55373.06555540 14.72 306.634217  -1.788237 24.100
 90     5.734 55373.06555605 14.96 306.633487  -1.784937 24.100
 90     5.662 55373.06555669 15.24 306.632767  -1.781627 24.100
 90     5.730 55373.06555734 18.22 306.632037  -1.778327 24.100
 90     6.075 55373.06555798 21.45 306.631307  -1.775017 24.100
 90     6.347 55373.06555863 28.17 306.630587  -1.771717 24.100
 91     5.203 55408.06557272 24.04 306.638639  -1.805525 20.805
 91     4.286 55408.06557336 22.27 306.637919  -1.802215 20.805
 91     4.256 55408.06557401 17.68 306.637189  -1.798915 20.805
 91     5.100 55408.06557465 14.32 306.636459  -1.795605 20.805
 91     5.114 55408.06557530 14.55 306.635739  -1.792305 20.805
 91     4.898 55408.06557594 15.39 306.635009  -1.788995 20.805
 91     4.964 55408.06557659 15.73 306.634279  -1.785695 20.805
 91     5.001 55408.06557723 16.09 306.633559  -1.782385 20.805
 91     5.118 55408.06557788 16.56 306.632829  -1.779085 20.805
 91     5.332 55408.06557852 18.32 306.632099  -1.775775 20.805
 91     5.522 55408.06557916 21.62 306.631379  -1.772475 20.805
 92    -2.342 55443.06557063 20.79 306.637650  -1.805980 39.680
 92     3.807 55443.06557128 14.80 306.636917  -1.802680 20.441
 92     4.005 55443.06557192 13.25 306.636197  -1.799370 20.441
 92     3.968 55443.06557257 14.00 306.635467  -1.796070 20.441
 92     4.082 55443.06557321 13.81 306.634737  -1.792760 20.441
 92     4.102 55443.06557386 13.76 306.634017  -1.789460 20.441
 92     4.037 55443.06557450 14.24 306.633287  -1.786150 20.441
 92     4.068 55443.06557515 15.09 306.632557  -1.782850 20.441
 92     4.027 55443.06557579 15.79 306.631837  -1.779540 20.441
 92     4.308 55443.06557644 18.69 306.631107  -1.776240 20.441
 92     4.479 55443.06557708 22.63 306.630377  -1.772930 20.441
 93     3.399 55478.06550917 24.65 306.638996  -1.808272 38.098
 93     2.939 55478.06550981 18.42 306.638276  -1.804972 38.098
 93     2.752 55478.06551046 16.26 306.637546  -1.801662 38.098
 93     3.186 55478.06551110 14.02 306.636820  -1.798361 23.161
 93     3.417 55478.06551175 11.59 306.636090  -1.795051 23.161
 93     3.374 55478.06551239 12.78 306.635370  -1.791751 23.161
 93     3.499 55478.06551303 11.54 306.634640  -1.788441 23.161
 93     3.481 55478.06551368 11.72 306.633910  -1.785141 23.161
 93     3.516 55478.06551432 12.14 306.633190  -1.781831 23.161
 93     3.472 55478.06551497 12.90 306.632460  -1.778531 23.161
 93     3.774 55478.06551561 14.67 306.631740  -1.775221 23.161
 93     4.031 55478.06551626 23.12 306.631010  -1.771921 23.161
