-176019.060    35.908     0.00    4.09
-175642.918    35.305    -1.60    4.11
-175266.775    34.463    -2.24    3.81
-174890.631    34.574     0.30    2.95
-174514.487    32.128    -6.50    5.91
-174138.343    28.375    -9.98    8.79
-173762.198    24.375   -10.63    9.82
-173386.053    22.672    -4.53    9.67
-173009.907    20.024    -7.04    8.16
-172633.760    17.560    -6.55    6.02
-172257.613    16.648    -2.43    5.48
-171881.466    16.199    -1.19    4.86
-171505.318    16.645     1.19    4.68
-171129.169    16.828     0.48    4.86
-170753.020    18.173     3.58    6.56
-170376.871    21.853     9.78    8.76
-170000.721    25.835    10.58    9.79
-169624.570    30.494    12.39    9.17
-169248.419    34.699    11.18    6.52
-168872.267    36.963     6.02    4.86
-168496.115    38.963     5.32    4.40
-168119.962    40.043     2.87    4.06
-167743.809    41.315     3.38    3.82
-167367.655    42.753     3.82    3.78
-166991.501    42.755     0.00    3.90
-166615.346    41.753    -2.66    3.91
-166239.191    40.449    -3.47    3.32
-165863.035    40.173    -0.73    3.11
-165486.879    40.315     0.38    3.20
-165110.722    41.078     2.03    2.89
-164734.564    41.956     2.33    2.93
-164358.406    41.930    -0.07    3.14
-163982.248    42.571     1.70    3.04
-163606.088    42.672     0.27    2.83
-163229.929    42.828     0.41    2.82
-162853.768    43.051     0.59    2.81
-162477.608    42.997    -0.14    3.30
-162101.446    43.240     0.65    3.23
-161725.284    43.262     0.06    3.17
-161349.122    43.212    -0.13    2.92
-160972.959    41.571    -4.36    5.79
-160596.795    37.310   -11.33    9.02
-160220.631    31.889   -14.41    9.30
-159844.466    29.922    -5.23    7.72
-159468.301    33.699    10.04    8.98
-159092.135    38.315    12.27    7.01
-158716.022    42.105    10.08    3.85
-158339.977    42.989     2.35    3.69
-157963.931    42.831    -0.42    3.89
-157587.885    41.853    -2.60    4.63
-157211.838    40.943    -2.42    5.36
-156835.790    39.494    -3.85    5.38
-156459.742    39.647     0.41    4.87
-156083.694    40.645     2.66    4.54
-155707.644    41.835     3.16    4.60
-155331.594    43.471     4.35    3.03
-154955.544    43.238    -0.62    3.42
-154579.493    43.238     0.00    3.48
-154203.441    42.299    -2.50    3.06
-153827.389    41.546    -2.00    3.79
-153451.336    40.727    -2.18    4.57
-153075.283    39.997    -1.94    4.50
-152699.229    39.546    -1.20    4.30
-152323.174    38.568    -2.60    3.97
-151947.119    37.752    -2.17    4.07
-151571.063    36.541    -3.22    4.42
-151195.007    35.174    -3.64    3.95
-150818.950    35.051    -0.33    3.11
-150442.892    35.524     1.26    3.08
-150066.834    36.443     2.44    3.19
-149690.775    37.144     1.86    3.14
-149314.715    38.780     4.35    3.39
-148938.655    40.970     5.82    3.08
-148562.595    41.594     1.66    3.23
-148186.533    41.349    -0.65    3.34
-147810.471    40.510    -2.23    3.53
-147434.409    40.099    -1.09    3.30
-147058.346    39.392    -1.88    3.11
-146682.282    39.357    -0.09    3.44
-146306.218    38.805    -1.47    3.21
-145930.153    39.058     0.67    2.96
-145554.087    40.068     2.68    2.93
-145178.021    40.755     1.83    3.01
-144801.954    41.751     2.65    3.21
-144425.886    42.394     1.71    3.07
-144049.818    40.999    -3.71    3.98
-143673.749    40.417    -1.55    4.55
-143297.680    40.014    -1.07    4.99
-142921.610    39.726    -0.76    5.49
-142545.539    40.699     2.59    5.39
-142169.467    40.410    -0.77    5.26
-141793.395    40.417     0.02    5.41
-141417.323    39.537    -2.34    5.12
-141041.249    39.392    -0.39    4.22
-140665.175    39.751     0.95    3.85
-140289.101    40.489     1.96    4.02
-139913.025    40.456    -0.09    4.55
-139536.949    39.340    -2.97    4.93
-139160.873    37.828    -4.02    4.43
-138784.796    35.394    -6.47    3.40
-138408.718    33.956    -3.82    3.96
-138032.639    33.699    -0.68    3.70
-137656.560    34.331     1.68    3.92
-137280.480    36.417     5.55    4.96
-136904.399    39.293     7.65    3.83
-136528.318    39.645     0.94    4.27
-136152.236    39.199    -1.19    4.51
-135776.154    39.240     0.11    4.58
-135400.070    39.135    -0.28    4.56
-135023.986    40.564     3.80    4.39
-134647.902    41.058     1.31    4.22
-134271.817    41.289     0.61    3.70
-133895.731    40.340    -2.52    3.87
-133519.644    39.726    -1.63    3.56
-133143.557    39.392    -0.89    3.73
-132767.469    39.673     0.75    4.39
-132391.380    40.644     2.58    4.30
-132015.291    41.024     1.01    4.25
-131639.200    40.537    -1.29    3.96
-131263.110    40.862     0.86    3.86
-130887.018    40.981     0.32    3.55
-130510.926    39.293    -4.49    6.13
-130134.833    34.238   -13.44    9.43
-129758.740    30.289   -10.50    8.72
-129382.645    27.894    -6.37    6.02
-129006.550    28.776     2.35    6.09
-128630.455    32.375     9.57    6.09
-128254.358    36.033     9.73    5.43
-127878.261    39.252     8.56    3.27
-127502.164    39.989     1.96    3.53
-127126.065    40.510     1.39    3.21
-126749.966    41.058     1.46    3.04
-126373.866    41.392     0.89    2.73
-125997.765    41.299    -0.25    2.51
-125621.664    37.916    -9.00    7.38
-125245.562    32.753   -13.73    9.09
-124869.459    31.240    -4.02    8.13
-124493.356    31.618     1.01    7.02
-124117.251    34.699     8.19    5.46
-123741.146    36.399     4.52    5.15
-123365.041    37.802     3.73    4.08
-122988.934    39.105     3.46    2.09
-122612.827    39.238     0.35    1.76
-122236.719    39.331     0.25    1.76
-121860.611    38.647    -1.82    2.13
-121484.501    38.331    -0.84    2.52
-121108.391    38.161    -0.45    2.78
-120732.280    37.533    -1.67    2.87
-120356.169    37.568     0.09    2.88
-119980.056    37.399    -0.45    3.41
-119603.943    37.557     0.42    3.73
-119227.830    38.331     2.06    3.87
-118851.715    39.240     2.42    3.88
-118475.600    39.429     0.50    3.52
-118099.484    40.051     1.65    3.39
-117723.367    40.783     1.95    3.13
-117347.249    41.725     2.51    3.01
-116971.131    42.622     2.39    2.58
-116595.012    43.240     1.64    2.57
-116218.892    43.238    -0.01    2.35
-115842.771    42.340    -2.39    3.51
-115466.650    40.289    -5.45    5.00
-115090.528    36.647    -9.68    6.75
-114714.405    32.392   -11.31    7.30
-114338.281    28.588   -10.11    5.31
-113962.157    25.672    -7.75    2.22
-113586.032    25.173    -1.33    1.77
-113209.906    24.357    -2.17    2.47
-112833.779    24.674     0.84    2.50
-112457.652    25.252     1.54    2.97
-112081.523    25.672     1.12    2.99
-111705.394    26.159     1.30    2.68
-111329.264    26.810     1.73    3.28
-110953.134    28.515     4.53    4.25
-110577.002    30.674     5.74    4.21
-110200.870    32.564     5.02    3.15
-109824.737    33.033     1.25    3.06
-109448.603    32.963    -0.19    2.69
-109072.469    32.199    -2.03    2.86
-108696.333    31.591    -1.62    2.86
-108320.197    31.624     0.09    2.79
-107944.060    30.753    -2.32    3.05
-107567.923    30.537    -0.57    3.18
-107191.784    31.456     2.44    3.45
-106815.645    31.985     1.41    3.29
-106439.504    32.469     1.29    3.23
-106063.364    33.648     3.14    2.42
-105687.222    33.505    -0.38    2.44
-105311.079    33.321    -0.49    2.54
-104934.936    33.105    -0.57    2.97
-104558.792    32.647    -1.22    3.46
-104182.647    32.149    -1.32    3.43
-103806.501    32.402     0.67    3.03
-103430.354    32.015    -1.03    2.73
-103054.207    31.436    -1.54    1.91
-102678.058    31.007    -1.14    1.82
-102301.909    30.672    -0.89    1.83
-101925.759    30.828     0.41    1.87
-101549.609    30.930     0.27    1.75
-101173.457    30.943     0.03    1.64
-100797.305    30.726    -0.57    1.62
-100421.151    30.591    -0.36    1.70
-100044.997    30.884     0.78    2.32
 -99668.842    31.879     2.65    2.88
 -99292.687    32.214     0.89    2.72
 -98916.530    32.520     0.81    3.16
 -98540.373    32.752     0.62    3.20
 -98164.214    32.755     0.01    2.34
 -97788.055    33.469     1.90    2.49
 -97411.895    33.725     0.68    2.32
 -97035.735    33.443    -0.75    2.79
 -96659.573    33.068    -1.00    2.98
 -96283.410    33.392     0.86    2.66
 -95907.247    33.672     0.74    2.85
 -95531.083    32.524    -3.05    3.86
 -95154.918    31.238    -3.42    4.10
 -94778.752    30.099    -3.03    4.40
 -94402.585    29.618    -1.28    4.58
 -94026.418    30.483     2.30    4.60
 -93650.249    31.699     3.23    3.69
 -93274.080    32.647     2.52    2.62
 -92897.910    32.366    -0.75    3.63
 -92521.739    32.224    -0.38    3.38
 -92145.567    32.120    -0.28    3.76
 -91769.394    32.510     1.04    2.85
 -91393.220    31.904    -1.61    3.13
 -91017.046    32.226     0.85    2.60
 -90640.870    32.252     0.07    2.44
 -90264.694    32.199    -0.14    1.92
 -89888.517    31.469    -1.94    2.80
 -89512.339    30.505    -2.56    2.47
 -89136.160    29.263    -3.30    2.87
 -88759.980    29.289     0.07    2.78
 -88383.799    30.427     3.02    2.58
 -88007.618    30.807     1.01    2.32
 -87631.435    29.456    -3.59    4.94
 -87255.252    27.410    -5.44    7.38
 -86879.068    18.916   -22.58   11.91
 -86502.883    14.645   -11.35   11.84
 -86126.697    14.315    -0.88   11.74
 -85750.510    15.520     3.20   12.35
 -85374.322    18.778     8.66   12.45
 -84998.133    22.120     8.88   11.41
 -84621.944    24.278     5.74   11.02
 -84245.753    26.161     5.00    9.64
 -83869.562    25.321    -2.23    9.05
 -83493.518    20.879   -11.81   11.05
 -83117.509    16.783   -10.89   10.49
 -82741.499    18.315     4.07   11.27
 -82365.488    21.161     7.57   12.05
 -81989.477    24.168     8.00    9.64
 -81613.464    18.622   -14.75   12.95
 -81237.450     9.780   -23.51   12.97
 -80861.436     2.321   -19.84    8.24
 -80485.420    -0.660    -7.93    4.31
 -80109.404    -1.412    -2.00    3.20
 -79733.387    -1.890    -1.27    1.80
 -79357.369    -2.301    -1.09    0.00
 -78981.350    -2.193     0.29    0.66
 -78605.330    -0.853     3.56    4.64
 -78229.309     3.930    12.72    8.39
 -77853.287     7.956    10.71    8.25
 -77477.264    10.672     7.22    6.44
 -77101.240    11.489     2.17    4.62
 -76725.216     9.483    -5.33    5.37
 -76349.190     7.726    -4.67    5.71
 -75973.163     5.375    -6.25    6.12
 -75597.136     3.449    -5.12    5.04
 -75221.107     4.904     3.87    5.03
 -74845.078     4.828    -0.20    4.76
 -74469.048     4.255    -1.52    4.59
 -74093.016     1.904    -6.25    4.50
 -73716.984     0.422    -3.94    3.01
 -73340.951     2.597     5.78    4.48
 -72964.917     5.436     7.55    4.53
 -72588.882     7.510     5.52    3.10
 -72212.846     7.321    -0.50    3.38
 -71836.809     6.699    -1.65    3.58
 -71460.771     6.431    -0.71    3.46
 -71084.732     7.005     1.53    2.16
 -70708.692     6.857    -0.39    2.15
 -70332.651     5.753    -2.94    2.73
 -69956.609     4.483    -3.38    2.33
 -69580.567     4.510     0.07    2.48
 -69204.523     6.357     4.91    4.72
 -68828.478     9.212     7.59    4.93
 -68452.432     8.469    -1.98    6.52
 -68076.386     6.483    -5.28    7.70
 -67700.338     4.058    -6.45    7.34
 -67324.290     0.727    -8.86    5.62
 -66948.240     1.384     1.75    5.32
 -66572.189     2.187     2.14    5.61
 -66196.138     3.674     3.95    5.59
 -65820.085     7.338     9.74    4.36
 -65444.032     9.147     4.81    3.01
 -65067.977     9.110    -0.10    2.00
 -64691.922     8.477    -1.68    1.29
 -64315.865     8.289    -0.50    1.29
 -63939.808     7.943    -0.92    1.21
 -63563.749     7.645    -0.79    0.91
 -63187.690     7.321    -0.86    1.06
 -62811.629     7.310    -0.03    1.23
 -62435.568     7.725     1.10    1.55
 -62059.505     7.924     0.53    2.30
 -61683.442     7.375    -1.46    3.02
 -61307.378     7.624     0.66    3.17
 -60931.312     8.173     1.46    3.44
 -60555.246     9.120     2.52    3.89
 -60179.178     9.699     1.54    3.34
 -59803.110     9.828     0.34    2.90
 -59427.040    10.088     0.69    3.24
 -59050.969    10.591     1.34    3.44
 -58674.898    10.963     0.99    3.75
 -58298.825    11.585     1.66    3.74
 -57922.752    11.084    -1.33    3.83
 -57546.677    10.007    -2.86    3.64
 -57170.601    10.088     0.22    3.67
 -56794.525    10.699     1.62    3.57
 -56418.447    11.672     2.59    3.77
 -56042.368    12.410     1.96    3.39
 -55666.289    12.124    -0.76    3.06
 -55290.208    11.240    -2.35    3.33
 -54914.126     9.366    -4.98    2.59
 -54538.043     8.410    -2.54    1.90
 -54161.959     8.410     0.00    2.51
 -53785.874     9.186     2.06    3.15
 -53409.788    10.024     2.23    3.55
 -53033.701    11.278     3.33    3.50
 -52657.613    11.977     1.86    3.37
 -52281.524    12.159     0.48    3.71
 -51905.434    12.928     2.05    3.65
 -51529.343    12.648    -0.74    3.46
 -51153.251    10.956    -4.50    3.29
 -50777.158     9.642    -3.49    3.36
 -50401.063     8.294    -3.58    2.54
 -50024.968     8.321     0.07    2.89
 -49648.871     9.294     2.59    3.49
 -49272.774    11.187     5.03    3.75
 -48896.675    12.591     3.73    3.75
 -48520.576    13.187     1.58    3.35
 -48144.475    14.199     2.69    3.76
 -47768.373    14.546     0.92    4.06
 -47392.270    14.483    -0.17    3.51
 -47016.166    14.114    -0.98    3.94
 -46640.062    12.726    -3.69    3.90
 -46263.955    11.949    -2.06    3.20
 -45887.848    11.591    -0.95    3.05
 -45511.740    11.591     0.00    3.26
 -45135.631    11.483    -0.29    3.71
 -44759.521    11.597     0.30    3.93
 -44383.409    12.141     1.45    4.08
 -44007.297    11.392    -1.99    4.08
 -43631.183    10.147    -3.31    3.67
 -43255.068     9.116    -2.74    3.49
 -42878.953     7.981    -3.02    2.49
 -42502.836     8.305     0.86    2.90
 -42126.718     8.879     1.53    3.37
 -41750.599     8.884     0.01    2.74
 -41374.479     9.956     2.85    3.54
 -40998.357    11.591     4.35    4.23
 -40622.235    12.904     3.49    3.96
 -40246.112    13.187     0.75    3.60
 -39869.987    12.672    -1.37    3.45
 -39493.862    11.294    -3.66    2.75
 -39117.735    10.862    -1.15    2.28
 -38741.607    10.591    -0.72    1.51
 -38365.478    11.515     2.46    2.00
 -37989.348    13.033     4.03    3.11
 -37613.217    15.374     6.23    3.74
 -37237.085    16.515     3.03    3.63
 -36860.951    16.483    -0.09    3.46
 -36484.817    14.981    -3.99    3.76
 -36108.681    12.989    -5.30    3.02
 -35732.544    12.910    -0.21    3.01
 -35356.407    12.132    -2.07    2.69
 -34980.268    12.981     2.26    3.37
 -34604.128    13.088     0.28    3.30
 -34227.986    13.212     0.33    3.72
 -33851.844    13.520     0.82    3.96
 -33475.700    14.346     2.20    4.77
 -33099.556    15.564     3.24    5.38
 -32723.410    16.807     3.31    5.98
 -32347.263    19.051     5.96    5.34
 -31971.115    19.726     1.80    4.56
 -31594.966    19.922     0.52    3.31
 -31218.816    19.674    -0.66    2.38
 -30842.664    19.469    -0.55    2.48
 -30466.512    19.857     1.03    2.06
 -30090.358    20.041     0.49    2.13
 -29714.203    19.469    -1.52    2.39
 -29338.047    19.289    -0.48    2.56
 -28961.890    18.753    -1.42    2.27
 -28585.732    18.135    -1.64    2.48
 -28209.572    17.894    -0.64    2.27
 -27833.412    17.417    -1.27    2.18
 -27457.250    17.463     0.12    2.09
 -27081.087    17.699     0.63    2.00
 -26704.923    18.238     1.43    1.88
 -26328.757    18.591     0.94    1.84
 -25952.591    18.699     0.29    1.68
 -25576.423    18.943     0.65    1.75
 -25200.255    19.005     0.17    1.80
 -24824.085    19.384     1.01    1.79
 -24447.914    19.571     0.50    1.76
 -24071.741    19.862     0.77    1.74
 -23695.568    19.725    -0.36    1.53
 -23319.393    20.212     1.30    1.71
 -22943.218    20.494     0.75    1.49
 -22567.041    20.255    -0.64    1.40
 -22190.862    20.238    -0.05    1.64
 -21814.683    20.591     0.94    1.56
 -21438.503    20.541    -0.13    1.65
 -21062.321    19.943    -1.59    2.11
 -20686.138    19.731    -0.56    2.02
 -20309.954    19.392    -0.90    2.35
 -19933.769    19.199    -0.51    2.14
 -19557.582    19.505     0.81    1.86
 -19181.395    19.263    -0.64    1.94
 -18805.206    19.227    -0.10    1.93
 -18429.016    19.436     0.56    1.78
 -18052.824    19.161    -0.73    1.97
 -17676.632    19.240     0.21    1.94
 -17300.438    18.936    -0.81    1.95
 -16924.243    18.392    -1.45    2.08
 -16548.047    18.340    -0.14    2.30
 -16171.850    18.348     0.02    2.19
 -15795.652    18.597     0.66    2.11
 -15419.452    19.226     1.67    2.04
 -15043.251    19.477     0.67    1.87
 -14667.049    20.078     1.60    1.99
 -14290.846    20.283     0.54    1.75
 -13914.641    20.622     0.90    1.74
 -13538.435    20.699     0.20    2.01
 -13162.228    20.299    -1.06    2.06
 -12786.020    20.366     0.18    2.24
 -12409.811    20.422     0.15    2.20
 -12033.600    20.989     1.51    2.28
 -11657.388    22.033     2.77    2.55
 -11281.175    22.963     2.47    2.83
 -10904.961    23.068     0.28    3.62
 -10528.745    22.805    -0.70    3.87
 -10152.528    21.924    -2.34    3.68
  -9776.310    21.616    -0.82    2.91
  -9400.091    21.074    -1.44    2.13
  -9023.871    20.594    -1.28    3.22
  -8647.694    16.699   -10.35    8.35
  -8271.721    10.159   -17.40   10.16
  -7895.747     5.267   -13.01    8.31
  -7519.772     5.331     0.17    8.02
  -7143.795    11.174    15.54   10.67
  -6767.817    17.159    15.92    9.10
  -6391.838    20.924    10.02    4.77
  -6015.858    19.622    -3.46    5.93
  -5639.877    15.147   -11.90    8.12
  -5263.894    11.594    -9.45    7.45
  -4887.910    11.520    -0.20    7.54
  -4511.925    15.226     9.86    9.09
  -4135.938    18.644     9.09    7.40
  -3759.950    14.392   -11.31   11.23
  -3383.961    13.949    -1.18   11.44
  -3007.971    12.776    -3.12   10.19
  -2631.979    14.494     4.57    9.10
  -2255.986    16.338     4.90    8.63
  -1879.992    14.105    -5.94   10.12
  -1503.997    11.338    -7.36   10.82
  -1128.000     7.778    -9.47    9.87
   -752.002     4.135    -9.69    7.85
   -376.003     1.997    -5.69    5.83
     -0.003     0.058    -5.16    2.24
    375.999    -0.301    -0.95    0.00
    752.002    -0.301     0.00    0.00
   1128.007     1.591     5.03    5.50
   1504.012     4.725     8.33    8.05
   1880.019     7.857     8.33    8.42
   2256.027    11.644    10.07    7.40
   2632.037    11.520    -0.33    6.37
   3008.048     9.560    -5.21    6.39
   3384.060     8.068    -3.97    5.95
   3760.073     6.776    -3.43    5.97
   4136.088     7.043     0.71    5.98
   4512.104     8.375     3.54    5.32
   4888.121     8.429     0.14    4.90
   5264.140     8.267    -0.43    4.32
   5640.159     8.828     1.49    3.45
   6016.181     8.394    -1.15    2.66
   6392.203     8.007    -1.03    2.00
   6768.227     7.751    -0.68    2.50
   7144.252     7.289    -1.23    2.71
   7520.278     7.348     0.16    3.16
   7896.306     7.674     0.87    3.70
   8272.335     7.199    -1.26    3.86
   8648.366     7.199     0.00    3.75
   9024.397     6.997    -0.54    3.70
   9400.430     6.449    -1.46    2.99
   9776.465     6.970     1.38    2.72
  10152.500     7.802     2.21    2.54
  10528.537     8.324     1.39    2.28
  10904.575     9.331     2.68    1.73
  11280.615     9.805     1.26    1.35
  11656.656    10.005     0.53    1.39
  12032.698     9.725    -0.74    1.35
  12408.742     9.213    -1.36    1.54
  12784.787     9.084    -0.34    1.60
  13160.833     8.622    -1.23    1.40
  13536.881     8.252    -0.99    1.86
  13912.930     8.753     1.33    2.20
  14288.980     9.648     2.38    3.42
  14665.032    10.648     2.66    3.61
  15041.085    10.699     0.14    3.05
  15417.139    11.024     0.86    2.87
  15793.195    11.726     1.87    2.55
  16169.252    11.402    -0.86    2.40
  16545.310    11.348    -0.14    1.51
  16921.370    11.642     0.78    1.28
  17297.431    11.849     0.55    1.53
  17673.494    12.647     2.12    1.75
  18049.558    13.144     1.32    1.68
  18425.623    13.699     1.48    1.82
  18801.689    14.515     2.17    2.39
  19177.757    15.489     2.59    2.51
  19553.827    16.594     2.94    3.10
  19929.897    16.546    -0.13    4.11
  20305.969    16.402    -0.38    4.78
  20682.043    16.041    -0.96    4.74
  21058.117    14.974    -2.84    4.65
  21434.194    14.242    -1.95    4.43
  21810.271    14.348     0.28    2.74
  22186.350    14.997     1.72    3.49
  22562.430    15.943     2.52    4.21
  22938.512    16.348     1.08    4.20
  23314.595    16.338    -0.03    4.02
  23690.680    16.058    -0.74    3.48
  24066.765    17.199     3.03    2.96
  24442.853    18.402     3.20    2.26
  24818.941    17.981    -1.12    4.75
  25195.031    18.436     1.21    5.00
  25571.123    17.315    -2.98    6.10
  25947.215    16.997    -0.85    5.97
  26323.309    17.751     2.00    5.38
  26699.405    16.199    -4.12    6.75
  27075.502    15.436    -2.03    7.25
  27451.600    15.853     1.11    7.80
  27827.700    16.215     0.96    7.30
  28203.801    18.263     5.45    5.72
  28579.904    19.456     3.17    3.48
  28956.008    19.033    -1.13    2.99
  29332.113    18.997    -0.10    4.80
  29708.220    17.422    -4.19    7.18
  30084.328    16.252    -3.11    8.44
  30460.438    15.879    -0.99    8.62
  30836.549    15.213    -1.77    7.76
  31212.662    15.520     0.82    6.02
  31588.776    16.828     3.48    4.07
  31964.891    17.084     0.68    3.42
  32341.008    15.436    -4.38    5.34
  32717.126    15.161    -0.73    5.62
  33093.245    14.186    -2.59    5.99
  33469.366    12.780    -3.74    5.83
  33845.489    11.726    -2.80    5.89
  34221.613    11.543    -0.49    5.75
  34597.738    12.751     3.21    6.01
  34973.865    14.805     5.46    5.74
  35349.993    17.116     6.15    5.63
  35726.123    16.916    -0.53    6.82
  36102.254    17.283     0.98    6.59
  36478.386    17.463     0.48    6.47
  36854.520    16.392    -2.85    6.45
  37230.656    16.807     1.11    6.54
  37606.793    17.094     0.76    6.52
  37982.931    16.910    -0.49    6.25
  38359.071    17.094     0.49    5.25
  38735.212    16.753    -0.91    4.75
  39111.355    16.624    -0.34    4.55
  39487.499    15.780    -2.24    6.44
  39863.644    16.564     2.08    7.84
  40239.791    17.970     3.74    7.95
  40615.940    21.088     8.29    6.13
  40992.090    22.340     3.33    2.80
  41368.241    19.802    -6.75    5.79
  41744.394    15.838   -10.54    7.36
  42120.549    13.673    -5.76    7.31
  42496.704    12.560    -2.96    6.58
  42872.862    15.835     8.70    6.90
  43249.020    20.315    11.91    4.02
  43625.181    21.916     4.26    2.46
  44001.342    18.989    -7.78    6.97
  44377.506    17.384    -4.27    7.58
  44753.670    17.074    -0.82    7.55
  45129.837    18.132     2.81    7.31
  45506.004    20.749     6.96    5.14
  45882.173    22.238     3.96    2.77
  46258.344    21.807    -1.14    2.87
  46634.516    21.753    -0.14    2.83
  47010.690    21.132    -1.65    2.50
  47386.865    21.041    -0.24    2.68
  47763.041    20.469    -1.52    4.24
  48139.219    18.616    -4.92    6.74
  48515.399    15.999    -6.96    8.22
  48891.580    14.647    -3.60    8.00
  49267.763    15.588     2.50    8.22
  49643.947    19.147     9.46    7.16
  50020.132    21.648     6.65    4.68
  50396.319    22.331     1.82    2.77
  50772.508    22.024    -0.82    3.06
  51148.698    22.340     0.84    2.81
  51524.890    22.144    -0.52    2.96
  51901.083    21.149    -2.64    4.86
  52277.278    18.802    -6.24    7.19
  52653.474    16.528    -6.04    8.18
  53029.671    13.943    -6.87    7.52
  53405.871    13.997     0.14    7.48
  53782.071    14.753     2.01    7.00
  54158.274    14.910     0.42    6.52
  54534.477    14.402    -1.35    5.74
  54910.683    14.724     0.86    6.58
  55286.889    15.622     2.39    6.43
  55663.098    16.835     3.22    6.01
  56039.308    18.068     3.28    5.17
  56415.519    18.463     1.05    4.34
  56791.732    17.857    -1.61    4.06
  57167.946    18.394     1.43    3.62
  57544.163    18.725     0.88    3.20
  57920.380    19.449     1.93    3.24
  58296.599    20.417     2.57    3.04
  58672.820    21.546     3.00    2.93
  59049.042    21.851     0.81    3.50
  59425.266    22.051     0.53    3.41
  59801.491    22.267     0.57    3.97
  60177.718    22.331     0.17    3.25
  60553.946    22.331     0.00    3.64
  60930.176    21.366    -2.56    3.46
  61306.408    21.622     0.68    4.28
  61682.641    22.546     2.45    5.66
  62058.875    22.726     0.48    6.75
  62435.111    21.515    -3.22    6.85
  62811.349    20.226    -3.43    7.48
  63187.588    19.494    -1.94    7.55
  63563.829    19.159    -0.89    7.15
  63940.072    20.084     2.46    7.69
  64316.316    21.977     5.03    9.04
  64692.561    24.366     6.35    9.41
  65068.808    26.828     6.54    9.85
  65445.057    29.262     6.47    8.75
  65821.307    30.981     4.57    8.00
  66197.559    31.862     2.34    7.30
  66573.636    33.564     4.53    7.14
  66949.571    36.597     8.07    6.59
  67325.508    39.199     6.92    4.84
  67701.447    41.084     5.01    3.59
  68077.387    42.366     3.41    2.53
  68453.329    42.862     1.32    2.44
  68829.272    42.033    -2.20    3.41
  69205.217    41.007    -2.73    4.44
  69581.163    39.930    -2.86    4.48
  69957.111    39.186    -1.98    5.06
  70333.061    38.776    -1.09    5.06
  70709.012    38.835     0.15    5.12
  71084.965    38.213    -1.65    5.76
  71460.920    32.051   -16.39   11.23
  71836.876    29.043    -8.00   11.84
  72212.833    29.751     1.88   11.80
  72588.793    33.699    10.50   10.82
  72964.754    39.672    15.89    6.71
  73340.716    42.058     6.35    3.20
  73716.680    42.727     1.78    2.49
  74092.646    43.161     1.15    1.97
  74468.613    42.778    -1.02    2.90
  74844.582    42.199    -1.54    3.94
  75220.553    41.889    -0.83    4.24
  75596.525    42.238     0.93    4.17
  75972.499    42.870     1.68    4.74
  76348.474    43.810     2.50    5.29
  76724.451    44.305     1.31    4.51
  77100.430    43.094    -3.22    5.67
  77476.410    41.375    -4.57    6.79
  77852.392    39.645    -4.60    6.54
  78228.375    39.014    -1.68    6.46
  78604.361    40.238     3.26    5.90
  78980.347    42.392     5.73    5.24
  79356.336    43.060     1.78    4.68
  79732.326    43.187     0.34    4.82
  80108.317    43.533     0.92    3.90
  80484.311    43.463    -0.19    4.15
  80860.306    44.410     2.52    4.04
  81236.302    44.828     1.11    4.16
  81612.301    45.375     1.46    3.75
  81988.301    45.989     1.63    3.45
  82364.302    46.135     0.39    2.86
  82740.305    46.560     1.13    1.91
  83116.310    46.173    -1.03    1.74
  83492.317    45.997    -0.47    1.61
  83868.325    45.780    -0.58    1.62
  84244.335    45.645    -0.36    2.22
  84620.346    46.005     0.96    2.56
  84996.359    46.417     1.10    2.52
  85372.374    46.699     0.75    2.43
  85748.390    46.294    -1.08    2.27
  86124.408    46.469     0.46    2.34
  86500.428    46.357    -0.30    2.64
  86876.450    45.904    -1.20    2.85
  87252.473    43.436    -6.56    5.95
  87628.498    40.622    -7.48    8.28
  88004.524    39.310    -3.49    8.17
  88380.552    38.620    -1.84    9.31
  88756.582    40.161     4.10    9.85
  89132.613    44.328    11.08    8.85
  89508.647    46.238     5.08    7.02
  89884.681    48.348     5.61    6.01
  90260.718    49.348     2.66    4.63
  90636.756    45.132   -11.21   10.20
  91012.796    43.755    -3.66   10.41
  91388.838    42.751    -2.67    9.62
  91764.881    42.992     0.64    9.01
  92140.926    45.105     5.62    7.70
  92516.973    48.597     9.29    3.90
  92893.021    49.436     2.23    3.13
  93269.071    50.147     1.89    2.84
  93645.123    51.186     2.76    2.65
  94021.176    51.624     1.17    2.80
  94397.231    52.078     1.21    3.34
  94773.288    52.564     1.29    3.65
  95149.347    52.916     0.93    3.71
  95525.407    52.616    -0.80    3.74
  95901.469    52.725     0.29    2.79
  96277.533    51.930    -2.11    2.51
  96653.598    51.227    -1.87    2.24
  97029.665    50.510    -1.91    3.02
  97405.734    50.645     0.36    3.32
  97781.805    49.884    -2.03    3.83
  98157.877    49.624    -0.69    3.89
  98533.951    48.591    -2.75    4.65
  98910.027    48.699     0.29    4.71
  99286.104    48.199    -1.33    5.48
  99662.183    49.410     3.22    5.38
 100038.264    51.051     4.36    3.85
 100414.347    50.974    -0.20    4.16
 100790.431    50.884    -0.24    3.47
 101166.517    48.672    -5.88    4.50
 101542.605    48.780     0.29    4.59
 101918.694    48.985     0.54    4.26
 102294.786    49.622     1.69    3.77
 102670.879    49.443    -0.48    3.48
 103046.973    48.894    -1.46    3.35
 103423.070    48.591    -0.80    2.50
 103799.168    48.753     0.43    2.62
 104175.268    49.807     2.80    2.57
 104551.370    50.624     2.17    2.12
 104927.473    50.943     0.85    1.69
 105303.579    50.963     0.05    1.80
 105679.686    50.963     0.00    2.24
 106055.794    51.058     0.25    2.23
 106431.905    50.780    -0.74    2.36
 106808.017    49.480    -3.46    4.16
 107184.131    48.058    -3.78    5.33
 107560.247    47.144    -2.43    5.37
 107936.364    47.348     0.54    5.27
 108312.484    48.159     2.16    5.42
 108688.605    50.857     7.17    3.00
 109064.728    51.263     1.08    2.38
 109440.852    52.242     2.60    1.92
 109816.979    53.007     2.03    2.02
 110193.107    53.384     1.00    2.38
 110569.237    53.533     0.40    2.26
 110945.368    52.956    -1.53    2.36
 111321.502    52.805    -0.40    2.26
 111697.637    52.366    -1.17    2.08
 112073.774    52.384     0.05    2.04
 112449.913    52.443     0.16    2.05
 112826.054    52.810     0.98    2.01
 113202.196    53.161     0.93    2.66
 113578.340    53.212     0.14    3.01
 113954.486    53.422     0.56    3.51
 114330.634    53.510     0.24    3.60
 114706.784    54.699     3.16    3.01
 115082.935    55.105     1.08    2.54
 115459.088    54.857    -0.66    2.49
 115835.243    53.894    -2.56    2.64
 116211.400    52.324    -4.17    3.41
 116587.558    51.094    -3.27    3.55
 116963.719    49.078    -5.36    4.93
 117339.881    48.674    -1.07    5.92
 117716.045    48.726     0.14    6.36
 118092.211    50.278     4.13    6.16
 118468.378    51.645     3.63    5.49
 118844.548    53.315     4.44    2.79
 119220.719    52.024    -3.43    4.22
 119596.892    50.751    -3.38    5.28
 119973.067    49.124    -4.32    5.46
 120349.244    48.170    -2.54    5.53
 120725.422    49.078     2.41    5.85
 121101.602    50.753     4.45    4.61
 121477.785    51.348     1.58    3.54
 121853.968    51.375     0.07    3.61
 122230.154    52.271     2.38    2.99
 122606.342    52.349     0.21    3.21
 122982.531    52.520     0.45    3.39
 123358.723    51.807    -1.89    3.89
 123734.916    50.289    -4.04    4.85
 124111.111    49.041    -3.32    5.29
 124487.308    48.622    -1.11    5.72
 124863.506    50.105     3.94    5.74
 125239.707    51.622     4.03    5.73
 125615.909    53.449     4.86    4.29
 125992.113    55.161     4.55    2.75
 126368.319    55.930     2.04    2.39
 126744.527    56.199     0.72    2.51
 127120.737    56.571     0.99    2.13
 127496.948    56.429    -0.38    1.95
 127873.162    56.510     0.22    2.20
 128249.377    55.645    -2.30    2.85
 128625.594    54.644    -2.66    4.11
 129001.813    52.094    -6.78    6.11
 129378.034    49.238    -7.59    6.82
 129754.257    48.456    -2.08    5.85
 130130.481    48.366    -0.24    4.44
 130506.708    49.033     1.77    3.21
 130882.936    50.135     2.93    2.86
 131259.166    50.375     0.64    2.96
 131635.398    49.597    -2.07    3.15
 132011.632    48.889    -1.88    3.02
 132387.868    48.805    -0.22    2.86
 132764.106    47.910    -2.38    3.97
 133140.345    47.481    -1.14    4.33
 133516.587    46.904    -1.53    5.40
 133892.830    42.936   -10.55    9.77
 134269.075    38.970   -10.54   11.27
 134645.322    35.510    -9.19   11.31
 135021.571    37.144     4.34   12.59
 135397.822    41.857    12.53   11.98
 135774.075    45.751    10.35    8.62
 136150.330    46.564     2.16    7.66
 136526.586    45.289    -3.39    7.34
 136902.845    45.033    -0.68    7.23
 137279.105    46.187     3.07    5.60
 137655.367    45.807    -1.01    4.72
 138031.631    45.499    -0.82    4.22
 138407.897    46.105     1.61    3.95
 138784.165    46.862     2.01    3.39
 139160.435    47.375     1.36    3.46
 139536.707    48.582     3.21    3.08
 139912.980    48.904     0.86    3.31
 140289.256    48.161    -1.98    4.61
 140665.533    43.560   -12.23    9.72
 141041.813    39.963    -9.56    9.57
 141418.094    35.922   -10.74   10.59
 141794.020    35.620    -0.80   11.25
 142169.922    36.725     2.94   13.16
 142545.826    36.564    -0.43   13.34
 142921.731    35.647    -2.44   14.07
 143297.639    32.541    -8.26   15.20
 143673.548    30.074    -6.56   14.93
 144049.459    25.510   -12.14   13.19
 144425.373    24.161    -3.59   12.69
 144801.288    25.033     2.32   13.27
 145177.205    22.949    -5.54   11.88
 145553.124    21.348    -4.26   10.35
 145929.045    20.283    -2.83    8.54
 146304.968    17.238    -8.10    2.76
 146680.893    17.161    -0.20    2.06
 147056.819    16.894    -0.71    1.77
 147432.748    16.956     0.16    1.85
 147808.679    17.449     1.31    1.78
 148184.611    17.515     0.18    1.71
 148560.546    18.084     1.51    1.84
 148936.483    18.357     0.73    1.74
 149312.421    18.673     0.84    1.73
 149688.361    18.068    -1.61    2.05
 150064.304    17.924    -0.38    2.31
 150440.248    18.051     0.34    2.52
 150816.194    18.549     1.33    2.72
 151192.142    18.699     0.40    2.46
 151568.093    20.227     4.06    5.39
 151944.045    19.213    -2.70    4.65
 152319.999    18.644    -1.51    3.72
 152695.955    19.226     1.55    4.54
 153071.913    20.174     2.52    5.91
 153447.873    19.835    -0.90    4.92
 153823.835    20.599     2.03    5.21
 154199.799    20.305    -0.78    3.95
 154575.764    20.989     1.82    5.19
 154951.732    22.778     4.76    6.17
 155327.702    22.597    -0.48    5.28
 155703.674    21.778    -2.18    4.59
 156079.648    22.199     1.12    4.47
 156455.624    21.597    -1.60    3.71
 156831.601    20.783    -2.17    3.15
 157207.581    20.520    -0.70    2.19
 157583.563    20.392    -0.34    2.00
 157959.546    20.727     0.89    2.20
 158335.532    21.537     2.15    2.17
 158711.520    22.644     2.94    4.24
 159087.509    22.366    -0.74    3.68
 159463.501    22.699     0.89    3.66
 159839.495    23.970     3.38    4.96
 160215.490    24.849     2.34    5.09
 160591.488    26.778     5.13    6.72
 160967.488    27.068     0.77    6.88
 161343.489    27.943     2.33    7.15
 161719.493    28.879     2.49    7.96
 162095.499    30.147     3.37    9.24
 162471.506    31.644     3.98    9.84
 162847.516    32.828     3.15   10.81
 163223.528    34.505     4.46   11.59
 163599.541    35.058     1.47   11.92
 163975.557    37.725     7.09   11.25
 164351.575    40.357     7.00   10.50
 164727.594    44.267    10.40    8.44
 165103.616    46.240     5.25    6.43
 165479.640    47.807     4.17    3.32
 165855.666    48.074     0.71    2.89
 166231.694    48.024    -0.13    3.00
 166607.723    47.463    -1.49    3.36
 166983.755    47.699     0.63    3.67
 167359.789    47.699     0.00    3.75
 167735.825    47.645    -0.14    3.60
 168111.863    47.930     0.76    3.17
 168487.903    48.673     1.98    2.81
 168863.945    49.310     1.70    2.16
 169239.989    49.780     1.25    1.91
 169616.035    49.838     0.15    1.96
 169992.084    49.463    -1.00    2.31
 170368.134    48.828    -1.69    3.67
 170744.186    46.106    -7.24    5.21
 171120.240    44.537    -4.17    5.70
 171496.297    45.375     2.23    6.28
 171872.355    45.889     1.37    6.03
 172248.415    47.674     4.75    6.18
 172624.478    48.510     2.22    5.59
 173000.543    49.725     3.23    5.82
 173376.609    51.187     3.89    5.60
 173752.678    51.135    -0.14    5.16
 174128.748    50.835    -0.80    4.50
 174504.821    50.494    -0.90    4.66
 174880.896    50.489    -0.01    4.75
 175256.973    50.255    -0.62    5.38
 175633.052    51.348     2.91    5.80
 176009.133    53.172     4.85    5.50
 176385.216    54.970     4.78    5.26
 176761.301    55.904     2.49    5.07
 177137.389    55.668    -0.63    6.05
 177513.478    53.752    -5.09    6.18
 177889.569    50.857    -7.70    5.39
 178265.663    49.755    -2.93    3.87
 178641.759    50.289     1.42    3.71
 179017.856    51.889     4.25    3.39
 179393.956    53.007     2.97    2.47
 179770.058    52.187    -2.18    4.52
 180146.162    48.647    -9.41    7.24
 180522.268    47.068    -4.20    6.85
 180898.376    45.648    -3.77    6.71
 181274.486    45.546    -0.27    6.44
 181650.598    46.060     1.37    5.77
 182026.713    45.591    -1.25    5.78
 182402.829    45.186    -1.08    5.37
 182778.948    47.213     5.39    5.41
 183155.068    48.568     3.60    4.28
 183531.191    48.614     0.12    3.65
 183907.316    48.974     0.96    2.56
 184283.443    48.094    -2.34    2.76
 184659.572    48.227     0.35    3.07
 185035.703    49.289     2.82    4.03
 185411.837    50.294     2.67    4.22
 185787.972    52.594     6.12    3.30
 186164.110    52.884     0.77    3.55
 186540.249    52.058    -2.19    4.32
 186916.391    48.591    -9.22    5.76
 187292.535    45.147    -9.16    5.76
 187668.681    42.474    -7.10    4.27
 188044.829    40.785    -4.49    3.02
 188420.979    40.510    -0.73    3.31
 188797.132    39.862    -1.72    3.08
 189173.286    39.375    -1.29    3.94
 189549.443    39.483     0.29    4.38
 189925.602    40.128     1.71    4.55
 190301.763    41.749     4.31    5.14
 190677.926    44.094     6.23    4.35
 191054.091    45.105     2.69    4.32
 191430.258    45.571     1.24    5.94
 191806.428    46.541     2.58    6.56
 192182.600    47.831     3.43    7.55
 192558.773    47.568    -0.70    8.26
 192934.949    45.776    -4.76    8.10
 193311.127    45.727    -0.13    8.18
 193687.308    42.647    -8.19    9.55
 194063.490    40.249    -6.37    9.68
 194439.674    39.299    -2.53   10.62
 194815.861    35.620    -9.78    9.56
 195192.050    34.321    -3.45    7.19
 195568.241    35.105     2.08    6.84
 195944.434    37.348     5.96    7.90
 196320.629    37.227    -0.32    7.59
 196696.827    37.238     0.03    8.71
 197073.026    36.110    -3.00    8.14
 197449.228    34.226    -5.01    6.50
 197825.432    34.417     0.51    6.34
 198201.638    35.007     1.57    5.33
 198577.847    34.520    -1.30    4.69
 198954.057    35.997     3.93    6.05
 199330.270    37.443     3.84    8.17
 199706.485    40.533     8.21    9.86
 200082.702    44.463    10.45   10.46
 200458.921    48.238    10.04    9.66
 200835.142    52.023    10.06    6.89
 201211.366    53.494     3.91    5.71
 201587.592    54.321     2.20    4.59
 201963.820    54.616     0.78    4.32
 202340.050    55.321     1.87    2.97
 202716.282    54.033    -3.42    4.77
 203092.516    52.963    -2.84    5.98
 203468.753    52.016    -2.51    6.85
 203844.992    52.780     2.03    6.26
 204221.233    53.699     2.44    5.33
 204597.476    54.568     2.31    3.63
 204973.722    55.520     2.53    3.12
 205349.970    54.943    -1.53    3.20
 205726.220    54.699    -0.65    4.03
 206102.472    55.375     1.80    4.58
 206478.726    55.240    -0.36    4.59
 206854.983    54.997    -0.65    6.20
 207231.241    53.728    -3.37    7.35
 207607.502    52.776    -2.53    7.04
 207983.765    52.469    -0.82    7.23
 208360.031    51.385    -2.88    7.17
 208736.298    51.159    -0.60    6.69
 209112.568    51.402     0.65    5.42
 209488.840    51.620     0.58    4.57
 209865.115    53.949     6.19    4.89
 210241.391    56.159     5.87    4.68
 210617.670    57.357     3.19    4.88
 210993.951    59.410     5.46    4.72
 211370.234    60.778     3.64    4.58
 211746.519    61.564     2.09    5.37
 212122.807    61.674     0.29    4.86
 212499.097    61.041    -1.68    3.69
 212875.389    59.105    -5.15    5.09
 213251.683    57.024    -5.53    5.82
 213627.980    56.985    -0.10    6.07
 214004.279    57.340     0.94    5.52
 214380.580    58.546     3.20    4.83
 214756.883    60.214     4.43    3.98
 215133.189    61.997     4.74    3.96
 215509.497    63.375     3.66    3.88
 215885.807    64.375     2.66    3.18
 216262.119    65.324     2.52    3.05
 216638.291    65.240    -0.22    2.95
 217014.152    64.289    -2.53    3.20
 217390.016    63.963    -0.87    3.17
 217765.881    64.187     0.60    3.09
 218141.749    63.862    -0.86    3.28
 218517.619    63.870     0.02    3.04
 218893.492    64.726     2.28    2.44
 219269.367    63.949    -2.07    2.85
 219645.243    63.402    -1.46    2.65
 220021.123    62.644    -2.02    3.38
 220397.004    62.776     0.35    3.08
 220772.888    62.597    -0.48    3.08
 221148.774    62.414    -0.49    2.65
 221524.662    62.520     0.28    2.48
 221900.553    63.226     1.88    2.58
 222276.446    63.310     0.23    2.85
 222652.341    62.033    -3.40    3.53
 223028.238    60.910    -2.99    4.55
 223404.138    60.033    -2.33    4.56
 223780.040    60.331     0.79    5.43
 224155.944    61.724     3.71    5.29
 224531.851    63.267     4.10    5.34
 224907.759    63.599     0.88    5.36
 225283.671    64.751     3.06    3.84
 225659.584    65.755     2.67    3.18
 226035.500    66.483     1.94    2.76
 226411.418    66.294    -0.50    2.59
 226787.338    67.105     2.16    2.02
 227163.260    67.238     0.35    1.77
 227539.185    67.172    -0.18    1.59
 227915.113    66.340    -2.21    2.37
 228291.042    66.199    -0.38    3.13
 228666.974    65.644    -1.48    3.73
 229042.908    64.802    -2.24    4.48
 229418.844    62.930    -4.98    5.92
 229794.783    61.726    -3.20    6.47
 230170.724    60.943    -2.08    6.40
 230546.667    61.879     2.49    6.35
 230922.613    63.943     5.49    5.58
 231298.561    65.474     4.07    4.22
 231674.511    67.099     4.32    3.59
 232050.464    67.471     0.99    3.67
 232426.419    66.510    -2.56    4.89
 232802.376    66.267    -0.65    4.87
 233178.335    66.294     0.07    5.27
 233554.297    67.647     3.60    4.99
 233930.262    69.116     3.91    3.31
 234306.228    69.349     0.62    2.95
 234682.197    69.904     1.48    3.06
 235058.168    69.943     0.10    2.95
 235434.142    69.981     0.10    2.41
 235810.118    69.930    -0.14    2.19
 236186.096    69.568    -0.96    2.17
 236562.076    68.922    -1.72    1.93
 236938.059    67.725    -3.18    3.28
 237314.045    67.477    -0.66    3.77
 237690.032    66.956    -1.39    4.05
 238066.022    66.930    -0.07    3.86
 238442.014    67.442     1.36    2.88
 238818.009    67.889     1.19    3.26
 239194.006    68.672     2.08    2.70
 239570.005    67.989    -1.82    2.91
 239946.007    67.853    -0.36    3.22
 240322.011    67.866     0.03    3.31
 240698.018    68.602     1.96    2.96
 241074.026    69.212     1.62    2.72
 241450.037    69.483     0.72    2.31
 241826.051    69.348    -0.36    1.98
 242202.067    69.673     0.86    1.75
 242578.085    69.263    -1.09    2.09
 242954.106    69.172    -0.24    1.90
 243330.129    69.058    -0.30    2.30
 243706.154    68.977    -0.22    2.21
 244082.182    69.417     1.17    2.28
 244458.212    69.956     1.43    2.64
 244834.244    70.637     1.81    2.56
 245210.279    71.889     3.33    2.53
 245586.316    71.862    -0.07    2.41
 245962.356    71.916     0.14    2.41
 246338.398    71.936     0.05    2.38
 246714.442    71.591    -0.92    2.23
 247090.489    71.392    -0.53    1.94
 247466.538    71.981     1.57    2.13
 247842.590    71.674    -0.82    2.61
 248218.644    72.024     0.93    2.84
 248594.700    72.187     0.43    2.64
 248970.759    72.238     0.14    2.56
 249346.820    73.144     2.41    1.93
 249722.884    73.520     1.00    1.92
 250098.950    73.402    -0.31    2.11
 250475.018    73.305    -0.26    2.06
 250851.089    72.135    -3.11    3.23
 251227.162    70.574    -4.15    3.24
 251603.238    70.226    -0.93    3.68
 251979.316    69.541    -1.82    3.65
 252355.396    68.726    -2.17    3.85
 252731.479    68.238    -1.30    3.54
 253107.564    67.997    -0.64    2.84
 253483.652    68.443     1.19    2.88
 253859.742    69.392     2.52    2.13
 254235.834    70.120     1.94    2.02
 254611.929    70.620     1.33    1.91
 254988.027    70.417    -0.54    2.37
 255364.126    70.135    -0.75    2.58
 255740.229    69.645    -1.30    3.34
 256116.333    69.546    -0.27    2.92
 256492.440    69.835     0.77    1.34
 256868.550    70.132     0.79    1.88
 257244.662    70.315     0.49    2.18
 257620.776    70.574     0.69    2.30
 257996.893    70.392    -0.49    2.74
 258373.012    70.238    -0.41    3.10
 258749.134    71.560     3.52    3.36
 259125.258    71.597     0.10    3.45
 259501.385    71.780     0.49    3.29
 259877.514    69.904    -4.99    4.04
 260253.645    68.936    -2.57    3.40
 260629.779    67.831    -2.94    3.37
 261005.915    66.463    -3.64    4.26
 261382.054    65.494    -2.57    4.94
 261758.195    62.274    -8.56    7.02
 262134.339    59.240    -8.07    7.36
 262510.485    58.805    -1.16    7.68
 262886.634    60.041     3.29    8.26
 263262.785    63.699     9.72    6.91
 263638.939    66.348     7.04    5.13
 264015.095    66.821     1.26    4.35
 264391.253    65.981    -2.23    4.45
 264767.414    65.622    -0.95    4.32
 265143.578    66.810     3.16    4.20
 265519.744    67.135     0.86    4.43
 265895.912    65.672    -3.89    4.48
 266272.083    64.315    -3.61    6.15
 266648.257    63.620    -1.85    5.86
 267024.432    64.725     2.94    5.80
 267400.611    66.186     3.88    4.60
 267776.792    68.007     4.84    3.69
 268152.975    68.797     2.10    2.89
 268529.161    69.283     1.29    2.76
 268905.349    68.110    -3.12    3.87
 269281.540    66.568    -4.10    5.22
 269657.733    65.105    -3.89    5.30
 270033.929    63.510    -4.24    5.57
 270410.127    62.614    -2.38    6.38
 270786.328    63.366     2.00    6.12
 271162.531    64.007     1.70    6.34
 271538.737    64.862     2.27    5.31
 271914.945    63.725    -3.02    5.59
 272291.156    62.366    -3.61    5.08
 272667.369    58.410   -10.52    8.34
 273043.585    54.725    -9.80    8.35
 273419.803    54.226    -1.33    8.01
 273796.024    57.132     7.72    8.11
 274172.247    61.366    11.26    6.65
 274548.473    62.274     2.41    5.71
 274924.701    58.456   -10.15    9.29
 275300.932    55.199    -8.66    9.27
 275677.166    53.672    -4.06    9.22
 276053.402    55.456     4.74    9.78
 276429.640    55.051    -1.08   10.73
 276805.881    56.528     3.93   10.49
 277182.125    57.417     2.36    9.67
 277558.371    60.916     9.30    8.21
 277934.619    63.122     5.87    5.58
