-327804.218     8.522     0.00    1.74
-327428.003     8.410    -0.30    1.58
-327051.789     8.112    -0.79    1.43
-326675.576     8.005    -0.28    1.36
-326299.365     7.707    -0.79    1.41
-325923.154     7.140    -1.51    1.83
-325546.944     7.221     0.22    1.86
-325170.735     7.167    -0.14    1.74
-324794.528     7.210     0.12    1.36
-324418.321     6.967    -0.65    1.20
-324042.115     6.907    -0.16    1.30
-323665.911     7.004     0.26    1.38
-323289.707     7.204     0.53    1.65
-322913.504     7.343     0.37    2.24
-322537.303     7.240    -0.27    2.02
-322161.102     7.058    -0.48    1.48
-321784.902     7.266     0.55    1.53
-321408.704     7.356     0.24    1.57
-321032.506     7.389     0.09    1.53
-320656.309     7.652     0.70    1.74
-320280.114     7.599    -0.14    1.93
-319903.919     7.779     0.48    1.71
-319527.725     8.257     1.27    3.24
-319151.532     8.155    -0.27    3.35
-318775.340     8.240     0.23    3.09
-318399.150     7.905    -0.89    1.80
-318022.960     7.676    -0.61    1.48
-317646.771     7.573    -0.27    1.33
-317270.583     7.572    -0.00    1.09
-316894.396     7.810     0.63    1.07
-316518.210     7.855     0.12    1.14
-316142.025     7.676    -0.48    1.09
-315765.841     7.248    -1.14    1.25
-315389.658     6.727    -1.38    2.41
-315013.476     5.167    -4.15    3.52
-314637.295     3.437    -4.60    3.86
-314261.115     1.734    -4.53    3.39
-313884.935     0.070    -4.42    1.91
-313508.757    -0.401    -1.25    0.00
-313132.580    -0.401     0.00    0.00
-312756.404    -0.401     0.00    0.00
-312380.228    -0.401     0.00    0.00
-312004.054    -0.401     0.00    0.00
-311627.880    -0.401     0.00    0.00
-311251.708    -0.401     0.00    0.00
-310875.536    -0.401     0.00    0.00
-310499.365    -0.401     0.00    0.00
-310123.196    -0.401     0.00    0.00
-309747.027    -0.401     0.00    0.00
-309370.859    -0.401     0.00    0.00
-308994.692     0.149     1.46    2.43
-308618.526     2.035     5.01    5.96
-308242.361     5.043     8.00    8.02
-307866.197     7.869     7.51    8.47
-307490.034     9.571     4.52    7.44
-307113.872    10.757     3.15    5.47
-306737.710     9.774    -2.61    4.06
-306361.550     7.988    -4.75    2.28
-305985.390     7.574    -1.10    1.46
-305609.232     7.815     0.64    1.46
-305233.074     9.194     3.66    2.69
-304856.918     9.652     1.22    2.52
-304480.762     9.779     0.34    2.39
-304104.607    10.441     1.76    2.59
-303728.453    10.710     0.72    2.84
-303352.300    11.599     2.36    3.06
-302976.148    11.460    -0.37    3.07
-302599.996    10.649    -2.16    3.30
-302223.846    10.112    -1.43    3.19
-301847.697     9.349    -2.03    2.30
-301471.548     8.653    -1.85    2.07
-301095.400     8.349    -0.81    1.54
-300719.254     8.020    -0.87    1.24
-300343.108     8.137     0.31    1.45
-299966.963     8.518     1.01    1.38
-299590.819     8.799     0.75    1.32
-299214.676     8.650    -0.40    1.30
-298838.533     8.336    -0.84    1.35
-298462.392     7.734    -1.60    1.08
-298086.252     7.471    -0.70    1.10
-297710.112     7.291    -0.48    1.10
-297333.973     7.293     0.01    1.04
-296957.835     7.266    -0.07    1.11
-296581.698     7.432     0.44    1.21
-296205.562     7.599     0.44    1.29
-295829.427     7.753     0.41    1.31
-295453.293     8.068     0.84    1.44
-295077.159     8.086     0.05    1.39
-294701.027     7.994    -0.24    1.39
-294324.895     8.167     0.46    1.41
-293948.764     8.035    -0.35    1.25
-293572.634     8.155     0.32    1.32
-293196.505     8.522     0.98    1.53
-292820.377     8.522     0.00    1.48
-292444.250     8.599     0.20    1.64
-292068.123     8.518    -0.22    1.74
-291691.997     8.599     0.22    2.34
-291315.873     9.441     2.24    3.35
-290939.749    10.016     1.53    3.80
-290563.626    10.842     2.20    3.68
-290187.503    10.518    -0.86    3.47
-289811.382    10.275    -0.65    3.03
-289435.261    10.137    -0.36    1.97
-289059.142    10.537     1.06    2.33
-288683.023    10.967     1.15    1.89
-288306.905    10.907    -0.16    1.87
-287930.788    10.238    -1.78    1.93
-287554.671     9.830    -1.09    1.56
-287178.556     9.545    -0.76    1.51
-286802.441     9.317    -0.61    1.52
-286426.327     9.420     0.27    1.57
-286050.214     9.204    -0.57    1.64
-285674.102     9.704     1.33    1.94
-285297.991    10.240     1.42    2.10
-284921.880    10.727     1.30    1.98
-284545.771    10.432    -0.78    2.17
-284169.662    10.113    -0.85    2.16
-283793.554     9.545    -1.51    1.81
-283417.447     9.221    -0.86    1.64
-283041.340     9.086    -0.36    1.45
-282665.235     9.040    -0.12    1.37
-282289.130     9.324     0.75    1.58
-281913.026     9.163    -0.43    1.50
-281536.923     9.377     0.57    1.61
-281160.821     9.291    -0.23    1.54
-280784.719     9.140    -0.40    1.54
-280408.618     9.178     0.10    1.50
-280032.519     9.520     0.91    1.68
-279656.420     9.804     0.76    1.64
-279280.321     9.923     0.32    1.38
-278904.224    10.073     0.40    1.35
-278528.127     9.949    -0.33    1.27
-278152.031     9.713    -0.63    1.23
-277775.936     9.896     0.49    1.43
-277399.842    10.410     1.37    1.98
-277023.748    11.464     2.80    2.42
-276647.656    12.815     3.59    1.99
-276271.564    13.516     1.86    1.87
-275895.473    12.804    -1.89    2.50
-275519.382    11.625    -3.14    2.71
-275143.293    10.248    -3.66    2.38
-274767.204     9.958    -0.77    2.23
-274391.116    10.204     0.65    2.59
-274015.029    10.086    -0.31    2.78
-273638.942    10.302     0.57    3.12
-273262.857     9.830    -1.25    3.14
-272886.772     8.821    -2.68    2.91
-272510.688     8.152    -1.78    2.73
-272134.604     7.702    -1.20    2.05
-271758.522     7.305    -1.05    1.22
-271382.440     7.445     0.37    1.50
-271006.359     7.004    -1.17    2.03
-270630.279     6.655    -0.93    2.00
-270254.199     6.680     0.07    2.05
-269878.121     7.043     0.97    2.16
-269502.043     7.783     1.97    1.47
-269125.965     7.892     0.29    1.27
-268749.889     7.653    -0.63    1.22
-268373.813     7.086    -1.51    1.19
-267997.738     6.881    -0.55    1.10
-267621.664     7.240     0.95    1.42
-267245.591     7.410     0.45    1.52
-266869.518     7.343    -0.18    1.48
-266493.446     7.410     0.18    1.63
-266117.375     7.140    -0.72    1.57
-265741.304     7.248     0.29    1.58
-265365.234     7.481     0.62    1.57
-264989.165     7.317    -0.44    1.54
-264613.052     7.420     0.27    1.48
-264236.844     7.405    -0.04    1.70
-263860.636     7.113    -0.78    2.04
-263484.429     7.127     0.04    2.09
-263108.223     7.020    -0.28    2.41
-262732.017     6.824    -0.52    2.24
-262355.813     6.896     0.19    2.18
-261979.609     6.836    -0.16    2.16
-261603.405     7.520     1.82    2.66
-261227.203     7.984     1.23    2.50
-260851.001     9.086     2.93    2.46
-260474.800     9.074    -0.03    1.87
-260098.600     8.994    -0.21    1.78
-259722.400     9.167     0.46    1.64
-259346.201     8.464    -1.87    1.13
-258970.003     7.793    -1.78    1.51
-258593.805     7.137    -1.74    1.55
-258217.608     6.548    -1.57    1.43
-257841.412     6.085    -1.23    1.09
-257465.217     5.783    -0.80    0.56
-257089.022     5.761    -0.06    0.55
-256712.828     5.655    -0.28    0.33
-256336.635     5.599    -0.15    0.00
-255960.442     5.599     0.00    0.00
-255584.250     5.599     0.00    0.00
-255208.059     5.731     0.35    0.81
-254831.868     6.324     1.58    1.81
-254455.679     7.383     2.81    2.55
-254079.489     8.249     2.30    2.56
-253703.301     8.548     0.79    2.27
-253327.113     8.710     0.43    1.82
-252950.926     8.626    -0.22    1.80
-252574.740     8.545    -0.22    1.84
-252198.554     8.950     1.08    1.72
-251822.369     8.958     0.02    1.68
-251446.185     8.815    -0.38    1.36
-251070.001     8.753    -0.17    1.35
-250693.818     9.310     1.48    2.72
-250317.636    10.004     1.85    3.37
-249941.454    10.240     0.63    3.26
-249565.273    11.137     2.39    4.45
-249189.093    10.731    -1.08    4.60
-248812.913     9.627    -2.93    4.34
-248436.734     8.727    -2.39    3.29
-248060.556     7.932    -2.11    2.27
-247684.378     8.137     0.55    3.08
-247308.201     8.702     1.50    3.92
-246932.025     8.399    -0.80    3.66
-246555.849     9.140     1.97    3.78
-246179.674     8.410    -1.94    2.15
-245803.500     7.923    -1.29    2.20
-245427.326     7.950     0.07    2.67
-245051.153     8.155     0.54    2.86
-244674.981     8.874     1.91    3.24
-244298.809     9.189     0.84    3.27
-243922.638     8.950    -0.63    3.08
-243546.467     7.889    -2.82    2.62
-243170.297     7.046    -2.24    1.70
-242794.128     7.009    -0.10    1.46
-242417.960     6.572    -1.16    1.30
-242041.792     6.471    -0.27    1.32
-241665.624     6.321    -0.40    1.21
-241289.458     6.035    -0.76    1.25
-240913.292     5.907    -0.34    1.15
-240537.126     5.662    -0.65    1.16
-240160.962     5.494    -0.45    0.86
-239784.798     5.275    -0.58    0.85
-239408.634     5.302     0.07    0.97
-239032.471     5.441     0.37    1.00
-238656.309     5.356    -0.23    1.12
-238280.147     5.137    -0.58    1.14
-237903.986     5.009    -0.34    0.99
-237527.826     5.140     0.35    1.12
-237151.666     5.317     0.47    1.17
-236775.507     5.471     0.41    1.00
-236399.348     5.625     0.41    0.99
-236023.190     5.653     0.08    1.05
-235647.033     5.727     0.20    1.13
-235270.876     5.653    -0.20    1.10
-234894.720     5.626    -0.07    1.09
-234518.565     5.734     0.29    0.95
-234142.410     5.818     0.22    0.71
-233766.255     5.907     0.24    0.73
-233390.102     5.804    -0.27    0.98
-233013.948     5.627    -0.47    1.06
-232637.796     5.625    -0.01    1.04
-232261.644     5.571    -0.14    1.06
-231885.493     5.548    -0.06    1.00
-231509.342     5.546    -0.00    1.06
-231133.192     5.545    -0.00    1.18
-230757.042     5.275    -0.72    1.51
-230380.893     5.086    -0.50    1.41
-230004.745     4.745    -0.91    1.49
-229628.597     4.460    -0.76    1.20
-229252.450     4.496     0.10    1.14
-228876.303     4.678     0.48    1.38
-228500.157     4.788     0.29    1.39
-228124.011     6.031     3.31    3.75
-227747.866     7.713     4.47    5.60
-227371.722     8.830     2.97    6.01
-226995.578    11.224     6.37    6.59
-226619.435    12.155     2.47    5.95
-226243.292    12.881     1.93    4.83
-225867.150    13.960     2.87    4.26
-225491.009    12.467    -3.97    5.32
-225114.868     9.676    -7.42    6.03
-224738.727     7.231    -6.50    5.81
-224362.587     6.734    -1.32    5.49
-223986.448     6.678    -0.15    4.88
-223610.309     8.224     4.11    3.91
-223234.171    10.155     5.13    3.75
-222858.033    11.394     3.29    3.16
-222481.896    11.810     1.11    2.91
-222105.760    12.896     2.89    3.18
-221729.624    13.950     2.80    3.68
-221353.488    14.571     1.65    4.36
-220977.353    13.009    -4.15    6.17
-220601.219    10.699    -6.14    7.01
-220225.085    11.572     2.32    7.47
-219848.952    12.399     2.20    7.80
-219472.819    12.099    -0.80    7.35
-219096.687    13.046     2.52    6.10
-218720.555    14.707     4.42    3.93
-218344.424    15.112     1.08    3.91
-217968.293    13.627    -3.95    5.51
-217592.163    10.710    -7.75    6.41
-217216.033    10.073    -1.69    6.94
-216839.904     9.377    -1.85    7.20
-216463.776    10.573     3.18    7.38
-216087.648    10.830     0.68    7.26
-215711.520     9.488    -3.57    6.62
-215335.393     6.545    -7.82    5.13
-214959.267     4.788    -4.67    3.51
-214583.141     3.862    -2.46    1.39
-214207.015     4.374     1.36    1.89
-213830.891     4.572     0.53    1.72
-213454.766     4.496    -0.20    1.73
-213078.642     4.362    -0.36    1.78
-212702.519     4.283    -0.21    1.56
-212326.396     4.113    -0.45    1.02
-211950.274     4.061    -0.14    1.19
-211574.152     4.231     0.45    1.22
-211198.030     4.377     0.39    1.24
-210821.909     4.302    -0.20    1.08
-210445.789     4.210    -0.24    1.10
-210069.669     4.061    -0.40    1.02
-209693.550     4.240     0.48    0.96
-209317.431     4.099    -0.37    0.93
-208941.312     4.167     0.18    1.01
-208565.194     4.356     0.50    1.01
-208189.077     4.356     0.00    0.95
-207812.960     4.573     0.58    1.14
-207436.843     4.653     0.21    1.03
-207060.727     4.599    -0.14    1.12
-206684.612     4.727     0.34    1.20
-206308.497     4.727     0.00    1.06
-205932.382     5.275     1.46    1.87
-205556.268     5.599     0.86    2.96
-205180.154     5.967     0.98    3.13
-204804.041     6.960     2.64    4.47
-204427.928     6.572    -1.03    3.50
-204051.816     7.849     3.40    5.00
-203675.704    10.788     7.81    6.62
-203299.593    13.625     7.54    6.78
-202923.482    15.023     3.72    6.19
-202547.372    16.471     3.85    5.87
-202171.262    16.546     0.20    5.77
-201795.153    15.932    -1.63    4.57
-201419.043    15.907    -0.07    4.42
-201042.935    14.113    -4.77    4.71
-200666.827    13.266    -2.25    5.13
-200290.719    13.441     0.47    5.31
-199914.612    14.343     2.40    6.51
-199538.505    15.896     4.13    6.65
-199162.399    15.757    -0.37    6.45
-198786.293    13.849    -5.07    6.18
-198410.188     9.932   -10.41    4.29
-198034.083     9.545    -1.03    3.86
-197657.978    10.167     1.65    4.30
-197281.874    10.734     1.51    4.29
-196905.770    10.383    -0.93    4.49
-196529.667     9.913    -1.25    4.60
-196153.564    10.899     2.62    5.83
-195777.462    12.441     4.10    6.59
-195401.360    14.977     6.74    7.26
-195025.258    17.394     6.43    7.64
-194649.157    21.204    10.13    6.79
-194273.057    23.599     6.37    6.72
-193896.956    24.004     1.08    7.36
-193520.856    24.676     1.79    6.56
-193144.757    23.432    -3.31    5.84
-192768.658    22.231    -3.20    4.19
-192392.559    21.999    -0.62    3.63
-192016.461    21.505    -1.31    3.09
-191640.364    22.073     1.51    2.96
-191264.266    22.275     0.54    2.99
-190888.169    23.410     3.02    3.16
-190512.073    24.950     4.10    2.93
-190135.977    25.627     1.80    2.85
-189759.881    25.231    -1.05    2.78
-189383.736    24.548    -1.82    3.37
-189007.566    23.626    -2.45    3.91
-188631.397    23.783     0.42    3.56
-188255.227    24.343     1.49    3.65
-187879.059    25.061     1.91    3.30
-187502.890    25.815     2.01    3.12
-187126.722    27.599     4.74    4.59
-186750.555    27.460    -0.37    4.99
-186374.388    27.140    -0.85    5.19
-185998.221    26.599    -1.44    4.58
-185622.054    27.818     3.24    5.73
-185245.888    31.266     9.17    4.90
-184869.723    31.967     1.87    4.14
-184493.557    29.460    -6.67    5.71
-184117.392    24.788   -12.42    6.23
-183741.228    21.516    -8.70    4.84
-183365.064    19.467    -5.45    4.29
-182988.900    18.496    -2.58    4.98
-182612.737    17.707    -2.10    5.54
-182236.573    17.467    -0.64    5.70
-181860.411    18.214     1.99    6.60
-181484.249    18.035    -0.48    6.67
-181108.087    20.410     6.31    6.52
-180731.925    23.174     7.35    6.45
-180355.764    27.221    10.76    7.65
-179979.603    32.248    13.36    5.73
-179603.442    34.031     4.74    4.39
-179227.282    33.511    -1.38    5.01
-178851.123    31.291    -5.90    5.46
-178474.963    27.855    -9.13    4.60
-178098.804    26.488    -3.64    3.41
-177722.645    26.907     1.11    3.44
-177346.487    26.960     0.14    3.51
-176970.329    26.680    -0.74    3.97
-176594.171    24.317    -6.28    5.26
-176218.014    21.599    -7.23    5.95
-175841.857    18.783    -7.49    5.71
-175465.700    16.889    -5.04    4.63
-175089.544    15.949    -2.50    5.14
-174713.388    13.383    -6.82    6.50
-174337.232    10.399    -7.93    6.57
-173961.077     6.625   -10.03    4.13
-173584.922     5.599    -2.73    2.83
-173208.767    10.140    12.07    8.20
-172832.613    14.977    12.86    8.72
-172456.459    19.915    13.13    6.67
-172080.305    22.804     7.68    3.41
-171704.152    22.571    -0.62    2.67
-171327.999    22.174    -1.06    2.81
-170951.846    21.310    -2.30    3.01
-170575.694    21.086    -0.60    2.49
-170199.542    20.467    -1.64    2.20
-169823.390    20.266    -0.54    1.66
-169447.238    19.967    -0.79    1.75
-169071.087    19.766    -0.54    1.80
-168694.936    19.266    -1.33    1.58
-168318.786    19.293     0.07    2.20
-167942.636    18.999    -0.78    2.31
-167566.486    18.650    -0.93    2.33
-167190.336    18.685     0.09    3.02
-166814.187    19.058     0.99    3.58
-166438.038    21.058     5.32    5.27
-166061.889    22.257     3.19    5.03
-165685.741    22.702     1.18    5.67
-165309.593    22.437    -0.70    5.78
-164933.445    21.274    -3.09    5.38
-164557.297    19.496    -4.73    3.82
-164181.150    18.152    -3.58    1.61
-163805.003    17.923    -0.61    1.67
-163428.856    17.471    -1.20    1.64
-163052.710    17.163    -0.82    1.71
-162676.564    17.488     0.86    2.56
-162300.418    18.009     1.39    3.75
-161924.272    18.405     1.05    4.31
-161548.127    17.757    -1.72    5.53
-161171.982    16.573    -3.15    5.65
-160795.838    15.287    -3.42    4.62
-160419.693    14.518    -2.04    4.82
-160043.549    13.788    -1.94    5.35
-159667.405    12.572    -3.23    4.99
-159291.261    11.163    -3.75    4.81
-158915.118    10.167    -2.65    4.98
-158538.975     8.907    -3.35    4.60
-158162.832     8.240    -1.77    4.13
-157786.689     8.317     0.20    4.59
-157410.547     9.383     2.83    4.85
-157034.405     9.471     0.23    4.40
-156658.263     9.676     0.55    4.50
-156282.122    10.488     2.16    4.29
-155905.980    11.125     1.69    3.43
-155529.839    11.923     2.12    2.82
-155153.698    11.734    -0.50    2.93
-154777.558    11.266    -1.25    3.62
-154401.418    11.568     0.80    4.85
-154025.278    12.343     2.06    5.66
-153649.138    13.420     2.86    5.84
-153272.998    12.099    -3.51    4.63
-152896.859    11.984    -0.31    3.31
-152520.720    11.599    -1.02    2.25
-152144.581    11.548    -0.14    2.11
-151768.442    10.915    -1.68    1.86
-151392.304    10.415    -1.33    1.56
-151016.166    10.194    -0.59    1.24
-150640.028     9.855    -0.90    1.35
-150263.890     9.009    -2.25    1.68
-149887.752     8.155    -2.27    1.71
-149511.615     7.302    -2.27    1.87
-149135.478     6.842    -1.22    2.78
-148759.341     6.410    -1.15    3.36
-148383.205     5.653    -2.01    3.02
-148007.068     5.776     0.33    3.42
-147630.932     5.445    -0.88    3.30
-147254.796     4.881    -1.50    2.61
-146878.660     4.738    -0.38    2.63
-146502.525     4.266    -1.26    2.26
-146126.389     4.572     0.81    2.77
-145750.254     4.046    -1.40    1.86
-145374.119     3.915    -0.35    1.88
-144997.985     4.035     0.32    1.85
-144621.850     4.518     1.28    2.97
-144245.716     4.915     1.06    3.81
-143869.582     4.824    -0.24    3.25
-143493.448     6.905     5.53    6.14
-143117.314    11.573    12.41   10.17
-142741.181    18.140    17.46   10.18
-142365.047    22.275    10.99    8.00
-141988.914    25.977     9.84    3.87
-141612.781    24.682    -3.44    5.95
-141236.648    22.394    -6.08    8.15
-140860.516    20.074    -6.17    9.70
-140484.383    18.627    -3.85    9.73
-140108.251    16.291    -6.21    9.49
-139732.119    14.178    -5.62    9.43
-139355.987    11.779    -6.38    8.68
-138979.855     9.546    -5.93    7.35
-138603.724     7.753    -4.77    4.94
-138227.593     7.293    -1.22    4.35
-137851.461     6.680    -1.63    3.82
-137475.330     7.573     2.37    4.30
-137099.200     9.342     4.70    5.64
-136723.069    12.061     7.23    6.06
-136346.938    14.394     6.20    5.83
-135970.808    15.960     4.16    5.00
-135594.678    15.761    -0.53    5.21
-135218.548    14.127    -4.35    6.56
-134842.418    10.046   -10.85    6.98
-134466.288     7.149    -7.70    6.14
-134090.159     4.896    -5.99    3.96
-133714.029     4.599    -0.79    1.72
-133337.900     5.415     2.17    2.10
-132961.771     5.625     0.56    1.87
-132585.642     5.788     0.43    2.83
-132209.513     5.599    -0.50    5.43
-131833.385     8.310     7.21    7.54
-131457.256     9.734     3.79    7.75
-131081.128     9.950     0.57    7.25
-130705.000     8.913    -2.76    5.91
-130328.872     6.907    -5.33    4.75
-129952.744     5.625    -3.41    3.57
-129576.616     5.513    -0.30    3.11
-129200.488     6.572     2.81    4.04
-128824.361     7.923     3.59    5.16
-128448.233    11.896    10.56    7.23
-128072.106    15.649     9.98    7.97
-127695.979    17.923     6.05    7.20
-127319.852    19.573     4.39    5.34
-126943.725    18.389    -3.15    5.39
-126567.598    17.907    -1.28    5.08
-126191.471    17.977     0.19    5.23
-125815.345    18.224     0.66    4.63
-125439.218    17.889    -0.89    5.63
-125063.092    16.599    -3.43    6.21
-124686.966    16.410    -0.50    6.65
-124310.840    14.738    -4.45    6.92
-123934.714    13.652    -2.89    6.32
-123558.588    13.291    -0.96    5.76
-123182.462    15.199     5.07    6.12
-122806.336    16.753     4.13    5.30
-122430.211    13.941    -7.48    8.56
-122054.085     8.460   -14.57    9.74
-121677.960     2.625   -15.51    6.68
-121301.835    -0.322    -7.83    0.49
-120925.710    -0.401    -0.21    0.00
-120549.585    -0.401     0.00    0.00
-120173.460    -0.401     0.00    0.00
-119797.335    -0.401     0.00    0.00
-119421.210    -0.401     0.00    0.00
-119045.085    -0.401     0.00    0.00
-118668.961    -0.401     0.00    0.00
-118292.836    -0.401     0.00    0.00
-117916.712    -0.401     0.00    0.00
-117540.587    -0.401     0.00    0.00
-117164.463    -0.401     0.00    0.00
-116788.339    -0.401     0.00    0.00
-116412.215    -0.401     0.00    0.00
-116036.090    -0.401     0.00    0.00
-115659.966    -0.401     0.00    0.00
-115283.843    -0.401     0.00    0.00
-114907.719    -0.401     0.00    0.00
-114531.595    -0.401     0.00    0.00
-114155.462    -0.401     0.00    0.00
-113779.329    -0.401     0.00    0.00
-113403.195    -0.401     0.00    0.00
-113027.062    -0.401     0.00    0.00
-112650.930    -0.401     0.00    0.00
-112274.797    -0.401     0.00    0.00
-111898.664    -0.401     0.00    0.00
-111522.531    -0.401     0.00    0.00
-111146.398    -0.401     0.00    0.00
-110770.266    -0.401     0.00    0.00
-110394.133    -0.401     0.00    0.00
-110018.001    -0.401     0.00    0.00
-109641.868    -0.401     0.00    0.00
-109265.736    -0.401     0.00    0.00
-108889.603    -0.401     0.00    0.00
-108513.471    -0.401     0.00    0.00
-108137.338    -0.401     0.00    0.00
-107761.206    -0.401     0.00    0.00
-107385.074    -0.401     0.00    0.00
-107008.942    -0.401     0.00    0.00
-106632.809    -0.401     0.00    0.00
-106256.677    -0.401     0.00    0.00
-105880.545    -0.401     0.00    0.00
-105504.413    -0.401     0.00    0.00
-105128.281    -0.401     0.00    0.00
-104752.149     0.302     1.87    2.85
-104376.017     4.343    10.74    8.35
-103999.885     9.599    13.97   10.03
-103623.753    13.394    10.09    9.23
-103247.621    17.599    11.18    5.68
-102871.489    18.545     2.51    3.66
-102495.357    17.804    -1.97    4.25
-102119.225    18.189     1.02    3.73
-101743.093    19.291     2.93    2.92
-101366.961    19.905     1.63    3.05
-100990.829    20.310     1.08    3.06
-100614.697    18.302    -5.34    5.41
-100238.565    17.004    -3.45    6.15
 -99862.433    14.113    -7.69    5.69
 -99486.301    11.068    -8.09    4.87
 -99110.169    13.548     6.59    6.35
 -98734.037    14.676     3.00    6.62
 -98357.906    16.516     4.89    6.17
 -97981.774    19.599     8.20    2.98
 -97605.642    18.960    -1.70    3.79
 -97229.510    13.757   -13.83    8.48
 -96853.378     8.599   -13.71    9.67
 -96477.246     3.248   -14.23    7.14
 -96101.114     4.058     2.16    8.20
 -95724.982     8.625    12.14    9.15
 -95348.850    12.224     9.57    7.36
 -94972.718    13.626     3.73    5.04
 -94596.586    11.291    -6.21    5.21
 -94220.454     8.058    -8.59    4.60
 -93844.322     6.680    -3.66    3.42
 -93468.189     8.410     4.60    5.04
 -93092.057    11.170     7.34    5.18
 -92715.925    12.257     2.89    4.23
 -92339.793    11.899    -0.95    4.13
 -91963.661    10.432    -3.90    3.18
 -91587.528     9.548    -2.35    2.60
 -91211.396     9.869     0.85    2.46
 -90835.264    11.073     3.20    2.49
 -90459.131    10.881    -0.51    2.71
 -90082.999    10.967     0.23    2.73
 -89706.866     9.682    -3.42    3.16
 -89330.734     8.783    -2.39    2.67
 -88954.601     8.599    -0.49    2.34
 -88578.469     8.766     0.44    2.49
 -88202.336     8.343    -1.12    2.47
 -87826.203     8.573     0.61    2.83
 -87450.070     9.329     2.01    3.93
 -87073.938    12.518     8.48    6.81
 -86697.805    17.437    13.08    7.93
 -86321.672    21.317    10.32    6.38
 -85945.539    22.702     3.68    3.51
 -85569.406    21.626    -2.86    3.31
 -85193.273    19.394    -5.93    2.56
 -84817.139    17.310    -5.54    2.91
 -84441.006    15.915    -3.71    3.68
 -84064.873    14.545    -3.64    3.81
 -83688.739    13.881    -1.77    3.93
 -83312.606    13.520    -0.96    3.51
 -82936.472    14.016     1.32    3.63
 -82560.339    14.231     0.57    2.98
 -82184.205    14.432     0.54    2.43
 -81808.071    13.907    -1.40    2.45
 -81431.937    13.984     0.20    2.81
 -81055.803    13.805    -0.48    3.34
 -80679.669    14.167     0.96    3.53
 -80303.535    15.221     2.80    3.01
 -79927.401    16.031     2.16    2.60
 -79551.267    15.899    -0.35    2.67
 -79175.132    15.896    -0.01    2.62
 -78798.998    14.599    -3.45    2.48
 -78422.863    14.420    -0.48    2.55
 -78046.729    13.932    -1.30    2.37
 -77670.594    13.194    -1.96    2.39
 -77294.459    12.830    -0.97    2.69
 -76918.324    12.336    -1.31    2.26
 -76542.189    12.377     0.11    2.29
 -76166.054    13.329     2.53    2.08
 -75789.919    14.127     2.12    1.75
 -75413.783    14.994     2.30    1.78
 -75037.648    15.702     1.88    1.39
 -74661.512    15.943     0.64    1.60
 -74285.377    16.336     1.05    1.84
 -73909.241    16.194    -0.38    2.31
 -73533.105    16.238     0.12    2.63
 -73156.969    16.420     0.48    2.39
 -72780.833    16.734     0.84    3.61
 -72404.697    15.061    -4.45    5.62
 -72028.560    11.625    -9.13    8.63
 -71652.424     9.415    -5.88    9.45
 -71276.287    10.178     2.03   10.19
 -70900.150    14.240    10.80   10.05
 -70524.013    19.137    13.02    6.02
 -70147.876    20.655     4.03    2.71
 -69771.739    20.004    -1.73    2.31
 -69395.602    19.248    -2.01    2.62
 -69019.464    18.410    -2.23    2.63
 -68643.327    18.113    -0.79    2.42
 -68267.189    18.485     0.99    2.60
 -67891.051    18.799     0.84    3.01
 -67514.913    19.046     0.66    3.24
 -67138.775    19.543     1.32    3.52
 -66762.637    18.984    -1.49    4.00
 -66386.498    19.625     1.71    3.75
 -66010.360    20.625     2.66    3.94
 -65634.221    21.283     1.75    2.52
 -65258.082    21.343     0.16    2.51
 -64881.943    21.572     0.61    2.57
 -64505.804    18.099    -9.23    7.69
 -64129.665    12.349   -15.29   10.78
 -63753.525     5.285   -18.78    9.38
 -63377.385     1.031   -11.31    5.13
 -63001.246    -0.401    -3.81    0.00
 -62625.106    -0.401     0.00    0.00
 -62248.966    -0.401     0.00    0.00
 -61872.825    -0.401     0.00    0.00
 -61496.685     0.368     2.05    3.54
 -61120.544     0.994     1.66    5.08
 -60744.403     0.761    -0.62    4.94
 -60368.262     0.035    -1.93    2.72
 -59992.121    -0.401    -1.16    0.00
 -59615.980    -0.401     0.00    0.00
 -59239.838    -0.401     0.00    0.00
 -58863.696    -0.401     0.00    0.00
 -58487.554    -0.401     0.00    0.00
 -58111.412    -0.401     0.00    0.00
 -57735.270     0.704     2.94    4.33
 -57359.128     2.880     5.79    7.19
 -56982.985     6.522     9.68    9.55
 -56606.842    12.356    15.51   11.02
 -56230.699    16.155    10.10    9.94
 -55854.556    18.734     6.86    7.47
 -55478.413    19.960     3.26    5.49
 -55102.269    20.125     0.44    3.61
 -54726.125    18.499    -4.32    3.19
 -54349.981    18.410    -0.24    2.87
 -53973.837    17.984    -1.13    3.18
 -53597.692    17.804    -0.48    2.49
 -53221.548    17.753    -0.14    2.68
 -52845.403    17.031    -1.92    3.28
 -52469.258    17.035     0.01    3.35
 -52093.113    17.410     1.00    3.31
 -51716.967    16.815    -1.58    3.74
 -51340.821    16.626    -0.50    3.79
 -50964.676    16.540    -0.23    3.95
 -50588.529    15.932    -1.62    3.94
 -50212.383    15.137    -2.11    4.01
 -49836.237    15.627     1.30    3.72
 -49460.090    15.967     0.91    3.25
 -49083.943    16.655     1.83    2.78
 -48707.796    17.625     2.58    3.01
 -48331.648    19.522     5.04    3.67
 -47955.500    19.113    -1.09    6.37
 -47579.352    16.810    -6.12    8.94
 -47203.204    16.204    -1.61    9.35
 -46827.056    16.804     1.59    8.00
 -46450.907    18.383     4.20    7.28
 -46074.758    19.420     2.76    5.86
 -45698.609    19.804     1.02    4.84
 -45322.460    19.896     0.25    4.42
 -44946.310    20.707     2.16    3.65
 -44570.161    21.950     3.31    3.70
 -44194.011    22.163     0.57    3.12
 -43817.860    22.317     0.41    3.39
 -43441.710    22.970     1.74    3.18
 -43065.559    22.471    -1.33    3.33
 -42689.408    22.113    -0.95    3.45
 -42313.256    21.182    -2.47    6.27
 -41937.105    19.836    -3.58    8.05
 -41560.953    18.836    -2.66    8.48
 -41184.801    19.862     2.73    8.03
 -40808.648    21.783     5.11    6.67
 -40432.496    24.124     6.22    3.40
 -40056.343    24.293     0.45    5.00
 -39680.190    21.874    -6.43    8.90
 -39304.056    19.984    -5.03   10.74
 -38927.957    18.293    -4.49   11.92
 -38551.859    13.761   -12.05   13.05
 -38175.760     9.086   -12.43   12.12
 -37799.661     9.058    -0.07   12.13
 -37423.561    11.394     6.21   12.23
 -37047.461    16.140    12.62   11.88
 -36671.361    22.549    17.04    8.28
 -36295.261    23.420     2.31    7.39
 -35919.161    19.004   -11.74   11.34
 -35543.060    14.546   -11.85   13.11
 -35166.959     8.394   -16.36   12.14
 -34790.857     3.204   -13.80    8.56
 -34414.755     0.071    -8.33    2.83
 -34038.653    -0.401    -1.26    0.00
 -33662.551    -0.401     0.00    0.00
 -33286.448    -0.401     0.00    0.00
 -32910.346    -0.401     0.00    0.00
 -32534.242    -0.401     0.00    0.00
 -32158.139    -0.401     0.00    0.00
 -31782.035    -0.401     0.00    0.00
 -31405.931    -0.401     0.00    0.00
 -31029.827    -0.401     0.00    0.00
 -30653.722    -0.401     0.00    0.00
 -30277.617    -0.401     0.00    0.00
 -29901.511    -0.401     0.00    0.00
 -29525.406    -0.401     0.00    0.00
 -29149.300    -0.401     0.00    0.00
 -28773.194    -0.111     0.77    1.78
 -28397.087     2.522     7.00    7.56
 -28020.980     4.432     5.08    9.73
 -27644.873     8.650    11.21   12.36
 -27268.765    12.293     9.69   12.91
 -26892.657    15.152     7.60   12.62
 -26516.549    19.112    10.53   10.56
 -26140.441    22.412     8.77    6.09
 -25764.332    23.178     2.04    3.51
 -25388.223    22.731    -1.19    3.65
 -25012.113    22.167    -1.50    3.39
 -24636.003    21.573    -1.58    3.54
 -24259.893    21.329    -0.65    3.65
 -23883.783    22.163     2.22    3.84
 -23507.672    22.445     0.75    3.53
 -23131.561    22.467     0.06    2.86
 -22755.449    21.941    -1.40    2.52
 -22379.337    21.291    -1.73    1.88
 -22003.225    21.394     0.27    1.96
 -21627.112    21.905     1.36    2.21
 -21250.999    22.329     1.13    2.36
 -20874.886    22.680     0.93    2.29
 -20498.773    22.383    -0.79    2.38
 -20122.659    22.761     1.01    2.01
 -19746.544    22.443    -0.85    2.32
 -19370.430    21.958    -1.29    1.99
 -18994.315    21.753    -0.55    2.18
 -18618.199    21.710    -0.11    2.44
 -18242.083    20.932    -2.07    2.71
 -17865.967    20.437    -1.32    2.87
 -17489.851    20.678     0.64    2.78
 -17113.734    20.625    -0.14    2.70
 -16737.617    20.984     0.95    3.00
 -16361.499    21.761     2.07    2.40
 -15985.381    21.573    -0.50    2.72
 -15609.263    21.774     0.54    2.85
 -15233.144    21.071    -1.87    2.61
 -14857.025    20.383    -1.83    2.64
 -14480.905    20.221    -0.43    2.54
 -14104.786    18.626    -4.24    2.03
 -13728.665    17.653    -2.59    2.52
 -13352.545    17.849     0.52    2.74
 -12976.424    17.774    -0.20    2.73
 -12600.302    18.702     2.47    3.47
 -12224.181    20.167     3.90    3.63
 -11848.058    21.086     2.44    3.36
 -11471.936    20.707    -1.01    6.37
 -11095.813    18.310    -6.37    8.40
 -10719.689    17.112    -3.18    9.09
 -10343.566    16.650    -1.23    8.98
  -9967.442    17.377     1.93    9.06
  -9591.317    18.967     4.23    8.06
  -9215.192    22.137     8.43    3.62
  -8839.067    22.405     0.71    3.00
  -8462.941    21.958    -1.19    2.36
  -8086.815    21.869    -0.24    2.67
  -7710.688    21.707    -0.43    2.69
  -7334.561    20.653    -2.80    2.96
  -6958.434    19.821    -2.21    3.34
  -6582.306    18.496    -3.52    3.04
  -6206.178    17.824    -1.79    2.75
  -5830.049    17.707    -0.31    2.84
  -5453.920    17.676    -0.08    3.22
  -5077.790    18.125     1.19    3.66
  -4701.661    18.548     1.12    3.78
  -4325.530    19.896     3.59    4.05
  -3949.399    20.881     2.62    4.82
  -3573.268    21.896     2.70    4.91
  -3197.137    22.869     2.59    4.78
  -2821.005    22.815    -0.14    4.03
  -2444.872    20.885    -5.13    7.71
  -2068.739    20.240    -1.71    8.30
  -1692.606    18.343    -5.04    8.32
  -1316.472    15.628    -7.22    9.53
   -940.338    10.410   -13.87   10.45
   -564.203     4.788   -14.95    8.89
   -188.068     1.125    -9.74    5.12
    188.068     1.574     1.19    5.90
    564.204     5.086     9.34    9.65
    940.340     9.389    11.44   10.90
   1316.477    13.994    12.24   10.13
   1692.614    16.994     7.98    7.48
   2068.752    19.734     7.29    2.74
   2444.890    19.449    -0.76    2.74
   2821.029    18.994    -1.21    2.40
   3197.168    17.707    -3.42    3.00
   3573.308    16.707    -2.66    3.35
   3949.448    16.071    -1.69    3.40
   4325.588    16.368     0.79    3.55
   4701.730    16.471     0.27    3.72
   5077.871    17.513     2.77    3.05
   5454.013    17.889     1.00    2.51
   5830.155    18.031     0.38    1.97
   6206.298    17.849    -0.49    2.09
   6582.442    18.189     0.90    2.04
   6958.585    18.923     1.95    1.75
   7334.730    19.599     1.80    1.59
   7710.875    19.836     0.63    1.67
   8087.020    20.274     1.16    1.75
   8463.166    20.437     0.43    1.42
   8839.312    20.749     0.83    1.69
   9215.459    21.471     1.92    2.12
   9591.606    22.043     1.52    2.20
   9967.753    23.248     3.20    2.23
  10343.902    24.058     2.16    2.26
  10720.050    24.815     2.01    1.97
  11096.200    25.548     1.95    2.04
  11472.349    25.742     0.52    1.85
  11848.499    25.727    -0.04    2.08
  12224.650    25.731     0.01    2.17
  12600.801    25.599    -0.35    2.10
  12976.953    25.009    -1.57    2.16
  13353.105    24.441    -1.51    1.79
  13729.258    23.810    -1.68    1.61
  14105.411    22.836    -2.59    1.44
  14481.565    22.445    -1.04    1.25
  14857.719    22.058    -1.03    1.54
  15233.873    22.445     1.03    1.69
  15610.029    22.174    -0.72    1.81
  15986.184    21.970    -0.54    1.77
  16362.341    21.653    -0.84    1.84
  16738.497    20.626    -2.73    1.55
  17114.655    20.788     0.43    2.26
  17490.812    19.653    -3.02    5.52
  17866.971    16.321    -8.86    9.15
  18243.130    12.224   -10.89   11.17
  18619.289     9.061    -8.41   10.60
  18995.449    10.004     2.51   10.29
  19371.609    12.941     7.81   10.26
  19747.770    18.125    13.78    7.28
  20123.932    20.291     5.76    2.48
  20500.094    20.518     0.60    2.11
  20876.256    19.984    -1.42    2.39
  21252.420    18.655    -3.53    2.41
  21628.583    17.830    -2.19    2.08
  22004.747    17.061    -2.04    1.92
  22380.912    16.849    -0.56    1.81
  22757.077    16.257    -1.57    1.94
  23133.243    15.464    -2.11    2.19
  23509.410    14.437    -2.73    2.58
  23885.577    13.680    -2.01    3.00
  24261.744    13.460    -0.58    3.16
  24637.912    13.862     1.07    3.24
  25014.081    14.420     1.48    2.85
  25390.250    15.329     2.42    2.16
  25766.420    15.240    -0.24    1.80
  26142.590    15.086    -0.41    1.54
  26518.761    16.009     2.45    2.66
  26894.932    17.221     3.22    2.94
  27271.104    18.343     2.98    2.73
  27647.277    19.464     2.98    1.86
  28023.450    18.204    -3.35    3.34
  28399.623    16.815    -3.69    5.11
  28775.798    14.380    -6.47    5.22
  29151.972    13.086    -3.44    5.15
  29528.148    12.020    -2.83    4.10
  29904.324    11.432    -1.56    3.36
  30280.500    13.112     4.46    4.12
  30656.677    15.905     7.42    4.96
  31032.855    15.112    -2.11    7.13
  31409.033    16.336     3.25    8.53
  31785.212    18.194     4.94    8.75
  32161.392    19.889     4.51    8.53
  32537.572    22.676     7.41    4.73
  32913.752    25.299     6.97    5.91
  33289.934    28.842     9.42    6.86
  33666.115    31.189     6.24    6.21
  34042.298    33.941     7.32    3.86
  34418.481    33.248    -1.84    3.32
  34794.664    32.680    -1.51    3.25
  35170.849    31.770    -2.42    4.22
  35547.033    28.804    -7.89    4.91
  35923.131    26.324    -6.59    4.04
  36299.191    25.210    -2.96    3.38
  36675.252    25.368     0.42    3.40
  37051.313    24.877    -1.31    3.35
  37427.375    24.204    -1.79    3.35
  37803.438    23.266    -2.50    3.62
  38179.501    22.125    -3.03    3.01
  38555.565    22.257     0.35    3.13
  38931.629    22.420     0.43    3.76
  39307.695    23.749     3.54    3.61
  39683.760    24.599     2.26    4.18
  40059.827    24.999     1.06    3.91
  40435.894    26.310     3.48    4.71
  40811.961    28.572     6.02    5.05
  41188.029    30.058     3.95    4.57
  41564.098    31.682     4.32    3.73
  41940.168    30.881    -2.13    4.18
  42316.238    28.999    -5.00    4.47
  42692.308    28.950    -0.13    4.20
  43068.380    27.924    -2.73    3.72
  43444.452    27.178    -1.98    4.02
  43820.525    26.283    -2.38    4.12
  44196.598    26.599     0.84    4.84
  44572.672    27.727     3.00    5.79
  44948.746    29.349     4.31    5.91
  45324.822    31.766     6.43    5.49
  45700.897    33.907     5.69    4.09
  46076.974    35.342     3.82    3.24
  46453.051    35.548     0.55    3.15
  46829.129    34.009    -4.09    4.17
  47205.207    32.877    -3.01    4.07
  47581.286    33.194     0.84    4.04
  47957.366    33.653     1.22    3.88
  48333.447    34.099     1.19    3.19
  48709.528    33.573    -1.40    3.19
  49085.610    33.356    -0.58    3.36
  49461.692    33.932     1.53    2.79
  49837.775    33.889    -0.12    3.45
  50213.859    32.152    -4.62    4.97
  50589.943    29.491    -7.07    6.05
  50966.028    25.599   -10.35    6.03
  51342.114    22.073    -9.38    3.94
  51718.201    21.766    -0.82    2.92
  52094.288    21.441    -0.86    2.83
  52470.376    20.182    -3.35    4.16
  52846.464    19.112    -2.85    5.21
  53222.553    17.779    -3.55    5.41
  53598.643    18.872     2.91    5.85
  53974.734    22.058     8.47    5.57
  54350.825    24.707     7.04    4.11
  54726.917    26.437     4.60    1.86
  55103.009    27.189     2.00    2.00
  55479.103    27.545     0.95    2.07
  55855.197    26.958    -1.56    4.73
  56231.291    25.548    -3.75    6.80
  56607.387    24.727    -2.18    8.01
  56983.483    25.572     2.25    7.30
  57359.579    24.855    -1.91    7.64
  57735.677    25.757     2.40    6.72
  58111.775    26.182     1.13    7.06
  58487.874    27.329     3.05    5.84
  58863.974    29.043     4.56    2.37
  59240.074    29.140     0.26    1.77
  59616.175    29.573     1.15    1.78
  59992.277    29.974     1.07    2.01
  60368.379    29.546    -1.14    2.36
  60744.482    29.046    -1.33    2.90
  61120.586    29.321     0.73    2.30
  61496.691    29.855     1.42    2.15
  61872.796    30.329     1.26    2.41
  62248.902    29.368    -2.55    3.94
  62625.009    28.467    -2.40    4.62
  63001.116    28.368    -0.26    4.46
  63377.224    26.275    -5.57    6.11
  63753.333    24.546    -4.60    7.35
  64129.443    24.804     0.69    7.01
  64505.553    25.460     1.74    6.70
  64881.664    25.086    -1.00    7.93
  65257.776    22.842    -5.96   10.19
  65633.889    21.599    -3.31   10.12
  66010.002    22.004     1.08    9.86
  66386.116    22.399     1.05    8.90
  66762.231    26.024     9.64    4.57
  67138.346    27.178     3.07    2.67
  67514.463    25.167    -5.35    5.11
  67890.580    21.958    -8.53    6.91
  68266.697    18.757    -8.51    6.80
  68642.816    17.915    -2.24    6.91
  69018.935    17.757    -0.42    6.95
  69395.055    17.368    -1.03    6.78
  69771.176    19.016     4.38    6.75
  70147.298    18.994    -0.06    6.25
  70523.420    19.899     2.41    5.71
  70899.543    21.285     3.68    4.95
  71275.667    21.221    -0.17    4.69
  71651.791    20.058    -3.09    5.00
  72027.917    18.896    -3.09    4.34
  72404.043    18.167    -1.94    4.07
  72780.170    18.182     0.04    3.31
  73156.297    19.163     2.61    3.53
  73532.426    20.035     2.32    3.32
  73908.555    20.545     1.36    3.67
  74284.685    19.099    -3.84    4.64
  74660.816    17.061    -5.42    5.98
  75036.947    16.009    -2.79    6.18
  75413.080    15.761    -0.66    6.88
  75789.213    16.086     0.86    6.35
  76165.347    17.738     4.39    5.76
  76541.481    19.283     4.11    5.70
  76917.617    20.257     2.59    4.94
  77293.753    22.287     5.40    4.98
  77669.890    23.086     2.13    4.76
  78046.028    23.275     0.50    5.01
  78422.166    24.738     3.89    4.57
  78798.306    25.977     3.30    3.43
  79174.446    26.321     0.91    3.13
  79550.587    25.415    -2.41    3.92
  79926.729    22.625    -7.42    5.73
  80302.871    21.491    -3.01    5.82
  80679.015    21.009    -1.28    5.96
  81055.159    21.214     0.55    6.44
  81431.304    19.907    -3.48    6.76
  81807.450    19.031    -2.33    6.20
  82183.597    19.830     2.12    5.94
  82559.744    19.950     0.32    6.01
  82935.892    22.734     7.40    6.10
  83312.041    24.680     5.17    4.73
  83688.191    27.305     6.98    2.26
  84064.342    27.214    -0.24    1.93
  84440.494    27.061    -0.41    2.10
  84816.646    26.849    -0.56    2.45
  85192.799    26.441    -1.08    3.21
  85568.953    26.682     0.64    3.32
  85945.108    27.389     1.88    3.15
  86321.264    28.240     2.26    2.30
  86697.420    28.761     1.39    2.29
  87073.577    28.678    -0.22    2.46
  87449.736    28.362    -0.84    2.71
  87825.895    28.625     0.70    2.76
  88202.054    28.140    -1.29    3.66
  88578.215    27.702    -1.16    3.72
  88954.377    27.317    -1.02    3.71
  89330.539    27.058    -0.69    3.96
  89706.702    27.275     0.57    3.88
  90082.866    27.545     0.72    3.95
  90459.031    27.163    -1.02    4.06
  90835.197    25.496    -4.43    4.53
  91211.363    23.742    -4.66    5.31
  91587.531    22.445    -3.45    4.55
  91963.699    23.004     1.49    4.77
  92339.868    25.155     5.72    5.23
  92716.038    27.310     5.73    4.09
  93092.209    29.178     4.97    2.60
  93468.381    29.625     1.19    2.80
  93844.554    28.889    -1.96    2.96
  94220.727    28.599    -0.77    2.97
  94596.901    27.571    -2.73    3.36
  94973.077    26.524    -2.78    4.23
  95349.253    25.035    -3.96    4.67
  95725.430    23.238    -4.78    5.71
  96101.607    21.464    -4.72    5.48
  96477.786    19.491    -5.24    5.14
  96853.966    18.869    -1.65    5.11
  97230.146    18.676    -0.51    6.40
  97606.327    18.140    -1.43    7.40
  97982.510    15.974    -5.76    8.65
  98358.693    14.009    -5.22    8.79
  98734.877    10.464    -9.42    8.58
  99111.062     6.889    -9.50    7.47
  99487.247     3.753    -8.34    5.00
  99863.434     2.073    -4.47    2.61
 100239.621     1.599    -1.26    0.00
 100615.810     1.599     0.00    0.00
 100991.999     1.599     0.00    0.00
 101368.189     1.599     0.00    0.00
 101744.380     1.599     0.00    0.00
 102120.573     1.599     0.00    0.00
 102496.765     3.707     5.60    5.50
 102872.959     5.707     5.32    6.97
 103249.154     7.757     5.45    8.36
 103625.350     9.810     5.46    8.84
 104001.546    11.627     4.83    9.94
 104377.744    14.573     7.83   10.18
 104753.942    17.522     7.84    9.01
 105130.141    20.058     6.74    8.62
 105506.341    20.167     0.29    9.03
 105882.542    17.125    -8.08   10.47
 106258.744    15.779    -3.58   10.16
 106634.947    16.155     1.00   10.38
 107011.151    20.009    10.25   11.26
 107387.356    25.738    15.23    7.72
 107763.562    26.994     3.34    6.70
 108139.768    27.009     0.04    6.08
 108515.976    24.880    -5.66    6.37
 108892.184    24.652    -0.61    6.30
 109268.394    25.437     2.09    6.20
 109644.604    24.329    -2.95    8.00
 110020.815    25.548     3.24    7.57
 110397.028    26.329     2.08    8.52
 110773.231    28.317     5.29    5.54
 111149.255    29.189     2.32    2.78
 111525.280    29.815     1.67    2.06
 111901.306    29.494    -0.85    2.22
 112277.333    29.625     0.35    2.40
 112653.361    29.086    -1.43    2.63
 113029.389    29.221     0.36    3.06
 113405.419    29.783     1.50    3.07
 113781.450    30.815     2.74    2.86
 114157.482    30.383    -1.15    2.98
 114533.514    29.977    -1.08    3.37
 114909.548    28.287    -4.50    4.18
 115285.582    26.804    -3.94    5.49
 115661.618    26.368    -1.16    6.12
 116037.654    27.238     2.31    5.40
 116413.692    28.881     4.37    4.52
 116789.730    30.004     2.99    3.97
 117165.770    30.599     1.58    3.59
 117541.810    31.178     1.54    3.67
 117917.851    31.257     0.21    3.85
 118293.894    30.383    -2.32    4.23
 118669.937    28.599    -4.74    4.55
 119045.981    26.574    -5.39    4.18
 119422.026    25.238    -3.55    2.70
 119798.072    25.356     0.31    2.80
 120174.120    26.194     2.23    2.65
 120550.168    26.140    -0.14    2.67
 120926.217    24.383    -4.67    4.71
 121302.267    22.199    -5.81    6.03
 121678.318    21.324    -2.33    6.10
 122054.370    21.009    -0.84    6.07
 122430.423    21.140     0.35    5.27
 122806.477    22.676     4.09    5.36
 123182.532    23.491     2.17    5.65
 123558.588    24.836     3.58    5.61
 123934.645    27.445     6.94    4.11
 124310.703    26.420    -2.73    4.73
 124686.762    27.043     1.66    4.99
 125062.823    27.625     1.55    5.11
 125438.884    28.650     2.73    5.20
 125814.946    30.599     5.18    4.44
