-254644.846    55.352     0.00    2.04
-254268.482    55.672     0.85    2.45
-253892.120    56.357     1.82    1.93
-253515.761    55.925    -1.15    2.69
-253139.405    55.775    -0.40    3.13
-252763.051    55.568    -0.55    3.07
-252386.700    55.749     0.48    3.07
-252010.351    56.083     0.89    2.99
-251634.004    55.978    -0.28    2.94
-251257.661    55.672    -0.81    3.06
-250881.319    55.172    -1.33    2.90
-250504.981    55.339     0.44    2.77
-250128.644    54.954    -1.02    2.58
-249752.311    54.600    -0.94    2.68
-249375.980    54.006    -1.58    3.15
-248999.651    53.211    -2.11    2.89
-248623.325    52.211    -2.66    2.78
-248247.001    51.573    -1.69    2.40
-247870.680    51.006    -1.51    2.22
-247494.361    51.222     0.57    2.54
-247118.045    51.600     1.01    2.72
-246741.731    52.168     1.51    2.76
-246365.420    52.818     1.73    2.66
-245989.112    52.442    -1.00    2.26
-245612.805    52.262    -0.48    2.19
-245236.502    51.950    -0.83    2.03
-244860.201    52.852     2.40    2.55
-244483.902    53.450     1.59    2.76
-244107.606    53.672     0.59    2.81
-243731.312    53.544    -0.34    2.99
-243355.021    53.438    -0.28    3.15
-242978.732    53.243    -0.52    2.86
-242602.446    53.339     0.26    3.04
-242226.162    53.531     0.51    2.90
-241849.881    52.681    -2.26    3.18
-241473.602    51.544    -3.02    3.68
-241097.326    50.032    -4.02    3.27
-240721.052    50.060     0.07    3.32
-240344.780    49.627    -1.15    3.07
-239968.511    49.645     0.05    2.98
-239592.245    49.621    -0.06    2.74
-239215.981    50.256     1.69    2.86
-238839.719    50.756     1.33    2.52
-238463.460    51.083     0.87    2.89
-238087.203    51.478     1.05    3.18
-237710.949    52.190     1.89    2.81
-237334.698    52.595     1.08    2.76
-236958.448    53.085     1.30    2.48
-236582.202    53.900     2.17    2.25
-236205.957    54.453     1.47    1.86
-235829.715    54.756     0.80    2.37
-235453.476    54.384    -0.99    3.31
-235077.239    53.431    -2.53    4.05
-234701.004    52.236    -3.17    4.27
-234324.772    51.256    -2.61    3.77
-233948.542    50.789    -1.24    3.34
-233572.315    51.561     2.05    3.24
-233196.090    51.716     0.41    2.99
-232819.868    51.256    -1.22    2.83
-232443.648    51.311     0.15    2.84
-232067.431    49.581    -4.60    4.36
-231691.216    46.384    -8.50    6.51
-231315.003    43.195    -8.48    7.80
-230938.793    40.006    -8.48    8.16
-230562.585    38.929    -2.86    7.75
-230186.380    37.339    -4.23    8.37
-229810.177    37.190    -0.40    7.56
-229433.976    36.356    -2.22    7.22
-229057.778    34.950    -3.74    5.47
-228681.582    35.831     2.34    4.53
-228305.389    37.442     4.28    4.84
-227929.198    39.756     6.15    4.72
-227553.010    42.303     6.77    4.58
-227176.824    44.627     6.18    4.30
-226800.640    46.716     5.55    4.15
-226424.459    49.006     6.09    3.57
-226048.280    49.708     1.87    2.98
-225672.104    49.956     0.66    2.86
-225295.930    51.339     3.68    3.37
-224919.758    51.558     0.58    3.23
-224543.589    51.243    -0.84    3.58
-224167.422    52.929     4.48    7.01
-223791.257    57.795    12.94   10.50
-223415.095    63.533    15.26   11.85
-223038.936    68.903    14.28    9.58
-222662.779    72.465     9.47    5.83
-222286.624    71.781    -1.82    5.75
-221910.471    70.160    -4.31    5.12
-221534.321    70.463     0.81    4.90
-221158.173    70.276    -0.50    4.71
-220782.028    70.519     0.65    3.89
-220405.885    70.664     0.38    3.79
-220029.745    69.467    -3.18    4.81
-219653.606    68.817    -1.73    5.48
-219277.471    66.298    -6.69    5.57
-218901.337    62.903    -9.03    6.77
-218525.206    60.558    -6.23    7.25
-218149.077    58.276    -6.07    7.53
-217772.951    56.427    -4.92    7.80
-217396.827    54.365    -5.48    7.10
-217020.705    54.006    -0.95    6.48
-216644.586    52.749    -3.34    6.07
-216268.469    51.950    -2.12    6.31
-215892.355    52.313     0.97    6.79
-215516.242    52.211    -0.27    7.01
-215140.133    53.099     2.36    6.64
-214764.025    54.627     4.06    6.28
-214387.920    55.952     3.52    5.71
-214011.817    57.600     4.38    5.62
-213635.717    60.927     8.84    5.96
-213259.619    63.089     5.75    4.53
-212883.523    63.801     1.89    4.36
-212507.430    64.288     1.30    4.06
-212131.338    64.698     1.09    3.82
-211755.250    66.708     5.35    4.13
-211379.163    67.716     2.68    3.76
-211003.079    67.544    -0.46    3.28
-210626.998    67.117    -1.14    2.69
-210250.918    65.954    -3.09    2.44
-209874.841    65.783    -0.45    2.55
-209498.766    65.874     0.24    2.68
-209122.694    65.236    -1.70    3.31
-208746.624    63.881    -3.61    3.82
-208370.556    61.506    -6.32    4.55
-207994.491    60.927    -1.54    4.70
-207618.428    61.006     0.21    4.81
-207242.367    59.672    -3.55    5.38
-206866.308    60.681     2.68    5.76
-206490.252    60.108    -1.52    5.37
-206114.198    59.031    -2.86    5.60
-205738.147    58.878    -0.41    5.44
-205362.098    58.654    -0.59    4.33
-204986.051    58.724     0.18    4.12
-204610.006    60.313     4.23    4.52
-204233.964    62.033     4.57    4.12
-203857.924    63.544     4.02    3.32
-203481.886    63.087    -1.22    3.55
-203105.851    60.384    -7.19    5.64
-202729.818    56.724    -9.73    8.60
-202353.787    51.662   -13.46    8.40
-201977.758    49.698    -5.22    6.84
-201601.732    48.416    -3.41    4.81
-201225.708    47.478    -2.49    3.06
-200849.687    47.954     1.27    2.96
-200473.667    48.384     1.14    2.85
-200097.650    48.903     1.38    2.73
-199721.635    49.262     0.95    3.31
-199345.623    48.427    -2.22    3.28
-198969.613    47.295    -3.01    3.32
-198593.605    45.211    -5.54    4.79
-198217.599    40.431   -12.71    8.14
-197841.596    35.141   -14.07    7.65
-197465.595    31.195   -10.49    5.20
-197089.596    28.848    -6.24    2.95
-196713.599    29.006     0.42    2.64
-196337.605    29.898     2.37    4.01
-195961.613    31.565     4.43    6.09
-195585.623    35.390    10.18    7.90
-195209.635    39.416    10.71    7.99
-194833.650    43.756    11.54    5.33
-194457.667    46.672     7.76    3.21
-194081.686    47.708     2.76    3.04
-193705.708    47.903     0.52    2.63
-193329.732    47.322    -1.55    2.48
-192953.758    46.929    -1.04    2.08
-192577.786    46.681    -0.66    2.32
-192201.817    46.390    -0.77    3.07
-191825.849    46.056    -0.89    4.04
-191449.884    46.561     1.34    4.27
-191073.922    46.384    -0.47    4.07
-190697.961    47.222     2.23    4.22
-190322.003    47.168    -0.14    4.07
-189946.047    46.925    -0.65    4.50
-189570.093    46.645    -0.74    4.76
-189194.142    46.806     0.43    4.47
-188818.192    47.570     2.03    4.15
-188442.245    48.141     1.52    3.24
-188066.300    47.826    -0.84    3.18
-187690.358    48.216     1.04    2.77
-187314.417    48.637     1.12    3.03
-186938.479    48.558    -0.21    2.60
-186562.543    48.288    -0.72    2.73
-186186.610    46.871    -3.77    3.31
-185810.678    44.900    -5.24    2.48
-185434.749    43.956    -2.51    2.16
-185058.822    43.256    -1.86    2.12
-184682.897    43.348     0.25    2.02
-184306.974    43.600     0.67    1.74
-183931.054    44.060     1.22    1.61
-183555.136    44.438     1.01    1.97
-183179.220    44.339    -0.26    2.00
-182803.306    44.621     0.75    1.27
-182427.394    44.365    -0.68    1.46
-182051.485    44.519     0.41    1.56
-181675.578    44.826     0.82    2.11
-181299.673    45.236     1.09    2.55
-180923.770    45.442     0.55    2.65
-180547.869    44.952    -1.30    3.09
-180171.971    44.570    -1.02    2.68
-179796.075    44.172    -1.06    2.44
-179419.827    43.900    -0.72    2.40
-179043.495    43.570    -0.88    2.34
-178667.164    43.976     1.08    2.35
-178290.837    44.211     0.62    2.21
-177914.511    44.276     0.17    2.19
-177538.187    44.384     0.29    2.13
-177161.866    44.898     1.36    2.45
-176785.547    45.283     1.03    2.70
-176409.230    45.339     0.15    2.71
-176032.915    45.128    -0.56    2.93
-175656.603    44.438    -1.83    3.21
-175280.292    44.083    -0.94    3.38
-174903.984    44.400     0.84    3.78
-174527.678    45.801     3.72    4.19
-174151.374    47.817     5.36    3.70
-173775.072    49.006     3.16    2.09
-173398.773    49.087     0.22    2.11
-173022.476    48.330    -2.01    2.59
-172646.180    47.558    -2.05    3.30
-172269.887    46.920    -1.70    3.53
-171893.596    46.416    -1.34    4.11
-171517.308    47.262     2.25    3.50
-171141.021    47.756     1.31    2.52
-170764.737    46.762    -2.64    3.38
-170388.454    45.195    -4.17    4.03
-170012.174    44.979    -0.57    3.70
-169635.896    44.981     0.00    3.73
-169259.621    45.276     0.78    3.81
-168883.347    46.698     3.78    2.27
-168507.075    46.795     0.26    2.28
-168130.806    46.453    -0.91    2.71
-167754.539    44.303    -5.71    4.81
-167378.274    42.281    -5.37    5.70
-167002.011    41.269    -2.69    6.04
-166625.750    39.546    -4.58    5.63
-166249.491    39.979     1.15    5.34
-165873.235    39.949    -0.08    4.77
-165496.980    40.288     0.90    4.63
-165120.728    42.570     6.07    3.88
-164744.478    43.606     2.75    2.92
-164368.230    43.627     0.06    3.41
-163991.984    43.438    -0.50    3.28
-163615.740    41.817    -4.31    3.34
-163239.499    42.031     0.57    2.83
-162863.259    42.465     1.15    3.10
-162487.022    43.216     2.00    3.37
-162110.786    44.400     3.15    2.75
-161734.553    45.595     3.18    2.90
-161358.322    46.060     1.23    2.59
-160982.093    46.356     0.79    2.63
-160605.866    46.532     0.47    2.30
-160229.642    46.756     0.59    2.42
-159853.419    47.006     0.66    2.15
-159477.199    46.200    -2.14    2.53
-159100.980    45.822    -1.01    3.18
-158724.764    43.442    -6.33    5.05
-158348.550    42.917    -1.39    5.21
-157972.338    42.927     0.02    4.91
-157596.128    43.795     2.31    3.78
-157219.920    44.672     2.33    2.84
-156843.714    44.416    -0.68    2.50
-156467.510    44.085    -0.88    2.85
-156091.308    44.031    -0.14    2.82
-155715.109    44.006    -0.07    2.94
-155338.911    44.313     0.82    2.71
-154962.716    44.303    -0.03    2.79
-154586.523    43.556    -1.99    3.04
-154210.331    43.057    -1.33    3.27
-153834.142    42.756    -0.80    3.23
-153457.955    43.492     1.96    3.23
-153081.770    43.627     0.36    2.73
-152705.587    43.600    -0.07    2.68
-152329.406    43.185    -1.10    3.03
-151953.228    42.829    -0.95    3.27
-151577.051    44.506     4.46    4.19
-151200.876    45.900     3.71    4.04
-150824.704    47.145     3.31    3.02
-150448.533    47.570     1.13    2.72
-150072.365    46.654    -2.43    2.31
-149696.198    45.874    -2.07    2.60
-149320.034    45.216    -1.75    2.70
-148943.872    45.288     0.19    2.77
-148567.712    45.168    -0.32    2.89
-148191.553    45.900     1.95    3.13
-147815.397    46.281     1.01    3.16
-147439.243    46.617     0.89    3.56
-147063.091    46.681     0.17    3.50
-146686.941    45.871    -2.16    3.28
-146310.793    46.033     0.43    3.03
-145934.647    45.654    -1.01    3.31
-145558.504    45.577    -0.21    3.42
-145182.362    44.856    -1.92    3.56
-144806.222    44.400    -1.21    3.56
-144430.084    43.681    -1.91    3.80
-144053.949    43.544    -0.36    3.68
-143677.815    43.295    -0.66    3.92
-143301.683    43.506     0.56    3.95
-142925.554    44.006     1.33    3.88
-142549.426    44.262     0.68    4.28
-142173.301    44.311     0.13    4.52
-141797.177    43.558    -2.00    5.24
-141421.056    43.056    -1.34    5.23
-141044.936    41.434    -4.31    5.15
-140668.819    41.303    -0.35    4.94
-140292.703    41.465     0.43    4.17
-139916.590    41.141    -0.86    4.04
-139540.478    39.871    -3.38    3.88
-139164.369    39.950     0.21    4.21
-138788.262    40.236     0.76    4.87
-138412.156    40.954     1.91    5.41
-138036.053    42.006     2.80    5.66
-137659.951    43.288     3.41    4.71
-137283.852    42.801    -1.30    4.61
-136907.755    43.493     1.84    4.45
-136531.659    44.141     1.72    4.24
-136155.566    45.006     2.30    4.19
-135779.475    45.978     2.59    2.14
-135403.385    45.479    -1.33    2.02
-135027.298    44.927    -1.47    2.27
-134651.212    44.818    -0.29    2.49
-134275.129    44.519    -0.80    2.51
-133899.048    44.330    -0.50    3.09
-133522.968    44.228    -0.27    3.17
-133146.891    43.546    -1.81    3.44
-132770.815    43.617     0.19    3.15
-132394.742    43.900     0.75    2.56
-132018.670    43.519    -1.02    2.30
-131642.601    43.222    -0.79    2.48
-131266.533    42.852    -0.98    2.89
-130890.468    42.595    -0.68    3.16
-130514.404    43.339     1.98    3.23
-130138.343    43.269    -0.19    2.93
-129762.283    43.749     1.28    2.72
-129386.225    43.600    -0.40    2.48
-129010.169    43.438    -0.43    2.60
-128634.116    44.060     1.65    2.21
-128258.064    44.193     0.35    2.12
-127882.014    44.980     2.09    1.80
-127505.966    43.953    -2.73    3.83
-127129.920    43.033    -2.45    4.01
-126753.876    43.384     0.93    4.21
-126377.834    43.145    -0.64    4.15
-126001.794    42.874    -0.72    3.66
-125625.756    42.493    -1.01    3.42
-125249.720    42.303    -0.50    3.01
-124873.686    42.621     0.85    2.22
-124497.654    41.698    -2.45    3.27
-124121.623    41.795     0.26    3.42
-123745.595    42.681     2.36    3.73
-123369.568    43.006     0.86    3.30
-122993.544    44.249     3.31    2.11
-122617.521    43.898    -0.93    2.07
-122241.501    43.357    -1.44    1.86
-121865.482    42.888    -1.25    1.81
-121489.465    42.621    -0.71    1.76
-121113.450    42.954     0.89    2.03
-120737.437    43.033     0.21    2.36
-120361.427    43.185     0.40    2.46
-119985.417    43.506     0.85    2.62
-119609.410    43.927     1.12    2.74
-119233.405    44.595     1.78    2.07
-118857.402    44.303    -0.78    2.00
-118481.400    44.111    -0.51    2.29
-118105.401    43.190    -2.45    2.59
-117729.403    42.956    -0.62    3.07
-117353.408    42.871    -0.23    2.97
-116977.414    43.544     1.79    2.93
-116601.422    44.595     2.80    2.68
-116225.432    44.672     0.20    2.39
-115849.444    44.681     0.02    2.39
-115473.458    43.756    -2.46    1.98
-115097.474    43.031    -1.93    1.66
-114721.492    42.698    -0.89    1.91
-114345.511    42.367    -0.88    2.19
-113969.533    42.365    -0.01    2.08
-113593.556    42.728     0.97    2.30
-113217.582    42.664    -0.17    2.41
-112841.609    42.647    -0.04    2.22
-112465.638    42.900     0.67    2.18
-112089.669    42.532    -0.98    1.90
-111713.702    42.611     0.21    1.92
-111337.737    42.606    -0.01    1.79
-110961.773    42.600    -0.01    1.83
-110585.812    42.231    -0.98    1.97
-110209.852    42.164    -0.18    2.35
-109833.894    42.783     1.65    2.55
-109457.938    43.546     2.03    2.77
-109081.984    44.367     2.18    2.42
-108706.032    44.979     1.63    2.56
-108330.082    44.631    -0.93    3.04
-107954.134    43.789    -2.24    3.61
-107578.187    41.981    -4.81    4.59
-107202.243    41.111    -2.31    4.95
-106826.300    41.848     1.96    5.01
-106450.359    42.085     0.63    4.80
-106074.420    43.929     4.91    3.02
-105698.483    44.453     1.39    2.75
-105322.547    44.422    -0.08    2.25
-104946.614    44.313    -0.29    2.28
-104570.625    43.783    -1.41    2.86
-104194.324    42.134    -4.38    4.54
-103818.024    40.288    -4.91    5.01
-103441.726    40.172    -0.31    5.33
-103065.430    40.411     0.63    5.19
-102689.136    41.450     2.76    3.97
-102312.844    43.137     4.48    2.82
-101936.554    43.442     0.81    3.80
-101560.266    45.249     4.80    4.52
-101183.979    47.131     5.00    4.11
-100807.694    49.006     4.98    2.08
-100431.411    48.822    -0.49    2.32
-100055.130    47.708    -2.96    2.59
 -99678.851    47.570    -0.37    2.39
 -99302.574    47.672     0.27    2.72
 -98926.298    48.006     0.89    2.43
 -98550.024    48.236     0.61    2.37
 -98173.752    48.672     1.16    2.03
 -97797.482    47.716    -2.54    2.56
 -97421.214    47.160    -1.48    2.02
 -97044.948    46.974    -0.49    2.02
 -96668.683    46.411    -1.50    2.31
 -96292.420    46.111    -0.80    2.36
 -95916.159    46.087    -0.06    2.64
 -95539.900    46.160     0.19    3.44
 -95163.643    46.895     1.95    2.46
 -94787.387    47.057     0.43    2.86
 -94411.133    45.519    -4.09    3.80
 -94034.882    42.031    -9.27    6.52
 -93658.631    40.438    -4.23    6.72
 -93282.383    38.878    -4.15    6.29
 -92906.137    39.442     1.50    5.93
 -92529.892    41.450     5.34    5.35
 -92153.649    42.288     2.23    4.33
 -91777.408    44.438     5.72    2.50
 -91401.169    44.374    -0.17    2.61
 -91024.931    44.595     0.59    2.71
 -90648.696    45.287     1.84    2.57
 -90272.462    44.611    -1.80    2.80
 -89896.230    43.595    -2.70    3.04
 -89519.999    42.384    -3.22    2.98
 -89143.771    41.185    -3.19    3.84
 -88767.544    38.303    -7.66    5.08
 -88391.319    37.339    -2.56    4.79
 -88015.096    37.262    -0.20    4.99
 -87638.875    37.953     1.84    4.85
 -87262.655    40.558     6.92    3.67
 -86886.437    40.954     1.05    3.53
 -86510.221    41.775     2.18    4.28
 -86134.007    43.087     3.49    5.13
 -85757.794    44.637     4.12    4.82
 -85381.584    45.627     2.63    3.66
 -85005.375    44.438    -3.16    4.16
 -84629.167    42.222    -5.89    4.45
 -84252.962    40.037    -5.81    3.76
 -83876.758    38.493    -4.10    3.03
 -83500.556    38.749     0.68    3.18
 -83124.356    38.617    -0.35    3.82
 -82748.158    36.416    -5.85    5.05
 -82371.961    34.735    -4.47    6.17
 -81995.766    33.313    -3.78    5.93
 -81619.573    31.979    -3.55    5.74
 -81243.382    32.724     1.98    5.88
 -80867.192    34.114     3.70    6.60
 -80491.005    36.544     6.46    5.62
 -80114.818    38.420     4.99    3.19
 -79738.634    38.256    -0.44    2.87
 -79362.451    37.627    -1.67    3.44
 -78986.271    36.222    -3.74    5.37
 -78610.091    34.222    -5.32    6.06
 -78233.914    32.465    -4.67    6.28
 -77857.738    30.291    -5.78    5.21
 -77481.564    28.831    -3.88    4.15
 -77105.392    28.467    -0.97    2.34
 -76729.222    28.249    -0.58    1.85
 -76353.053    28.775     1.40    2.29
 -75976.886    28.478    -0.79    2.59
 -75600.721    26.690    -4.75    3.90
 -75224.557    24.288    -6.39    4.63
 -74848.395    21.749    -6.75    4.88
 -74472.235    19.411    -6.22    4.53
 -74096.077    18.269    -3.04    3.45
 -73719.920    18.262    -0.02    2.45
 -73343.765    19.006     1.98    2.42
 -72967.612    18.903    -0.27    2.40
 -72591.461    18.357    -1.45    2.94
 -72215.311    17.438    -2.44    3.13
 -71839.163    15.654    -4.74    3.87
 -71463.016    13.672    -5.27    4.04
 -71086.872    14.519     2.25    4.81
 -70710.729    16.206     4.49    5.36
 -70334.587    19.087     7.66    5.10
 -69958.448    19.856     2.04    3.03
 -69582.310    18.953    -2.40    3.53
 -69206.174    17.134    -4.84    3.94
 -68830.039    14.952    -5.80    2.34
 -68453.907    14.595    -0.95    2.26
 -68077.775    14.061    -1.42    3.17
 -67701.646    13.546    -1.37    4.10
 -67325.518    13.137    -1.09    4.30
 -66949.392    12.406    -1.95    4.60
 -66573.268    13.134     1.94    4.57
 -66197.145    13.057    -0.20    4.36
 -65821.024    14.330     3.38    4.70
 -65444.905    14.384     0.14    3.62
 -65068.787    13.898    -1.29    3.69
 -64692.672    13.442    -1.21    3.41
 -64316.557    12.856    -1.56    3.89
 -63940.445    12.898     0.11    4.53
 -63564.334    13.262     0.97    4.10
 -63188.225    12.690    -1.52    4.53
 -62812.117    12.532    -0.42    4.54
 -62436.011    13.033     1.33    3.94
 -62059.907    14.156     2.99    4.13
 -61683.804    15.032     2.33    2.72
 -61307.703    16.033     2.66    2.20
 -60931.604    16.900     2.31    2.44
 -60555.506    17.450     1.46    2.26
 -60179.411    18.031     1.55    1.84
 -59803.316    17.057    -2.59    2.49
 -59427.224    15.806    -3.33    3.02
 -59051.133    15.303    -1.34    3.03
 -58675.043    14.141    -3.09    3.81
 -58298.956    14.033    -0.29    4.09
 -57922.870    13.656    -1.00    4.26
 -57546.785    13.006    -1.73    5.06
 -57170.703    11.532    -3.92    6.19
 -56794.621     9.795    -4.62    6.98
 -56418.542     8.749    -2.78    6.84
 -56042.464     7.898    -2.26    6.44
 -55666.388     8.131     0.62    6.72
 -55290.313     9.848     4.57    5.95
 -54914.241    11.672     4.85    4.80
 -54538.169    12.438     2.04    3.83
 -54162.100    12.061    -1.00    2.54
 -53786.032    11.698    -0.97    2.99
 -53409.965    10.570    -3.00    4.00
 -53033.900    10.241    -0.87    4.40
 -52657.837     9.111    -3.00    4.33
 -52281.776     8.979    -0.35    3.77
 -51905.716     9.867     2.36    3.81
 -51529.658    10.031     0.44    6.14
 -51153.601    12.716     7.14    7.67
 -50777.546    17.698    13.25    9.83
 -50401.492    22.647    13.16    8.70
 -50025.440    27.134    11.93    4.95
 -49649.390    29.303     5.77    3.04
 -49273.342    30.256     2.53    2.58
 -48897.295    31.108     2.27    2.40
 -48521.249    32.172     2.83    2.54
 -48145.205    32.546     0.99    2.47
 -47769.163    32.762     0.57    2.53
 -47393.123    32.519    -0.65    2.68
 -47017.084    32.031    -1.30    2.54
 -46641.046    31.491    -1.44    2.29
 -46265.010    31.903     1.09    1.83
 -45888.976    31.453    -1.20    2.58
 -45512.943    30.756    -1.85    2.73
 -45136.912    30.365    -1.04    3.10
 -44760.883    29.927    -1.16    3.12
 -44384.855    29.953     0.07    2.85
 -44008.829    29.295    -1.75    3.51
 -43632.804    28.185    -2.95    5.07
 -43256.781    28.600     1.10    5.40
 -42880.759    28.878     0.74    5.51
 -42504.739    31.531     7.06    4.11
 -42128.721    32.617     2.89    3.31
 -41752.704    32.033    -1.55    3.60
 -41376.689    30.195    -4.89    5.65
 -41000.675    30.114    -0.22    5.29
 -40624.663    30.654     1.44    4.96
 -40248.653    32.491     4.89    3.91
 -39872.644    33.381     2.37    2.10
 -39496.636    33.322    -0.16    2.03
 -39120.630    33.979     1.75    2.42
 -38744.626    34.749     2.05    2.47
 -38368.623    34.769     0.05    2.53
 -37992.622    34.822     0.14    2.25
 -37616.623    34.330    -1.31    2.52
 -37240.625    34.442     0.30    2.57
 -36864.628    35.256     2.17    2.21
 -36488.633    36.595     3.56    2.45
 -36112.640    37.313     1.91    2.45
 -35736.648    37.770     1.22    2.18
 -35360.657    37.654    -0.31    2.12
 -34984.669    36.735    -2.44    2.01
 -34608.681    37.114     1.01    1.93
 -34232.696    36.708    -1.08    2.22
 -33856.712    36.478    -0.61    2.71
 -33480.729    36.775     0.79    2.82
 -33104.748    36.134    -1.70    3.06
 -32728.768    35.111    -2.72    4.48
 -32352.790    30.190   -13.09    7.92
 -31976.814    26.058   -10.99    8.69
 -31600.839    21.672   -11.67    7.81
 -31224.865    17.465   -11.19    6.32
 -30848.893    14.724    -7.29    5.43
 -30472.923    13.061    -4.42    3.53
 -30096.954    12.185    -2.33    2.98
 -29720.987    11.980    -0.55    3.03
 -29344.866    11.474    -1.34    2.66
 -28968.593    10.954    -1.38    3.02
 -28592.322    10.735    -0.58    2.87
 -28216.052     9.573    -3.09    2.61
 -27839.783     9.400    -0.46    2.42
 -27463.516     9.339    -0.16    2.38
 -27087.251     9.134    -0.55    2.30
 -26710.987     8.724    -1.09    1.83
 -26334.725     9.087     0.97    1.98
 -25958.464     9.313     0.60    1.72
 -25582.204     9.826     1.36    1.64
 -25205.946    10.647     2.18    1.75
 -24829.690    11.519     2.32    1.45
 -24453.435    12.006     1.29    1.49
 -24077.182    11.735    -0.72    1.69
 -23700.930    11.348    -1.03    1.77
 -23324.679    10.708    -1.70    1.75
 -22948.430    10.037    -1.78    1.45
 -22572.183     9.544    -1.31    1.41
 -22195.937     9.058    -1.29    1.47
 -21819.692     9.145     0.23    1.55
 -21443.450     9.185     0.11    1.43
 -21067.208     9.311     0.34    1.49
 -20690.968     9.570     0.69    1.47
 -20314.729    10.390     2.18    2.15
 -19938.492    11.817     3.79    2.45
 -19562.257    13.979     5.75    3.03
 -19186.023    16.288     6.14    2.93
 -18809.790    17.775     3.95    3.06
 -18433.559    17.871     0.25    3.41
 -18057.329    17.236    -1.69    3.89
 -17681.101    15.690    -4.11    3.65
 -17304.874    13.811    -4.99    2.16
 -16928.649    13.168    -1.71    1.74
 -16552.425    12.450    -1.91    2.34
 -16176.203    11.365    -2.89    2.56
 -15799.982    11.083    -0.75    2.62
 -15423.762    10.533    -1.46    2.72
 -15047.544    10.493    -0.11    2.87
 -14671.328     9.978    -1.37    3.09
 -14295.113     7.585    -6.36    4.38
 -13918.899     5.954    -4.33    3.66
 -13542.687     5.111    -2.24    2.90
 -13166.476     5.269     0.42    2.58
 -12790.267     6.585     3.50    2.32
 -12414.059     6.856     0.72    1.90
 -12037.853     6.357    -1.33    1.23
 -11661.648     6.956     1.59    2.05
 -11285.444     8.467     4.02    3.28
 -10909.242    10.533     5.49    3.71
 -10533.041    12.789     6.00    3.04
 -10156.842    14.145     3.60    2.38
  -9780.644    14.427     0.75    2.02
  -9404.448    14.731     0.81    2.43
  -9028.253    15.411     1.81    2.33
  -8652.059    15.856     1.18    2.43
  -8275.867    16.647     2.10    2.22
  -7899.677    16.611    -0.10    1.78
  -7523.487    17.453     2.24    2.82
  -7147.300    18.390     2.49    3.30
  -6771.113    19.427     2.76    3.43
  -6394.928    20.283     2.28    3.45
  -6018.745    22.493     5.87    3.18
  -5642.563    23.395     2.40    2.88
  -5266.382    23.831     1.16    2.82
  -4890.202    23.108    -1.92    3.49
  -4514.025    22.149    -2.55    3.08
  -4137.848    21.519    -1.67    3.63
  -3761.673    19.789    -4.60    5.45
  -3385.499    18.006    -4.74    6.50
  -3009.327    17.954    -0.14    6.27
  -2633.156    17.817    -0.37    5.40
  -2256.986    17.181    -1.69    4.81
  -1880.818    15.621    -4.15    6.42
  -1504.652    11.453   -11.08    8.03
  -1128.486     5.384   -16.13    6.71
   -752.322     1.621   -10.00    3.77
   -376.160    -0.276    -5.04    2.25
      0.001    -0.994    -1.91    0.00
    376.161     3.339    11.52    8.84
    752.320     9.617    16.69   11.62
   1128.477    15.795    16.42   10.50
   1504.632    21.672    15.62    4.38
   1880.786    23.537     4.96    2.11
   2256.939    23.114    -1.12    2.37
   2633.091    22.295    -2.18    3.32
   3009.241    21.303    -2.64    4.12
   3385.390    19.826    -3.93    4.62
   3761.537    17.925    -5.06    4.26
   4137.683    15.852    -5.51    4.31
   4513.828    17.724     4.98    9.63
   4889.971    22.057    11.52   15.73
   5266.113    29.249    19.12   19.81
   5642.253    33.672    11.76   19.92
   6018.393    37.775    10.91   16.06
   6394.531    40.089     6.15   13.24
   6770.667    41.506     3.77   11.16
   7146.802    41.195    -0.83   10.52
   7522.936    43.087     5.03   11.30
   7899.068    43.801     1.90   11.98
   8275.199    46.599     7.44   11.53
   8651.329    49.365     7.35    8.31
   9027.457    48.519    -2.25    7.71
   9403.584    49.145     1.66    6.65
   9779.710    50.031     2.36    5.36
  10155.834    51.087     2.81    4.83
  10531.957    52.365     3.40    5.08
  10908.079    54.216     4.92    4.75
  11284.199    54.322     0.28    5.05
  11660.318    54.269    -0.14    5.33
  12036.436    54.852     1.55    4.90
  12412.552    55.848     2.65    4.78
  12788.667    56.952     2.93    4.29
  13164.781    58.465     4.02    4.08
  13540.893    58.087    -1.01    4.86
  13917.004    58.492     1.08    4.11
  14293.114    57.708    -2.08    4.40
  14669.222    56.594    -2.96    4.91
  15045.329    54.980    -4.29    5.54
  15421.435    54.236    -1.98    5.09
  15797.540    53.311    -2.46    4.68
  16173.643    54.698     3.69    4.80
  16549.744    55.681     2.61    5.20
  16925.845    56.216     1.42    5.00
  17301.944    56.795     1.54    5.62
  17678.042    55.595    -3.19    6.02
  18054.138    51.871    -9.90    9.20
  18430.234    45.664   -16.50   11.60
  18806.328    44.281    -3.68   11.27
  19182.420    43.228    -2.80   11.87
  19558.512    47.532    11.44   10.56
  19934.602    53.546    15.99    8.20
  20310.690    55.411     4.96    7.24
  20686.778    57.087     4.46    6.68
  21062.864    60.228     8.35    4.36
  21438.949    59.698    -1.41    4.57
  21815.032    59.980     0.75    4.32
  22191.115    60.168     0.50    4.17
  22567.196    60.724     1.48    3.86
  22943.275    60.898     0.46    3.95
  23319.354    60.506    -1.04    3.75
  23695.431    60.288    -0.58    3.95
  24071.507    60.493     0.55    3.99
  24447.582    61.228     1.95    2.89
  24823.655    61.585     0.95    3.34
  25199.727    60.313    -3.38    4.67
  25575.798    59.117    -3.18    4.54
  25951.867    58.262    -2.27    5.13
  26327.935    56.033    -5.93    5.74
  26704.002    56.681     1.72    5.60
  27080.068    56.114    -1.51    5.67
  27456.132    55.533    -1.54    5.29
  27832.196    55.185    -0.93    5.10
  28208.258    51.957    -8.58    8.39
  28584.318    49.871    -5.55    9.18
  28960.378    50.903     2.75    9.10
  29336.436    52.006     2.93    9.08
  29712.493    54.057     5.45    7.76
  30088.548    57.654     9.57    4.84
  30464.603    58.621     2.57    5.07
  30840.656    59.114     1.31    5.48
  31216.708    60.573     3.88    4.39
  31592.758    60.925     0.93    3.74
  31968.808    61.320     1.05    3.03
  32344.856    62.519     3.19    2.58
  32720.903    63.544     2.73    2.67
  33096.948    64.606     2.82    2.57
  33472.993    64.654     0.13    2.29
  33849.036    63.561    -2.91    3.16
  34225.078    61.848    -4.56    3.87
  34601.119    59.781    -5.50    3.92
  34977.158    58.708    -2.85    4.17
  35353.197    58.900     0.51    4.43
  35729.234    59.690     2.10    4.88
  36105.269    61.111     3.78    4.44
  36481.304    62.979     4.97    2.50
  36857.337    63.231     0.67    2.72
  37233.370    63.900     1.78    2.54
  37609.401    64.276     1.00    2.35
  37985.430    64.303     0.07    2.03
  38361.459    63.063    -3.30    2.51
  38737.486    61.929    -3.02    3.59
  39113.512    60.852    -2.86    3.72
  39489.537    61.089     0.63    3.68
  39865.561    60.690    -1.06    4.49
  40241.583    58.384    -6.13    6.76
  40617.604    57.708    -1.80    6.79
  40993.625    55.906    -4.79    6.91
  41369.643    54.600    -3.47    7.63
  41745.661    55.427     2.20    8.01
  42121.677    55.216    -0.56    7.80
  42497.693    56.083     2.30    7.90
  42873.707    58.735     7.06    6.41
  43249.720    59.581     2.25    5.72
  43625.731    60.390     2.15    5.72
  44001.742    61.728     3.56    4.44
  44377.751    63.141     3.76    3.06
  44753.759    63.276     0.36    3.20
  45129.766    63.427     0.40    2.52
  45505.772    63.416    -0.03    3.04
  45881.979    62.228    -3.16    4.11
  46258.222    60.262    -5.22    4.55
  46634.464    58.900    -3.62    4.25
  47010.704    58.589    -0.83    4.25
  47386.944    59.903     3.49    4.19
  47763.182    60.006     0.27    4.63
  48139.419    59.374    -1.68    4.85
  48515.655    56.979    -6.37    5.88
  48891.889    54.211    -7.36    6.81
  49268.123    53.006    -3.20    6.28
  49644.355    53.831     2.19    6.22
  50020.587    53.356    -1.26    6.89
  50396.817    53.406     0.13    7.06
  50773.045    52.546    -2.28    7.72
  51149.273    51.384    -3.09    7.36
  51525.500    52.465     2.87    7.54
  51901.725    51.848    -1.64    7.48
  52277.949    53.006     3.08    7.54
  52654.172    52.656    -0.93    7.01
  53030.394    50.822    -4.88    7.41
  53406.615    48.898    -5.11    8.09
  53782.835    45.878    -8.03    7.55
  54159.053    43.374    -6.65    6.10
  54535.271    41.243    -5.67    5.54
  54911.487    38.519    -7.24    5.82
  55287.702    35.826    -7.16    7.61
  55663.916    30.589   -13.92    8.68
  56040.129    25.878   -12.52    7.41
  56416.340    21.954   -10.43    2.90
  56792.551    19.943    -5.35    3.20
  57168.760    23.789    10.22    7.56
  57544.968    28.465    12.43    9.48
  57921.176    34.900    17.11    9.72
  58297.382    40.708    15.44    8.08
  58673.586    42.303     4.24    9.25
  59049.790    43.570     3.37    9.65
  59425.993    44.544     2.59   10.20
  59802.194    44.558     0.04    9.77
  60178.395    45.479     2.45   10.42
  60554.594    48.570     8.21   10.57
  60930.792    51.031     6.54    9.57
  61306.989    54.114     8.19    7.48
  61683.185    55.595     3.94    6.71
  62059.380    58.367     7.37    4.49
  62435.574    59.211     2.24    3.72
  62811.766    59.295     0.22    4.87
  63187.958    59.443     0.39    4.10
  63564.148    59.493     0.13    4.61
  63940.338    60.216     1.92    4.41
  64316.526    60.465     0.66    3.99
  64692.713    61.288     2.19    3.39
  65068.899    61.006    -0.75    2.84
  65445.084    60.954    -0.14    3.02
  65821.268    61.690     1.96    3.26
  66197.450    61.762     0.19    3.62
  66573.632    61.929     0.44    3.41
  66949.813    62.185     0.68    3.00
  67325.992    62.160    -0.07    2.84
  67702.170    62.672     1.36    2.41
  68078.348    62.664    -0.02    2.35
  68454.524    62.762     0.26    2.14
  68830.699    62.600    -0.43    2.43
  69206.873    62.033    -1.51    1.96
  69583.046    61.912    -0.32    2.22
  69959.218    62.185     0.73    2.42
  70335.389    61.848    -0.90    2.72
  70711.559    61.478    -0.98    2.86
  71087.727    61.108    -0.98    2.47
  71463.895    60.978    -0.35    2.25
  71840.061    61.185     0.55    2.04
  72216.227    61.057    -0.34    2.57
  72592.391    61.114     0.15    3.19
  72968.555    60.453    -1.76    3.58
  73344.717    58.134    -6.17    4.92
  73720.878    56.606    -4.06    5.59
  74097.039    56.411    -0.52    5.52
  74473.198    57.211     2.13    5.27
  74849.356    56.453    -2.01    5.18
  75225.513    58.654     5.85    3.62
  75601.669    59.087     1.15    3.59
  75977.824    59.839     2.00    3.01
  76353.978    59.822    -0.05    2.99
  76730.130    59.331    -1.30    3.22
  77106.282    59.033    -0.79    3.15
  77482.433    59.160     0.34    2.68
  77858.583    59.395     0.62    2.62
  78234.731    58.453    -2.50    3.06
  78610.879    57.057    -3.71    3.28
  78987.026    55.585    -3.91    3.05
  79363.171    54.573    -2.69    3.60
  79739.316    54.573     0.00    4.92
  80115.459    54.956     1.02    5.48
  80491.602    55.395     1.17    6.14
  80867.743    56.781     3.69    4.79
  81243.884    57.874     2.91    3.26
  81620.023    57.367    -1.35    3.07
  81996.162    56.519    -2.25    3.80
  82372.299    55.728    -2.10    3.75
  82748.435    51.083   -12.35    8.14
  83124.571    45.281   -15.43   10.12
  83500.705    43.114    -5.76    9.33
  83876.839    44.006     2.37    9.00
  84252.971    48.637    12.31    9.97
  84629.102    54.164    14.69    6.91
  85005.232    57.357     8.49    3.72
  85381.362    57.852     1.32    2.87
  85757.490    55.627    -5.91    4.30
  86133.617    53.728    -5.05    5.61
  86509.744    52.544    -3.15    5.82
  86885.869    53.145     1.60    5.89
  87261.993    54.006     2.29    5.50
  87638.117    55.749     4.64    4.72
  88014.239    57.320     4.18    2.90
  88390.360    57.762     1.18    2.90
  88766.481    58.276     1.37    3.14
  89142.600    57.871    -1.08    2.86
  89518.718    57.831    -0.11    3.02
  89894.836    56.898    -2.48    3.21
  90270.952    56.134    -2.03    3.57
  90647.067    56.160     0.07    3.78
  91023.182    55.532    -1.67    4.26
  91399.295    51.844    -9.81    8.56
  91775.408    45.416   -17.09   10.61
  92151.519    40.322   -13.55    8.51
  92527.630    37.783    -6.75    5.16
  92903.739    39.492     4.54    5.66
  93279.848    43.367    10.30    3.51
  93655.956    43.953     1.56    2.88
  94032.062    41.826    -5.65    4.70
  94408.168    39.943    -5.01    4.68
  94784.273    38.114    -4.86    3.21
  95160.376    37.249    -2.30    3.16
  95536.479    37.006    -0.65    3.02
  95912.581    36.519    -1.30    3.43
  96288.682    36.573     0.15    3.16
  96664.782    35.929    -1.71    3.48
  97040.881    36.160     0.61    3.73
  97416.979    36.057    -0.27    3.83
  97793.076    37.060     2.67    4.10
  98169.172    38.724     4.42    3.57
  98545.267    40.322     4.25    2.61
  98921.361    40.783     1.23    2.53
  99297.455    40.871     0.23    2.44
  99673.547    40.700    -0.45    2.49
 100049.638    40.141    -1.49    2.44
 100425.729    39.031    -2.95    2.40
 100801.818    38.599    -1.15    2.91
 101177.907    36.467    -5.67    4.95
 101553.995    33.848    -6.96    6.35
 101930.081    29.033   -12.80    9.39
 102306.167    23.031   -15.96   10.41
 102682.252    17.681   -14.23    9.05
 103058.336    13.185   -11.96    6.75
 103434.419    12.164    -2.72    4.14
 103810.501    12.185     0.06    3.75
 104186.582    11.844    -0.91    3.76
 104562.663    11.506    -0.90    2.79
 104938.742    10.506    -2.66    3.09
 105314.820    13.377     7.64    7.96
 105690.898    17.708    11.52   10.52
 106066.975    22.925    13.87    9.69
 106443.050    26.735    10.13    7.93
 106819.125    27.654     2.44    5.80
 107195.199    27.549    -0.28    4.57
 107571.272    26.156    -3.70    4.69
 107947.344    25.611    -1.45    5.45
 108323.415    25.654     0.12    5.61
 108699.485    27.211     4.14    5.80
 109075.555    28.927     4.56    4.76
 109451.623    28.743    -0.49    3.96
 109827.691    28.871     0.34    3.68
 110203.758    27.339    -4.07    3.64
 110579.823    26.533    -2.14    3.34
 110955.888    27.085     1.47    3.40
 111331.952    28.756     4.44    3.95
 111708.015    30.212     3.87    3.62
 112084.078    30.664     1.20    3.15
 112460.139    30.249    -1.10    3.24
 112836.199    28.249    -5.32    3.21
 113212.259    26.276    -5.25    2.69
 113588.318    25.145    -3.01    2.40
 113964.376    24.467    -1.80    2.20
 114340.433    24.621     0.41    2.30
 114716.489    24.033    -1.56    2.37
 115092.544    23.878    -0.41    2.62
 115468.598    24.519     1.70    3.52
 115844.652    26.365     4.91    4.87
 116220.704    28.654     6.09    4.67
 116596.756    30.185     4.07    3.43
 116972.807    31.200     2.70    2.10
 117348.857    30.330    -2.31    2.61
 117724.906    29.400    -2.47    2.90
 118100.954    28.912    -1.30    2.99
 118477.002    28.621    -0.77    2.90
 118853.048    29.190     1.51    2.76
 119229.094    29.141    -0.13    2.12
 119605.139    29.114    -0.07    1.91
 119981.183    29.256     0.38    2.06
 120357.226    28.716    -1.43    2.87
 120733.301    27.211    -4.00    4.46
 121109.516    23.222   -10.60    7.08
 121485.729    19.493    -9.91    6.49
 121861.943    15.698   -10.09    5.42
 122238.155    12.532    -8.42    5.33
 122614.366    12.195    -0.90    4.41
 122990.577    12.356     0.43    4.23
 123366.786    13.735     3.67    3.69
 123742.995    15.357     4.31    2.25
 124119.203    15.681     0.86    1.80
 124495.410    14.377    -3.47    4.41
 124871.617    11.801    -6.85    5.80
 125247.822     8.621    -8.45    6.39
 125624.027     6.617    -5.33    5.75
 126000.231     3.585    -8.06    1.00
 126376.434     3.367    -0.58    0.93
 126752.636     3.111    -0.68    0.39
 127128.838     5.467     6.26    5.58
 127505.038     9.222     9.98    7.16
 127881.238    16.874    20.34   12.93
 128257.437    25.664    23.36   14.60
 128633.635    33.806    21.64   15.80
 129009.833    42.141    22.16   12.21
 129386.029    47.006    12.93    6.60
 129762.225    49.647     7.02    3.52
 130138.420    51.492     4.91    3.33
 130514.614    51.654     0.43    3.25
 130890.808    52.006     0.93    3.36
 131267.000    52.190     0.49    3.16
 131643.192    51.595    -1.58    3.64
 132019.383    50.700    -2.38    4.26
 132395.573    48.724    -5.25    4.49
 132771.762    46.874    -4.92    4.32
 133147.951    46.256    -1.64    4.05
 133524.139    46.979     1.92    4.40
 133900.326    47.313     0.89    4.54
 134276.512    48.032     1.91    3.77
 134652.697    48.438     1.08    3.58
 135028.882    49.262     2.19    3.29
 135405.066    50.303     2.77    2.68
 135781.249    50.306     0.01    2.62
 136157.431    50.006    -0.80    3.29
 136533.613    49.720    -0.76    4.17
 136909.793    48.952    -2.04    5.16
 137285.973    47.465    -3.95    6.13
 137662.152    45.925    -4.10    6.15
 138038.331    46.400     1.26    5.79
 138414.509    48.172     4.71    5.15
 138790.685    50.531     6.27    3.63
 139166.862    51.390     2.29    3.88
 139543.037    52.087     1.85    3.02
 139919.211    52.735     1.72    3.11
 140295.385    52.795     0.16    2.90
 140671.558    51.664    -3.01    3.69
 141047.731    51.922     0.69    3.73
 141423.902    51.365    -1.48    3.51
 141800.073    51.922     1.48    3.76
 142176.243    50.954    -2.57    6.19
 142552.412    48.108    -7.57    8.61
 142928.581    46.506    -4.26    8.38
 143304.749    45.330    -3.13    6.86
 143680.916    45.276    -0.14    4.22
 144057.082    45.519     0.65    2.22
 144433.248    45.927     1.08    2.23
 144809.413    46.654     1.93    2.08
 145185.577    46.313    -0.91    2.35
 145561.740    45.108    -3.20    3.03
 145937.903    44.032    -2.86    3.02
 146314.065    44.276     0.65    3.46
 146690.226    44.672     1.05    2.99
 147066.386    45.057     1.02    2.16
 147442.546    45.141     0.22    2.47
 147818.705    45.288     0.39    2.62
 148194.863    45.141    -0.39    3.16
 148571.021    45.222     0.22    3.28
 148947.178    45.570     0.92    3.80
 149323.334    45.537    -0.09    3.93
 149699.489    45.160    -1.00    3.75
 150075.644    44.164    -2.65    3.53
 150451.798    43.450    -1.90    3.07
 150827.951    42.570    -2.34    3.49
 151204.103    41.519    -2.79    3.71
 151580.255    40.775    -1.98    3.80
 151956.406    40.716    -0.16    3.71
 152332.557    41.006     0.77    3.62
 152708.706    40.453    -1.47    3.33
 153084.855    40.954     1.33    4.48
 153461.004    41.365     1.09    4.96
 153837.151    42.367     2.66    5.02
 154213.298    43.111     1.98    4.64
 154589.444    45.357     5.97    3.40
 154965.590    46.600     3.31    3.35
 155341.735    47.492     2.37    3.65
 155717.879    48.818     3.53    3.60
 156094.022    49.160     0.91    4.20
 156470.165    49.493     0.89    4.18
 156846.307    49.756     0.70    3.98
 157222.449    50.185     1.14    3.91
 157598.589    50.506     0.85    2.72
 157974.729    50.427    -0.21    2.79
 158350.869    49.453    -2.59    4.44
 158727.007    46.506    -7.84    6.77
 159103.145    42.681   -10.17    8.93
 159479.283    39.749    -7.80    9.32
 159855.419    37.606    -5.70    7.85
 160231.555    35.979    -4.33    6.27
 160607.690    37.795     4.83    7.67
 160983.825    42.627    12.85    8.90
 161359.959    48.465    15.52    8.30
 161736.092    52.357    10.35    4.35
 162112.225    53.320     2.56    3.55
 162488.357    53.595     0.73    3.39
 162864.488    52.931    -1.77    3.57
 163240.619    53.589     1.75    4.00
 163616.749    53.288    -0.80    3.83
 163992.878    51.953    -3.55    4.05
 164369.007    52.322     0.98    4.01
 164745.135    50.416    -5.07    4.43
 165121.262    49.467    -2.52    5.32
 165497.389    49.089    -1.01    5.80
 165873.515    48.058    -2.74    6.46
 166249.641    47.236    -2.19    7.63
 166625.765    47.061    -0.47    6.55
 167001.890    45.236    -4.85    6.45
 167378.013    43.085    -5.72    5.61
 167754.136    43.006    -0.21    5.23
 168130.258    44.789     4.74    5.60
 168506.380    45.357     1.51    5.52
 168882.501    46.262     2.41    4.13
 169258.621    45.288    -2.59    3.40
 169634.741    44.492    -2.12    3.20
 170010.860    44.160    -0.88    3.39
 170386.979    45.164     2.67    4.35
 170763.096    44.822    -0.91    4.45
 171139.214    44.195    -1.67    4.51
 171515.330    43.706    -1.30    3.82
 171891.446    42.716    -2.63    3.10
 172267.562    41.950    -2.04    2.33
 172643.676    41.900    -0.13    2.01
 173019.791    42.061     0.43    2.27
 173395.904    41.852    -0.56    2.55
 173772.017    42.544     1.84    2.85
 174148.129    42.720     0.47    2.55
 174524.241    42.708    -0.03    2.61
 174900.352    42.627    -0.22    2.35
 175276.463    41.303    -3.52    2.39
 175652.573    40.881    -1.12    2.44
 176028.682    40.708    -0.46    2.26
 176404.791    39.769    -2.50    2.24
 176780.899    39.164    -1.61    2.49
 177157.006    37.057    -5.60    3.08
 177533.113    34.681    -6.32    3.27
 177909.220    32.231    -6.52    3.39
 178285.325    29.058    -8.43    4.99
 178661.430    26.006    -8.12    5.46
 179037.535    23.789    -5.89    5.64
 179413.639    23.228    -1.49    5.09
 179789.742    24.216     2.63    4.85
 180165.845    25.108     2.37    3.85
 180541.947    25.521     1.10    3.27
 180918.049    25.822     0.80    3.40
 181294.150    25.762    -0.16    3.34
 181670.251    25.756    -0.02    3.14
 182046.351    24.801    -2.54    3.09
 182422.450    25.427     1.66    4.36
 182798.549    28.108     7.13    8.16
 183174.647    33.365    13.98   10.50
 183550.745    39.269    15.70   10.01
 183926.842    43.735    11.88    7.50
 184302.938    46.031     6.10    4.74
 184679.034    46.826     2.11    4.48
 185055.130    47.395     1.51    4.72
 185431.224    48.141     1.98    4.83
 185807.319    50.276     5.68    2.90
 186183.412    49.817    -1.22    3.06
 186559.506    49.874     0.15    3.45
 186935.598    49.634    -0.64    3.61
 187311.690    49.331    -0.81    3.74
 187687.782    48.532    -2.12    3.74
 188063.873    48.367    -0.44    3.33
 188439.963    48.724     0.95    3.35
 188816.053    49.348     1.66    3.47
 189192.143    49.664     0.84    3.81
 189568.231    49.427    -0.63    4.36
 189944.320    47.852    -4.19    5.13
 190320.407    45.114    -7.28    5.25
 190696.495    43.621    -3.97    5.54
 191072.581    38.606   -13.34    9.40
 191448.667    33.949   -12.38   11.28
 191824.753    27.708   -16.59   11.72
 192200.838    21.060   -17.68    6.31
 192576.923    19.195    -4.96    4.89
 192953.007    18.519    -1.80    4.52
 193329.090    19.339     2.18    4.52
 193705.173    20.288     2.52    4.71
 194081.256    20.185    -0.27    4.21
 194457.338    21.762     4.19    4.08
 194833.419    22.558     2.12    4.45
 195209.500    22.322    -0.63    5.57
 195585.580    24.288     5.23    6.74
 195961.717    26.465     5.79    7.07
 196337.904    28.595     5.66    6.60
 196714.090    31.867     8.70    4.97
 197090.276    34.570     7.19    5.92
 197466.461    37.416     7.57    5.34
 197842.646    40.881     9.21    3.64
 198218.830    42.365     3.94    2.38
 198595.014    42.411     0.12    2.70
 198971.197    42.127    -0.76    2.67
 199347.380    41.415    -1.89    3.19
