-320470.775   197.409     0.00   10.12
-320094.907   197.583     0.46    9.88
-319718.820   197.295    -0.77    9.68
-319342.449   198.685     3.69   10.15
-318966.079   200.633     5.17   11.55
-318589.713   202.851     5.89   10.98
-318213.349   208.457    14.90   10.75
-317836.987   211.983     9.37   11.39
-317460.628   215.264     8.72   10.94
-317084.272   218.025     7.33   10.44
-316707.918   216.754    -3.38   10.49
-316331.566   217.688     2.48    9.94
-315955.217   219.133     3.84   11.12
-315578.871   219.697     1.50   11.83
-315202.527   222.304     6.93   10.50
-314826.186   223.979     4.45   10.46
-314449.847   226.808     7.52    9.37
-314073.510   230.522     9.87    8.70
-313697.177   232.722     5.85   10.06
-313320.845   239.054    16.82   17.05
-312944.516   253.953    39.59   30.65
-312568.190   267.396    35.72   39.03
-312191.866   273.808    17.04   43.36
-311815.545   277.998    11.13   47.24
-311439.226   272.913   -13.51   45.34
-311062.910   270.158    -7.32   35.64
-310686.596   271.355     3.18   34.38
-310310.284   279.349    21.24   33.12
-309933.976   276.862    -6.61   32.09
-309557.669   273.971    -7.69   33.31
-309181.365   273.312    -1.75   33.96
-308805.064   273.447     0.36   32.22
-308428.765   263.722   -25.84   31.46
-308052.469   266.580     7.59   31.70
-307676.175   271.522    13.13   31.10
-307299.883   269.799    -4.58   31.11
-306923.594   266.403    -9.03   28.61
-306547.308   258.492   -21.03   21.73
-306171.023   255.817    -7.11   18.89
-305794.742   256.543     1.93   21.98
-305418.463   258.917     6.31   22.51
-305042.186   261.979     8.14   23.69
-304665.912   269.483    19.94   24.26
-304289.640   283.716    37.83   30.70
-303913.371   306.457    60.44   41.71
-303537.104   327.862    56.89   36.71
-303160.840   344.268    43.60   26.55
-302784.578   354.619    27.51   22.30
-302408.318   356.676     5.47   22.43
-302032.061   363.408    17.89   19.63
-301655.807   366.712     8.78   20.56
-301279.555   362.808   -10.37   24.90
-300903.305   356.928   -15.63   27.40
-300527.058   352.370   -12.12   25.74
-300150.813   347.133   -13.92   20.57
-299774.571   350.054     7.76   22.80
-299398.331   355.133    13.50   23.08
-299022.094   360.565    14.44   20.28
-298645.859   355.606   -13.18   24.07
-298269.626   351.458   -11.03   25.16
-297893.396   345.818   -14.99   25.53
-297517.169   348.133     6.15   24.92
-297140.943   342.079   -16.09   23.73
-296764.721   338.025   -10.78   24.35
-296388.500   337.565    -1.22   24.86
-296012.282   333.438   -10.97   24.35
-295636.067   341.933    22.58   25.82
-295259.854   345.396     9.21   30.37
-294883.643   352.808    19.70   33.10
-294507.435   358.851    16.06   31.73
-294131.229   363.080    11.24   29.25
-293755.025   356.338   -17.92   33.19
-293378.824   353.376    -7.87   31.33
-293002.626   354.287     2.42   31.42
-292626.430   341.688   -33.49   32.22
-292250.236   334.185   -19.95   29.57
-291874.044   327.208   -18.55   30.58
-291497.855   314.839   -32.88   26.29
-291121.669   310.107   -12.58   30.28
-290745.485   309.376    -1.94   32.73
-290369.303   300.322   -24.07   33.55
-289993.124   294.835   -14.59   31.83
-289616.947   287.577   -19.30   31.68
-289240.772   279.133   -22.45   31.44
-288864.600   266.783   -32.83   30.99
-288488.430   253.484   -35.35   29.76
-288112.263   237.108   -43.54   23.67
-287736.098   225.517   -30.81   20.64
-287359.935   216.620   -23.65   16.81
-286983.775   214.187    -6.47   15.26
-286607.617   215.184     2.65   14.54
-286231.461   220.522    14.19   17.07
-285855.308   226.449    15.76   20.74
-285479.158   234.107    20.36   17.63
-285103.009   235.927     4.84   14.94
-284726.863   231.440   -11.93   14.03
-284350.720   230.449    -2.64   12.95
-283974.579   228.633    -4.83   11.86
-283598.440   225.106    -9.38   13.53
-283222.303   222.105    -7.98   13.81
-282846.169   217.396   -12.52   14.16
-282470.037   219.694     6.11   20.72
-282093.908   221.349     4.40   21.97
-281717.781   228.338    18.58   22.36
-281341.656   236.264    21.07   28.57
-280965.534   242.261    15.94   29.51
-280589.414   234.160   -21.54   23.38
-280213.296   227.415   -17.93   23.12
-279837.181   220.160   -19.29   23.25
-279461.068   214.700   -14.52   14.50
-279084.958   212.322    -6.32   16.69
-278708.849   213.218     2.38   16.62
-278332.744   212.338    -2.34   17.47
-277956.640   208.543   -10.09   16.67
-277580.539   204.772   -10.03   11.46
-277204.440   205.133     0.96   12.20
-276828.343   209.688    12.11   17.89
-276452.249   210.975     3.42   20.56
-276076.157   212.008     2.75   21.26
-275700.068   208.565    -9.15   19.56
-275323.981   200.774   -20.72   17.40
-274947.896   199.106    -4.43   12.07
-274571.813   195.896    -8.54   10.57
-274195.733   193.862    -5.41    9.14
-273819.655   191.408    -6.53    9.27
-273443.580   186.422   -13.26    8.60
-273067.507   182.187   -11.26    8.63
-272691.436   179.592    -6.90    7.18
-272315.367   180.104     1.36    8.36
-271939.301   184.133    10.71   11.12
-271563.237   190.312    16.43   11.57
-271187.175   195.466    13.71   11.95
-270811.116   201.475    15.98   16.61
-270435.059   207.133    15.05   19.64
-270059.004   213.370    16.59   21.71
-269682.952   219.883    17.32   22.44
-269306.902   225.808    15.76   21.99
-268930.854   222.764    -8.10   19.48
-268554.808   219.343    -9.10   17.39
-268178.765   224.389    13.42   20.49
-267802.724   231.052    17.72   22.11
-267426.686   237.258    16.50   20.50
-267050.649   245.620    22.24   21.27
-266674.615   260.971    40.82   35.14
-266298.583   275.808    39.46   34.88
-265922.554   282.998    19.12   30.91
-265546.527   275.671   -19.48   30.93
-265170.502   258.287   -46.23   23.55
-264794.479   252.447   -15.53   22.38
-264418.459   247.317   -13.64   15.35
-264042.441   251.592    11.37   15.26
-263666.425   272.161    54.70   33.45
-263290.412   301.235    77.33   44.89
-262914.401   316.241    39.91   39.56
-262538.392   321.764    14.69   35.45
-262162.385   307.949   -36.75   38.28
-261786.380   299.783   -21.72   36.31
-261410.378   295.998   -10.07   33.75
-261034.378   288.783   -19.19   32.11
-260658.381   296.876    21.53   35.95
-260282.386   294.322    -6.79   36.44
-259906.392   292.457    -4.96   35.47
-259530.402   289.052    -9.06   28.02
-259154.413   285.317    -9.93   17.44
-258778.427   292.543    19.22   18.70
-258402.443   300.244    20.48   19.13
-258026.461   312.208    31.82   19.37
-257650.481   317.396    13.80   19.72
-257274.504   322.633    13.93   15.81
-256898.529   311.370   -29.96   25.17
-256522.556   290.338   -55.94   37.52
-256146.586   267.527   -60.67   37.17
-255770.617   253.349   -37.71   28.84
-255394.651   249.569   -10.06   28.56
-255018.687   256.890    19.47   25.69
-254642.726   259.208     6.17   24.11
-254266.766   249.235   -26.53   26.08
-253890.809   236.076   -35.00   31.00
-253514.854   225.917   -27.02   29.20
-253138.901   206.700   -51.12   18.44
-252762.951   210.754    10.78   22.92
-252387.003   212.517     4.69   27.57
-252011.057   212.187    -0.88   28.28
-251635.113   218.958    18.01   27.27
-251259.171   218.081    -2.33   24.13
-250883.232   224.843    17.99   23.91
-250507.295   221.159    -9.80   26.90
-250131.360   216.133   -13.37   27.43
-249755.427   211.396   -12.60   23.73
-249379.497   209.716    -4.47   27.37
-249003.568   199.210   -27.95   34.29
-248627.642   182.216   -45.21   41.44
-248251.719   163.233   -50.50   46.15
-247875.797   136.774   -70.39   46.52
-247499.877   126.390   -27.62   42.03
-247123.960   110.403   -42.53   36.67
-246748.045   105.917   -11.94   34.85
-246372.132    97.449   -22.53   20.30
-245996.222    93.774    -9.78   18.95
-245620.313    93.646    -0.34   18.29
-245244.407    93.962     0.84   18.63
-244868.503   100.543    17.51   20.61
-244492.256   109.949    25.00   24.94
-244115.917   121.025    29.43   21.15
-243739.581   121.389     0.97   21.42
-243363.247   115.979   -14.38   22.68
-242986.915   105.966   -26.61   19.93
-242610.585   104.287    -4.46   16.59
-242234.257   106.049     4.68   15.68
-241857.932   105.922    -0.34   16.87
-241481.609   101.440   -11.91   20.04
-241105.288    93.258   -21.74   18.28
-240728.969    86.862   -16.99   14.59
-240352.652    84.133    -7.25    8.42
-239976.338    79.295   -12.86   11.24
-239600.025    77.697    -4.25   12.64
-239223.715    77.917     0.58   15.25
-238847.407    79.466     4.12   15.70
-238471.101    83.466    10.63   15.04
-238094.798    84.389     2.45   14.33
-237718.496    83.106    -3.41   18.78
-237342.197    72.492   -28.21   22.31
-236965.900    61.287   -29.78   17.91
-236589.605    54.577   -17.83   11.11
-236213.312    58.261     9.79   15.44
-235837.021    61.457     8.49   16.80
-235460.733    59.685    -4.71   16.17
-235084.446    61.620     5.14   17.13
-234708.162    63.820     5.85   15.93
-234331.880    70.210    16.98   20.49
-233955.600    73.569     8.93   19.39
-233579.322    74.403     2.22   17.98
-233203.047    74.312    -0.24   17.39
-232826.773    77.781     9.22   16.57
-232450.502    82.364    12.18   16.30
-232074.233    83.876     4.02   15.70
-231697.965    84.133     0.68   16.23
-231321.701    78.001   -16.30   16.26
-230945.438    73.492   -11.99   15.90
-230569.177    74.953     3.88   19.57
-230192.918    78.295     8.88   19.64
-229816.662    78.054    -0.64   18.39
-229440.408    73.538   -12.00   19.55
-229064.156    66.511   -18.68   16.32
-228687.905    58.673   -20.83   14.28
-228311.658    52.820   -15.56   13.59
-227935.412    50.722    -5.58   16.14
-227559.168    48.543    -5.79   15.90
-227182.926    44.244   -11.43   15.63
-226806.687    40.594    -9.70   13.38
-226430.450    37.577    -8.02   10.08
-226054.214    38.748     3.11   12.29
-225677.981    41.238     6.62   12.93
-225301.750    46.160    13.08   12.45
-224925.521    48.727     6.82   11.78
-224549.294    44.517   -11.19   14.73
-224173.070    33.694   -28.77   18.92
-223796.847    22.355   -30.14   16.91
-223420.627    13.543   -23.42   10.35
-223044.408     7.449   -16.20    4.59
-222668.192     5.403    -5.44    4.90
-222291.978     3.376    -5.39    3.95
-221915.765     1.447    -5.13    1.86
-221539.555     1.133    -0.84    0.00
-221163.347     1.233     0.27    0.50
-220787.141     1.383     0.40    0.73
-220410.938     2.646     3.36    3.65
-220034.736     3.244     1.59    4.01
-219658.536     3.080    -0.44    3.65
-219282.339     2.851    -0.61    2.96
-218906.143     3.738     2.36    4.62
-218529.950     5.106     3.64    5.29
-218153.759     5.517     1.09    5.58
-217777.569     6.508     2.63    6.60
-217401.382    10.430    10.43   10.25
-217025.197    14.633    11.17   11.84
-216649.014    20.343    15.18   10.18
-216272.833    24.376    10.72    8.42
-215896.654    21.241    -8.33    8.64
-215520.477    18.994    -5.97    7.68
-215144.302    18.287    -1.88    7.92
-214768.130    16.058    -5.93    6.61
-214391.959    17.466     3.74    7.50
-214015.790    21.558    10.88    9.51
-213639.624    25.370    10.13   10.57
-213263.459    31.475    16.23   12.11
-212887.297    37.027    14.76   10.00
-212511.137    39.870     7.56    9.36
-212134.978    43.322     9.18    9.04
-211758.822    46.781     9.20    9.88
-211382.668    49.858     8.18   10.39
-211006.515    50.494     1.69    9.78
-210630.365    49.261    -3.28    9.95
-210254.217    48.080    -3.14    8.90
-209878.071    51.661     9.52   10.30
-209501.927    61.971    27.41   18.55
-209125.785    76.688    39.13   21.24
-208749.645    93.620    45.02   24.25
-208373.507   118.851    67.08   35.28
-207997.371   135.646    44.65   34.56
-207621.237   148.983    35.46   27.54
-207245.105   160.106    29.57   27.97
-206868.975   149.949   -27.01   30.85
-206492.847   133.349   -44.13   34.90
-206116.721   116.056   -45.98   33.19
-205740.598    99.922   -42.90   23.70
-205364.476    93.105   -18.13   17.50
-204988.356    95.056     5.19   22.53
-204612.238   100.161    13.57   22.82
-204236.122   108.338    21.74   23.09
-203860.009   116.107    20.66   24.34
-203483.897   127.904    31.37   32.88
-203107.787   136.268    22.24   34.72
-202731.679   145.106    23.50   32.31
-202355.574   164.673    52.03   34.54
-201979.470   171.508    18.17   32.00
-201603.368   178.322    18.12   33.85
-201227.268   181.569     8.63   32.02
-200851.171   185.620    10.77   33.15
-200475.075   195.291    25.71   38.40
-200098.981   210.538    40.54   36.18
-199722.889   210.184    -0.94   38.19
-199346.800   205.001   -13.78   43.76
-198970.712   178.716   -69.89   42.92
-198594.626   158.370   -54.10   35.92
-198218.542   140.022   -48.79   30.99
-197842.460   127.027   -34.55   28.75
-197466.381   120.774   -16.63   23.96
-197090.303   119.977    -2.12   22.60
-196714.227   118.754    -3.25   22.10
-196338.153   117.214    -4.10   21.79
-195962.081   116.457    -2.01   21.23
-195586.011   114.543    -5.09   21.88
-195209.943   107.457   -18.84   26.99
-194833.877    99.261   -21.79   29.00
-194457.813    93.107   -16.36   26.25
-194081.751   103.005    26.32   32.72
-193705.690   115.646    33.62   31.62
-193329.632   129.158    35.93   21.14
-192953.576   133.396    11.27   18.28
-192577.522   130.077    -8.83   14.82
-192201.469   126.808    -8.69   16.41
-191825.419   121.754   -13.44   20.61
-191449.371   114.538   -19.19   21.53
-191073.324   117.492     7.85   26.51
-190697.280   122.227    12.59   26.33
-190321.237   126.238    10.67   27.99
-189945.197   127.554     3.50   26.46
-189569.158   124.466    -8.21   26.47
-189193.121   124.594     0.34   27.95
-188817.086   127.160     6.82   29.10
-188441.053   139.902    33.89   31.58
-188065.023   150.722    28.78   25.45
-187688.994   148.054    -7.10   26.21
-187312.967   152.027    10.57   25.44
-186936.941   153.338     3.48   27.99
-186560.918   162.928    25.50   34.96
-186184.897   176.744    36.74   36.56
-185808.878   181.322    12.18   32.61
-185432.860   184.700     8.98   25.28
-185056.845   183.565    -3.02   18.79
-184680.831   179.185   -11.65   18.56
-184304.820   173.161   -16.02   18.13
-183928.810   166.258   -18.36   11.96
-183552.802   162.896    -8.94    8.06
-183176.796   160.772    -5.65    8.35
-182800.792   157.953    -7.50    7.87
-182424.790   153.890   -10.81    8.63
-182048.790   149.817   -10.83    8.62
-181672.792   145.106   -12.53    8.82
-181296.796   140.876   -11.25    9.99
-180920.801   137.971    -7.73   10.75
-180544.809   138.712     1.97   12.28
-180168.818   141.383     7.10   13.54
-179792.829   144.133     7.31   14.12
-179416.842   145.808     4.46   11.79
-179040.857   143.781    -5.39    9.94
-178664.874   142.187    -4.24    9.53
-178288.893   139.322    -7.62    9.97
-177912.914   135.818    -9.32   11.45
-177536.937   132.733    -8.21   11.02
-177160.961   130.106    -6.99    9.99
-176784.988   128.241    -4.96    9.12
-176409.016   127.594    -1.72    9.74
-176033.046   129.106     4.02    8.64
-175657.078   127.791    -3.50    9.28
-175281.112   125.376    -6.42   10.36
-174905.148   122.851    -6.72    9.48
-174529.186   119.438    -9.08    8.66
-174153.225   118.501    -2.49    8.45
-173777.267   119.158     1.75    9.40
-173401.310   119.561     1.07   10.82
-173025.355   121.212     4.39   10.71
-172649.402   119.673    -4.09   12.43
-172273.451   112.673   -18.62   12.96
-171897.502   106.133   -17.40   11.59
-171521.555   102.827    -8.79   10.17
-171145.609   101.261    -4.17    9.77
-170769.665   101.876     1.64   10.25
-170393.724   101.080    -2.12    9.94
-170017.784   101.159     0.21   10.25
-169641.795   101.210     0.13    9.77
-169265.487   101.748     1.43    9.97
-168889.181   104.187     6.48   11.40
-168512.877   102.928    -3.35   11.55
-168136.575   100.688    -5.95   11.53
-167760.275   102.212     4.05   12.23
-167383.976   103.475     3.36   12.33
-167007.679   107.039     9.47   13.16
-166631.384   113.620    17.49   14.89
-166255.091   111.944    -4.46   14.72
-165878.800   109.438    -6.66   12.61
-165502.511   109.268    -0.45    8.70
-165126.223   112.049     7.39    8.57
-164749.937   114.975     7.77    8.53
-164373.653   118.658     9.79   10.16
-163997.371   119.646     2.63   11.28
-163621.091   120.594     2.52   10.48
-163244.813   119.646    -2.52    8.13
-162868.536   118.492    -3.07    7.43
-162492.261   113.944   -12.09    7.57
-162115.988   110.440    -9.31    9.02
-161739.717   110.673     0.62   12.06
-161363.448   112.457     4.74   14.16
-160987.181   114.971     6.68   13.74
-160610.915   116.280     3.48   10.81
-160234.651   117.107     2.20   10.15
-159858.389   120.697     9.54   11.53
-159482.129   128.494    20.72   13.63
-159105.870   138.106    25.55   10.98
-158729.614   141.549     9.15    8.60
-158353.359   143.370     4.84    8.47
-157977.106   141.928    -3.83    8.78
-157600.855   137.619   -11.45   11.43
-157224.606   130.843   -18.01   13.85
-156848.358   124.238   -17.56   12.31
-156472.112   118.056   -16.43   12.49
-156095.868   115.808    -5.97   11.84
-155719.626   116.108     0.80   10.92
-155343.386   117.238     3.00    8.16
-154967.147   117.133    -0.28    8.15
-154590.910   118.592     3.88    8.27
-154214.675   118.188    -1.07   10.52
-153838.442   118.081    -0.28   11.78
-153462.210   115.492    -6.88   11.72
-153085.981   112.961    -6.73   10.66
-152709.753   111.896    -2.83   11.49
-152333.527   109.511    -6.34   12.80
-151957.302   105.799    -9.87   15.21
-151581.080    99.608   -16.46   15.14
-151204.859    92.349   -19.29   10.41
-150828.640    94.027     4.46   14.88
-150452.423    98.633    12.24   19.68
-150076.207   104.858    16.55   22.93
-149699.994   119.727    39.53   20.07
-149323.782   127.683    21.15   16.72
-148947.571   134.364    17.76   13.82
-148571.363   135.161     2.12   14.02
-148195.156   128.214   -18.47   17.85
-147818.951   121.862   -16.88   16.80
-147442.748   115.430   -17.10   13.26
-147066.547   111.005   -11.76   12.25
-146690.347   105.911   -13.54   15.29
-146314.149    98.005   -21.02   11.99
-145937.953    98.449     1.18   16.37
-145561.759   101.133     7.14   19.64
-145185.566   103.979     7.57   23.05
-144809.375   102.876    -2.93   21.67
-144433.186   107.501    12.29   20.94
-144056.999   112.808    14.11   21.50
-143680.813   117.312    11.97   16.48
-143304.629   119.052     4.62   14.08
-142928.447   110.697   -22.21   17.02
-142552.266    99.558   -29.61   17.44
-142176.088    92.818   -17.92   14.41
-141799.911    91.322    -3.98    9.44
-141423.735    92.187     2.30    6.38
-141047.562    95.890     9.84    3.81
-140671.390    98.449     6.80    5.47
-140295.220   100.355     5.07    5.66
-139919.052    98.758    -4.25    8.20
-139542.885    95.338    -9.09   11.25
-139166.720    91.835    -9.31   11.43
-138790.557    89.287    -6.78   11.17
-138414.395    89.027    -0.69   10.09
-138038.236    91.291     6.02    7.07
-137662.077    91.322     0.08    8.36
-137285.921    90.338    -2.62    8.26
-136909.766    87.327    -8.00   11.92
-136533.613    80.517   -18.10   15.98
-136157.462    72.774   -20.59   18.15
-135781.313    64.162   -22.89   18.93
-135405.165    58.052   -16.25   17.13
-135029.019    51.106   -18.47   12.76
-134652.874    49.975    -3.01   11.09
-134276.732    56.862    18.31   17.13
-133900.590    62.592    15.23   18.78
-133524.451    72.364    25.98   15.46
-133148.313    78.953    17.52   10.44
-132772.178    80.580     4.33    6.54
-132396.043    80.501    -0.21    4.87
-132019.911    78.791    -4.55    4.50
-131643.780    77.851    -2.50    2.75
-131267.650    77.781    -0.18    2.68
-130891.523    77.210    -1.52    2.66
-130515.397    76.522    -1.83    2.82
-130139.273    76.005    -1.37    3.11
-129763.150    76.338     0.89    3.45
-129387.030    76.852     1.37    2.65
-129010.910    78.646     4.77    3.75
-128634.793    81.944     8.77    5.44
-128258.677    85.052     8.26    6.77
-127882.563    89.896    12.88    8.28
-127506.450    94.161    11.34    7.18
-127130.340    95.235     2.86    5.52
-126754.230    93.799    -3.82    6.54
-126378.123    87.592   -16.50    9.88
-126002.017    81.851   -15.27    8.80
-125625.913    79.287    -6.82    7.49
-125249.810    77.261    -5.39    7.56
-124873.710    76.187    -2.86    7.95
-124497.610    74.620    -4.17    7.10
-124121.513    75.430     2.15    7.29
-123745.417    77.241     4.81    6.68
-123369.323    79.079     4.89    3.75
-122993.230    79.070    -0.02    4.13
-122617.139    75.799    -8.70    6.73
-122241.050    72.001   -10.10    9.28
-121864.962    69.661    -6.22    9.59
-121488.876    67.030    -6.99    8.90
-121112.791    64.049    -7.93    8.09
-120736.709    63.081    -2.57    7.10
-120360.628    65.027     5.17    8.24
-119984.548    67.998     7.90    6.68
-119608.470    67.054    -2.51    7.93
-119232.394    63.979    -8.18    9.06
-118856.319    60.182   -10.10    7.36
-118480.246    58.994    -3.16    6.72
-118104.175    61.748     7.32    8.43
-117728.105    64.817     8.16    8.77
-117352.037    68.565     9.97    9.15
-116975.970    74.106    14.73    9.90
-116599.906    78.590    11.92   10.86
-116223.842    82.261     9.76   10.03
-115847.781    83.458     3.18    8.29
-115471.721    83.522     0.17    8.50
-115095.662    81.799    -4.58    9.52
-114719.605    81.522    -0.74    9.78
-114343.550    82.580     2.81    9.15
-113967.496    86.517    10.47    8.34
-113591.444    88.449     5.14    7.67
-113215.394    89.322     2.32    5.73
-112839.345    88.210    -2.96    7.12
-112463.298    85.433    -7.38    6.91
-112087.252    84.376    -2.81    8.46
-111711.208    85.133     2.01    9.04
-111335.166    90.565    14.45    5.43
-110959.125    91.890     3.52    5.30
-110583.086    92.592     1.87    5.50
-110207.048    92.161    -1.15    5.88
-109831.012    92.492     0.88    5.82
-109454.977    91.083    -3.75    6.67
-109078.944    89.549    -4.08    7.12
-108702.913    88.133    -3.77    7.37
-108326.883    84.580    -9.45    8.49
-107950.855    83.184    -3.71    8.13
-107574.828    83.569     1.02    7.89
-107198.803    85.817     5.98    7.26
-106822.780    89.411     9.56    6.96
-106446.758    91.422     5.35    7.40
-106070.738    90.492    -2.47    8.62
-105694.719    86.911    -9.52   10.26
-105318.702    85.005    -5.07   10.64
-104942.686    83.159    -4.91    9.88
-104566.672    83.862     1.87   10.32
-104190.660    85.106     3.31    7.48
-103814.649    87.241     5.68    7.61
-103438.639    91.953    12.53    9.75
-103062.631    95.876    10.43   10.61
-102686.625    96.403     1.40   12.67
-102310.620    90.748   -15.04   16.24
-101934.617    80.238   -27.95   16.09
-101558.616    73.764   -17.22   10.12
-101182.616    74.835     2.85   12.73
-100806.617    78.458     9.63   13.73
-100430.620    79.133     1.80   12.76
-100054.625    77.079    -5.46   13.17
 -99678.631    71.238   -15.53   13.65
 -99302.638    65.938   -14.10   11.16
 -98926.648    64.774    -3.10   10.81
 -98550.658    62.466    -6.14    9.80
 -98174.671    61.590    -2.33    9.57
 -97798.684    58.484    -8.26    9.87
 -97422.700    55.160    -8.84   10.98
 -97046.716    52.633    -6.72   11.58
 -96670.735    50.833    -4.79   11.66
 -96294.755    50.079    -2.01   10.87
 -95918.776    49.843    -0.63   10.05
 -95542.799    52.133     6.09   12.04
 -95166.823    54.364     5.93   11.01
 -94790.849    53.944    -1.12    9.96
 -94414.730    45.483   -22.50   15.15
 -94038.453    35.685   -26.04   14.87
 -93662.178    31.272   -11.73   11.42
 -93285.905    36.079    12.78   13.50
 -92909.633    45.327    24.58   11.69
 -92533.362    51.646    16.79    6.84
 -92157.093    53.851     5.86    4.10
 -91780.825    54.250     1.06    3.73
 -91404.559    54.133    -0.31    4.48
 -91028.295    55.971     4.88    6.14
 -90652.032    56.890     2.44    6.76
 -90275.770    60.081     8.48    6.04
 -89899.510    63.449     8.95    5.89
 -89523.251    64.030     1.55    6.59
 -89146.994    66.133     5.59    6.19
 -88770.739    67.851     4.57    6.89
 -88394.484    69.349     3.98    7.11
 -88018.232    71.108     4.67    5.85
 -87641.981    70.722    -1.02    5.83
 -87265.731    68.577    -5.70    5.97
 -86889.483    67.619    -2.55    7.70
 -86513.236    66.322    -3.45    9.73
 -86136.991    67.106     2.08   11.61
 -85760.747    66.722    -1.02   11.40
 -85384.505    65.496    -3.26    9.47
 -85008.264    66.081     1.56    8.76
 -84632.025    66.764     1.81    8.82
 -84255.787    70.688    10.43   11.05
 -83879.551    79.261    22.79   13.12
 -83503.316    88.106    23.51   11.86
 -83127.083    96.338    21.88   10.40
 -82750.851    99.343     7.99    8.29
 -82374.620    95.210   -10.99   13.00
 -81998.391    86.484   -23.19   15.18
 -81622.164    80.080   -17.02   11.23
 -81245.938    78.383    -4.51    9.98
 -80869.713    81.411     8.05   10.80
 -80493.490    83.971     6.80   11.15
 -80117.268    86.484     6.68   11.38
 -79741.048    86.700     0.57   11.62
 -79364.829    88.106     3.74   11.88
 -78988.612    91.276     8.43   12.95
 -78612.396    93.983     7.20   11.67
 -78236.182    98.080    10.89   11.10
 -77859.969   102.511    11.78    9.21
 -77483.757   100.902    -4.28   10.07
 -77107.547   102.238     3.55    9.27
 -76731.338   103.738     3.99    8.79
 -76355.131   105.700     5.22   10.14
 -75978.925   110.005    11.44   11.23
 -75602.721   113.522     9.35   10.06
 -75226.518   117.764    11.28    9.41
 -74850.316   124.383    17.59   10.78
 -74474.116   131.847    19.84    8.63
 -74097.917   134.633     7.40    6.38
 -73721.720   134.241    -1.04    7.09
 -73345.524   130.241   -10.63    8.30
 -72969.330   123.754   -17.24   10.66
 -72593.137   120.244    -9.33    9.79
 -72216.945   114.722   -14.68    8.46
 -71840.755   111.184    -9.41    8.65
 -71464.567   108.917    -6.03    7.34
 -71088.379   110.317     3.72    8.30
 -70712.193   112.722     6.39   10.82
 -70336.009   115.184     6.54   10.41
 -69959.826   117.133     5.18   11.13
 -69583.644   113.466    -9.75   12.14
 -69207.464   108.049   -14.40   10.68
 -68831.285   103.079   -13.21    9.92
 -68455.108    97.475   -14.90    8.75
 -68078.932    93.133   -11.54    7.72
 -67702.757    91.825    -3.48    7.45
 -67326.584    95.001     8.44   10.57
 -66950.412    99.105    10.91    8.82
 -66574.241    98.890    -0.57    8.72
 -66198.072    96.133    -7.33   10.78
 -65821.905    88.054   -21.48   10.20
 -65445.738    81.858   -16.47    7.39
 -65069.573    76.808   -13.42    7.17
 -64693.410    74.825    -5.27    6.22
 -64317.248    75.238     1.10    7.77
 -63941.087    75.843     1.61   10.19
 -63564.928    79.890    10.76   12.82
 -63188.770    83.233     8.89   14.00
 -62812.613    83.511     0.74   13.69
 -62436.458    81.511    -5.32   12.13
 -62060.304    75.214   -16.74   12.54
 -61684.151    72.076    -8.34    9.96
 -61308.000    71.928    -0.39    9.35
 -60931.850    71.697    -0.61    9.95
 -60555.702    75.855    11.05    9.07
 -60179.555    81.214    14.25   12.77
 -59803.409    86.383    13.74   13.33
 -59427.265    90.501    10.95   12.09
 -59051.122    92.183     4.47   12.46
 -58674.980    89.538    -7.03   11.25
 -58298.840    85.659   -10.31    9.69
 -57922.701    82.712    -7.84   10.37
 -57546.564    78.210   -11.97   11.61
 -57170.427    72.133   -16.16    8.71
 -56794.293    69.858    -6.05    6.66
 -56418.159    71.543     4.48    9.29
 -56042.027    76.376    12.85   10.23
 -55665.896    76.835     1.22    9.01
 -55289.767    74.214    -6.97    9.11
 -54913.639    68.338   -15.62    8.81
 -54537.512    62.210   -16.29    7.81
 -54161.386    56.990   -13.88   11.55
 -53785.262    51.317   -15.08   11.39
 -53409.140    47.998    -8.83    8.68
 -53033.018    49.438     3.83    8.14
 -52656.898    55.210    15.34    8.03
 -52280.779    59.052    10.21    7.14
 -51904.662    62.825    10.03    9.91
 -51528.546    66.106     8.72   10.33
 -51152.431    68.433     6.19   10.75
 -50776.317    72.890    11.85   11.46
 -50400.205    80.858    21.19   14.70
 -50024.094    90.287    25.07   16.84
 -49647.985    99.304    23.98   16.91
 -49271.877   103.835    12.05   14.89
 -48895.770   106.484     7.04   14.68
 -48519.664   107.890     3.74   15.17
 -48143.560   111.620     9.92   16.61
 -47767.457   119.106    19.90   13.59
 -47391.355   122.833     9.91    9.35
 -47015.255   120.949    -5.01   12.94
 -46639.156   115.835   -13.60   15.93
 -46263.058   111.422   -11.73   16.09
 -45886.962   110.620    -2.13   15.12
 -45510.867   117.027    17.04   13.65
 -45134.773   122.383    14.24    9.77
 -44758.680   125.184     7.45    7.04
 -44382.589   124.549    -1.69    8.42
 -44006.499   119.620   -13.11    9.23
 -43630.410   112.569   -18.75    8.43
 -43254.323   104.190   -22.28   10.38
 -42878.237   100.592    -9.57    9.24
 -42502.152    95.106   -14.59   10.48
 -42126.069    89.370   -15.25   12.96
 -41749.986    84.159   -13.85   13.92
 -41373.905    77.133   -18.68   13.11
 -40997.826    68.840   -22.05   11.18
 -40621.747    67.876    -2.56   12.98
 -40245.670    74.349    17.21   20.20
 -39869.594    84.998    28.32   23.96
 -39493.520    99.975    39.83   19.71
 -39117.446   112.697    33.83   13.10
 -38741.374   117.688    13.27    9.42
 -38365.304   121.594    10.39    5.41
 -37989.234   121.938     0.91    4.27
 -37613.166   118.312    -9.64    8.03
 -37237.099   113.543   -12.68    9.98
 -36861.033   105.539   -21.28   11.62
 -36484.969    93.160   -32.92   15.82
 -36108.905    86.862   -16.75   14.10
 -35732.843    89.187     6.18   16.62
 -35356.783    98.825    25.63   20.67
 -34980.723   109.430    28.20   11.82
 -34604.665   114.774    14.21    8.10
 -34228.608   117.210     6.48    7.07
 -33852.552   119.748     6.75    5.11
 -33476.498   119.079    -1.78    9.78
 -33100.445   113.569   -14.65   14.90
 -32724.393   107.825   -15.27   18.13
 -32348.342   100.835   -18.59   19.96
 -31972.292    98.030    -7.46   19.35
 -31596.244    96.133    -5.05   17.93
 -31220.197    94.349    -4.74   17.56
 -30844.151    91.158    -8.48   17.22
 -30468.107    85.227   -15.77   14.49
 -30092.063    79.287   -15.80    8.47
 -29716.021    79.492     0.55    7.70
 -29339.980    79.383    -0.29    7.97
 -28963.940    77.364    -5.37    8.53
 -28587.902    72.484   -12.98   11.09
 -28211.865    66.312   -16.41   11.18
 -27835.829    59.054   -19.30   11.36
 -27459.794    53.606   -14.49   11.60
 -27083.760    46.781   -18.15   10.51
 -26707.728    43.492    -8.75   10.15
 -26331.697    44.658     3.10    9.98
 -25955.667    46.633     5.25   10.12
 -25579.638    49.187     6.79    8.40
 -25203.611    48.322    -2.30    7.49
 -24827.584    47.457    -2.30    7.65
 -24451.559    56.403    23.79   16.07
 -24075.535    69.692    35.34   22.92
 -23699.513    81.774    32.13   21.97
 -23323.491    89.235    19.84   20.24
 -22947.471    92.799     9.48   20.11
 -22571.452    98.184    14.32   19.19
 -22195.434   101.917     9.93   17.65
 -21819.417   105.133     8.55   14.56
 -21443.401   101.054   -10.85   18.98
 -21067.387    90.389   -28.36   23.63
 -20691.374    78.944   -30.44   21.32
 -20315.362    70.685   -21.96   18.31
 -19939.351    62.783   -21.02   15.12
 -19563.341    56.411   -16.95   13.57
 -19187.135    53.106    -8.78   13.07
 -18810.887    51.700    -3.74   13.31
 -18434.641    51.998     0.79   13.27
 -18058.395    56.998    13.29   10.90
 -17682.151    64.938    21.11    9.05
 -17305.908    68.005     8.15   12.12
 -16929.666    70.774     7.36   17.03
 -16553.425    73.106     6.20   20.03
 -16177.185    74.594     3.96   23.24
 -15800.947    82.001    19.69   20.50
 -15424.709    86.799    12.75   15.79
 -15048.473    89.264     6.55   10.93
 -14672.238    89.081    -0.49   11.83
 -14296.004    89.022    -0.16   12.14
 -13919.772    90.922     5.05   11.59
 -13543.540    94.774    10.24    8.14
 -13167.310    98.904    10.98    6.74
 -12791.081    98.466    -1.16   11.81
 -12414.853    89.606   -23.55   20.88
 -12038.626    82.025   -20.15   23.01
 -11662.400    69.727   -32.69   17.21
 -11286.175    62.605   -18.93   13.42
 -10909.952    58.594   -10.66   11.47
 -10533.729    53.008   -14.85    9.61
 -10157.508    50.592    -6.42    9.97
  -9781.288    50.364    -0.61   10.88
  -9405.069    49.685    -1.80   10.67
  -9028.852    47.291    -6.37   11.05
  -8652.635    43.052   -11.27   12.12
  -8276.419    39.158   -10.35   12.80
  -7900.205    31.817   -19.51   14.68
  -7523.992    22.619   -24.45   17.39
  -7147.780    16.944   -15.09   16.75
  -6771.569     8.161   -23.35   11.45
  -6395.359     4.133   -10.71    4.24
  -6019.150     2.876    -3.34    1.67
  -5642.942     2.590    -0.76    1.62
  -5266.736     2.484    -0.28    1.95
  -4890.530     2.214    -0.72    1.98
  -4514.326     2.052    -0.43    1.74
  -4138.123     1.408    -1.71    1.89
  -3761.921     0.403    -2.67    2.06
  -3385.720    -0.130    -1.42    2.09
  -3009.520    -0.420    -0.77    1.83
  -2633.321     1.210     4.33    3.03
  -2257.124     2.565     3.60    3.35
  -1880.927     3.083     1.38    3.67
  -1504.732     3.317     0.62    3.57
  -1128.538     3.049    -0.71    3.12
   -752.344     2.998    -0.14    2.87
   -376.152     1.327    -4.44    2.42
      0.039    -0.104    -3.80    2.33
    376.229    -1.278    -3.12    1.58
    752.418    -1.867    -1.57    0.00
   1128.605    -1.867     0.00    0.00
   1504.792    -1.867     0.00    0.00
   1880.978    -1.867     0.00    0.00
   2257.162    -1.867     0.00    0.00
   2633.345    -1.867     0.00    0.00
   3009.528    -1.867     0.00    0.00
   3385.709    -1.867     0.00    0.00
   3761.889    -1.867     0.00    0.00
   4138.068    -1.867     0.00    0.00
   4514.246    -1.717     0.40    0.95
   4890.423    -1.278     1.17    1.83
   5266.599    -0.617     1.76    2.13
   5642.774    -0.056     1.49    2.22
   6018.948     0.457     1.37    2.30
   6395.120     1.214     2.01    2.35
   6771.292     1.606     1.04    2.18
   7147.462     1.545    -0.16    2.12
   7523.632     1.483    -0.16    2.34
   7899.800     1.133    -0.93    2.08
   8275.968     1.299     0.44    1.95
   8652.134     1.466     0.44    1.75
   9028.299     1.027    -1.17    1.37
   9404.463     1.291     0.70    1.24
   9780.626     0.712    -1.54    2.62
  10156.789     0.774     0.17    2.76
  10532.950     0.971     0.52    2.84
  10909.110     0.606    -0.97    2.87
  11285.269     0.383    -0.59    1.60
  11661.426     0.104    -0.74    1.46
  12037.583    -0.219    -0.86    1.36
  12413.739    -0.327    -0.29    1.19
  12789.894    -0.246     0.22    1.52
  13166.048     0.808     2.80    2.21
  13542.200     1.961     3.06    2.35
  13918.352     3.608     4.38    3.14
  14294.503     4.317     1.89    3.06
  14670.652     4.484     0.44    3.07
  15046.801     3.748    -1.96    3.75
  15422.948     3.370    -1.01    3.78
  15799.095     2.440    -2.47    3.97
  16175.240     1.835    -1.61    3.90
  16551.385     2.389     1.47    4.20
  16927.528     2.438     0.13    4.28
  17303.671     2.764     0.87    4.35
  17679.812     3.081     0.84    4.76
  18055.953     2.102    -2.61    4.02
  18432.092     1.312    -2.10    2.92
  18808.231     1.917     1.61    3.06
  19184.368     3.827     5.08    3.77
  19560.504     6.376     6.78    3.62
  19936.640     6.688     0.83    2.81
  20312.774     6.133    -1.48    2.82
  20688.907     5.338    -2.11    2.14
  21065.040     4.835    -1.34    2.05
  21441.171     6.005     3.11    4.53
  21817.302     6.569     1.50    4.92
  22193.431     6.107    -1.23    4.45
  22569.559     6.106    -0.00    4.54
  22945.687     6.569     1.23    4.67
  23321.813     4.944    -4.32    2.56
  23697.939     4.917    -0.07    2.38
  24074.063     5.214     0.79    2.49
  24450.186     5.039    -0.46    2.39
  24826.309     4.876    -0.43    3.05
  25202.430     2.922    -5.20    3.73
  25578.551     1.688    -3.28    3.43
  25954.670     0.241    -3.85    2.57
  26330.789    -0.395    -1.69    1.44
  26706.906    -0.236     0.42    1.51
  27083.023    -0.329    -0.25    1.37
  27459.139    -0.219     0.29    1.51
  27835.253     0.185     1.07    1.82
  28211.367     1.005     2.18    1.94
  28587.480     1.185     0.48    1.87
  28963.591     0.808    -1.00    2.03
  29339.702     1.183     1.00    1.63
  29715.812     1.295     0.30    1.32
  30091.921     1.646     0.93    1.22
  30468.029     1.565    -0.22    1.32
  30844.136     2.704     3.03    3.36
  31220.242     3.953     3.32    3.98
  31596.347     5.107     3.07    3.81
  31972.451     6.105     2.65    3.64
  32348.554     6.876     2.05    4.93
  32724.656    10.799    10.43    7.62
  33100.757    14.268     9.22    7.55
  33476.858    16.517     5.98    6.57
  33852.957    14.917    -4.26    7.90
  34229.055    10.764   -11.04    7.71
  34605.153     7.554    -8.54    6.06
  34981.249     5.783    -4.71    4.03
  35357.345     4.944    -2.23    2.77
  35733.440     4.658    -0.76    2.78
  36109.533     3.928    -1.94    2.46
  36485.626     3.938     0.03    1.39
  36861.718     3.890    -0.13    1.62
  37237.809     3.855    -0.09    2.47
  37613.899     2.422    -3.81    3.13
  37989.988     1.308    -2.96    3.86
  38366.076     2.188     2.34    5.63
  38742.163     5.708     9.36    9.03
  39118.250     9.606    10.37    9.10
  39494.335    12.754     8.37    7.68
  39870.419    14.527     4.71    6.88
  40246.503    15.005     1.27    5.19
  40622.586    15.106     0.27    5.03
  40998.667    16.549     3.84    5.88
  41374.748    16.799     0.66    5.89
  41750.828    15.355    -3.84    5.50
  42126.907    14.883    -1.26    4.60
  42502.985    14.338    -1.45    3.95
  42879.062    15.049     1.89    5.46
  43255.139    13.971    -2.87    6.49
  43631.214    10.890    -8.19    6.56
  44007.289    11.238     0.93    6.51
  44383.362    11.876     1.70    5.48
  44759.435    13.998     5.64    6.67
  45135.507    17.158     8.40    7.07
  45511.578    20.953    10.09    6.56
  45887.648    21.527     1.53    6.80
  46263.717    19.727    -4.79    6.15
  46639.785    18.517    -3.22    5.94
  47015.853    17.851    -1.77    4.96
  47391.919    18.938     2.89    5.93
  47767.985    21.389     6.52    7.13
  48144.049    23.994     6.93    7.62
  48520.113    25.264     3.38    7.37
  48896.176    28.415     8.38    7.76
  49272.238    30.977     6.81    7.59
  49648.300    32.241     3.36    6.90
  50024.360    33.080     2.23    5.69
  50400.419    33.754     1.79    6.11
  50776.478    38.825    13.48   12.00
  51152.536    45.188    16.92   14.85
  51528.593    56.081    28.97   17.61
  51904.649    63.902    20.80   16.38
  52280.704    68.517    12.27   16.70
  52656.758    71.349     7.53   17.63
  53032.812    72.594     3.31   16.53
  53408.864    75.922     8.85   16.26
  53784.916    78.383     6.54   16.57
  54160.967    85.025    17.66   16.96
  54537.017    88.700     9.77   17.57
  54913.066    89.673     2.59   17.48
  55289.115    91.133     3.88   18.34
  55665.189    90.820    -0.83   18.47
  56041.407    95.106    11.39   17.53
  56417.624   101.389    16.70   12.84
  56793.840   103.383     5.30    7.97
  57170.055   100.210    -8.43    9.21
  57546.270    94.079   -16.30   14.59
  57922.483    87.928   -16.35   14.31
  58298.696    86.005    -5.11   13.00
  58674.908    91.054    13.42   14.40
  59051.119    99.027    21.19   14.75
  59427.329   107.543    22.63   13.63
  59803.538   112.005    11.86   12.88
  60179.747   114.383     6.32    9.40
  60555.955   109.592   -12.73   13.48
  60932.162    97.349   -32.54   16.92
  61308.368    88.944   -22.34   13.56
  61684.573    83.619   -14.15   11.67
  62060.777    79.927    -9.81   13.10
  62436.981    82.158     5.93   13.82
  62813.184    88.569    17.04   13.80
  63189.386    92.466    10.36   13.22
  63565.587    95.312     7.57   13.59
  63941.787    93.700    -4.28   15.84
  64317.987    95.001     3.46   16.47
  64694.186    96.791     4.76   14.36
  65070.384   101.210    11.75    9.64
  65446.581    99.808    -3.72    9.42
  65822.777    94.554   -13.97   11.02
  66198.973    89.508   -13.41   13.70
  66575.168    81.438   -21.45   15.35
  66951.362    71.685   -25.93   16.27
  67327.555    67.268   -11.74   16.54
  67703.747    66.322    -2.51   16.26
  68079.939    62.971    -8.91   17.28
  68456.130    56.911   -16.11   20.39
  68832.320    46.594   -27.42   23.04
  69208.509    33.517   -34.76   22.06
  69584.697    24.349   -24.37   17.62
  69960.885    18.338   -15.98   13.72
  70337.072    16.619    -4.57   12.08
  70713.258    19.005     6.34   13.70
  71089.443    22.975    10.55   13.67
  71465.628    21.594    -3.67   13.75
  71841.812    17.105   -11.93   14.77
  72217.995     9.949   -19.02   11.35
  72594.177     4.825   -13.62    8.27
  72970.358     0.876   -10.50    4.37
  73346.539    -0.303    -3.13    3.25
  73722.719    -0.597    -0.78    3.21
  74098.898    -0.089     1.35    3.76
  74475.077     0.673     2.03    4.23
  74851.254     1.105     1.15    4.05
  75227.431     1.870     2.03    4.85
  75603.607     2.933     2.83    5.49
  75979.783     4.511     4.20    6.30
  76355.957     4.928     1.11    5.62
  76732.131     5.659     1.94    5.29
  77108.304     6.185     1.40    5.90
  77484.477     5.052    -3.01    5.96
  77860.648     5.733     1.81    8.53
  78236.819     4.160    -4.18    8.16
  78612.989     2.268    -5.03    4.70
  78989.159     1.646    -1.65    1.54
  79365.327     3.104     3.88    6.36
  79741.495     8.158    13.44   14.21
  80117.662    12.594    11.79   17.69
  80493.829    17.761    13.74   19.68
  80869.994    24.133    16.94   20.66
  81246.159    28.241    10.92   22.62
  81622.324    39.185    29.09   27.34
  81998.487    42.158     7.90   28.39
  82374.650    44.700     6.76   29.04
  82750.812    41.949    -7.32   28.93
  83126.973    35.791   -16.37   24.89
  83503.134    28.261   -20.02   22.63
  83879.294    24.998    -8.68   20.26
  84255.453    26.883     5.01   20.18
  84631.611    34.133    19.27   23.22
  85007.769    49.133    39.88   17.08
  85383.926    55.944    18.11   12.98
  85760.083    64.133    21.77   13.30
  86136.238    65.440     3.48   14.70
  86512.393    63.543    -5.04   16.08
  86888.547    59.647   -10.36   16.13
  87264.701    54.081   -14.80   14.57
  87640.854    54.025    -0.15   15.15
  88017.006    53.105    -2.44   14.87
  88393.157    54.210     2.94   16.85
  88769.308    53.422    -2.09   18.66
  89145.458    53.492     0.18   20.43
  89521.607    53.685     0.51   20.87
  89897.756    52.056    -4.33   16.48
  90273.903    51.268    -2.09   15.18
  90650.051    54.458     8.48   16.14
  91026.197    60.235    15.36   18.29
  91402.343    66.049    15.46   19.59
  91778.488    71.079    13.37   18.88
  92154.633    77.160    16.17   18.71
  92530.776    71.592   -14.80   19.58
  92906.920    63.317   -22.00   17.11
  93283.062    59.772    -9.43   15.57
  93659.204    55.312   -11.86   11.57
  94035.345    55.475     0.43   10.14
  94411.485    54.998    -1.27    7.75
  94787.625    54.005    -2.64    9.79
  95163.764    49.712   -11.41   12.34
  95539.902    45.738   -10.56   12.39
  95916.040    41.808   -10.45    9.49
  96292.177    43.081     3.38    8.42
  96668.314    46.272     8.48    7.12
  97044.449    49.543     8.70    7.14
  97420.584    50.733     3.16    6.02
  97796.719    50.662    -0.19    5.59
  98172.853    51.727     2.83    6.16
  98548.986    51.835     0.29    6.25
  98925.118    51.052    -2.08    7.94
  99301.250    49.160    -5.03    7.90
  99677.381    47.904    -3.34    7.84
 100053.512    50.876     7.90    9.52
 100429.642    56.902    16.02   11.71
 100805.771    59.619     7.22   11.10
 101181.899    62.001     6.33    9.08
 101558.027    60.449    -4.13    8.45
 101934.155    57.440    -8.00    8.36
 102310.281    54.160    -8.72    9.32
 102686.407    49.517   -12.34    9.83
 103062.533    47.855    -4.42    9.02
 103438.657    47.107    -1.99    7.98
 103814.782    46.158    -2.52    8.43
 104190.905    45.352    -2.15    8.49
 104567.028    40.543   -12.78    9.16
 104943.150    36.808    -9.93    9.96
 105319.272    34.511    -6.11   10.04
 105695.393    30.592   -10.42    8.25
 106071.513    29.827    -2.03    6.99
 106447.633    31.466     4.36    6.91
 106823.752    32.774     3.48    5.95
 107199.871    33.727     2.54    5.46
 107575.988    31.953    -4.72    6.13
 107952.106    31.543    -1.09    6.96
 108328.222    31.825     0.75    8.24
 108704.339    32.376     1.46    8.35
 109080.454    32.851     1.26    7.58
 109456.569    31.917    -2.48    6.52
 109832.683    32.343     1.13    6.17
 110208.797    33.133     2.10    6.52
 110584.910    34.695     4.15    7.35
 110961.022    35.005     0.82    6.74
 111337.134    36.554     4.12    7.75
 111713.245    34.994    -4.15    7.68
 112089.356    35.081     0.23    7.84
 112465.466    40.938    15.57   13.34
 112841.576    43.107     5.77   15.87
 113217.685    50.851    20.59   15.38
 113593.793    55.754    13.04   14.87
 113969.901    53.949    -4.80   14.05
 114346.008    52.287    -4.42   11.44
 114722.114    51.008    -3.40    9.42
 115098.220    47.890    -8.29   10.56
 115474.326    42.107   -15.37   12.07
 115850.430    35.185   -18.40   12.93
 116226.535    28.917   -16.67   12.35
 116602.638    23.917   -13.29    7.81
 116978.741    22.876    -2.77    6.76
 117354.844    25.389     6.68    7.26
 117730.946    27.683     6.10    6.24
 118107.047    29.188     4.00    4.15
 118483.148    31.620     6.47    4.30
 118859.248    34.105     6.61    5.78
 119235.348    36.633     6.72    6.09
 119611.447    39.466     7.53    5.63
 119987.546    41.527     5.48    5.34
 120363.644    44.159     7.00    5.87
 120739.741    46.843     7.14    7.02
 121115.838    50.183     8.88    8.90
 121491.935    53.577     9.03    9.88
 121868.030    55.774     5.84   10.41
 122244.126    60.159    11.66   12.64
 122620.220    63.646     9.27   10.86
 122996.315    66.322     7.11   11.31
 123372.408    68.688     6.29   11.79
 123748.501    68.979     0.77   10.31
 124124.594    70.883     5.06   10.80
 124500.686    73.025     5.70   11.06
 124876.777    77.583    12.12   10.93
 125252.868    82.370    12.73   12.58
 125628.959    83.527     3.08   13.66
 126005.048    87.214     9.80   13.55
 126381.138    91.671    11.85   13.35
 126757.227    94.214     6.76   14.43
 127133.315    99.688    14.56   11.92
 127509.403   101.317     4.33   10.57
 127885.490   103.383     5.49   11.06
 128261.577   106.953     9.49   12.37
 128637.663   112.312    14.25   13.45
 129013.748   117.466    13.70   15.48
 129389.834   121.700    11.26   16.98
 129765.918   129.133    19.76   20.08
 130142.002   134.430    14.09   18.51
 130518.086   139.833    14.37   18.40
 130894.221   144.349    12.01   21.51
 131270.409   153.106    23.28   27.71
 131646.596   169.633    43.93   35.33
 132022.782   186.343    44.42   35.87
 132398.968   195.349    23.94   33.68
 132775.154   201.671    16.81   33.51
 133151.339   202.271     1.59   34.14
