# NaN NaN NaN ;Mean Elev.(m), Avg Gradient(m/km), RMS Gradient(m/km) - SRTM1     
#   75.303  -0.317   5.729 ;Mean Elev.(m), Avg Gradient(m/km), RMS Gradient(m/km) - ASTER GDEM
#   63.113  -0.342   5.992 ;Mean Elev.(m), Avg Gradient(m/km), RMS Gradient(m/km) - GMTED2010 
  8 290.206630  -4.380681    64.269    64.270  6 52499.60877947 35.255
  9 290.202447  -4.380278    60.169    60.155  7 52534.60876715 39.299
 10 290.206292  -4.379353    60.313    59.561  6 52569.60879674 26.018
 11 290.204606  -4.379741    65.083    65.063  6 52604.60877816 35.056
 12 290.203318  -4.380221    65.795    65.736  7 52639.60876058 33.521
 13 290.205814  -4.380824    64.253    64.143  6 52674.60875577 24.344
 14 290.204847  -4.379563    65.877    65.787  7 52709.60877209 38.504
 16 290.203689  -4.380812    67.652    67.627  7 52779.60873660 44.059
 17 290.202335  -4.379831    67.445    67.461  7 52814.60882019 42.522
 18 290.205199  -4.380387    62.938    62.921  6 52849.60887287 38.574
 19 290.202322  -4.380161    60.192    60.289  7 52884.60890828 40.853
 20 290.206649  -4.380414    59.263    59.346  6 52919.60886456 29.341
 21 290.210456  -4.380957    62.458    62.400  5 52954.60882811 42.082
 22 290.214295  -4.379616    63.556    63.519  4 52989.60883796 33.751
 23 290.213753  -4.379423    66.346    66.302  5 53024.60881787 27.587
 24 290.214619  -4.379839    63.658    63.535  5 53059.60881656 21.468
 25 290.199850  -4.377518    65.223    65.224  8 53094.60885369 30.494
 26 290.211429  -4.380201    65.569    65.458  5 53129.60882541 33.333
 28 290.205775  -4.380193    64.796    64.642  6 53199.60889626 32.192
 29 290.214713  -4.379573    59.265    59.175  4 53234.60886576 21.277
 30 290.204730  -4.379686    60.467    60.466  7 53269.60883103 32.038
 31 290.198251  -4.379439    61.333    61.369  8 53304.60889295 37.369
 32 290.205229  -4.380467    64.858    64.987  7 53339.60886166 28.726
 33 290.209361  -4.379270    64.529    64.562  6 53374.60879279 37.314
 34 290.208490  -4.380844    62.203    62.189  6 53409.60883566 30.595
 35 290.206816  -4.379861    66.006    66.032  6 53444.60881868 29.617
 36 290.199793  -4.378930    66.572    66.636  7 53479.60889768 33.848
 37 290.205872  -4.379970    66.420    66.411  7 53514.60890474 34.002
 38 290.200771  -4.379260    63.621    63.429  8 53549.60892415 22.671
 39 290.207637  -4.380246    59.656    59.657  5 53584.60888642 35.406
 40 290.203397  -4.380886    56.006    56.002  7 53619.60884325 45.573
 41 290.204650  -4.380442    56.134    56.151  7 53654.60886977 39.883
 42 290.203250  -4.379722    62.486    62.479  6 53689.60886460 19.213
 43 290.209063  -4.379713    60.742    60.776  5 53724.60878880 36.280
 44 290.213406  -4.378400    63.866    63.787  5 53759.60873123 40.093
 45 290.210066  -4.379684    65.749    65.640  5 53794.60875034 23.358
 46 290.209166  -4.380212    67.168    67.123  5 53829.60872650 25.367
 47 290.203031  -4.379558    67.392    67.414  6 53864.60880569 23.878
 48 290.205659  -4.380015    63.444    63.541  7 53899.60883119 34.319
 49 290.196593  -4.377202    60.699    60.642  9 53934.60887445 33.503
 50 290.201168  -4.379246    58.097    58.096  7 53969.60884496 35.832
 51 290.207943  -4.381010    57.370    57.359  6 54004.60881908 31.396
 52 290.209180  -4.379508    59.533    59.562  6 54039.60885136 41.234
 53 290.207166  -4.379538    63.158    63.129  6 54074.60884588 16.346
 54 290.205529  -4.380415    66.458    66.470  6 54109.60879051 30.886
 55 290.205586  -4.380023    66.974    66.990  7 54144.60878394 29.114
 56 290.205657  -4.379834    65.546    65.537  7 54179.60877570 35.593
 57 290.204769  -4.380321    66.958    67.046  7 54214.60879137 26.213
 58 290.205112  -4.380806    66.660    66.690  6 54249.60881901 23.673
 59 290.207009  -4.380491    63.307    63.297  6 54284.60882694 30.426
 60 290.207652  -4.380236    59.678    59.650  6 54319.60882410 31.182
 61 290.207815  -4.378719    57.998    57.988  6 54354.60878666 34.049
 62 290.207094  -4.379677    57.390    57.378  6 54389.60876450 32.929
 63 290.206283  -4.380930    63.137    63.133  6 54424.60873735 33.336
 64 290.206896  -4.379803    62.762    62.841  6 54459.60874007 38.262
 65 290.207305  -4.380394    65.953    65.968  6 54494.60874227 22.158
 66 290.207974  -4.380416    66.593    66.643  6 54529.60875293 23.441
 67 290.206873  -4.378754    66.958    66.973  6 54564.60874821 26.431
 68 290.205902  -4.380680    67.171    67.181  6 54599.60874831 24.664
 69 290.204735  -4.380038    64.059    64.048  6 54634.60876111 18.199
 70 290.205237  -4.379728    61.816    61.768  6 54669.60876533 32.076
 71 290.208213  -4.379056    58.282    58.285  6 54704.60872836 34.561
 72 290.206170  -4.380250    60.678    60.285  6 54739.60872853 22.057
 73 290.207724  -4.379454    60.673    60.653  6 54774.60871019 33.702
 74 290.205575  -4.379875    63.805    63.857  7 54809.60872155 43.026
 75 290.206153  -4.381590    62.954    62.955  6 54844.60870886 38.832
 76 290.204615  -4.379809    66.827    66.877  6 54879.60872544 21.600
 77 290.204485  -4.380911    67.742    67.768  6 54914.60871243 23.274
 79 290.204283  -4.379242    68.099    68.128  7 54984.60874240 26.910
 80 290.206862  -4.381591    65.883    65.870  6 55019.60873837 23.759
 81 290.207641  -4.379198    63.753    64.064  6 55054.60873379 20.797
 82 290.205748  -4.380465    63.089    62.903  6 55089.60869462 15.232
 83 290.207168  -4.378929    60.878    60.892  6 55124.60867190 32.320
 84 290.205609  -4.379650    59.895    59.884  6 55159.60865545 32.621
 85 290.205432  -4.380968    66.027    65.983  6 55194.60866219 21.404
 86 290.205399  -4.379894    63.963    63.795  6 55229.60865828 23.538
 87 290.206760  -4.380004    65.083    65.060  6 55264.60865717 24.995
 88 290.207263  -4.380220    66.158    66.128  6 55299.60864001 20.031
 89 290.205251  -4.380532    66.755    66.750  6 55334.60863445 36.930
 90 290.206794  -4.380785    64.346    64.376  6 55369.60862563 28.548
 91 290.207277  -4.378838    61.443    61.440  6 55404.60864206 24.424
 92 290.207797  -4.379569    56.104    56.083  6 55439.60864348 32.787
 93 290.207545  -4.379964    55.812    55.871  6 55474.60858978 35.522
