-315941.781   108.626     0.00   20.13
-315565.688   103.777   -12.89   17.57
-315189.597    98.642   -13.65   12.07
-314813.507    96.968    -4.45    8.75
-314437.420    97.186     0.58    8.39
-314061.335   101.327    11.01   11.70
-313685.252   103.984     7.07   15.51
-313309.170   102.492    -3.97   14.16
-312933.091    99.558    -7.80   15.74
-312557.014    96.609    -7.84   11.40
-312180.939    98.122     4.02   11.06
-311804.866    99.905     4.74    8.99
-311428.795   106.250    16.87   11.43
-311052.726   113.186    18.44   11.73
-310676.658   115.303     5.63   11.49
-310300.593   115.455     0.41   12.12
-309924.530   114.324    -3.01   12.04
-309548.469   111.245    -8.19   11.40
-309172.410   104.623   -17.61   12.09
-308796.353   102.110    -6.68   12.16
-308420.298   103.748     4.36   13.18
-308044.245   104.731     2.62   12.02
-307668.193   106.628     5.04   14.99
-307292.144   102.584   -10.75   13.84
-306916.097    96.596   -15.92   10.18
-306540.052    94.537    -5.48    9.38
-306164.009    99.430    13.01   14.78
-305787.968   101.905     6.58   14.08
-305411.928   102.520     1.63   13.04
-305035.891   104.866     6.24   13.65
-304659.856   103.881    -2.62   12.48
-304283.822   107.943    10.80   11.83
-303907.791   111.584     9.68   11.19
-303531.762   111.496    -0.23   11.54
-303155.734   111.569     0.20   10.68
-302779.709   117.677    16.24   16.10
-302403.686   119.642     5.23   17.33
-302027.664   124.866    13.89   17.56
-301651.645   128.520     9.72   14.99
-301275.627   132.402    10.32   14.40
-300899.611   136.609    11.19   16.54
-300523.598   135.380    -3.27   18.31
-300147.586   133.191    -5.82   20.95
-299771.576   129.748    -9.16   21.73
-299395.569   127.661    -5.55   19.05
-299019.563   127.020    -1.70   18.54
-298643.559   131.737    12.55   19.78
-298267.557   136.131    11.68   19.99
-297891.557   131.532   -12.23   16.41
-297515.559   124.532   -18.62   16.16
-297139.563   120.540   -10.62   15.72
-296763.569   115.380   -13.73   12.20
-296387.576   116.866     3.95   14.80
-296011.586   124.812    21.13   18.83
-295635.598   126.532     4.57   18.10
-295259.611   133.191    17.71   17.63
-294883.627   132.943    -0.66   17.33
-294507.644   121.225   -31.17   17.23
-294131.664   114.558   -17.73   16.93
-293755.685   108.461   -16.22   11.76
-293379.708   107.532    -2.47   11.24
-293003.733   109.020     3.96   11.47
-292627.761   109.492     1.26   11.55
-292251.790   108.943    -1.46   11.59
-291875.821   116.947    21.29   20.92
-291499.853   121.774    12.84   21.50
-291123.888   125.814    10.75   22.07
-290747.925   123.790    -5.38   22.63
-290371.963   117.353   -17.12   19.25
-289996.004   117.737     1.02   16.92
-289620.046   122.623    13.00   17.90
-289244.091   130.378    20.63   21.55
-288868.137   139.596    24.52   21.56
-288492.185   144.609    13.34   24.23
-288116.235   144.532    -0.20   24.71
-287740.287   139.063   -14.55   25.47
-287364.341   129.037   -26.67   26.96
-286988.396   113.686   -40.83   15.63
-286612.454   106.169   -20.00    9.73
-286236.514   102.520    -9.71    7.63
-285860.575   101.785    -1.95    8.47
-285484.638    99.758    -5.39    7.87
-285108.703   100.001     0.65    9.69
-284732.771   101.558     4.14    9.41
-284356.839   103.072     4.03   12.02
-283980.910   105.917     7.57   14.68
-283604.983   107.481     4.16   13.99
-283228.877   109.547     5.49   13.69
-282852.573   110.507     2.55   14.41
-282476.270   110.218    -0.77   13.26
-282099.970   108.635    -4.21   13.11
-281723.671   109.800     3.10   18.66
-281347.375   116.225    17.07   27.43
-280971.080   120.758    12.05   30.70
-280594.787   116.917   -10.21   29.53
-280218.496   108.403   -22.63   24.83
-279842.207   101.981   -17.07   12.13
-279465.919   102.407     1.13   14.01
-279089.634   102.272    -0.36   16.70
-278713.350    99.137    -8.33   19.05
-278337.069    90.380   -23.27   16.83
-277960.789    83.896   -17.23   10.68
-277584.511    84.078     0.48    8.10
-277208.235    86.353     6.05    7.51
-276831.960    89.272     7.76    8.12
-276455.688    92.173     7.71    9.10
-276079.417    91.879    -0.78   10.96
-275703.148    96.721    12.87   13.44
-275326.882    98.379     4.41   16.70
-274950.617   100.199     4.84   16.45
-274574.353   102.326     5.65   14.92
-274198.092   101.984    -0.91   13.85
-273821.832    99.225    -7.34   11.13
-273445.575   100.436     3.22   11.11
-273069.319   101.458     2.72   13.26
-272693.065    99.974    -3.94   15.09
-272316.813   100.488     1.36   16.29
-271940.562    97.001    -9.27   15.61
-271564.314    91.603   -14.35   16.58
-271188.067    89.917    -4.48   17.19
-270811.822    88.828    -2.89   16.58
-270435.579    89.785     2.54   15.83
-270059.338    93.678    10.35   15.39
-269683.099    92.642    -2.75   16.39
-269306.861    88.737   -10.38   16.42
-268930.625    88.642    -0.25   16.76
-268554.391    84.814   -10.17   16.18
-268178.159    83.825    -2.63   15.37
-267801.929    82.300    -4.05   14.12
-267425.700    80.712    -4.22   13.57
-267049.474    82.096     3.68   13.94
-266673.249    80.250    -4.91   12.75
-266297.026    81.353     2.93   13.53
-265920.805    85.866    12.00   16.99
-265544.585    93.137    19.33   20.68
-265168.367    97.191    10.78   21.44
-264792.152   101.584    11.68   22.73
-264415.938   102.628     2.78   22.30
-264039.725   104.920     6.09   22.66
-263663.515   105.609     1.83   24.06
-263287.306   102.590    -8.03   23.98
-262911.099   102.116    -1.26   23.02
-262534.894   101.299    -2.17   20.17
-262158.691   101.003    -0.79   18.71
-261782.489   108.932    21.08   19.36
-261406.290   104.785   -11.02   19.76
-261030.092    98.984   -15.42   21.26
-260653.895   100.547     4.15   21.46
-260277.701    96.250   -11.42   17.27
-259901.508    96.199    -0.14   15.27
-259525.318    98.581     6.33   16.13
-259149.129    95.218    -8.94   14.94
-258772.941    95.029    -0.50   17.13
-258396.756    92.056    -7.90   19.34
-258020.572    88.678    -8.98   18.45
-257644.390    83.110   -14.80   11.98
-257268.210    87.379    11.35   15.93
-256892.031    92.248    12.94   18.78
-256515.855    95.276     8.05   17.03
-256139.680   102.245    18.53   19.07
-255763.507   103.528     3.41   19.95
-255387.335   109.327    15.42   19.01
-255011.166   110.020     1.84   19.03
-254634.998   105.731   -11.40   15.75
-254258.831   105.853     0.32   16.01
-253882.667   106.635     2.08   17.44
-253506.504   104.507    -5.66   15.98
-253130.344   104.647     0.37   15.23
-252754.184   104.434    -0.57   13.21
-252378.027   105.785     3.59   12.55
-252001.871   104.839    -2.51   12.85
-251625.717   105.096     0.68   13.96
-251249.565   104.695    -1.07   16.62
-250873.415    98.302   -17.00   18.30
-250497.266    93.891   -11.73   18.42
-250121.119    89.378   -12.00   16.91
-249744.974    85.488   -10.34   14.76
-249368.830    83.045    -6.49   15.37
-248992.688    77.455   -14.86   11.43
-248616.548    76.881    -1.53   11.88
-248240.410    82.974    16.20   14.69
-247864.273    83.704     1.94   14.60
-247488.138    86.434     7.26   14.70
-247112.005    87.071     1.69   15.60
-246735.874    82.656   -11.74   11.96
-246359.744    79.763    -7.69   13.85
-245983.616    78.905    -2.28   15.30
-245607.490    77.047    -4.94   12.96
-245231.365    81.532    11.92   15.80
-244855.242    89.677    21.66   15.33
-244479.121    92.199     6.71   15.50
-244103.001    90.379    -4.84   17.06
-243726.884    86.661    -9.89   17.87
-243350.768    78.299   -22.23   15.03
-242974.653    75.432    -7.62   13.95
-242598.541    70.853   -12.17   11.22
-242222.430    67.825    -8.05    8.27
-241846.320    66.758    -2.84    8.34
-241470.213    67.947     3.16   10.84
-241094.107    67.596    -0.93   11.82
-240718.003    65.029    -6.83   11.36
-240341.900    64.753    -0.73   12.55
-239965.799    63.878    -2.33   10.66
-239589.700    65.853     5.25   11.44
-239213.603    63.731    -5.64   12.85
-238837.507    54.917   -23.44   13.51
-238461.413    50.011   -13.05   14.53
-238085.320    47.248    -7.35   14.79
-237709.230    48.142     2.38   17.08
-237333.140    52.455    11.47   17.46
-236957.053    58.103    15.02   18.37
-236580.967    56.984    -2.97   15.54
-236204.883    59.103     5.63   15.08
-235828.801    56.724    -6.32   11.34
-235452.720    56.650    -0.20   11.03
-235076.641    56.488    -0.43   10.81
-234700.564    55.110    -3.67   11.19
-234324.488    54.650    -1.22   13.43
-233948.414    53.436    -3.23   13.64
-233572.342    53.302    -0.36   13.78
-233196.271    49.891    -9.07    8.01
-232820.202    48.407    -3.95    7.35
-232444.134    47.905    -1.33    6.84
-232068.068    49.511     4.27    7.39
-231692.004    52.866     8.92    9.81
-231315.942    55.812     7.84    9.70
-230939.881    59.994    11.12   11.95
-230563.822    65.131    13.66   11.64
-230187.764    65.590     1.22    9.87
-229811.708    65.511    -0.21    8.99
-229435.654    65.509    -0.00    9.20
-229059.601    62.814    -7.17    9.09
-228683.550    63.083     0.71   10.53
-228307.501    63.214     0.35   10.19
-227931.453    62.407    -2.15   10.10
-227555.407    62.353    -0.14    8.88
-227179.363    62.827     1.26    8.53
-226803.320    66.302     9.24   10.24
-226427.279    69.191     7.68   12.71
-226051.239    70.455     3.36   12.26
-225675.201    71.686     3.27   12.29
-225299.165    69.609    -5.52   13.08
-224923.130    67.812    -4.78   12.23
-224547.097    67.148    -1.77   13.11
-224171.065    64.407    -7.29   13.13
-223795.035    65.029     1.65   13.18
-223419.007    64.191    -2.23   14.25
-223042.981    62.478    -4.56   12.76
-222666.955    62.968     1.30   12.81
-222290.932    62.721    -0.66   13.23
-221914.910    59.825    -7.70   11.73
-221538.890    62.037     5.88   13.09
-221162.871    62.214     0.47   13.70
-220786.854    58.221   -10.62   12.52
-220410.839    60.302     5.53   12.15
-220034.825    61.731     3.80   11.96
-219658.813    60.195    -4.09   11.15
-219282.802    57.994    -5.85   13.29
-218906.793    55.020    -7.91   15.12
-218530.786    52.407    -6.95   14.31
-218154.780    53.558     3.06   16.54
-217778.775    56.704     8.37   18.74
-217402.773    59.075     6.31   19.30
-217026.772    63.812    12.60   18.80
-216650.772    70.765    18.49   15.71
-216274.774    73.148     6.34   12.62
-215898.778    70.173    -7.91   12.79
-215522.783    67.492    -7.13   12.80
-215146.790    71.481    10.61   14.83
-214770.798    76.242    12.66   15.47
-214394.808    80.958    12.54   13.21
-214018.819    86.943    15.92    6.46
-213642.832    87.704     2.03    4.15
-213266.847    85.642    -5.48    7.48
-212890.863    84.199    -3.84    8.55
-212514.881    84.178    -0.06    8.52
-212138.900    81.623    -6.80    9.96
-211762.921    81.840     0.58    9.75
-211386.944    80.558    -3.41   10.54
-211010.968    76.731   -10.18   14.55
-210634.993    77.785     2.80   10.86
-210259.020    76.631    -3.07   12.62
-209883.049    73.537    -8.23   16.21
-209507.079    71.528    -5.34   16.79
-209131.111    71.075    -1.20   15.22
-208755.144    67.328    -9.97   17.05
-208379.179    62.434   -13.02   17.59
-208002.960    55.011   -19.73   17.94
-207626.693    46.905   -21.54   19.77
-207250.427    42.669   -11.26   19.74
-206874.163    43.812     3.04   20.26
-206497.901    47.677    10.27   23.12
-206121.640    50.928     8.64   22.35
-205745.380    48.520    -6.40   22.37
-205369.122    44.866    -9.71   20.81
-204992.866    43.721    -3.04   21.08
-204616.611    44.853     3.01   21.80
-204240.357    54.164    24.75   22.85
-203864.106    62.158    21.25   19.22
-203487.855    65.712     9.44   16.93
-203111.606    71.866    16.36   13.21
-202735.359    74.245     6.32   11.29
-202359.113    68.403   -15.53   15.73
-201982.869    64.430   -10.56   16.87
-201606.626    63.984    -1.18   17.74
-201230.385    64.407     1.12   18.15
-200854.145    69.096    12.46   16.28
-200477.907    74.379    14.04   11.55
-200101.671    76.381     5.32    9.04
-199725.435    77.609     3.27    7.05
-199349.202    76.408    -3.19    6.46
-198972.970    75.404    -2.67    7.07
-198596.739    76.071     1.77    7.00
-198220.510    77.618     4.11    5.47
-197844.282    78.488     2.31    5.74
-197468.056    78.380    -0.29    5.95
-197091.831    79.001     1.65    4.66
-196715.608    78.840    -0.43    5.05
-196339.386    79.299     1.22    5.25
-195963.166    78.814    -1.29    5.93
-195586.948    72.968   -15.54   12.82
-195210.730    65.011   -21.15   17.50
-194834.515    61.650    -8.93   17.79
-194458.300    64.195     6.76   17.36
-194082.088    71.327    18.96   12.34
-193705.876    75.936    12.25    4.17
-193329.666    75.532    -1.07    4.05
-192953.458    75.658     0.34    2.70
-192577.251    74.248    -3.75    3.99
-192201.046    73.507    -1.97    4.48
-191824.842    72.415    -2.90    4.53
-191448.640    72.800     1.02    4.69
-191072.439    73.405     1.61    4.29
-190696.239    73.299    -0.28    5.02
-190320.041    73.430     0.35    5.22
-189943.845    71.110    -6.17    7.52
-189567.649    69.045    -5.49    7.90
-189191.456    68.378    -1.77    8.52
-188815.264    67.221    -3.08    9.28
-188439.073    67.083    -0.37    9.43
-188062.884    62.609   -11.89   12.96
-187686.696    60.590    -5.37   13.20
-187310.509    59.936    -1.74   13.12
-186934.325    64.029    10.88   13.19
-186558.141    68.110    10.85    9.40
-186181.959    67.893    -0.57    8.87
-185805.778    68.891     2.65    8.57
-185429.599    70.259     3.64    7.01
-185053.422    70.866     1.61    6.44
-184677.245    70.866     0.00    6.32
-184301.071    70.242    -1.66    6.79
-183924.897    67.353    -7.68    7.67
-183548.725    63.839    -9.34   10.85
-183172.555    62.661    -3.13   10.49
-182796.386    64.037     3.66   10.31
-182420.218    65.840     4.79   11.47
-182044.052    67.920     5.53   10.14
-181667.887    69.225     3.47    8.78
-181291.724    71.778     6.79    6.09
-180915.562    70.408    -3.64    7.32
-180539.401    67.596    -7.48    9.27
-180163.242    56.974   -28.24   20.11
-179787.084    43.920   -34.70   23.52
-179410.928    32.785   -29.60   21.19
-179034.773    23.981   -23.41   12.72
-178658.620    21.753    -5.92    6.13
-178282.468    21.430    -0.86    5.92
-177906.317    22.785     3.60    7.62
-177530.168    25.917     8.33    8.94
-177154.020    29.458     9.41    9.31
-176777.874    33.958    11.96    7.28
-176401.729    36.774     7.49    3.67
-176025.585    35.840    -2.48    4.82
-175649.443    34.110    -4.60    6.50
-175273.302    33.432    -1.80    6.02
-174897.163    33.404    -0.07    4.36
-174521.025    33.520     0.31    5.29
-174144.888    31.905    -4.29    5.93
-173768.753    30.083    -4.85    5.88
-173392.619    30.083     0.00    6.89
-173016.487    27.893    -5.82    6.01
-172640.356    25.603    -6.09    4.80
-172264.226    24.045    -4.14    3.11
-171888.098    21.078    -7.89    4.74
-171511.971    20.407    -1.78    5.49
-171135.845    20.703     0.79    6.28
-170759.721    20.432    -0.72    7.63
-170383.598    21.250     2.18    7.04
-170007.477    24.300     8.11   13.00
-169631.357    31.302    18.61   18.65
-169255.238    41.908    28.20   20.07
-168879.121    53.299    30.28   17.56
-168503.005    60.917    20.26   10.79
-168126.890    63.296     6.32    7.16
-167750.777    63.481     0.49    5.33
-167374.665    63.020    -1.23    5.19
-166998.555    60.714    -6.13    7.91
-166622.446    59.758    -2.54    8.42
-166246.338    58.547    -3.22    8.90
-165870.231    59.932     3.68    8.76
-165494.126    60.703     2.05    8.26
-165118.023    63.083     6.33    5.63
-164741.920    62.199    -2.35    4.72
-164365.819    60.800    -3.72    4.78
-163989.720    60.353    -1.19    6.38
-163613.621    59.947    -1.08    7.32
-163237.524    59.003    -2.51    9.23
-162861.429    58.721    -0.75    9.98
-162485.334    56.623    -5.58   11.93
-162109.241    53.137    -9.27   12.73
-161733.150    51.067    -5.50   13.97
-161357.060    49.455    -4.29   13.87
-160980.971    51.814     6.27   13.20
-160604.883    54.010     5.84   12.61
-160228.797    57.218     8.53    7.44
-159852.712    57.272     0.14    5.74
-159476.628    55.511    -4.68    6.28
-159100.546    54.853    -1.75    6.24
-158724.465    53.866    -2.62    7.29
-158348.385    49.984   -10.32   10.14
-157972.307    46.248    -9.94   11.48
-157596.230    41.173   -13.49   12.18
-157220.154    37.191   -10.59    9.27
-156844.080    34.728    -6.55    7.39
-156468.007    32.037    -7.16    4.90
-156091.935    30.464    -4.18    3.57
-155715.864    28.245    -5.90    4.58
-155339.795    25.242    -7.99    5.01
-154963.727    24.045    -3.18    4.77
-154587.661    22.968    -2.86    3.57
-154211.596    22.724    -0.65    3.95
-153835.532    21.635    -2.90    5.53
-153459.469    20.785    -2.26    5.46
-153083.408    20.242    -1.45    5.07
-152707.348    19.225    -2.70    5.67
-152331.289    20.563     3.56    6.49
-151955.231    25.917    14.24   11.09
-151579.175    31.721    15.43   12.76
-151203.120    38.253    17.37   11.92
-150827.067    43.596    14.21    8.29
-150451.014    46.078     6.60    7.35
-150074.963    46.737     1.75    7.56
-149698.914    46.464    -0.73    8.21
-149322.865    45.893    -1.52    8.53
-148946.818    46.326     1.15    7.59
-148570.772    48.110     4.74    7.61
-148194.727    50.199     5.56    7.75
-147818.684    51.245     2.78    8.23
-147442.642    51.994     1.99    7.69
-147066.601    51.195    -2.12    8.69
-146690.562    53.164     5.24    7.91
-146314.523    53.404     0.64    6.84
-145938.486    54.686     3.41    4.21
-145562.451    52.037    -7.04    5.39
-145186.416    49.464    -6.84    5.94
-144810.383    49.148    -0.84    5.45
-144434.351    49.920     2.05    5.02
-144058.320    51.327     3.74    4.02
-143682.291    52.507     3.14    3.11
-143306.263    52.124    -1.02    2.91
-142930.236    51.515    -1.62    4.22
-142554.210    51.137    -1.01    4.55
-142178.186    49.650    -3.95    4.71
-141802.162    48.704    -2.52    4.79
-141426.140    49.214     1.36    5.00
-141050.120    48.767    -1.19    4.07
-140674.100    48.353    -1.10    4.01
-140298.082    47.461    -2.37    4.14
-139922.065    47.037    -1.13    4.70
-139546.049    47.984     2.52    4.82
-139170.035    47.866    -0.32    5.67
-138794.021    48.131     0.70    6.15
-138418.009    48.686     1.48    5.40
-138041.999    47.770    -2.44    5.57
-137665.989    44.199    -9.50    8.13
-137289.981    43.430    -2.05    8.68
-136913.973    42.322    -2.95    8.40
-136537.968    43.245     2.46    8.14
-136161.963    46.596     8.91    3.68
-135785.959    46.839     0.65    3.73
-135409.957    45.590    -3.32    4.38
-135033.956    44.110    -3.94    5.71
-134657.956    45.148     2.76    6.42
-134281.958    45.071    -0.20    6.44
-133905.960    46.642     4.18    4.73
-133529.964    46.650     0.02    4.79
-133153.922    45.507    -3.04    4.41
-132777.680    44.866    -1.70    5.24
-132401.439    44.596    -0.72    5.00
-132025.200    45.840     3.31    5.52
-131648.962    46.164     0.86    5.52
-131272.725    43.758    -6.39    6.75
-130896.489    40.481    -8.71    7.59
-130520.254    37.322    -8.40    6.11
-130144.021    34.943    -6.32    5.44
-129767.789    35.045     0.27    5.68
-129391.558    36.908     4.95    5.74
-129015.328    36.558    -0.93    6.02
-128639.099    35.353    -3.20    7.06
-128262.872    33.968    -3.68    6.98
-127886.646    33.774    -0.52    7.08
-127510.421    35.299     4.05    6.77
-127134.197    37.083     4.74    5.57
-126757.974    38.327     3.31    4.89
-126381.753    39.378     2.79    4.85
-126005.532    40.047     1.78    4.58
-125629.313    40.300     0.67    3.19
-125253.095    40.274    -0.07    2.66
-124876.878    39.353    -2.45    3.35
-124500.663    38.947    -1.08    4.14
-124124.448    38.412    -1.42    4.76
-123748.235    36.635    -4.72    7.01
-123372.023    34.481    -5.73    8.30
-122995.812    32.131    -6.25    7.46
-122619.602    30.584    -4.11    7.52
-122243.393    31.131     1.45    5.10
-121867.186    31.142     0.03    4.79
-121490.979    31.507     0.97    5.29
-121114.774    31.695     0.50    5.19
-120738.570    32.866     3.11    5.08
-120362.367    33.045     0.48    6.14
-119986.165    31.328    -4.56    7.40
-119609.965    28.515    -7.48    8.40
-119233.765    27.814    -1.86    8.20
-118857.567    26.704    -2.95    8.00
-118481.370    27.110     1.08    8.23
-118105.174    27.623     1.37    8.12
-117728.979    27.867     0.65    7.61
-117352.785    28.096     0.61    6.94
-116976.593    24.603    -9.29    8.22
-116600.401    21.658    -7.83    7.47
-116224.211    22.994     3.55    9.01
-115848.022    27.879    12.99   10.16
-115471.834    32.116    11.26    9.34
-115095.647    36.302    11.13    4.93
-114719.461    37.300     2.65    3.79
-114343.276    37.714     1.10    3.69
-113967.093    38.037     0.86    2.76
-113590.910    37.603    -1.15    3.64
-113214.729    37.242    -0.96    3.69
-112838.549    37.148    -0.25    4.00
-112462.370    36.458    -1.83    3.55
-112086.192    36.245    -0.57    2.78
-111710.015    35.920    -0.86    2.83
-111333.839    35.001    -2.44    3.16
-110957.665    33.250    -4.66    5.23
-110581.491    29.148   -10.91    7.65
-110205.319    26.596    -6.78    7.75
-109829.147    25.153    -3.84    8.10
-109452.977    24.248    -2.41    7.96
-109076.808    26.169     5.11    8.07
-108700.640    26.218     0.13    7.96
-108324.473    28.404     5.81    7.22
-107948.307    30.248     4.90    7.57
-107572.143    32.075     4.86    6.94
-107195.979    31.353    -1.92    7.83
-106819.817    24.964   -16.98   11.99
-106443.655    21.814    -8.37   10.50
-106067.495    20.584    -3.27    8.83
-105691.335    21.647     2.83    8.78
-105315.177    25.001     8.92    5.18
-104939.020    25.893     2.37    4.44
-104562.864    25.434    -1.22    4.60
-104186.709    22.228    -8.52    7.66
-103810.555    19.785    -6.49    8.25
-103434.403    17.096    -7.15    8.20
-103058.251    15.917    -3.14    8.48
-102682.100    16.609     1.84    9.26
-102305.951    17.812     3.20    9.12
-101929.802    18.635     2.19    9.45
-101553.655    19.090     1.21    9.08
-101177.508    21.742     7.05    9.48
-100801.363    23.001     3.35    7.81
-100425.219    21.461    -4.10    6.35
-100049.076    20.274    -3.16    6.16
 -99672.933    20.661     1.03    5.20
 -99296.792    22.759     5.58    4.41
 -98920.652    23.800     2.77    5.04
 -98544.513    24.434     1.68    5.38
 -98168.376    24.214    -0.58    5.60
 -97792.239    23.020    -3.18    6.44
 -97416.103    21.137    -5.01    6.33
 -97039.968    20.943    -0.52    6.35
 -96663.834    21.763     2.18    6.21
 -96287.702    20.721    -2.77    6.16
 -95911.570    20.326    -1.05    5.36
 -95535.440    19.712    -1.63    5.73
 -95159.310    21.507     4.77    6.92
 -94783.182    24.131     6.98    7.82
 -94407.054    28.001    10.29    7.56
 -94030.928    31.488     9.27    5.06
 -93654.802    32.353     2.30    3.77
 -93278.678    32.616     0.70    3.72
 -92902.555    32.265    -0.93    3.33
 -92526.432    33.453     3.16    2.80
 -92150.311    34.063     1.62    2.05
 -91774.191    33.936    -0.34    2.90
 -91398.071    34.378     1.18    2.96
 -91021.953    35.353     2.59    2.96
 -90645.836    35.116    -0.63    2.99
 -90269.720    34.932    -0.49    3.13
 -89893.605    34.507    -1.13    3.79
 -89517.490    34.380    -0.34    3.32
 -89141.377    35.169     2.10    2.86
 -88765.265    35.128    -0.11    2.35
 -88389.154    36.210     2.88    2.69
 -88013.044    36.407     0.52    2.72
 -87636.935    34.785    -4.31    5.48
 -87260.827    33.569    -3.23    5.69
 -86884.720    32.299    -3.38    6.33
 -86508.614    32.992     1.84    5.21
 -86132.508    33.878     2.36    3.00
 -85756.404    34.669     2.10    2.23
 -85380.301    34.839     0.45    2.12
 -85004.199    34.558    -0.75    2.17
 -84628.098    34.405    -0.41    2.29
 -84251.998    34.199    -0.55    2.07
 -83875.899    34.164    -0.09    1.82
 -83499.800    33.609    -1.47    1.98
 -83123.703    32.936    -1.79    2.31
 -82747.607    31.458    -3.93    2.97
 -82371.512    30.302    -3.08    2.43
 -81995.418    30.262    -0.11    2.65
 -81619.324    31.148     2.36    3.03
 -81243.232    31.947     2.13    2.45
 -80867.141    32.353     1.08    2.46
 -80491.050    32.380     0.07    2.19
 -80114.961    32.297    -0.22    2.35
 -79738.873    31.616    -1.81    3.24
 -79362.785    31.507    -0.29    3.33
 -78986.699    31.001    -1.34    3.72
 -78610.613    29.763    -3.29    4.02
 -78234.529    28.968    -2.11    4.08
 -77858.445    28.686    -0.75    4.32
 -77482.363    27.458    -3.27    4.66
 -77106.281    27.225    -0.62    6.09
 -76730.200    27.407     0.48    6.49
 -76354.120    27.785     1.01    6.52
 -75978.042    29.001     3.23    4.32
 -75601.964    28.384    -1.64    5.48
 -75225.887    27.763    -1.65    6.05
 -74849.811    26.011    -4.66    7.39
 -74473.736    24.797    -3.23    7.34
 -74097.662    25.029     0.61    6.39
 -73721.589    26.825     4.78    5.92
 -73345.517    28.511     4.48    3.47
 -72969.445    28.327    -0.49    4.49
 -72593.375    27.731    -1.58    4.67
 -72217.306    26.827    -2.41    4.84
 -71841.237    25.763    -2.83    4.53
 -71465.170    22.537    -8.58    5.84
 -71089.103    18.974    -9.47    6.24
 -70713.038    14.853   -10.96    6.44
 -70336.973    11.677    -8.44    5.93
 -69960.909    10.488    -3.16    6.50
 -69584.846    10.299    -0.50    6.85
 -69208.784    11.324     2.73    5.96
 -68832.723    12.609     3.42    5.91
 -68456.663    12.789     0.48    6.68
 -68080.604    12.908     0.32    6.83
 -67704.546    12.537    -0.99    8.16
 -67328.489    13.297     2.02    8.60
 -66952.432    11.299    -5.31    9.07
 -66576.377     7.814    -9.27    8.60
 -66200.322     6.353    -3.89    8.46
 -65824.268     6.353     0.00    8.21
 -65448.215     6.984     1.68    8.29
 -65072.164     7.528     1.45    8.42
 -64696.113     6.920    -1.62    8.42
 -64320.062     3.828    -8.22    6.07
 -63944.013     1.789    -5.42    2.72
 -63567.965     2.408     1.65    3.59
 -63191.918     6.434    10.70    8.28
 -62815.871    13.785    19.55   10.85
 -62439.825    19.879    16.21    8.83
 -62063.781    24.609    12.58    4.53
 -61687.737    24.131    -1.27    6.43
 -61311.694    22.528    -4.26    8.27
 -60935.652    17.774   -12.64   10.83
 -60559.611    11.947   -15.49   11.36
 -60183.570     9.405    -6.76   10.27
 -59807.531     6.763    -7.03    7.75
 -59431.493     8.905     5.70    8.26
 -59055.455    12.631     9.91    8.91
 -58679.418    14.353     4.58    8.11
 -58303.382    13.686    -1.77    7.99
 -57927.251    14.303     1.64    8.21
 -57551.040    13.840    -1.23    8.61
 -57174.830    14.020     0.48    8.35
 -56798.621    15.056     2.75    8.63
 -56422.412    17.866     7.47    7.73
 -56046.205    19.669     4.79    7.77
 -55669.998    19.789     0.32    7.11
 -55293.792    20.731     2.51    5.97
 -54917.587    21.053     0.85    5.15
 -54541.383    21.532     1.27    5.27
 -54165.180    23.484     5.19    5.41
 -53788.978    25.488     5.33    4.97
 -53412.776    26.763     3.39    4.90
 -53036.575    28.250     3.95    4.19
 -52660.376    27.603    -1.72    4.09
 -52284.177    26.840    -2.03    3.89
 -51907.979    26.686    -0.41    4.38
 -51531.781    25.695    -2.63    4.96
 -51155.585    26.148     1.20    4.86
 -50779.389    26.072    -0.20    5.18
 -50403.195    25.785    -0.76    5.46
 -50027.001    24.866    -2.44    5.90
 -49650.808    25.947     2.87    5.48
 -49274.615    26.609     1.76    4.72
 -48898.424    25.825    -2.08    5.33
 -48522.233    23.917    -5.07    7.06
 -48146.044    22.302    -4.29    6.92
 -47769.855    21.968    -0.89    7.10
 -47393.666    21.542    -1.13    6.76
 -47017.479    21.814     0.72    6.45
 -46641.293    22.122     0.82    5.89
 -46265.107    22.631     1.35    5.41
 -45888.922    23.879     3.32    4.32
 -45512.738    25.056     3.13    3.53
 -45136.555    24.947    -0.29    4.04
 -44760.373    23.635    -3.49    4.76
 -44384.191    21.353    -6.07    5.08
 -44008.010    19.148    -5.86    5.26
 -43631.831    17.661    -3.95    6.29
 -43255.651    16.186    -3.92    6.52
 -42879.473    14.071    -5.62    6.17
 -42503.296    12.380    -4.50    5.16
 -42127.119    12.353    -0.07    6.15
 -41750.943    11.142    -3.22    5.81
 -41374.768    10.984    -0.42    5.56
 -40998.593    12.590     4.27    6.19
 -40622.420    16.481    10.34    6.79
 -40246.247    18.300     4.84    6.43
 -39870.075    18.731     1.15    6.23
 -39493.904    18.839     0.29    6.57
 -39117.734    15.947    -7.69    7.13
 -38741.564    13.758    -5.82    6.03
 -38365.395    15.056     3.45    5.96
 -37989.227    16.147     2.90    5.48
 -37613.060    15.943    -0.54    4.73
 -37236.894    16.199     0.68    4.59
 -36860.728    15.214    -2.62    4.19
 -36484.563    15.071    -0.38    3.66
 -36108.399    15.164     0.25    2.59
 -35732.236    14.905    -0.69    2.86
 -35356.073    14.116    -2.10    2.78
 -34979.911    13.840    -0.73    3.27
 -34603.750    14.650     2.15    3.73
 -34227.590    15.695     2.78    3.36
 -33851.431    16.278     1.55    3.19
 -33475.272    17.297     2.71    1.76
 -33099.114    17.142    -0.41    1.95
 -32722.957    16.001    -3.03    3.29
 -32346.800    15.272    -1.94    3.53
 -31970.644    14.650    -1.65    3.75
 -31594.489    14.381    -0.72    4.05
 -31218.335    13.968    -1.10    4.08
 -30842.182    13.828    -0.37    4.44
 -30466.029    13.770    -0.16    5.13
 -30089.877    14.455     1.82    5.87
 -29713.726    13.774    -1.81    5.26
 -29337.576    12.789    -2.62    4.54
 -28961.426    11.195    -4.24    3.64
 -28585.277    10.789    -1.08    4.16
 -28209.129    11.964     3.12    6.01
 -27832.981    12.879     2.43    7.15
 -27456.834    13.173     0.78    7.71
 -27080.688    12.124    -2.79    8.02
 -26704.543    12.430     0.81    7.81
 -26328.399    11.484    -2.51    7.98
 -25952.255    12.758     3.39    9.00
 -25576.112    15.974     8.55    8.46
 -25199.969    18.158     5.81    7.18
 -24823.828    15.774    -6.34    8.47
 -24447.687    14.703    -2.85    9.01
 -24071.547    13.191    -4.02    8.59
 -23695.407    15.507     6.16    7.97
 -23319.268    19.669    11.06    5.65
 -22943.130    21.774     5.60    5.52
 -22566.993    23.137     3.62    4.58
 -22190.856    24.278     3.03    4.33
 -21814.720    25.037     2.02    3.91
 -21438.585    26.110     2.85    3.87
 -21062.451    27.461     3.59    3.73
 -20686.317    28.964     4.00    3.73
 -20310.184    29.148     0.49    3.87
 -19934.051    28.661    -1.30    4.34
 -19557.920    27.753    -2.41    4.29
 -19181.789    27.272    -1.28    3.95
 -18805.659    27.785     1.37    3.73
 -18429.529    28.812     2.73    3.06
 -18053.400    29.378     1.50    2.68
 -17677.272    29.596     0.58    2.51
 -17301.144    28.748    -2.26    2.74
 -16925.018    28.405    -0.91    2.31
 -16548.891    28.302    -0.28    2.35
 -16172.766    27.326    -2.59    3.25
 -15796.641    26.078    -3.32    4.18
 -15420.517    24.169    -5.08    4.13
 -15044.394    21.964    -5.86    3.58
 -14668.271    21.056    -2.42    2.98
 -14292.149    20.131    -2.46    2.11
 -13916.028    19.045    -2.89    3.17
 -13539.907    18.840    -0.55    3.78
 -13163.787    19.153     0.83    4.09
 -12787.668    18.737    -1.10    3.79
 -12411.549    19.191     1.20    2.02
 -12035.431    19.353     0.43    2.32
 -11659.314    19.430     0.20    2.23
 -11283.197    20.300     2.31    2.40
 -10907.081    20.661     0.96    2.25
 -10530.965    21.248     1.56    1.96
 -10154.851    21.763     1.37    1.94
  -9778.737    21.569    -0.52    1.99
  -9402.623    22.276     1.88    2.16
  -9026.511    21.789    -1.30    2.26
  -8650.399    21.131    -1.75    1.99
  -8274.287    20.947    -0.49    1.59
  -7898.176    21.569     1.65    1.77
  -7522.066    21.461    -0.29    1.71
  -7145.957    21.853     1.04    1.84
  -6769.848    22.131     0.74    1.93
  -6393.740    21.803    -0.87    1.71
  -6017.632    21.695    -0.29    1.71
  -5641.525    21.137    -1.48    1.81
  -5265.419    20.584    -1.47    2.42
  -4889.313    20.590     0.02    3.11
  -4513.208    22.353     4.69    3.95
  -4137.104    23.758     3.74    3.84
  -3761.000    20.584    -8.44    8.87
  -3384.897    18.218    -6.29    9.82
  -3008.794    17.584    -1.69    9.08
  -2632.693    13.453   -10.98   10.86
  -2256.591    10.794    -7.07   11.26
  -1880.491     4.461   -16.84    9.38
  -1504.391    -0.647   -13.58    0.00
  -1128.291    -0.647     0.00    0.00
   -752.193    -0.647     0.00    0.00
   -376.094    -0.647     0.00    0.00
      0.003    -0.647     0.00    0.00
    376.100    -0.647     0.00    0.00
    752.196    -0.647     0.00    0.00
   1128.292     0.274     2.45    3.64
   1504.387     3.274     7.98    6.64
   1880.482     6.635     8.94    7.00
   2256.576    11.191    12.11    5.73
   2632.669    14.071     7.66    2.86
   3008.762    15.603     4.07    2.63
   3384.854    17.096     3.97    1.76
   3760.945    17.430     0.89    1.63
   4137.036    17.884     1.21    1.74
   4513.126    17.404    -1.28    2.05
   4889.216    17.083    -0.85    2.34
   5265.305    16.623    -1.22    2.41
   5641.394    15.812    -2.16    2.12
   6017.482    15.242    -1.52    1.62
   6393.569    14.686    -1.48    1.63
   6769.656    13.943    -1.98    2.15
   7145.742    13.191    -2.00    1.94
   7521.828    12.686    -1.34    2.09
   7897.913    12.404    -0.75    1.89
   8273.997    12.481     0.20    1.63
   8650.081    12.839     0.95    2.22
   9026.164    13.584     1.98    2.53
   9402.247    14.596     2.69    3.31
   9778.329    15.353     2.01    5.30
  10154.411    14.596    -2.01    7.82
  10530.492    11.978    -6.96   10.04
  10906.572     7.584   -11.68   10.48
  11282.652     3.195   -11.67    8.02
  11658.732    -0.147    -8.89    3.00
  12034.811    -0.647    -1.33    0.00
  12410.889    -0.647     0.00    0.00
  12786.966    -0.647     0.00    0.00
  13163.044    -0.647     0.00    0.00
  13539.120    -0.647     0.00    0.00
  13915.196    -0.647     0.00    0.00
  14291.272    -0.288     0.95    2.24
  14667.347     1.499     4.75    6.13
  15043.421     6.001    11.97   10.17
  15419.495     9.891    10.34   12.03
  15795.568    15.327    14.45   12.24
  16171.641    20.569    13.94    9.87
  16547.713    24.029     9.20    4.90
  16923.785    24.496     1.24    3.01
  17299.950    24.378    -0.31    3.32
  17676.127    23.803    -1.53    2.91
  18052.303    23.575    -0.61    2.89
  18428.478    23.071    -1.34    3.12
  18804.653    22.520    -1.47    3.71
  19180.827    23.590     2.84    2.89
  19557.001    22.507    -2.88    4.06
  19933.174    21.748    -2.02    4.50
  20309.347    20.056    -4.50    4.68
  20685.519    18.274    -4.74    4.68
  21061.691    16.903    -3.64    4.44
  21437.862    15.520    -3.68    4.16
  21814.033    15.661     0.37    5.45
  22190.203    15.274    -1.03    5.57
  22566.372    14.461    -2.16    4.58
  22942.542    13.326    -3.02    4.40
  23318.710    12.131    -3.18    4.14
  23694.878    10.430    -4.52    3.61
  24071.046     9.428    -2.66    3.07
  24447.213     8.947    -1.28    3.46
  24823.379     8.328    -1.65    4.12
  25199.546     8.642     0.84    4.75
  25575.711     7.827    -2.17    4.68
  25951.876     6.515    -3.49    3.57
  26328.041     6.789     0.73    4.10
  26704.205     6.866     0.21    3.76
  27080.369     9.047     5.80    5.09
  27456.532    12.173     8.31    6.24
  27832.694    15.658     9.26    6.03
  28208.856    19.481    10.16    4.45
  28585.018    21.199     4.57    2.95
  28961.179    21.753     1.47    2.87
  29337.340    22.137     1.02    2.69
  29713.500    22.191     0.14    3.15
  30089.660    21.650    -1.44    3.25
  30465.819    20.635    -2.70    3.68
  30841.978    20.461    -0.46    4.00
  31218.136    19.037    -3.79    3.87
  31594.294    18.327    -1.89    3.70
  31970.451    17.827    -1.33    3.66
  32346.608    17.083    -1.98    3.91
  32722.765    16.532    -1.46    3.97
  33098.920    16.511    -0.06    4.38
  33475.076    16.214    -0.79    4.00
  33851.231    17.137     2.45    4.44
  34227.386    17.186     0.13    3.68
  34603.540    16.774    -1.10    4.12
  34979.693    16.763    -0.03    4.12
  35355.846    17.290     1.40    4.24
  35731.999    18.001     1.89    3.86
  36108.151    19.083     2.87    3.45
  36484.303    19.785     1.87    3.55
  36860.455    20.635     2.26    3.13
  37236.606    21.596     2.56    3.11
  37612.756    22.122     1.40    3.16
  37988.906    22.378     0.68    3.11
  38365.056    23.122     1.98    2.68
  38741.205    23.191     0.18    2.28
  39117.354    22.635    -1.48    3.00
  39493.502    22.011    -1.66    3.07
  39869.650    21.797    -0.57    3.29
  40245.797    19.758    -5.42    4.69
  40621.944    18.492    -3.37    4.55
  40998.091    17.650    -2.24    4.70
  41374.237    17.814     0.44    4.41
  41750.382    17.634    -0.48    4.45
  42126.528    16.737    -2.38    3.96
  42502.673    16.327    -1.09    2.83
  42878.817    14.936    -3.70    2.39
  43254.961    13.532    -3.73    2.99
  43631.105    11.569    -5.22    2.76
  44007.248    10.071    -3.98    2.35
  44383.390     8.853    -3.24    1.67
  44759.533     8.661    -0.51    1.36
  45135.675     8.839     0.48    1.50
  45511.816     8.853     0.04    1.57
  45887.957     8.928     0.20    1.57
  46264.098     8.953     0.07    1.75
  46640.238     9.569     1.64    1.97
  47016.378     9.866     0.79    1.92
  47392.518    10.110     0.65    1.94
  47768.657     9.974    -0.36    1.99
  48144.795     9.753    -0.59    1.87
  48520.934     9.328    -1.13    1.79
  48897.072     8.774    -1.47    1.85
  49273.209     8.245    -1.41    1.49
  49649.346     7.866    -1.01    1.50
  50025.483     8.142     0.74    1.65
  50401.619     8.642     1.33    1.83
  50777.755     9.839     3.18    2.59
  51153.891    11.276     3.82    3.06
  51530.026    12.936     4.41    3.33
  51906.161    14.590     4.40    3.48
  52282.295    16.078     3.96    3.05
  52658.429    16.912     2.22    2.51
  53034.563    17.430     1.38    3.30
  53410.696    18.947     4.03    4.18
  53786.829    21.461     6.68    4.64
  54162.962    24.218     7.33    3.97
  54539.094    26.297     5.53    3.10
  54915.225    27.302     2.67    2.15
  55291.357    27.814     1.36    2.22
  55667.488    27.785    -0.08    2.39
  56043.619    27.455    -0.88    2.50
  56419.749    27.276    -0.48    2.87
  56795.879    27.173    -0.27    2.88
  57172.009    26.195    -2.60    2.88
  57548.138    25.994    -0.53    2.85
  57924.267    25.770    -0.60    2.73
  58300.395    24.920    -2.26    3.02
  58676.524    24.083    -2.23    3.71
  59052.651    23.540    -1.44    3.75
  59428.779    23.122    -1.11    4.01
  59804.906    23.484     0.96    3.57
  60181.033    24.039     1.47    3.16
  60557.159    23.461    -1.54    3.29
  60933.285    23.353    -0.29    3.52
  61309.411    22.748    -1.61    3.13
  61685.537    22.507    -0.64    3.08
  62061.662    22.893     1.03    2.94
  62437.787    22.774    -0.32    2.14
  62813.911    22.353    -1.12    2.01
  63190.035    21.932    -1.12    2.06
  63566.159    21.920    -0.03    2.57
  63942.282    22.053     0.35    2.45
  64318.405    21.731    -0.86    2.56
  64694.528    20.839    -2.37    2.88
  65070.651    18.758    -5.53    2.96
  65446.773    16.610    -5.71    3.13
  65822.895    15.096    -4.02    3.23
  66199.016    14.071    -2.73    3.05
  66575.137    14.853     2.08    3.96
  66951.258    17.300     6.51    5.31
  67327.379    19.353     5.46    4.47
  67703.499    21.380     5.39    3.85
  68079.619    22.994     4.29    3.59
  68455.739    23.920     2.46    2.81
  68831.858    24.800     2.34    2.84
  69207.977    24.695    -0.28    3.03
  69584.096    24.953     0.69    3.30
  69960.214    24.839    -0.30    3.06
  70336.332    24.503    -0.89    2.74
  70712.450    24.225    -0.74    3.56
  71088.568    23.297    -2.47    4.54
  71464.685    23.137    -0.43    4.61
  71840.802    22.677    -1.22    4.55
  72216.919    22.169    -1.35    6.17
  72593.035    16.096   -16.14   11.20
  72969.151    10.297   -15.42   12.00
  73345.267     4.153   -16.34    9.99
  73721.382    -0.621   -12.69    0.16
  74097.498    -0.647    -0.07    0.00
  74473.613    -0.647     0.00    0.00
  74849.727    -0.647     0.00    0.00
  75225.842    -0.647     0.00    0.00
  75601.956    -0.647     0.00    0.00
  75978.070    -0.647     0.00    0.00
  76354.183    -0.647     0.00    0.00
  76730.296    -0.647     0.00    0.00
  77106.409    -0.647     0.00    0.00
  77482.522    -0.647     0.00    0.00
  77858.635    -0.647     0.00    0.00
  78234.747    -0.647     0.00    0.00
  78610.859    -0.647     0.00    0.00
  78986.971    -0.647     0.00    0.00
  79363.082    -0.425     0.59    1.05
  79739.193     4.255    12.44    8.75
  80115.304     9.122    12.94   10.62
  80491.415    14.353    13.91    9.74
  80867.525    18.164    10.13    6.28
  81243.635    18.695     1.41    4.66
  81619.745    18.558    -0.36    4.53
  81995.855    18.214    -0.91    3.83
  82371.964    18.276     0.16    3.38
  82748.074    18.936     1.76    3.14
  83124.183    19.404     1.24    2.81
  83500.291    18.994    -1.09    3.18
  83876.400    19.290     0.79    3.39
  84252.508    16.515    -7.38    5.15
  84628.616    14.434    -5.53    6.22
  85004.724    13.326    -2.95    6.58
  85380.831    13.116    -0.56    6.79
  85756.939    15.137     5.37    7.31
  86133.046    17.994     7.60    6.13
  86509.152    20.276     6.07    3.72
  86885.259    20.378     0.27    3.67
  87261.365    21.380     2.66    3.96
  87637.472    21.532     0.41    4.22
  88013.578    22.430     2.39    3.56
  88389.683    21.825    -1.61    4.07
  88765.789    20.116    -4.54    4.82
  89141.894    19.380    -1.96    4.77
  89517.999    18.974    -1.08    5.27
  89894.104    18.968    -0.02    4.91
  90270.209    19.009     0.11    5.18
  90646.313    18.071    -2.49    6.18
  91022.417    17.430    -1.70    6.24
  91398.521    16.881    -1.46    7.12
  91774.625    15.661    -3.24    7.72
  92150.740    14.380    -3.40    8.49
  92526.893    13.968    -1.09    8.16
  92903.045    12.748    -3.25    6.74
  93279.197    11.563    -3.15    5.71
  93655.349    10.110    -3.86    5.04
  94031.501     8.096    -5.35    4.37
  94407.652     5.737    -6.27    3.75
  94783.803     3.881    -4.94    2.40
  95159.954     3.245    -1.69    1.94
  95536.105     2.569    -1.80    1.25
  95912.256     2.596     0.07    1.21
  96288.406     2.731     0.36    1.38
  96664.557     2.676    -0.15    1.17
  97040.707     2.353    -0.86    1.24
  97416.857     2.173    -0.48    1.12
  97793.007     1.881    -0.78    1.11
  98169.156     1.686    -0.52    1.22
  98545.306     1.881     0.52    1.40
  98921.455     1.905     0.07    1.48
  99297.604     2.195     0.77    1.44
  99673.753     1.968    -0.60    1.43
 100049.902     2.083     0.30    1.43
 100426.051     2.011    -0.19    1.12
 100802.199     1.814    -0.52    1.02
 101178.347     1.992     0.47    1.25
 101554.495     1.853    -0.37    1.22
 101930.643     2.407     1.47    2.68
 102306.791     3.299     2.37    3.77
 102682.939     8.704    14.37    9.13
 103059.086    12.131     9.11    9.77
 103435.234    15.584     9.18    9.57
 103811.381    17.253     4.44    9.24
 104187.528    15.936    -3.50   10.19
 104563.675    11.078   -12.92    9.84
 104939.821     7.669    -9.06    8.00
 105315.968     6.891    -2.07    6.68
 105692.115     8.669     4.73    7.60
 106068.261    12.302     9.66    8.92
 106444.407    17.325    13.36    8.46
 106820.553    21.245    10.42    9.82
 107196.699    22.063     2.18    8.68
 107572.845    21.753    -0.83    9.76
 107948.990    21.532    -0.59    8.81
 108325.136    20.737    -2.11    8.32
 108701.281    24.408     9.76    7.67
 109077.427    24.920     1.36    7.34
 109453.572    22.974    -5.17    8.13
 109829.717    20.221    -7.32    8.55
 110205.862    17.453    -7.36    7.92
 110582.006    14.920    -6.73    8.28
 110958.151    15.635     1.90    8.72
 111334.296    17.616     5.27    8.98
 111710.440    18.142     1.40    9.72
 112086.584    18.515     0.99    9.60
 112462.729    14.328   -11.13   10.62
 112838.873    11.748    -6.86    9.32
 113215.017     9.515    -5.94    8.40
 113591.161    13.245     9.92    9.52
 113967.304    16.867     9.63    8.64
 114343.448    16.789    -0.21    8.62
 114719.592    17.250     1.23    9.42
 115095.735    15.124    -5.65   10.45
 115471.878    14.434    -1.84   11.32
 115848.022    12.839    -4.24   10.66
 116224.165    13.299     1.22   10.35
 116600.308    14.353     2.80   10.73
 116976.451    13.947    -1.08    9.97
 117352.594    11.748    -5.85    9.99
 117728.737    10.669    -2.87   10.58
 118104.879    10.148    -1.38    8.98
 118481.022    10.488     0.90    8.12
 118857.164    11.255     2.04    9.09
 119233.307    11.353     0.26    9.63
 119609.449     9.242    -5.61    9.74
 119985.592     7.353    -5.02    8.81
 120361.734     3.436   -10.41    3.62
 120737.876     4.083     1.72    4.56
 121114.018     6.096     5.35    7.51
 121490.160     8.647     6.78    9.71
 121866.302     9.225     1.54    9.68
 122242.444     7.537    -4.49    9.31
 122618.586     4.964    -6.84    6.52
 122994.728     2.866    -5.58    2.17
 123370.869     3.484     1.65    4.49
 123747.011     6.737     8.65    8.67
 124123.152     8.458     4.57   10.06
 124499.294    10.789     6.20   11.27
 124875.435    14.191     9.04   12.72
 125251.577    16.122     5.13   12.14
 125627.718    16.532     1.09   11.96
 126003.859    16.825     0.78   10.46
 126380.001    15.218    -4.27   10.13
 126756.142    12.056    -8.41    9.95
 127132.283    12.434     1.01    9.24
 127508.424    15.839     9.05   10.93
 127884.565    18.853     8.01   11.99
 128260.706    22.953    10.90   11.62
 128636.847    25.669     7.22   11.64
 129012.988    27.191     4.05   11.73
 129389.129    30.096     7.73   10.58
 129765.270    31.300     3.20    9.80
 130141.411    34.484     8.47    7.23
 130517.552    35.839     3.60    6.24
 130893.692    37.276     3.82    5.91
 131269.833    38.853     4.19    5.71
 131645.974    37.686    -3.10    7.15
 132022.115    36.481    -3.20    7.94
 132398.255    35.197    -3.41    7.29
 132774.396    34.326    -2.32    9.54
 133150.537    31.001    -8.84   12.53
 133526.677    27.947    -8.12   12.35
 133902.818    28.569     1.65   14.60
 134278.958    32.381    10.13   15.23
 134655.099    34.748     6.29   13.72
 135031.240    35.558     2.15   12.68
 135407.380    31.116   -11.81   14.81
 135783.521    23.353   -20.64   14.38
 136159.661    22.045    -3.48   14.66
 136535.802    21.840    -0.55   14.73
 136911.942    19.893    -5.18   14.32
 137288.083    22.891     7.97   16.02
 137664.223    26.323     9.12   17.89
 138040.364    26.871     1.46   18.27
