-180533.699   187.502     0.00   40.54
-180157.551   195.752    21.93   40.12
-179781.404   201.778    16.02   34.97
-179405.255   210.617    23.50   25.65
-179029.106   197.102   -35.93   25.86
-178652.957   182.437   -38.99   21.49
-178276.807   170.374   -32.07   22.60
-177900.657   160.347   -26.66   18.73
-177524.506   151.969   -22.27   15.53
-177148.354   150.937    -2.74   13.12
-176772.202   145.034   -15.69   16.80
-176396.050   135.667   -24.90   18.16
-176019.897   126.983   -23.08   14.62
-175643.743   122.226   -12.65   13.44
-175267.590   118.113   -10.93   13.74
-174891.435   114.291   -10.16   11.93
-174515.280   111.910    -6.33   12.18
-174139.124   105.957   -15.83   11.05
-173762.968   100.621   -14.19   13.04
-173386.812    93.009   -20.24   13.25
-173010.655    83.919   -24.16   11.28
-172634.497    79.202   -12.54    9.80
-172258.339    77.829    -3.65    9.92
-171882.180    78.438     1.62   11.70
-171506.021    78.833     1.05   12.05
-171129.861    73.401   -14.44   14.10
-170753.701    69.671    -9.92   13.57
-170377.540    67.279    -6.36   15.11
-170001.379    68.197     2.44   16.69
-169625.217    78.060    26.22   21.78
-169249.054    86.752    23.11   20.30
-168872.891    86.833     0.22   19.26
-168496.728    81.445   -14.33   20.44
-168120.564    69.779   -31.01   18.86
-167744.399    58.437   -30.15   13.95
-167368.234    51.502   -18.43    8.48
-166992.068    50.727    -2.06    7.21
-166615.902    53.363     7.01    7.19
-166239.735    54.445     2.87    5.70
-165863.567    52.727    -4.57    6.18
-165487.399    48.164   -12.13    5.84
-165111.231    45.536    -6.99    6.99
-164735.062    41.347   -11.14    7.53
-164358.892    39.410    -5.15    6.74
-163982.722    36.463    -7.84    6.34
-163606.551    33.863    -6.91    3.53
-163230.380    33.316    -1.45    4.10
-162854.260    33.906     1.57    5.72
-162478.212    34.779     2.32    7.12
-162102.164    37.779     7.98    8.83
-161726.115    38.910     3.01    8.36
-161350.065    37.265    -4.37    7.73
-160974.015    36.131    -3.02    7.28
-160597.964    32.829    -8.78    4.64
-160221.913    32.725    -0.28    5.10
-159845.861    33.650     2.46    6.70
-159469.809    35.163     4.02    7.38
-159093.756    36.127     2.57    7.66
-158717.702    34.060    -5.50    7.22
-158341.648    33.131    -2.47    7.27
-157965.593    28.347   -12.72    7.54
-157589.538    24.701    -9.69    7.41
-157213.482    23.806    -2.38    7.21
-156837.425    21.752    -5.46    6.73
-156461.368    22.599     2.25    7.22
-156085.310    20.455    -5.70    8.53
-155709.252    16.805    -9.71    8.02
-155333.193    19.778     7.91   10.58
-154957.133    22.034     6.00   13.20
-154581.073    26.104    10.82   16.52
-154205.012    26.252     0.40   14.98
-153828.951    25.239    -2.70   13.78
-153452.889    23.455    -4.74   12.44
-153076.826    23.077    -1.01   11.68
-152700.763    22.784    -0.78    9.76
-152324.699    23.778     2.64    6.98
-151948.635    23.470    -0.82    6.11
-151572.569    19.752    -9.89    7.75
-151196.504    16.060    -9.82    7.57
-150820.437    17.225     3.10    8.69
-150444.370    19.804     6.86    9.00
-150068.303    23.331     9.38    6.84
-149692.234    24.937     4.27    4.74
-149316.166    23.725    -3.22    6.18
-148940.096    20.445    -8.72    8.54
-148564.026    16.411   -10.73    9.45
-148187.955    10.225   -16.45    7.52
-147811.884     7.989    -5.94    5.92
-147435.811     5.942    -5.44    4.21
-147059.739     7.239     3.45    5.19
-146683.665     7.969     1.94    5.34
-146307.591     8.609     1.70    5.40
-145931.517     9.802     3.17    5.80
-145555.441     9.214    -1.56    6.18
-145179.365    11.563     6.25    8.64
-144803.289    17.393    15.50   13.25
-144427.212    24.942    20.07   12.66
-144051.134    31.331    16.99    7.70
-143675.055    33.368     5.41    5.27
-143298.976    33.470     0.27    4.50
-142922.896    31.447    -5.38    5.62
-142546.815    28.463    -7.93    7.43
-142170.734    26.752    -4.55    8.29
-141794.652    23.225    -9.38   11.46
-141418.570    19.573    -9.71   13.20
-141042.486    20.077     1.34   16.00
-140666.403    21.779     4.53   16.25
-140290.318    22.077     0.79   14.63
-139914.233    20.502    -4.19   13.38
-139538.147    16.547   -10.52   11.03
-139162.060    15.727    -2.18   14.65
-138785.973    16.293     1.50   15.98
-138409.885    21.552    13.98   15.88
-138033.796    22.542     2.63   10.73
-137657.707    27.279    12.59   10.32
-137281.617    31.104    10.17    9.55
-136905.526    34.152     8.11   10.34
-136529.435    40.086    15.78   12.68
-136153.343    48.023    21.10   17.86
-135777.250    59.989    31.82   23.51
-135401.157    72.363    32.90   25.53
-135025.063    77.906    14.74   22.07
-134648.968    77.342    -1.50   19.88
-134272.872    70.352   -18.58   13.66
-133896.776    65.050   -14.10   11.92
-133520.679    63.482    -4.17   14.12
-133144.581    61.647    -4.88   13.59
-132768.483    56.327   -14.14   15.67
-132392.384    51.509   -12.81   18.11
-132016.284    42.752   -23.28   16.17
-131640.184    37.068   -15.11   11.78
-131264.082    39.463     6.37   13.78
-130887.980    45.077    14.93   16.09
-130511.878    54.027    23.80   17.11
-130135.774    61.963    21.10   15.00
-129759.670    66.613    12.37   13.68
-129383.566    70.293     9.78   13.99
-129007.460    74.352    10.79   12.51
-128631.354    74.804     1.20   14.28
-128255.247    75.573     2.05   16.14
-127879.139    78.841     8.69   18.40
-127503.031    77.185    -4.40   17.32
-127126.922    75.104    -5.53   16.44
-126750.812    76.942     4.89   15.46
-126374.701    79.445     6.66   15.59
-125998.590    83.158     9.87   14.88
-125622.478    85.727     6.83   15.19
-125246.365    89.831    10.91   17.14
-124870.251    92.163     6.20   16.40
-124494.137    93.590     3.80   16.51
-124118.022   100.728    18.98   16.39
-123741.906   110.060    24.81   17.88
-123365.789   117.141    18.83   18.28
-122989.672   115.779    -3.62   20.65
-122613.554   115.077    -1.87   22.02
-122237.435   108.563   -17.32   24.19
-121861.316   102.573   -15.93   21.65
-121485.195   104.038     3.90   18.64
-121109.074   107.522     9.26   18.57
-120732.952   114.884    19.57   20.05
-120356.830   121.447    17.45   24.09
-119980.706   118.547    -7.71   27.65
-119604.582   118.805     0.69   28.28
-119228.457   116.121    -7.14   19.48
-118852.332   124.016    20.99   16.27
-118476.205   136.829    34.07   20.82
-118100.078   148.725    31.63   23.01
-117723.950   150.265     4.09   24.42
-117347.821   146.177   -10.87   25.60
-116971.692   143.225    -7.85   25.05
-116595.561   145.833     6.94   22.99
-116219.430   150.887    13.44   23.59
-115843.298   152.617     4.60   24.93
-115467.166   150.104    -6.68   24.89
-115091.032   147.981    -5.64   22.13
-114714.898   151.677     9.83   19.29
-114338.763   157.884    16.50   16.13
-113962.627   159.860     5.25   14.83
-113586.491   158.291    -4.17   15.07
-113210.353   151.779   -17.31   14.27
-112834.215   151.700    -0.21   17.32
-112458.076   152.942     3.30   20.88
-112081.936   151.240    -4.52   21.98
-111705.796   146.863   -11.63   20.87
-111329.654   142.393   -11.88   19.27
-110953.512   134.393   -21.27   19.51
-110577.369   129.127   -14.00   19.48
-110201.225   121.374   -20.61   20.61
-109825.081   114.293   -18.83   16.93
-109448.935   111.586    -7.20   16.50
-109072.789   109.806    -4.73   16.39
-108696.642   113.363     9.46   16.79
-108320.494   117.200    10.20   14.14
-107944.345   121.701    11.97   12.66
-107568.196   135.428    36.49   24.16
-107192.046   151.279    42.14   27.07
-106815.894   154.060     7.39   27.86
-106439.743   154.060     0.00   31.40
-106063.590   144.671   -24.96   32.23
-105687.436   142.265    -6.40   33.94
-105311.282   142.725     1.22   34.51
-104935.126   135.542   -19.10   31.93
-104558.970   126.016   -25.33   28.89
-104182.813   114.002   -31.94   25.84
-103806.656   102.086   -31.68   18.11
-103430.497    93.410   -23.06   13.96
-103054.337    90.225    -8.47   13.05
-102678.177    89.547    -1.80   12.59
-102302.016    89.891     0.91   12.16
-101925.854    87.068    -7.50   13.02
-101549.691    82.779   -11.40   15.85
-101173.528    75.320   -19.83   15.31
-100797.363    70.700   -12.28   14.28
-100421.198    68.265    -6.47   15.04
-100045.031    63.445   -12.81   17.39
 -99668.864    58.212   -13.91   18.18
 -99292.696    56.111    -5.58   17.21
 -98916.528    54.131    -5.27   15.08
 -98540.358    55.996     4.96   16.64
 -98164.187    63.050    18.75   18.02
 -97788.016    70.546    19.93   17.09
 -97411.844    70.470    -0.20   13.66
 -97035.671    67.419    -8.11   14.01
 -96659.497    66.891    -1.40   13.68
 -96283.322    65.906    -2.62   12.64
 -95907.146    72.169    16.65   13.59
 -95530.970    76.252    10.85   14.09
 -95154.792    81.265    13.33   12.94
 -94778.614    82.860     4.24   11.11
 -94402.435    85.463     6.92   11.90
 -94026.254    84.445    -2.71   12.01
 -93650.073    83.627    -2.17   12.34
 -93273.892    80.023    -9.58   13.35
 -92897.709    78.650    -3.65   13.34
 -92521.525    81.111     6.54   15.22
 -92145.341    84.363     8.65   15.24
 -91769.155    84.779     1.11   15.14
 -91392.969    83.752    -2.73   15.59
 -91016.782    79.594   -11.05   16.14
 -90640.594    71.402   -21.78   18.65
 -90264.405    67.780    -9.63   19.03
 -89888.215    67.977     0.52   17.99
 -89512.024    71.401     9.10   17.06
 -89135.832    72.428     2.73   15.35
 -88759.640    66.752   -15.09   18.52
 -88383.446    57.727   -23.99   18.80
 -88007.252    46.831   -28.96   16.31
 -87631.197    39.308   -20.01   14.13
 -87255.181    32.009   -19.41   11.07
 -86879.164    26.919   -13.54    7.54
 -86503.146    25.327    -4.23    8.15
 -86127.127    26.068     1.97   10.81
 -85751.107    25.919    -0.40   11.90
 -85375.086    28.293     6.31   12.97
 -84999.065    33.613    14.15   12.03
 -84623.042    36.779     8.42    8.81
 -84247.019    38.496     4.57    5.55
 -83870.995    37.698    -2.12    6.64
 -83494.969    35.602    -5.57    6.72
 -83118.943    31.957    -9.69    8.57
 -82742.916    27.305   -12.37    7.57
 -82366.888    24.023    -8.73    5.71
 -81990.859    21.393    -6.99    5.19
 -81614.829    21.957     1.50    4.82
 -81238.798    20.641    -3.50    5.87
 -80862.766    18.137    -6.66    7.59
 -80486.734    13.447   -12.47    9.53
 -80110.700     9.650   -10.10    8.96
 -79734.665     5.547   -10.91    6.85
 -79358.630     2.601    -7.84    4.93
 -78982.593     0.860    -4.63    5.11
 -78606.556     0.428    -1.15    5.24
 -78230.517    -0.383    -2.16    3.92
 -77854.478    -0.786    -1.07    3.20
 -77478.438    -1.004    -0.58    2.99
 -77102.396     0.752     4.67    5.54
 -76726.354     8.214    19.84   15.55
 -76350.311    18.829    28.23   20.17
 -75974.267    32.050    35.16   21.11
 -75598.222    47.094    40.01   16.63
 -75222.176    55.779    23.09   15.60
 -74846.129    64.252    22.53   13.48
 -74470.081    67.806     9.45   12.03
 -74094.032    69.833     5.39   12.27
 -73717.982    72.779     7.83   11.44
 -73341.931    74.009     3.27   11.39
 -72965.879    76.409     6.38   12.10
 -72589.826    79.016     6.93   16.23
 -72213.772    79.644     1.67   17.87
 -71837.718    74.836   -12.79   17.58
 -71461.662    64.086   -28.59   17.77
 -71085.605    55.239   -23.53   15.11
 -70709.547    47.111   -21.61   13.46
 -70333.488    44.547    -6.82   13.45
 -69957.429    45.410     2.29   15.60
 -69581.368    43.647    -4.69   17.26
 -69205.306    41.214    -6.47   16.42
 -68829.244    41.496     0.75   16.43
 -68453.180    43.752     6.00   15.67
 -68077.115    41.536    -5.89   15.39
 -67701.050    39.996    -4.10   15.94
 -67324.983    36.401    -9.56   18.10
 -66948.915    27.542   -23.56   20.80
 -66572.847    17.164   -27.60   17.69
 -66196.777     8.352   -23.43   14.58
 -65820.706     1.200   -19.02    8.12
 -65444.635    -2.331    -9.39    2.37
 -65068.562    -3.145    -2.16    1.45
 -64692.488    -3.383    -0.63    1.60
 -64316.413    -0.827     6.80    7.53
 -63940.338     3.831    12.39   13.61
 -63564.261    12.727    23.65   21.31
 -63188.183    22.077    24.86   26.69
 -62812.104    26.121    10.75   26.21
 -62436.025    27.427     3.47   23.72
 -62059.944    27.181    -0.66   19.18
 -61683.862    31.671    11.94   19.24
 -61307.779    39.374    20.48   17.97
 -60931.695    42.374     7.98   15.77
 -60555.610    43.050     1.80   12.15
 -60179.524    44.780     4.60   12.60
 -59803.437    48.452     9.76   13.88
 -59427.349    54.331    15.63   12.59
 -59051.260    58.996    12.40   11.35
 -58675.170    59.932     2.49   11.38
 -58299.079    61.673     4.63   10.27
 -57922.987    61.624    -0.13    9.87
 -57546.894    62.104     1.28    8.89
 -57170.799    61.240    -2.30    9.74
 -56794.704    65.558    11.48   15.79
 -56418.608    72.516    18.50   15.66
 -56042.510    74.957     6.49   14.75
 -55666.412    75.419     1.23   14.25
 -55290.312    69.727   -15.14   15.33
 -54914.212    65.212   -12.00   14.12
 -54538.110    62.725    -6.61   13.92
 -54162.007    57.644   -13.51   14.65
 -53785.904    55.336    -6.14   13.66
 -53409.799    57.226     5.03   14.16
 -53033.693    61.496    11.35   14.62
 -52657.586    70.617    24.25   13.45
 -52281.478    71.522     2.40   15.15
 -51905.369    67.804    -9.89   15.15
 -51529.259    65.881    -5.11   13.10
 -51153.148    67.621     4.63   14.03
 -50777.036    76.060    22.44   14.62
 -50400.922    80.401    11.54   16.41
 -50024.808    78.644    -4.67   16.16
 -49648.692    73.725   -13.08   15.15
 -49272.576    63.596   -26.93   12.29
 -48896.458    54.855   -23.24   12.74
 -48520.339    52.516    -6.22   11.70
 -48144.219    53.836     3.51   13.48
 -47768.099    59.455    14.94   15.09
 -47391.977    65.780    16.82   14.56
 -47015.854    69.647    10.28   12.78
 -46639.729    72.624     7.92   13.35
 -46263.604    75.374     7.31   12.84
 -45887.478    77.516     5.69   14.44
 -45511.350    80.831     8.82   15.75
 -45135.222    82.384     4.13   14.99
 -44759.092    83.347     2.56   15.35
 -44382.961    87.402    10.78   16.61
 -44006.829    90.266     7.61   16.85
 -43630.696    94.563    11.42   16.31
 -43254.562    91.969    -6.90   17.16
 -42878.427    86.530   -14.46   17.68
 -42502.291    87.445     2.43   16.70
 -42126.154    90.727     8.73   16.42
 -41750.015    97.336    17.57   16.05
 -41373.875   106.884    25.38   13.09
 -40997.735   111.975    13.53    8.51
 -40621.593   112.996     2.71    4.63
 -40245.450   110.009    -7.94    6.61
 -39869.306   106.833    -8.44    7.06
 -39493.160   108.305     3.91    7.16
 -39117.014   109.463     3.08    7.04
 -38740.867   106.952    -6.67   13.80
 -38364.718    99.212   -20.58   23.10
 -37988.568    93.752   -14.51   23.82
 -37612.417    90.829    -7.77   21.83
 -37236.265    89.363    -3.90   19.06
 -36860.112    83.915   -14.49   18.15
 -36483.958    73.915   -26.58   18.68
 -36107.803    67.726   -16.45   16.48
 -35731.646    70.470     7.30   20.03
 -35355.488    72.725     5.99   20.89
 -34979.330    74.002     3.40   19.10
 -34603.170    73.831    -0.45   16.40
 -34227.008    70.002   -10.18   14.48
 -33850.846    70.831     2.20   13.23
 -33474.683    74.163     8.86   12.93
 -33098.518    71.437    -7.25   14.40
 -32722.352    74.419     7.93   17.11
 -32346.186    77.983     9.47   18.47
 -31970.018    78.482     1.33   19.50
 -31593.848    75.927    -6.79   20.48
 -31217.678    67.240   -23.10   20.50
 -30841.506    55.981   -29.93   15.27
 -30465.334    45.590   -27.62   10.74
 -30089.160    40.536   -13.44   12.89
 -29712.985    35.644   -13.00   12.23
 -29336.809    28.342   -19.41   11.33
 -28960.631    25.158    -8.46    9.34
 -28584.453    27.052     5.04   10.55
 -28208.273    31.419    11.61   11.52
 -27832.092    36.050    12.31    7.94
 -27455.910    37.509     3.88    6.65
 -27079.727    42.542    13.38   10.57
 -26703.543    51.163    22.92   16.53
 -26327.357    62.113    29.11   16.46
 -25951.170    70.009    20.99   14.60
 -25574.982    73.308     8.77   12.81
 -25198.793    70.368    -7.82   14.09
 -24822.603    64.316   -16.09   14.08
 -24446.411    53.659   -28.33   14.03
 -24070.218    44.320   -24.82   13.71
 -23694.024    35.644   -23.06   10.71
 -23317.829    36.023     1.01    9.98
 -22941.633    39.279     8.66   10.35
 -22565.436    45.860    17.50   12.90
 -22189.237    57.316    30.45   16.63
 -21813.037    65.932    22.90   16.24
 -21436.836    70.147    11.20   10.53
 -21060.633    66.536    -9.60   12.85
 -20684.430    57.983   -22.74   12.44
 -20308.225    51.701   -16.70    9.46
 -19932.019    50.590    -2.95    8.22
 -19555.812    51.137     1.45    8.98
 -19179.604    54.158     8.03   10.13
 -18803.394    58.016    10.25   12.63
 -18427.183    63.496    14.57   12.77
 -18050.971    67.690    11.15   10.12
 -17674.758    68.111     1.12    8.36
 -17298.543    64.937    -8.44   10.90
 -16922.328    59.509   -14.43   12.67
 -16546.111    49.855   -25.66   15.93
 -16169.893    38.455   -30.30   19.58
 -15793.673    28.727   -25.86   16.78
 -15417.453    18.111   -28.22   13.86
 -15041.231    12.671   -14.46    9.88
 -14665.008    10.963    -4.54    7.78
 -14288.783     9.368    -4.24    7.50
 -13912.558     9.316    -0.14    6.65
 -13536.331     7.347    -5.23    5.33
 -13160.103     5.568    -4.73    4.09
 -12783.910     4.671    -2.38    4.25
 -12407.934     3.969    -1.87    3.89
 -12031.956     5.752     4.74    5.09
 -11655.977     8.002     5.98    5.34
 -11279.997    10.752     7.31    5.56
 -10904.015    11.650     2.39    5.26
 -10528.033    10.752    -2.39    7.46
 -10152.049     6.624   -10.98    8.25
  -9776.063     2.225   -11.70    6.13
  -9400.077    -0.376    -6.92    2.87
  -9024.089    -1.248    -2.32    0.00
  -8648.100    -1.058     0.50    0.62
  -8272.110    -0.410     1.73    1.72
  -7896.118     0.111     1.39    1.99
  -7520.125     0.460     0.93    2.05
  -7144.131     0.419    -0.11    2.11
  -6768.136    -0.037    -1.21    2.12
  -6392.139    -0.734    -1.85    1.39
  -6016.141    -1.113    -1.01    0.67
  -5640.142    -0.410     1.87    2.62
  -5264.142     1.181     4.23    4.45
  -4888.140     2.277     2.92    4.34
  -4512.137     3.573     3.45    3.59
  -4136.133     4.887     3.50    3.82
  -3760.127     5.522     1.69    4.29
  -3384.120     5.401    -0.32    4.88
  -3008.112     4.805    -1.59    4.50
  -2632.103     4.624    -0.48    4.16
  -2256.092     4.445    -0.48    4.32
  -1880.080     4.197    -0.66    4.44
  -1504.067     3.463    -1.95    4.24
  -1128.052     2.983    -1.28    3.06
   -752.036     2.919    -0.17    3.46
   -376.019     2.163    -2.01    3.84
     -0.000     0.887    -3.39    3.47
    376.019    -0.194    -2.88    2.13
    752.040     0.347     1.44    2.03
   1128.063     1.169     2.19    1.98
   1504.087     1.881     1.89    2.43
   1880.112     2.452     1.52    3.16
   2256.138     2.212    -0.64    3.31
   2632.165     1.802    -1.09    3.10
   3008.194     1.594    -0.55    1.82
   3384.225     1.701     0.28    1.86
   3760.256     1.050    -1.73    2.01
   4136.289     0.086    -2.56    1.94
   4512.323    -0.887    -2.59    1.10
   4888.359     0.455     3.57    4.53
   5264.396     4.858    11.71    7.52
   5640.434     8.495     9.67    6.84
   6016.473    10.368     4.98    5.49
   6392.514     8.881    -3.95    5.49
   6768.556     7.502    -3.67    4.88
   7144.600     6.536    -2.57    4.03
   7520.645     6.374    -0.43    3.93
   7896.691     7.884     4.02    4.10
   8272.738     7.002    -2.34    4.37
   8648.787     6.239    -2.03    4.46
   9024.837     4.214    -5.38    4.49
   9400.889     1.726    -6.62    3.11
   9776.942     0.752    -2.59    2.44
  10152.996    -0.275    -2.73    1.71
  10529.051     0.327     1.60    2.18
  10905.108     0.726     1.06    2.26
  11281.167     1.023     0.79    2.38
  11657.226     0.266    -2.01    2.01
  12033.287     0.838     1.52    2.43
  12409.349     1.675     2.23    2.51
  12785.413     2.445     2.05    2.81
  13161.478     2.238    -0.55    2.96
  13537.544     1.617    -1.65    3.18
  13913.612    -0.113    -4.60    1.92
  14289.681    -1.058    -2.52    0.66
  14665.752    -1.198    -0.37    0.22
  15041.824    -0.896     0.80    0.92
  15417.897    -0.432     1.23    1.23
  15793.971     0.121     1.47    1.26
  16170.047     1.034     2.43    1.85
  16546.125     2.104     2.84    2.39
  16922.203     2.655     1.47    2.50
  17298.283     3.173     1.38    2.24
  17674.365     2.502    -1.78    1.66
  18050.448     2.509     0.02    1.57
  18426.532     2.590     0.22    1.76
  18802.618     2.779     0.50    1.81
  19178.705     2.547    -0.62    1.94
  19554.793     2.295    -0.67    2.05
  19930.883     2.291    -0.01    2.20
  20306.974     2.463     0.46    2.22
  20683.066     2.752     0.77    2.39
  21059.160     3.829     2.86    3.15
  21435.256     4.252     1.12    3.13
  21811.352     2.829    -3.78    3.83
  22187.450     1.858    -2.58    4.17
  22563.550     2.701     2.24    5.00
  22939.651     6.530    10.18    9.72
  23315.753    11.377    12.89   10.95
  23691.857    15.906    12.04   10.78
  24067.962    18.725     7.49    9.87
  24444.069    16.077    -7.04   10.08
  24820.177    11.536   -12.07    7.83
  25196.286    11.509    -0.07    6.95
  25572.397    11.673     0.44    6.68
  25948.509    11.030    -1.71    6.13
  26324.623     9.427    -4.26    5.98
  26700.738     6.805    -6.97    5.60
  27076.854     6.779    -0.07    5.18
  27452.972     7.470     1.84    4.71
  27829.091     9.700     5.93    4.68
  28205.212    10.700     2.66    4.26
  28581.334    10.969     0.71    3.70
  28957.458    11.496     1.40    4.02
  29333.583    14.613     8.29    6.53
  29709.709    16.393     4.73    6.70
  30085.837    18.277     5.01    6.79
  30461.967    18.164    -0.30    7.16
  30838.097    19.320     3.07    6.85
  31214.230    20.725     3.74    7.12
  31590.363    23.320     6.90    6.50
  31966.498    27.023     9.84    4.96
  32342.635    29.002     5.26    3.15
  32718.773    30.240     3.29    2.23
  33094.912    32.188     5.18    4.66
  33471.053    36.185    10.63    7.22
  33847.196    39.384     8.51    6.68
  34223.339    41.568     5.81    4.72
  34599.485    41.650     0.22    5.16
  34975.631    40.347    -3.46    4.73
  35351.779    39.778    -1.51    4.17
  35727.929    39.141    -1.69    4.18
  36104.080    39.599     1.22    4.57
  36480.233    41.804     5.86    3.84
  36856.387    42.784     2.61    3.59
  37232.542    41.265    -4.04    4.99
  37608.699    38.725    -6.75    6.16
  37984.858    36.347    -6.32    6.26
  38361.017    34.347    -5.32    6.43
  38737.179    33.252    -2.91    6.88
  39113.342    32.240    -2.69    6.19
  39489.506    31.368    -2.32    5.06
  39865.672    32.320     2.53    4.14
  40241.839    33.881     4.15    4.48
  40618.008    35.214     3.54    4.56
  40994.178    34.368    -2.25    5.00
  41370.350    33.806    -1.49    5.30
  41746.523    33.265    -1.44    4.89
  42122.698    32.428    -2.23    5.86
  42498.874    32.331    -0.26    6.34
  42875.052    33.833     3.99    6.73
  43251.231    33.784    -0.13    7.23
  43627.411    33.470    -0.83    7.41
  44003.594    32.779    -1.84    7.55
  44379.777    32.558    -0.59    6.44
  44755.962    32.265    -0.78    6.11
  45132.149    31.947    -0.85    5.26
  45508.337    32.829     2.35    5.39
  45884.527    34.173     3.57    5.94
  46260.718    36.590     6.42    5.37
  46636.911    37.305     1.90    5.29
  47013.105    36.599    -1.88    6.20
  47389.301    33.855    -7.29    6.09
  47765.498    31.915    -5.16    5.09
  48141.697    30.650    -3.36    5.06
  48517.897    30.860     0.56    4.62
  48894.099    31.482     1.65    4.58
  49270.302    31.320    -0.43    4.87
  49646.507    30.164    -3.07    6.05
  50022.713    26.573    -9.55    7.42
  50398.921    23.342    -8.59    8.01
  50775.131    21.058    -6.07    8.51
  51151.342    18.445    -6.95   11.09
  51527.554    15.919    -6.71   11.44
  51903.768    12.621    -8.77   10.65
  52279.984    11.522    -2.92   10.18
  52656.201    10.509    -2.69    8.49
  53032.419    15.042    12.05    9.16
  53408.639    16.240     3.18   10.19
  53784.861    18.127     5.02   11.24
  54161.084    18.293     0.44   11.43
  54537.309    17.252    -2.77   12.00
  54913.536    17.496     0.65   11.68
  55289.763    17.863     0.98   12.40
  55665.993    22.455    12.20   12.51
  56042.224    28.975    17.33    8.85
  56418.456    32.516     9.41    5.11
  56794.691    33.027     1.36    2.99
  57170.926    32.780    -0.66    3.18
  57547.163    32.477    -0.80    3.00
  57923.402    32.969     1.31    2.75
  58299.642    33.590     1.65    3.08
  58675.884    33.594     0.01    2.99
  59052.128    33.060    -1.42    3.09
  59428.373    33.279     0.58    2.96
  59804.619    32.725    -1.47    3.51
  60180.868    33.957     3.27    3.96
  60557.117    35.225     3.37    3.70
  60933.369    35.777     1.47    3.21
  61309.622    35.989     0.56    3.05
  61685.876    35.447    -1.44    3.52
  62062.132    34.428    -2.71    4.22
  62438.225    33.752    -1.80    4.65
  62814.164    33.384    -0.98    5.49
  63190.105    34.163     2.07    5.16
  63566.048    33.266    -2.39    5.61
  63941.992    33.552     0.76    4.93
  64317.938    34.009     1.21    3.88
  64693.885    33.910    -0.26    2.86
  65069.834    32.671    -3.30    3.48
  65445.784    32.957     0.76    3.76
  65821.736    33.173     0.57    4.10
  66197.690    33.975     2.13    4.48
  66573.645    36.034     5.48    4.18
  66949.602    36.197     0.43    3.52
  67325.560    36.368     0.45    3.64
  67701.520    35.316    -2.80    3.63
  68077.482    35.194    -0.33    3.00
  68453.445    35.374     0.48    2.93
  68829.410    35.644     0.72    3.13
  69205.376    35.374    -0.72    3.95
  69581.344    34.777    -1.59    4.05
  69957.314    34.293    -1.29    4.06
  70333.285    33.701    -1.57    3.44
  70709.258    33.650    -0.14    3.23
  71085.233    33.937     0.76    3.20
  71461.209    34.077     0.37    3.05
  71837.186    34.445     0.98    3.34
  72213.166    34.516     0.19    3.69
  72589.147    34.502    -0.03    3.72
  72965.129    35.173     1.78    4.43
  73341.114    36.447     3.39    4.45
  73717.100    36.489     0.11    3.89
  74093.087    36.291    -0.53    3.65
  74469.076    35.565    -1.93    5.31
  74845.067    35.915     0.93    6.35
  75221.059    35.563    -0.93    6.59
  75597.053    36.563     2.66    6.00
  75973.049    36.368    -0.52    6.41
  76349.046    36.942     1.53    5.74
  76725.045    37.163     0.59    4.84
  77101.046    36.881    -0.75    4.68
  77477.048    36.727    -0.41    4.61
  77853.052    37.347     1.65    4.69
  78229.058    38.470     2.99    3.95
  78605.065    38.463    -0.02    4.20
  78981.074    38.808     0.92    3.82
  79357.084    38.536    -0.72    3.55
  79733.096    38.641     0.28    2.75
  80109.110    37.860    -2.08    2.76
  80485.126    37.265    -1.58    2.56
  80861.143    37.252    -0.03    2.99
  81237.162    38.358     2.94    3.55
  81613.182    38.700     0.91    3.52
  81989.204    38.141    -1.49    4.19
  82365.228    36.470    -4.44    5.21
  82741.254    36.023    -1.19    4.83
  83117.281    36.240     0.58    4.97
  83493.310    38.410     5.77    3.91
  83869.340    39.906     3.98    2.66
  84245.372    40.698     2.11    3.31
  84621.406    41.957     3.35    2.89
  84997.442    41.522    -1.16    3.53
  85373.479    39.613    -5.07    5.01
  85749.518    38.401    -3.22    5.86
  86125.558    37.482    -2.44    5.18
  86501.601    37.023    -1.22    4.62
  86877.644    38.239     3.23    4.94
  87253.690    38.695     1.21    5.14
  87629.737    40.002     3.48    5.88
  88005.787    41.858     4.93    5.85
  88381.837    42.536     1.80    5.98
  88757.890    43.650     2.96    4.72
  89133.944    43.173    -1.27    4.21
  89510.000    42.305    -2.31    4.00
  89886.057    41.147    -3.08    3.18
  90262.116    40.522    -1.66    3.92
  90638.177    40.077    -1.18    4.42
  91014.240    40.594     1.38    4.40
  91390.304    42.152     4.14    4.99
  91766.370    43.724     4.18    4.08
  92142.438    44.104     1.01    3.31
  92518.508    44.131     0.07    2.81
  92894.579    44.131     0.00    2.38
  93270.652    43.969    -0.43    2.30
  93646.726    44.919     2.53    2.74
  94022.803    44.277    -1.71    3.15
  94398.881    44.752     1.26    3.46
  94774.961    43.969    -2.08    3.57
  95151.042    42.393    -4.19    3.98
  95527.125    40.121    -6.04    6.47
  95903.210    36.675    -9.16    6.86
  96279.297    34.509    -5.76    6.95
  96655.386    34.829     0.85    7.38
  97031.476    37.780     7.85    7.54
  97407.568    41.173     9.02    5.79
  97783.661    43.265     5.56    3.69
  98159.757    44.843     4.20    3.32
  98535.854    45.932     2.89    3.75
  98911.953    47.050     2.97    3.37
  99288.054    47.590     1.44    3.41
  99664.156    48.158     1.51    2.88
 100040.260    48.141    -0.04    2.84
 100416.366    47.700    -1.17    3.25
 100792.474    48.034     0.89    3.46
 101168.583    48.455     1.12    3.23
 101544.694    48.547     0.25    2.58
 101920.807    48.624     0.20    2.25
 102296.922    48.163    -1.23    2.42
 102673.038    48.266     0.27    2.49
 103049.156    48.445     0.48    2.33
 103425.276    48.401    -0.12    2.83
 103801.398    49.077     1.80    2.77
 104177.521    49.266     0.50    2.85
 104553.647    49.471     0.55    2.84
 104929.774    50.957     3.95    2.98
 105305.902    51.358     1.06    2.95
 105682.033    50.428    -2.47    4.12
 106058.165    50.023    -1.08    3.43
 106434.299    49.836    -0.50    3.17
 106810.435    50.437     1.60    3.07
 107186.573    51.009     1.52    2.39
 107562.712    50.644    -0.97    3.65
 107938.854    47.034    -9.60    8.73
 108314.997    39.034   -21.27   16.23
 108691.141    32.568   -17.19   17.84
 109067.288    28.833    -9.93   17.21
 109443.436    30.727     5.04   17.93
 109819.587    32.482     4.67   17.74
 110195.739    35.104     6.97   17.18
 110571.892    37.239     5.68   16.32
 110948.048    38.124     2.35   16.06
 111324.205    42.829    12.51   13.31
 111700.365    46.624    10.09    8.92
 112076.525    49.225     6.91    3.96
 112452.688    48.516    -1.89    4.63
 112828.853    47.725    -2.10    5.03
 113205.019    47.647    -0.21    5.26
 113581.187    48.599     2.53    4.53
 113957.357    49.320     1.92    2.89
 114333.529    49.542     0.59    2.81
 114709.703    49.516    -0.07    3.14
 115085.878    48.701    -2.17    4.05
 115462.056    47.969    -1.95    5.12
 115838.235    46.881    -2.89    5.65
 116214.416    46.214    -1.77    5.18
 116590.598    45.401    -2.16    4.87
 116966.783    46.320     2.44    3.64
 117342.969    46.969     1.72    3.79
 117719.158    47.265     0.79    3.70
 118095.348    47.496     0.61    3.50
 118471.540    46.581    -2.43    4.01
 118847.733    46.906     0.86    3.26
 119223.929    47.673     2.04    3.79
 119600.126    48.363     1.83    3.58
 119976.325    49.226     2.29    2.21
 120352.527    49.358     0.35    2.24
 120728.729    48.265    -2.90    2.61
 121104.934    47.305    -2.55    2.72
 121481.141    45.252    -5.46    5.05
 121857.349    40.942   -11.46    8.71
 122233.560    32.877   -21.44   15.58
 122609.772    21.342   -30.66   17.43
 122985.986     9.267   -32.10   12.46
 123362.202     3.077   -16.45    5.52
 123738.419     0.942    -5.68    3.81
 124114.639    -0.248    -3.16    0.00
 124490.860    -0.248     0.00    0.00
 124867.084    -0.248     0.00    0.00
 125243.309    -0.248     0.00    0.00
 125619.536     0.358     1.61    3.73
 125995.765     6.455    16.21   13.72
 126371.995    18.573    32.21   20.05
 126748.228    27.265    23.10   19.20
 127124.462    38.094    28.78   12.26
 127500.699    43.391    14.08    4.32
 127876.937    44.034     1.71    4.44
 128253.177    40.671    -8.94    9.52
 128629.419    36.086   -12.19   12.50
 129005.663    33.804    -6.07   12.92
 129381.909    32.952    -2.26   13.51
 129758.156    38.266    14.12   12.78
 130134.406    38.671     1.08   14.39
 130510.657    33.077   -14.87   19.30
 130886.911    29.887    -8.48   20.30
 131263.166    27.336    -6.78   20.11
 131639.423    26.191    -3.04   20.89
 132015.682    27.650     3.88   20.29
 132391.943    26.698    -2.53   20.56
 132768.205    31.726    13.36   20.72
 133144.470    39.463    20.56   17.97
 133520.737    47.060    20.19    9.50
 133897.005    48.023     2.56    7.96
 134273.276    48.009    -0.04    7.40
 134649.548    47.697    -0.83    8.60
 135025.822    46.957    -1.96    9.40
 135402.098    46.086    -2.32    9.57
 135778.376    47.127     2.77    8.37
 136154.656    47.158     0.08    8.23
 136530.938    46.779    -1.01    7.45
 136907.222    47.752     2.59    6.97
 137283.507    51.590    10.20    5.65
 137659.453    53.141     4.13    4.61
 138035.358    52.316    -2.19    4.55
 138411.264    52.804     1.30    3.95
 138787.173    52.805     0.00    4.01
 139163.083    52.410    -1.05    4.00
 139538.995    53.778     3.64    3.57
 139914.909    54.547     2.05    3.49
 140290.825    54.590     0.11    3.35
 140666.743    54.650     0.16    2.71
 141042.663    54.239    -1.09    2.76
 141418.585    54.342     0.27    3.18
 141794.509    54.419     0.20    3.22
 142170.434    55.284     2.30    3.15
 142546.362    55.265    -0.05    2.98
 142922.291    55.252    -0.03    3.25
 143298.223    55.158    -0.25    3.58
 143674.156    53.701    -3.87    5.08
 144050.092    52.891    -2.15    5.22
 144426.029    51.214    -4.46    6.20
 144801.968    51.599     1.02    6.22
 145177.910    51.455    -0.38    6.47
 145553.853    51.042    -1.10    6.77
 145929.798    49.804    -3.29    8.67
 146305.745    48.906    -2.39   10.24
 146681.694    47.833    -2.85   10.99
 147057.645    45.331    -6.66   12.85
 147433.598    39.077   -16.64   17.14
 147809.553    37.023    -5.46   17.44
 148185.510    38.266     3.31   18.82
 148561.469    42.096    10.19   18.65
 148937.430    49.957    20.91   12.42
 149313.393    53.752    10.09    7.67
 149689.357    55.697     5.17    5.13
 150065.324    56.752     2.81    2.54
 150441.293    56.419    -0.89    2.39
 150817.263    56.137    -0.75    3.32
 151193.236    53.700    -6.48    6.54
 151569.211    47.542   -16.38   12.98
 151945.187    31.617   -42.36   22.45
 152321.166    17.496   -37.56   19.31
 152697.147    16.484    -2.69   19.23
 153073.129    22.558    16.15   23.49
 153449.114    29.673    18.93   23.33
 153825.100    32.752     8.19   22.21
 154201.089    30.428    -6.18   20.73
 154577.079    30.023    -1.08   20.21
 154953.072    37.524    19.95   18.76
 155329.066    40.727     8.52   18.79
 155705.063    41.368     1.70   20.04
 156081.061    39.975    -3.71   19.68
 156457.062    40.188     0.57   18.61
 156833.064    45.336    13.69   12.52
 157209.069    46.989     4.40    8.32
 157585.075    46.647    -0.91    8.11
 157961.084    46.522    -0.33    7.80
 158337.094    47.833     3.49    7.33
 158713.107    49.700     4.96    6.87
 159089.122    50.496     2.12    6.64
 159465.138    50.725     0.61    6.45
 159841.157    52.779     5.46    4.35
 160217.177    54.428     4.39    3.58
 160593.200    54.915     1.29    4.34
 160969.225    55.293     1.01    4.26
 161345.251    55.419     0.34    3.73
 161721.280    56.009     1.57    2.84
 162097.311    55.752    -0.68    2.76
 162473.344    55.833     0.22    2.81
 162849.378    56.086     0.67    2.46
 163225.415    56.805     1.91    3.09
 163601.454    54.932    -4.98    8.22
 163977.495    45.983   -23.80   21.03
 164353.538    34.932   -29.39   24.78
 164729.583    24.086   -28.84   20.41
 165105.630    19.700   -11.66   15.14
 165481.679    25.111    14.39   15.08
 165857.730    32.919    20.76   17.48
 166233.783    37.906    13.26   19.22
 166609.838    39.374     3.90   20.83
 166985.895    37.617    -4.67   21.97
 167361.955    36.942    -1.80   20.73
 167738.016    33.308    -9.66   19.95
 168114.079    35.188     5.00   19.84
 168490.145    42.702    19.98   18.71
 168866.212    47.158    11.85   17.18
 169242.282    49.177     5.37   15.82
 169618.354    50.700     4.05   13.65
 169994.427    53.393     7.16   12.17
 170370.503    53.671     0.74   12.36
 170746.581    54.752     2.87   11.15
 171122.661    58.419     9.75    5.03
 171498.743    58.725     0.81    5.33
 171874.827    58.647    -0.21    5.67
 172250.913    58.009    -1.70    5.85
 172627.001    55.675    -6.21    9.33
 173003.091    54.855    -2.18   10.08
 173379.183    57.863     8.00    5.75
 173755.278    60.455     6.89    5.15
 174131.374    61.077     1.65    4.97
 174507.473    61.016    -0.16    5.00
 174883.573    61.927     2.42    6.37
 175259.676    63.185     3.34    5.76
 175635.781    63.906     1.92    5.19
 176011.888    63.252    -1.74    7.38
 176387.997    60.463    -7.42    9.19
 176764.108    50.590   -26.25   19.99
 177140.221    40.377   -27.15   21.95
 177516.336    34.542   -15.52   18.79
 177892.454    32.806    -4.61   15.95
 178268.573    44.617    31.40   13.51
 178644.695    51.209    17.53    9.49
 179020.819    54.701     9.28    8.15
 179396.944    48.881   -15.48   17.72
 179773.072    41.838   -18.72   20.57
 180149.202    36.752   -13.52   19.70
 180525.334    33.725    -8.05   17.43
 180901.469    32.860    -2.30   14.93
 181277.605    36.677    10.15   14.47
 181653.744    41.104    11.77   12.15
 182029.884    48.779    20.41   11.81
 182406.027    54.858    16.16   10.40
 182782.172    61.034    16.42    6.99
 183158.319    64.347     8.81    6.54
 183534.468    66.577     5.93    6.96
 183910.619    68.937     6.27    6.46
 184286.772    71.252     6.16    3.57
 184662.928    72.320     2.84    2.63
 185039.085    71.669    -1.73    5.23
 185415.245    68.983    -7.14    7.67
 185791.407    66.111    -7.63   10.85
 186167.571    62.724    -9.01   13.23
 186543.737    58.829   -10.35   13.52
 186919.905    58.320    -1.35   12.17
 187296.075    59.530     3.22   12.13
 187672.248    62.419     7.68    8.90
 188048.423    63.752     3.54    7.42
 188424.600    62.804    -2.52    7.61
 188800.779    62.094    -1.89    6.80
 189176.960    59.752    -6.23    8.67
 189553.143    56.212    -9.41   13.12
 189929.328    54.094    -5.63   14.21
 190305.516    53.906    -0.50   14.33
 190681.706    55.141     3.28   15.30
 191057.898    63.915    23.32    6.91
 191434.092    66.212     6.11    5.16
 191810.288    66.969     2.01    5.86
 192186.486    66.804    -0.44    7.73
 192562.687    65.724    -2.87    9.19
 192938.890    65.111    -1.63    8.73
 193315.095    64.937    -0.46    7.96
 193691.302    65.502     1.50    8.58
 194067.511    63.727    -4.72   13.09
 194443.722    62.590    -3.02   14.42
 194819.936    62.163    -1.14   13.80
 195196.152    64.858     7.16    9.36
 195572.370    66.009     3.06    8.20
 195948.590    57.158   -23.53   18.11
 196324.812    50.291   -18.25   20.41
 196701.037    46.252   -10.73   20.59
 197077.263    50.530    11.37   22.56
 197453.492    62.401    31.55   20.46
 197829.723    70.806    22.34   11.56
 198205.956    69.590    -3.23   10.02
 198582.192    61.887   -20.47   13.59
 198958.430    54.524   -19.57   13.85
 199334.669    52.677    -4.91   12.16
 199710.911    52.647    -0.08   12.85
 200087.156    51.023    -4.32   11.96
 200463.402    48.368    -7.06   10.36
 200839.651    44.752    -9.61   10.37
 201215.902    40.279   -11.89    9.69
 201592.155    32.305   -21.19   13.16
 201968.410    24.855   -19.80   14.92
 202344.667    18.887   -15.86   16.49
 202720.927    14.594   -11.41   15.39
 203097.189    15.427     2.21   15.67
 203473.453    14.638    -2.10   15.30
 203849.719    13.212    -3.79   15.40
 204225.988    11.509    -4.53   15.21
 204602.259    10.050    -3.88   16.69
 204978.532    12.023     5.24   20.71
 205354.807    19.252    19.21   25.77
 205731.084    31.202    31.76   26.40
 206107.364    42.410    29.79   24.61
 206483.646    56.455    37.33   19.06
 206859.930    65.599    24.30   16.36
 207236.216    69.200     9.57   16.29
 207612.505    71.316     5.63   16.93
 207988.796    78.158    18.18   17.55
 208365.089    80.573     6.42   17.93
 208741.384    82.641     5.50   15.94
 209117.682    82.700     0.16   16.45
 209493.982    78.675   -10.69   17.88
 209870.284    81.692     8.02   20.50
 210246.588    94.624    34.37   22.22
 210622.894   100.131    14.63   21.32
 210999.203   101.725     4.24   19.53
 211375.514    93.969   -20.61   21.35
 211751.828    83.141   -28.77   20.31
 212128.143    77.316   -15.48   15.67
 212504.341    75.338    -5.26   14.22
 212880.207    78.023     7.14   15.76
 213256.075    83.957    15.79   16.17
 213631.945    85.573     4.30   20.88
 214007.818    87.034     3.89   22.58
 214383.693    86.094    -2.50   24.44
 214759.570    80.624   -14.55   22.40
 215135.449    80.212    -1.10   16.69
 215511.331    78.671    -4.10   14.55
 215887.214    83.094    11.77   14.70
 216263.101    85.096     5.33   12.62
 216638.989    82.547    -6.78   13.96
 217014.880    81.726    -2.18   14.18
 217390.773    81.391    -0.89   14.91
 217766.668    84.239     7.58   15.50
 218142.565    84.336     0.26   14.76
 218518.465    85.568     3.28   16.07
 218894.367    88.188     6.97   18.72
 219270.271    87.887    -0.80   18.97
 219646.178    91.701    10.15   17.55
 220022.087    90.752    -2.52   16.70
 220397.998    90.932     0.48   17.03
 220773.912    91.212     0.74   17.69
 221149.827    94.419     8.53   18.93
 221525.745    97.212     7.43   19.34
 221901.666    92.996   -11.22   19.39
 222277.588    92.942    -0.14   16.93
 222653.513    94.419     3.93   19.10
 223029.441    98.034     9.62   20.52
 223405.370   100.701     7.09   19.28
 223781.302   101.391     1.84   20.64
 224157.236   105.805    11.74   19.83
 224533.173   105.780    -0.07   19.52
 224909.111   106.463     1.82   18.89
 225285.052   101.188   -14.03   13.55
 225660.996    98.050    -8.35   11.51
 226036.941   101.016     7.89   10.95
 226412.889   105.368    11.58   15.59
 226788.840   111.265    15.69   21.75
 227164.792   114.563     8.77   22.02
 227540.747   113.302    -3.35   20.97
 227916.705   104.698   -22.89   22.35
 228292.664    94.293   -27.68   18.53
 228668.626    86.833   -19.84   16.42
 229044.591    81.295   -14.73   15.34
 229420.557    81.316     0.06   15.89
 229796.526    80.034    -3.41   17.26
 230172.497    76.891    -8.36   17.45
 230548.471    74.265    -6.98   15.45
 230924.447    74.086    -0.48   12.52
 231300.425    78.226    11.01   12.40
 231676.406    81.009     7.40   15.98
 232052.389    85.644    12.33   19.59
 232428.374    89.173     9.39   20.20
 232804.362    87.163    -5.35   18.99
 233180.352    83.752    -9.07   18.30
 233556.344    80.887    -7.62   17.80
 233932.339    77.599    -8.75   14.90
 234308.336    76.316    -3.41   15.30
 234684.335    75.863    -1.20   16.87
 235060.337    72.266    -9.57   18.53
 235436.341    74.336     5.50   18.71
 235812.347    80.470    16.32   21.84
 236188.356    91.427    29.14   21.80
 236564.367    99.586    21.70   17.70
 236940.381    98.034    -4.13   20.07
 237316.397    90.530   -19.96   20.88
 237692.415    84.673   -15.58   19.68
 238068.436    81.060    -9.61   18.38
 238444.459    81.173     0.30   17.90
 238820.484    80.779    -1.05   18.70
 239196.512    81.147     0.98   18.48
 239572.542    85.277    10.98   18.16
 239948.574    87.563     6.08   16.27
 240324.609    87.027    -1.42   15.63
 240700.646    88.647     4.31   14.72
 241076.686    89.141     1.31   14.94
 241452.728    90.536     3.71   14.88
 241828.772    92.725     5.82   13.94
 242204.819    94.700     5.25   14.06
 242580.868    90.927   -10.03   15.94
 242956.920    86.482   -11.82   13.41
 243332.974    85.977    -1.34   15.01
 243709.030    85.173    -2.14   14.81
 244085.089    95.463    27.36   17.47
 244461.150   103.858    22.32   18.73
 244837.214   105.265     3.74   18.95
 245213.280   101.542    -9.90   20.87
 245589.348    96.509   -13.38   16.97
 245965.419    92.932    -9.51   16.52
 246341.492    85.169   -20.64   17.12
 246717.568    85.002    -0.44   15.79
 247093.646    80.599   -11.71   12.36
 247469.726    78.141    -6.53   13.07
 247845.809    75.293    -7.57   13.48
 248221.894    76.669     3.66   15.81
 248597.982    82.496    15.49   19.83
 248974.072    90.086    20.18   19.87
 249350.164    96.266    16.43   20.23
 249726.259   104.627    22.23   20.22
 250102.357   104.983     0.95   19.82
 250478.456   108.121     8.34   18.46
 250854.559   111.185     8.15   19.02
 251230.663   106.265   -13.08   16.88
 251606.770   111.445    13.77   17.77
 251982.880   112.391     2.52   18.16
 252358.992   111.163    -3.27   16.04
 252735.106   102.086   -24.13   20.74
 253111.223    92.752   -24.82   19.70
 253487.342    85.445   -19.43   18.83
 253863.464    77.280   -21.71   13.87
 254239.588    81.860    12.18   13.69
 254615.714    87.239    14.30   10.76
 254991.843    91.121    10.32   10.91
 255367.975    96.034    13.06   11.45
 255744.109    99.887    10.24   11.10
 256120.245   106.163    16.68   11.71
 256496.384   110.470    11.45   14.60
 256872.525   111.779     3.48   16.95
 257248.669   116.590    12.79   20.16
 257624.815   120.778    11.13   22.73
 258000.964   131.214    27.75   25.41
 258377.115   147.641    43.67   22.35
 258753.268   154.009    16.93   19.22
 259129.424   151.002    -7.99   20.48
 259505.583   144.042   -18.51   21.38
 259881.744   138.906   -13.65   17.55
 260257.907   139.002     0.26   13.37
 260634.073   138.752    -0.66   13.41
 261010.242   133.226   -14.69   15.51
 261386.412   127.158   -16.13   14.80
 261762.586   116.675   -27.87   17.08
 262138.762   109.697   -18.55   16.54
 262514.940   103.419   -16.69   13.42
 262891.121   100.573    -7.57   12.05
 263267.304   104.214     9.68   14.64
 263643.490   108.131    10.41   15.40
 264019.678   116.214    21.49   15.97
 264395.869   125.752    25.36   17.09
 264772.062   129.725    10.56   15.66
 265148.257   136.137    17.05   19.95
 265524.456   147.266    29.58   23.81
 265900.656   154.647    19.62   25.90
 266276.860   158.419    10.03   21.06
 266653.065   154.252   -11.08   20.03
 267029.273   142.805   -30.43   19.44
 267405.484   132.831   -26.51   14.54
 267781.697   127.266   -14.79   11.63
 268157.913   125.163    -5.59   11.42
 268534.131   125.752     1.57   11.19
 268910.352   125.086    -1.77   11.99
 269286.575   126.265     3.14   12.94
 269662.801   132.884    17.59   13.82
 270039.029   137.489    12.24   12.76
 270415.260   138.522     2.74   12.76
 270791.493   133.342   -13.77   13.44
 271167.729   130.308    -8.06   13.78
 271543.968   123.200   -18.89   10.98
 271920.209   120.806    -6.36   10.41
 272296.452   120.104    -1.87    9.87
 272672.698   120.060    -0.12    9.58
 273048.946   122.181     5.64    8.64
