# NaN NaN NaN ;Mean Elev.(m), Avg Gradient(m/km), RMS Gradient(m/km) - SRTM1     
#   30.658  -0.740  10.693 ;Mean Elev.(m), Avg Gradient(m/km), RMS Gradient(m/km) - ASTER GDEM
#   36.301  -0.325   6.314 ;Mean Elev.(m), Avg Gradient(m/km), RMS Gradient(m/km) - GMTED2010 
  7 294.197248  -2.547609    41.482    41.415  8 52474.59846453 21.670
  8 294.203236  -2.556512    40.136    40.158  7 52509.59842814 34.523
  9 294.203669  -2.560124    38.298    38.548  7 52544.59843087 17.538
 10 294.198903  -2.550339    36.428    36.444  7 52579.59846606 42.791
 11 294.198314  -2.549274    39.974    39.963  7 52614.59843323 46.033
 12 294.202864  -2.559550    40.759    40.744  7 52649.59841472 21.088
 13 294.204600  -2.561406    39.828    39.834  7 52684.59839739 17.431
 14 294.199171  -2.551739    41.288    41.258  7 52719.59844905 20.302
 15 294.192506  -2.536875    42.218    42.244  8 52754.59847047 20.720
 16 294.200388  -2.552717    43.540    43.547  7 52789.59842078 48.420
 17 294.201816  -2.555842    43.164    43.242  7 52824.59849169 24.210
 18 294.203463  -2.557735    41.444    41.424  7 52859.59853812 42.788
 19 294.198688  -2.550856    39.095    38.920  7 52894.59856796 15.888
 20 294.198732  -2.550584    35.633    35.620  8 52929.59851762 23.637
 21 294.203207  -2.559590    37.900    37.982  7 52964.59850677 15.924
 22 294.196304  -2.545017    38.666    38.678  7 52999.59853997 47.304
 23 294.199001  -2.551056    40.575    40.552  8 53034.59849151 27.159
 24 294.201360  -2.554257    39.257    39.287  7 53069.59850944 20.676
 25 294.198519  -2.550522    41.123    41.184  7 53104.59849294 22.546
 26 294.202111  -2.556604    41.807    41.797  7 53139.59851490 34.658
 27 294.200154  -2.552912    41.178    41.113  7 53174.59855129 20.179
 28 294.199392  -2.550914    41.273    41.272  8 53209.59856833 49.171
 29 294.202043  -2.556758    38.845    38.920  7 53244.59853695 16.283
 30 294.199596  -2.552350    37.201    36.641  8 53279.59851672 16.213
 31 294.200076  -2.553616    37.443    37.426  7 53314.59853847 51.354
 32 294.203064  -2.557923    39.501    39.505  7 53349.59850495 18.106
 33 294.200537  -2.554274    39.469    39.469  8 53384.59848027 21.635
 34 294.206912  -2.563491    40.077    40.069  7 53419.59848784 18.214
 35 294.202783  -2.556390    41.330    41.407  7 53454.59849226 21.655
 36 294.195503  -2.542914    42.286    42.154  8 53489.59857477 21.744
 37 294.203389  -2.557526    42.987    42.995  7 53524.59856339 45.573
 38 294.195734  -2.544802    40.612    40.499  8 53559.59858859 17.581
 39 294.205511  -2.562000    34.879    34.877  7 53594.59852932 49.494
 40 294.196463  -2.545877    31.878    31.893  8 53629.59851925 36.838
 41 294.198097  -2.549312    32.222    32.214  7 53664.59854393 45.509
 42 294.202443  -2.555285    37.537    37.528  7 53699.59850183 20.595
 43 294.204722  -2.559553    38.049    37.976  7 53734.59842477 20.866
 44 294.204830  -2.562078    39.760    39.731  7 53769.59841066 22.396
 45 294.204267  -2.558034    41.202    41.194  7 53804.59840476 25.904
 47 294.201593  -2.556918    43.080    43.080  7 53874.59847068 29.837
 48 294.197061  -2.546995    40.982    40.898  8 53909.59851409 19.455
 49 294.194601  -2.540732    37.490    37.490  8 53944.59853504 49.807
 50 294.199701  -2.551492    34.184    34.197  7 53979.59848566 22.399
 51 294.201865  -2.556566    32.994    33.002  7 54014.59850175 42.881
 52 294.205948  -2.563144    34.714    34.751  6 54049.59850776 41.604
 54 294.201350  -2.555364    40.993    40.961  8 54119.59842631 21.601
 55 294.200362  -2.552229    40.880    40.893  7 54154.59845440 18.916
 56 294.201357  -2.554900    41.212    41.215  8 54189.59842236 48.281
 57 294.200097  -2.553550    42.685    42.714  8 54224.59846460 38.402
 58 294.201244  -2.554751    42.811    42.784  8 54259.59848587 24.909
 59 294.201759  -2.554757    40.819    40.846  7 54294.59848980 18.477
 60 294.202584  -2.557166    36.184    36.186  8 54329.59848348 34.561
 61 294.201242  -2.555969    33.773    33.739  7 54364.59842908 43.907
 62 294.202036  -2.557343    34.120    34.172  7 54399.59842477 21.738
 63 294.201662  -2.556395    38.707    38.697  7 54434.59838215 16.196
 64 294.202999  -2.555723    39.630    39.667  7 54469.59840764 23.894
 65 294.201547  -2.555747    41.178    41.129  8 54504.59839663 21.866
 66 294.202255  -2.556685    41.881    41.887  8 54539.59842279 37.686
 67 294.202146  -2.556055    41.964    42.053  7 54574.59839687 21.030
 68 294.201083  -2.555761    43.118    43.128  7 54609.59841516 46.744
 69 294.200569  -2.555021    41.597    41.563  7 54644.59842306 24.452
 70 294.200718  -2.553392    38.749    38.756  8 54679.59842389 44.014
 71 294.202316  -2.558127    34.046    34.081  7 54714.59837618 42.716
 72 294.200241  -2.554384    35.284    35.282  7 54749.59839488 45.905
 73 294.201574  -2.556622    36.912    36.936  7 54784.59836446 16.541
 74 294.201437  -2.555331    39.214    39.212  8 54819.59838706 47.460
 75 294.201876  -2.556266    40.525    40.547  7 54854.59836108 40.164
 76 294.199841  -2.552629    41.751    41.733  7 54889.59839173 20.982
 77 294.200203  -2.553972    43.476    43.460  7 54924.59835945 41.061
 78 294.200168  -2.553400    43.664    43.628  7 54959.59838867 30.073
 79 294.199391  -2.550696    44.304    44.307  8 54994.59841071 46.897
 80 294.201125  -2.554084    43.373    43.354  7 55029.59840107 40.861
 81 294.201558  -2.557108    39.643    39.676  7 55064.59839255 34.399
 82 294.200510  -2.553410    36.579    36.964  8 55099.59833653 32.676
 83 294.200814  -2.554437    35.648    35.638  7 55134.59833736 37.630
 84 294.202431  -2.555216    35.696    35.682  7 55169.59830105 40.700
 85 294.200791  -2.553944    40.280    40.282  8 55204.59833013 17.352
 86 294.200746  -2.553920    39.773    39.748  8 55239.59830811 24.369
 87 294.200949  -2.554066    40.523    40.514  8 55274.59832371 43.940
 88 294.201991  -2.555936    41.929    41.959  7 55309.59829102 30.079
 89 294.202382  -2.554864    42.539    42.515  7 55344.59829238 30.961
 90 294.201463  -2.555093    41.100    41.107  7 55379.59828675 27.457
 91 294.201583  -2.554373    38.388    38.496  7 55414.59831177 28.644
 92 294.202132  -2.556220    31.956    31.327  8 55449.59829939 21.316
 93 294.202429  -2.556540    29.849    29.871  7 55484.59822554 43.359
