-185059.927    11.673     0.00    8.81
-184683.801    12.011     0.90    8.24
-184307.676    12.784     2.06    6.90
-183931.552    14.301     4.03    5.48
-183555.430    15.645     3.57    3.92
-183179.308    15.558    -0.23    5.71
-182803.187    13.712    -4.91    8.38
-182427.067    11.402    -6.14    9.33
-182050.948    11.579     0.47    9.16
-181674.830    11.065    -1.37    8.68
-181298.713    13.200     5.68    7.80
-180922.597    16.327     8.31    3.62
-180546.482    16.633     0.81    2.24
-180170.368    16.936     0.81    2.52
-179794.255    16.789    -0.39    3.08
-179418.143    15.226    -4.16    5.02
-179042.032    14.633    -1.58    5.35
-178665.922    14.917     0.76    5.72
-178289.813    14.805    -0.30    5.98
-177913.705    15.340     1.42    5.57
-177537.598    15.308    -0.08    7.61
-177161.492    12.673    -7.01    9.12
-176785.387    12.542    -0.35    9.74
-176409.282    12.789     0.66    9.47
-176033.179    15.017     5.92    7.60
-175657.077    16.903     5.01    5.73
-175280.976    17.362     1.22    4.24
-174904.875    17.768     1.08    2.82
-174528.776    17.019    -1.99    2.70
-174152.678    16.092    -2.47    2.65
-173776.580    15.122    -2.58    2.82
-173400.484    14.301    -2.18    2.85
-173024.389    13.840    -1.23    2.77
-172648.294    14.038     0.53    3.05
-172272.201    14.147     0.29    3.41
-171896.108    13.620    -1.40    3.57
-171520.016    12.701    -2.45    3.68
-171143.926    11.200    -3.99    2.47
-170767.836    10.256    -2.51    0.28
-170391.747    10.362     0.28    0.40
-170015.659    10.481     0.32    0.47
-169639.572    10.548     0.18    0.49
-169263.486    10.583     0.09    0.50
-168887.401    10.568    -0.04    0.50
-168511.317    10.701     0.35    0.56
-168135.234    10.737     0.10    0.64
-167759.152    10.768     0.08    0.93
-167383.071    11.609     2.24    2.17
-167006.990    12.831     3.25    2.92
-166630.911    14.481     4.39    3.38
-166254.832    15.497     2.70    3.22
-165878.755    13.989    -4.01    5.58
-165502.678    12.723    -3.37    6.33
-165126.602    12.590    -0.35    6.18
-164750.528    13.011     1.12    6.68
-164374.454    14.660     4.38    5.90
-163998.381    16.741     5.53    2.71
-163622.309    17.227     1.29    2.09
-163246.238    17.059    -0.45    1.78
-162870.168    16.148    -2.42    2.44
-162494.098    15.173    -2.59    3.03
-162118.030    14.335    -2.23    4.84
-161741.962    14.276    -0.16    4.87
-161365.896    14.278     0.01    4.75
-160989.830    14.989     1.89    4.59
-160613.765    16.497     4.01    2.22
-160237.702    16.865     0.98    2.09
-159861.639    17.229     0.97    1.96
-159485.577    16.910    -0.85    2.04
-159109.515    15.998    -2.42    2.63
-158733.455    15.408    -1.57    2.98
-158357.396    12.699    -7.20    6.07
-157981.337     9.876    -7.51    6.73
-157605.280     9.362    -1.37    7.07
-157229.223     9.281    -0.22    6.96
-156853.167    11.006     4.59    7.13
-156477.112    12.840     4.88    6.48
-156101.058    15.096     6.00    4.58
-155725.005    15.876     2.07    4.72
-155348.953    16.120     0.65    4.07
-154972.901    17.045     2.46    3.89
-154596.851    16.635    -1.09    4.08
-154220.801    16.984     0.93    3.71
-153844.753    17.840     2.28    3.46
-153468.705    19.506     4.43    3.51
-153092.658    20.930     3.79    3.39
-152716.543    21.384     1.21    3.55
-152340.320    21.986     1.60    3.94
-151964.099    20.276    -4.55    4.57
-151587.878    18.620    -4.40    4.10
-151211.658    16.729    -5.03    4.46
-150835.438    15.173    -4.13    3.33
-150459.220    15.423     0.66    3.50
-150083.003    15.936     1.36    4.03
-149706.786    16.276     0.90    3.83
-149330.570    15.227    -2.79    3.72
-148954.355    10.789   -11.80    7.66
-148578.141     8.353    -6.47    7.48
-148201.928     8.994     1.70    7.51
-147825.716    10.389     3.71    8.60
-147449.504    15.523    13.65    6.82
-147073.293    18.795     8.70    4.17
-146697.084    21.011     5.89    2.64
-146320.874    20.524    -1.29    3.07
-145944.666    19.030    -3.97    3.66
-145568.459    17.968    -2.82    3.76
-145192.252    17.199    -2.04    4.07
-144816.047    16.840    -0.95    3.99
-144439.842    16.910     0.19    3.79
-144063.638    16.673    -0.63    3.06
-143687.435    16.778     0.28    2.95
-143311.232    17.250     1.25    2.54
-142935.031    17.606     0.95    2.33
-142558.830    17.331    -0.73    2.63
-142182.630    16.805    -1.40    2.93
-141806.431    16.532    -0.72    2.92
-141430.233    16.903     0.99    3.14
-141054.036    17.250     0.92    2.87
-140677.839    17.660     1.09    2.65
-140301.643    15.984    -4.46    4.42
-139925.448    14.092    -5.03    3.81
-139549.254    12.579    -4.02    3.30
-139173.061    12.910     0.88    3.47
-138796.868    15.430     6.70    3.88
-138420.676    17.201     4.71    4.98
-138044.485    19.301     5.58    5.37
-137668.295    21.042     4.63    5.38
-137292.106    21.062     0.05    5.45
-136915.917    20.278    -2.08    5.22
-136539.730    18.506    -4.71    4.89
-136163.543    17.568    -2.50    4.33
-135787.357    17.305    -0.70    3.93
-135411.171    17.968     1.76    3.58
-135034.987    17.895    -0.19    3.26
-134658.803    17.598    -0.79    3.55
-134282.620    17.404    -0.52    4.16
-133906.438    16.345    -2.82    4.31
-133530.256    16.497     0.41    4.00
-133154.076    15.930    -1.51    3.53
-132777.896    14.795    -3.02    4.18
-132401.717    14.647    -0.39    3.48
-132025.538    14.714     0.18    3.65
-131649.361    15.623     2.42    2.71
-131273.184    15.994     0.98    2.25
-130897.008    15.011    -2.61    2.24
-130520.833    12.199    -7.47    5.61
-130144.658     9.831    -6.30    6.70
-129768.484     7.436    -6.37    7.00
-129392.312     6.979    -1.22    7.11
-129016.139     8.071     2.90    7.29
-128639.968     9.201     3.00    7.60
-128263.797    11.019     4.83    7.23
-127887.627    10.763    -0.68    7.06
-127511.458    10.204    -1.48    7.45
-127135.290    10.362     0.42    7.29
-126759.122    10.011    -0.93    7.47
-126382.955    10.362     0.93    7.18
-126006.789    11.515     3.06    6.30
-125630.624    12.470     2.54    5.11
-125254.459    14.147     4.46    2.12
-124878.295    14.250     0.27    2.34
-124502.132    14.699     1.19    2.92
-124125.970    16.335     4.35    3.11
-123749.808    17.699     3.63    3.19
-123373.647    19.122     3.78    3.62
-122997.487    20.227     2.94    3.17
-122621.328    20.122    -0.28    3.73
-122245.169    19.923    -0.53    3.77
-121869.011    20.436     1.36    3.98
-121492.854    22.045     4.28    4.23
-121116.697    23.767     4.58    3.32
-120740.541    23.532    -0.62    3.93
-120364.386    24.119     1.56    4.37
-119988.232    25.389     3.38    3.95
-119612.078    26.224     2.22    3.30
-119235.925    26.146    -0.21    3.44
-118859.773    23.096    -8.11    6.09
-118483.621    19.840    -8.66    6.59
-118107.471    17.741    -5.58    5.98
-117731.321    16.963    -2.07    5.33
-117355.171    17.968     2.67    4.47
-116979.023    18.506     1.43    5.65
-116602.875    20.551     5.44    7.79
-116226.727    24.620    10.82    7.55
-115850.581    27.768     8.37    5.68
-115474.435    28.687     2.44    3.82
-115098.290    25.119    -9.48    6.43
-114722.145    21.579    -9.41    6.32
-114346.002    18.891    -7.15    5.72
-113969.859    17.353    -4.09    5.23
-113593.716    16.506    -2.25    5.57
-113217.575    13.455    -8.11    5.17
-112841.434    14.173     1.91    5.47
-112465.293    15.647     3.92    6.33
-112089.154    16.699     2.80    6.48
-111713.015    18.876     5.79    6.30
-111336.877    21.876     7.98    5.78
-110960.739    23.942     5.49    5.06
-110584.602    25.588     4.37    3.73
-110208.466    26.784     3.18    2.74
-109832.331    26.726    -0.16    3.71
-109456.196    25.633    -2.91    3.66
-109080.062    25.227    -1.08    3.65
-108703.928    22.984    -5.96    5.68
-108327.795    21.230    -4.66    6.28
-107951.663    18.019    -8.54    5.70
-107575.532    15.023    -7.97    4.20
-107199.401    14.281    -1.97    3.08
-106823.271    15.481     3.19    4.47
-106447.141    18.200     7.23    5.47
-106071.013    20.542     6.23    6.10
-105694.884    23.404     7.61    5.92
-105318.757    25.096     4.50    4.98
-104942.630    25.368     0.72    5.10
-104566.504    26.963     4.24    3.54
-104190.378    27.455     1.31    2.79
-103814.253    27.173    -0.75    3.52
-103438.129    26.430    -1.98    4.63
-103062.006    25.068    -3.62    4.97
-102685.883    24.903    -0.44    4.71
-102309.760    24.768    -0.36    4.04
-101933.639    25.038     0.72    3.43
-101557.518    24.506    -1.41    3.91
-101181.397    22.748    -4.67    5.21
-100805.278    21.984    -2.03    5.34
-100429.158    20.891    -2.91    5.46
-100053.040    21.936     2.78    4.88
 -99676.922    23.068     3.01    4.29
 -99300.805    22.660    -1.09    4.32
 -98924.688    22.123    -1.43    4.27
 -98548.572    19.805    -6.16    5.13
 -98172.457    18.281    -4.05    5.01
 -97796.342    16.726    -4.14    4.64
 -97420.228    17.756     2.74    5.27
 -97044.115    19.224     3.90    4.93
 -96668.002    19.865     1.70    5.27
 -96291.890    21.087     3.25    4.16
 -95915.778    21.254     0.44    3.80
 -95539.667    21.389     0.36    3.39
 -95163.556    21.876     1.29    2.64
 -94787.447    20.073    -4.79    4.40
 -94411.338    16.984    -8.21    5.70
 -94035.229    15.199    -4.74    5.42
 -93659.121    14.147    -2.80    5.12
 -93283.014    15.071     2.46    4.67
 -92906.907    16.768     4.51    4.96
 -92530.801    18.048     3.40    4.93
 -92154.695    18.752     1.87    5.24
 -91778.590    18.006    -1.98    5.51
 -91402.486    16.173    -4.87    6.07
 -91026.382    13.645    -6.72    5.26
 -90650.279    13.404    -0.64    4.29
 -90274.176    13.122    -0.75    3.97
 -89898.074    13.320     0.53    3.47
 -89521.973    13.714     1.05    2.85
 -89145.872    13.497    -0.57    2.51
 -88769.772    12.979    -1.38    2.80
 -88393.672    12.250    -1.94    2.62
 -88017.573    11.857    -1.04    2.52
 -87641.474     9.122    -7.27    5.47
 -87265.376     7.455    -4.43    5.95
 -86889.279     8.276     2.18    6.51
 -86513.182     8.389     0.30    6.39
 -86137.086    11.199     7.47    4.77
 -85760.990    13.147     5.18    2.03
 -85384.895    12.895    -0.67    2.13
 -85008.801    10.849    -5.44    5.14
 -84632.707     9.984    -2.30    5.86
 -84256.613    10.660     1.80    6.59
 -83880.520    11.384     1.93    6.71
 -83504.428    11.761     1.00    6.38
 -83128.336    11.481    -0.75    6.19
 -82752.245    10.331    -3.06    6.66
 -82376.155     8.923    -3.74    6.71
 -82000.064     8.712    -0.56    6.52
 -81623.975    10.436     4.59    5.63
 -81247.886    12.963     6.72    2.69
 -80871.798    12.884    -0.21    3.21
 -80495.710    13.224     0.91    3.11
 -80119.622    12.984    -0.64    3.12
 -79743.536    13.301     0.84    2.66
 -79367.449    13.948     1.72    1.72
 -78991.364    13.573    -1.00    2.29
 -78615.278    13.038    -1.42    2.30
 -78239.194    12.362    -1.80    2.69
 -77863.110    12.470     0.29    2.98
 -77486.948    12.524     0.14    2.72
 -77110.757    12.230    -0.78    2.47
 -76734.566    12.723     1.31    2.88
 -76358.375    13.147     1.13    3.72
 -75982.186    14.065     2.44    4.74
 -75605.997    16.660     6.90    6.11
 -75229.808    19.357     7.17    6.36
 -74853.620    22.609     8.64    6.46
 -74477.432    24.822     5.88    4.95
 -74101.245    27.045     5.91    4.27
 -73725.058    27.729     1.82    4.44
 -73348.872    28.404     1.79    4.26
 -72972.687    29.019     1.64    4.59
 -72596.501    28.829    -0.50    5.08
 -72220.317    29.660     2.21    3.89
 -71844.133    29.714     0.14    3.26
 -71467.949    29.701    -0.03    3.41
 -71091.766    30.173     1.26    3.19
 -70715.584    30.701     1.40    2.69
 -70339.402    31.068     0.98    2.48
 -69963.220    30.430    -1.70    2.95
 -69587.039    29.714    -1.90    3.80
 -69210.858    28.506    -3.21    4.51
 -68834.678    26.891    -4.29    4.91
 -68458.499    25.353    -4.09    5.10
 -68082.320    24.903    -1.20    4.78
 -67706.141    24.481    -1.12    5.32
 -67329.963    24.579     0.26    5.82
 -66953.785    23.065    -4.02    6.19
 -66577.608    20.470    -6.90    6.63
 -66201.431    18.861    -4.28    5.93
 -65825.255    16.583    -6.05    5.78
 -65449.080    15.015    -4.17    6.49
 -65072.904    14.562    -1.20    7.74
 -64696.730    12.568    -5.30    8.38
 -64320.555    13.229     1.76    8.24
 -63944.382    13.726     1.32    8.28
 -63568.208    13.968     0.64    7.98
 -63192.035    14.443     1.26    7.26
 -62815.863    14.726     0.75    7.19
 -62439.691    15.045     0.85    6.78
 -62063.520    14.968    -0.20    6.86
 -61687.349    17.579     6.94    3.33
 -61311.178    17.481    -0.26    3.64
 -60935.008    17.822     0.91    3.19
 -60558.838    18.118     0.79    2.77
 -60182.669    18.470     0.94    2.90
 -59806.500    18.973     1.34    2.69
 -59430.332    19.147     0.46    3.19
 -59054.164    18.635    -1.36    3.35
 -58677.997    18.284    -0.93    3.35
 -58301.830    16.917    -3.64    3.37
 -57925.664    16.812    -0.28    3.55
 -57549.498    16.752    -0.16    3.77
 -57173.332    17.250     1.32    4.16
 -56797.167    17.278     0.08    3.94
 -56421.002    17.252    -0.07    4.02
 -56044.838    18.042     2.10    3.87
 -55668.674    18.823     2.08    3.82
 -55292.511    20.795     5.24    4.15
 -54916.348    21.773     2.60    3.91
 -54540.185    22.224     1.20    3.71
 -54164.023    21.951    -0.73    4.12
 -53787.861    23.065     2.96    3.45
 -53411.700    23.590     1.40    3.51
 -53035.539    23.305    -0.76    4.03
 -52659.379    22.773    -1.41    4.72
 -52283.219    22.092    -1.81    5.52
 -51907.059    20.148    -5.17    6.14
 -51530.900    19.410    -1.96    5.82
 -51154.741    18.463    -2.52    5.45
 -50778.583    18.963     1.33    4.91
 -50402.425    20.250     3.42    4.99
 -50026.268    21.884     4.34    3.91
 -49650.110    23.201     3.50    3.24
 -49273.954    20.789    -6.41    7.46
 -48897.797    18.284    -6.66    8.87
 -48521.642    17.298    -2.62    8.67
 -48145.486    17.224    -0.20    8.20
 -47769.331    19.059     4.88    6.99
 -47393.176    20.768     4.54    3.72
 -47017.022    20.173    -1.58    3.13
 -46640.868    20.542     0.98    3.22
 -46264.715    20.506    -0.09    3.15
 -45888.561    20.930     1.13    3.44
 -45512.409    21.623     1.84    2.69
 -45136.256    19.891    -4.60    4.25
 -44760.104    19.673    -0.58    4.23
 -44383.953    19.606    -0.18    3.48
 -44007.802    20.120     1.37    3.20
 -43631.651    20.071    -0.13    3.02
 -43255.501    19.868    -0.54    3.18
 -42879.351    17.994    -4.98    3.69
 -42503.201    17.618    -1.00    2.93
 -42127.052    18.147     1.41    2.80
 -41750.903    18.096    -0.13    2.40
 -41374.754    18.767     1.78    2.30
 -40998.606    18.470    -0.79    2.27
 -40622.458    18.436    -0.09    2.50
 -40246.311    18.335    -0.27    2.83
 -39870.164    18.455     0.32    2.61
 -39494.017    17.714    -1.97    4.07
 -39117.871    14.071    -9.69    7.77
 -38741.725    11.737    -6.20    7.79
 -38365.579    11.763     0.07    7.46
 -37989.434    12.795     2.74    6.51
 -37613.289    13.430     1.69    4.97
 -37237.144    12.515    -2.43    4.33
 -36861.000    11.701    -2.16    3.56
 -36484.856    12.714     2.69    3.88
 -36108.713    13.714     2.66    3.32
 -35732.569    13.714     0.00    3.55
 -35356.427    14.045     0.88    3.06
 -34980.284    14.142     0.26    3.02
 -34604.142    14.199     0.15    2.77
 -34228.000    14.404     0.55    2.90
 -33851.859    15.062     1.75    2.59
 -33475.718    15.250     0.50    2.54
 -33099.577    15.930     1.81    2.43
 -32723.436    16.481     1.46    2.94
 -32347.296    16.357    -0.33    2.86
 -31971.156    16.620     0.70    2.59
 -31595.017    16.038    -1.55    3.34
 -31218.878    15.096    -2.50    3.19
 -30842.739    14.648    -1.19    2.73
 -30466.600    13.979    -1.78    1.86
 -30090.462    13.687    -0.78    2.14
 -29714.324    13.579    -0.29    2.42
 -29338.187    13.822     0.65    2.58
 -28962.050    14.119     0.79    2.45
 -28585.913    13.830    -0.77    2.09
 -28209.776    14.748     2.44    1.68
 -27833.640    15.045     0.79    1.87
 -27457.504    15.849     2.14    2.39
 -27081.368    14.814    -2.75    5.20
 -26705.233    13.594    -3.24    7.05
 -26329.098    11.884    -4.55    7.97
 -25952.963     9.252    -7.00    8.52
 -25576.828     7.609    -4.37    8.36
 -25200.694     4.979    -6.99    7.42
 -24824.560     2.542    -6.48    5.88
 -24448.427     1.712    -2.21    5.32
 -24072.294     0.830    -2.34    4.68
 -23696.161     2.250     3.77    6.15
 -23320.028     2.497     0.66    6.25
 -22943.896     0.146    -6.25    3.59
 -22567.763    -0.746    -2.37    0.49
 -22191.632    -0.827    -0.22    0.00
 -21815.500    -0.827     0.00    0.00
 -21439.369    -0.827     0.00    0.00
 -21063.238    -0.827     0.00    0.00
 -20687.107    -0.827     0.00    0.00
 -20310.977    -0.827     0.00    0.00
 -19934.847    -0.827     0.00    0.00
 -19558.717    -0.827     0.00    0.00
 -19182.587    -0.827     0.00    0.00
 -18806.458    -0.827     0.00    0.00
 -18430.329    -0.827     0.00    0.00
 -18054.200    -0.827     0.00    0.00
 -17678.071    -0.827     0.00    0.00
 -17301.943    -0.827     0.00    0.00
 -16925.815    -0.827     0.00    0.00
 -16549.687    -0.827     0.00    0.00
 -16173.560    -0.827     0.00    0.00
 -15797.433    -0.827     0.00    0.00
 -15421.306    -0.827     0.00    0.00
 -15045.179    -0.827     0.00    0.00
 -14669.052    -0.827     0.00    0.00
 -14292.926    -0.827     0.00    0.00
 -13916.800    -0.827     0.00    0.00
 -13540.675    -0.827     0.00    0.00
 -13164.549    -0.827     0.00    0.00
 -12788.424    -0.827     0.00    0.00
 -12412.299    -0.827     0.00    0.00
 -12036.174    -0.827     0.00    0.00
 -11660.050    -0.827     0.00    0.00
 -11283.925    -0.741     0.23    0.51
 -10907.801     1.840     6.86    5.62
 -10531.678     6.532    12.48    8.54
 -10155.554    11.145    12.27    8.17
  -9779.431    15.822    12.43    6.00
  -9403.307    16.849     2.73    4.83
  -9027.185    17.741     2.37    2.48
  -8651.062    17.973     0.62    2.66
  -8274.940    17.443    -1.41    2.64
  -7898.817    17.805     0.96    3.34
  -7522.695    18.147     0.91    3.08
  -7146.574    16.019    -5.66    5.87
  -6770.452    14.443    -4.19    6.87
  -6394.331    15.548     2.94    7.50
  -6018.210    15.045    -1.34    8.38
  -5642.089    15.951     2.41    8.37
  -5265.968    15.849    -0.27    8.41
  -4889.847    15.470    -1.01    7.68
  -4513.727    17.470     5.32    5.62
  -4137.607    18.506     2.75    3.49
  -3761.487    19.034     1.40    2.86
  -3385.367    18.224    -2.15    3.32
  -3009.248    18.436     0.56    3.27
  -2633.126    19.340     2.40    2.58
  -2256.965    14.173   -13.74    8.93
  -1880.803     9.147   -13.36   10.31
  -1504.642     3.963   -13.78    8.66
  -1128.481    -0.530   -11.94    1.31
   -752.321    -0.827    -0.79    0.00
   -376.160    -0.827     0.00    0.00
      0.000    -0.827     0.00    0.00
    376.161    -0.827     0.00    0.00
    752.321     1.030     4.94    5.39
   1128.480     6.443    14.39    9.40
   1504.640    12.930    17.24    9.30
   1880.800    16.768    10.20    6.16
   2256.959    17.984     3.23    4.82
   2633.118    17.673    -0.83    4.72
   3009.277    16.873    -2.13    4.49
   3385.436    16.891     0.05    3.77
   3761.594    16.687    -0.54    3.25
   4137.753    17.045     0.95    3.04
   4513.911    16.831    -0.57    2.18
   4890.069    17.122     0.77    2.18
   5266.227    16.957    -0.44    2.48
   5642.385    16.327    -1.67    2.99
   6018.542    16.118    -0.56    3.10
   6394.700    15.276    -2.24    2.34
   6770.857    15.660     1.02    2.17
   7147.014    16.611     2.53    2.15
   7523.171    17.957     3.58    3.00
   7899.328    19.443     3.95    3.11
   8275.485    19.551     0.29    4.65
   8651.641    19.497    -0.14    5.53
   9027.798    18.840    -1.75    6.57
   9403.954    18.968     0.34    6.27
   9780.110    16.609    -6.27    9.19
  10156.266    12.199   -11.72   11.28
  10532.422     5.647   -17.42   10.26
  10908.578     0.763   -12.98    5.43
  11284.733    -0.827    -4.23    0.00
  11660.889    -0.827     0.00    0.00
  12037.044    -0.160     1.77    3.56
  12413.199     2.957     8.29    8.04
  12789.354     7.252    11.42   10.00
  13165.509    12.620    14.27    9.93
  13541.664    17.548    13.10    6.29
  13917.818    19.173     4.32    3.09
  14293.973    19.226     0.14    2.05
  14670.127    18.701    -1.40    2.27
  15046.282    17.865    -2.22    2.26
  15422.436    17.479    -1.03    2.11
  15798.590    17.789     0.82    2.17
  16174.744    17.620    -0.45    4.30
  16550.898    14.903    -7.22    8.02
  16927.051    13.094    -4.81    8.30
  17303.205    12.737    -0.95    8.08
  17679.358    13.789     2.79    6.75
  18055.512    16.062     6.04    3.34
  18431.665    16.042    -0.05    3.33
  18807.818    15.416    -1.66    2.64
  19183.971    15.011    -1.08    2.64
  19560.124    14.957    -0.14    3.25
  19936.277    16.379     3.78    3.97
  20312.430    16.378    -0.00    4.58
  20688.583    14.573    -4.80    6.19
  21064.735    11.423    -8.37    6.34
  21440.888     7.147   -11.37    3.59
  21817.040     5.423    -4.58    1.57
  22193.192     5.199    -0.59    1.26
  22569.345     5.199    -0.00    1.22
  22945.497     5.463     0.70    1.56
  23321.649     5.752     0.77    1.50
  23697.801     5.763     0.03    1.50
  24073.953     5.723    -0.11    1.43
  24450.105     5.470    -0.67    1.37
  24826.256     5.823     0.94    1.67
  25202.408     6.120     0.79    1.90
  25578.560     6.200     0.21    2.03
  25954.711     6.633     1.15    2.21
  26330.863     6.840     0.55    2.31
  26707.014     7.045     0.55    2.63
  27083.166     6.923    -0.32    2.90
  27459.317     6.479    -1.18    2.94
  27835.468     6.273    -0.55    2.66
  28211.619     5.936    -0.90    2.55
  28587.770     6.042     0.28    2.32
  28963.921     6.331     0.77    2.10
  29340.072     6.647     0.84    2.46
  29716.223     7.506     2.29    2.26
  30092.374     7.562     0.15    2.42
  30468.525     7.353    -0.56    2.33
  30844.676     7.202    -0.40    2.29
  31220.826     7.071    -0.35    2.09
  31596.977     6.635    -1.16    2.29
  31973.128     6.312    -0.86    2.34
  32349.278     7.687     3.65    3.15
  32725.429     9.200     4.02    4.73
  33101.579    12.378     8.45    5.58
  33477.730    14.814     6.48    5.15
  33853.880    14.876     0.16    5.87
  34230.031    12.147    -7.25    5.91
  34606.181    10.068    -5.53    4.71
  34982.331     9.331    -1.96    3.69
  35358.482    10.714     3.68    4.26
  35734.632    12.865     5.72    4.87
  36110.782    11.147    -4.57    7.80
  36486.933     8.479    -7.09    9.18
  36863.083     3.699   -12.71    8.22
  37239.233     3.618    -0.22    8.20
  37615.383     7.840    11.22   10.04
  37991.533    14.096    16.63    9.42
  38367.683    20.111    15.99    3.08
  38743.834    18.984    -3.00    4.75
  39119.984    17.038    -5.17    6.13
  39496.134    13.876    -8.41    6.23
  39872.284    12.532    -3.57    5.30
  40248.434    13.497     2.57    4.67
  40624.584    16.301     7.45    3.85
  41000.734    18.096     4.77    2.76
  41376.884    18.686     1.57    3.32
  41753.034    16.200    -6.61    7.10
  42129.184    11.635   -12.14    9.84
  42505.335     5.884   -15.29    9.19
  42881.485     1.173   -12.52    5.66
  43257.635    -0.827    -5.32    0.00
  43633.785    -0.827     0.00    0.00
  44009.935    -0.232     1.58    2.09
  44386.085    -0.263    -0.08    2.04
  44762.235    -0.671    -1.08    0.88
  45138.385    -0.827    -0.42    0.00
  45514.536    -0.827     0.00    0.00
  45890.686    -0.827     0.00    0.00
  46266.836    -0.827     0.00    0.00
  46642.986    -0.827     0.00    0.00
  47019.136    -0.827     0.00    0.00
  47395.287    -0.827     0.00    0.00
  47771.437    -0.827     0.00    0.00
  48147.587    -0.827     0.00    0.00
  48523.738    -0.827     0.00    0.00
  48899.888    -0.827     0.00    0.00
  49276.039    -0.827     0.00    0.00
  49652.189    -0.827     0.00    0.00
  50028.339    -0.827     0.00    0.00
  50404.490    -0.827     0.00    0.00
  50780.641    -0.827     0.00    0.00
  51156.791    -0.827     0.00    0.00
  51532.942    -0.827     0.00    0.00
  51909.093    -0.827     0.00    0.00
  52285.243    -0.827     0.00    0.00
  52661.394    -0.827     0.00    0.00
  53037.545    -0.827     0.00    0.00
  53413.696    -0.827     0.00    0.00
  53789.847    -0.827     0.00    0.00
  54165.998    -0.827     0.00    0.00
  54542.149    -0.827     0.00    0.00
  54918.300    -0.827     0.00    0.00
  55294.451    -0.827     0.00    0.00
  55670.602    -0.827     0.00    0.00
  56046.754    -0.827     0.00    0.00
  56422.905    -0.827     0.00    0.00
  56799.057    -0.827     0.00    0.00
  57175.208    -0.827     0.00    0.00
  57551.360    -0.827     0.00    0.00
  57927.511    -0.827     0.00    0.00
  58303.663    -0.827     0.00    0.00
  58679.815    -0.827     0.00    0.00
  59055.967    -0.827     0.00    0.00
  59432.119    -0.827     0.00    0.00
  59808.271    -0.827     0.00    0.00
  60184.423     0.714     4.10    4.70
  60560.575     6.019    14.10    9.28
  60936.727    11.979    15.84    9.37
  61312.880    16.714    12.59    6.06
  61689.032    18.120     3.74    4.14
  62065.185    16.861    -3.35    4.91
  62441.337    16.353    -1.35    5.75
  62817.490    15.515    -2.23    6.36
  63193.643    14.645    -2.31    6.41
  63569.796    14.660     0.04    6.94
  63945.949    15.951     3.43    6.95
  64322.102    17.515     4.16    6.69
  64698.255    18.865     3.59    5.85
  65074.409    20.741     4.99    4.36
  65450.562    21.635     2.38    4.12
  65826.716    22.252     1.64    3.25
  66202.869    22.515     0.70    3.21
  66579.023    22.173    -0.91    3.24
  66955.177    21.873    -0.80    3.63
  67331.331    20.660    -3.23    5.10
  67707.485    18.579    -5.53    6.64
  68083.639    17.011    -4.17    6.32
  68459.794    15.630    -3.67    5.69
  68835.948    15.558    -0.19    5.77
  69212.103    16.737     3.14    4.25
  69588.257    17.756     2.71    3.16
  69964.412    17.489    -0.71    3.53
  70340.567    16.895    -1.58    2.54
  70716.722    15.568    -3.53    3.61
  71092.877    14.865    -1.87    5.01
  71469.033    14.930     0.17    6.25
  71845.188    14.884    -0.12    7.37
  72221.344    15.884     2.66    7.07
  72597.490    14.455    -3.80    7.41
  72973.620    14.660     0.54    7.05
  73349.751    16.673     5.35    7.51
  73725.882    15.455    -3.24    8.49
  74102.013    15.281    -0.46    8.60
  74478.144    10.389   -13.01    9.30
  74854.275     5.281   -13.58    4.43
  75230.407     5.752     1.25    5.26
  75606.538     5.917     0.44    5.67
  75982.670     8.062     5.70    7.00
  76358.802     9.609     4.11    8.11
  76734.934     9.436    -0.46    6.85
  77111.066     9.229    -0.55    6.13
  77487.198     9.726     1.32    5.65
  77863.331    11.558     4.87    5.53
  78239.463    11.647     0.24    5.21
  78615.596    11.895     0.66    4.91
  78991.729    11.327    -1.51    4.22
  79367.862    10.903    -1.13    4.46
  79743.996    11.048     0.39    4.20
  80120.129     9.568    -3.94    3.69
  80496.263     9.087    -1.28    3.50
  80872.397    10.173     2.89    4.52
  81248.531    12.065     5.03    5.07
  81624.665    13.362     3.45    5.75
  82000.799    14.989     4.32    6.61
  82376.934    15.340     0.93    6.74
  82753.068    16.823     3.94    5.76
  83129.203    18.506     4.48    5.35
  83505.338    18.903     1.05    3.49
  83881.474    19.443     1.44    3.94
  84257.609    19.331    -0.30    4.04
  84633.745    19.942     1.63    4.56
  85009.881    20.256     0.84    5.24
  85386.017    20.455     0.53    4.34
  85762.153    20.395    -0.16    3.59
  86138.289    18.865    -4.07    3.86
  86514.426    18.353    -1.36    3.84
  86890.563    16.236    -5.63    4.17
  87266.700    14.227    -5.34    5.03
  87642.837    14.579     0.93    5.42
  88018.975    13.606    -2.59    6.07
  88395.112    14.699     2.91    6.39
  88771.250    15.254     1.47    5.73
  89147.388    15.635     1.01    5.71
  89523.527    18.096     6.54    5.59
  89899.665    20.147     5.45    4.62
  90275.804    22.146     5.32    4.85
  90651.943    25.224     8.18    4.78
  91028.082    27.712     6.61    4.76
  91404.221    28.768     2.81    3.94
  91780.361    27.250    -4.03    4.42
  92156.501    24.795    -6.53    5.39
  92532.641    22.957    -4.89    5.85
  92908.781    20.891    -5.49    7.19
  93284.922    19.173    -4.57    6.53
  93661.063    21.096     5.11    6.52
  94037.204    22.045     2.52    6.83
  94413.345    25.034     7.95    6.70
  94789.486    28.789     9.98    5.01
  95165.628    30.335     4.11    4.96
  95541.770    29.814    -1.39    5.26
  95917.912    27.515    -6.11    5.64
  96294.054    25.042    -6.58    5.75
  96670.197    25.038    -0.01    5.60
  97046.340    27.891     7.59    5.87
  97422.483    29.430     4.09    5.94
  97798.627    30.395     2.57    5.14
  98174.770    30.252    -0.38    5.22
  98550.914    27.068    -8.47    5.13
  98927.058    23.741    -8.85    4.65
  99303.203    21.470    -6.04    5.28
  99679.347    20.203    -3.37    5.53
 100055.492    19.865    -0.90    5.10
 100431.638    19.789    -0.20    5.73
 100807.783    18.812    -2.60    6.16
 101183.929    18.045    -2.04    5.72
 101560.075    17.284    -2.02    6.62
 101936.221    14.278    -7.99    6.72
 102312.368    11.515    -7.35    6.80
 102688.514    11.096    -1.11    6.85
 103064.661    13.443     6.24    8.01
 103440.809    18.147    12.50    8.26
 103816.956    23.763    14.93    8.13
 104193.104    27.534    10.03    7.62
 104569.253    27.857     0.86    6.94
 104945.401    25.957    -5.05    8.10
 105321.550    21.551   -11.71    9.63
 105697.699    18.065    -9.27    8.82
 106073.848    15.087    -7.92    7.48
 106449.998    16.814     4.59    8.23
 106826.148    20.498     9.79    7.50
 107202.298    22.812     6.15    7.43
 107578.448    25.481     7.10    7.79
 107954.599    23.384    -5.58    8.19
 108330.750    22.430    -2.54    6.96
 108706.902    21.357    -2.85    6.86
 109083.053    19.840    -4.03    8.21
 109459.205    17.701    -5.69    9.99
 109835.358    14.200    -9.31    9.87
 110211.510    12.865    -3.55    8.78
 110587.663    13.002     0.36    8.98
 110963.816    14.942     5.16    8.93
 111339.970    18.410     9.22    9.47
 111716.124    19.145     1.96    9.16
 112092.278    20.092     2.52   10.43
 112468.432    21.308     3.23    9.97
 112844.587    20.805    -1.34    9.58
 113220.742    22.723     5.10    8.21
 113596.897    23.335     1.63    7.04
 113973.053    24.660     3.52    6.51
 114349.209    25.963     3.46    7.71
 114725.366    27.357     3.71    7.95
 115101.522    30.470     8.28    8.91
 115477.679    33.523     8.12   10.22
 115853.837    37.910    11.66   11.04
 116229.994    40.895     7.94    8.23
 116606.153    39.768    -3.00    7.49
 116982.311    37.618    -5.72    7.58
 117358.470    34.301    -8.82    7.37
 117734.629    31.635    -7.09    9.04
 118110.788    29.202    -6.47    7.55
 118486.948    29.930     1.94    7.73
 118863.108    33.768    10.20    8.52
 119239.268    37.849    10.85    8.51
 119615.429    41.848    10.63    8.02
 119991.590    46.011    11.07    7.54
 120367.752    49.357     8.90    7.66
 120743.913    51.778     6.44    7.00
 121120.076    53.301     4.05    5.96
 121496.238    52.362    -2.50    7.10
 121872.401    51.473    -2.36    7.27
 122248.564    47.305   -11.08    7.57
 122624.728    42.701   -12.24    7.83
 123000.892    40.524    -5.79    7.81
 123377.056    36.895    -9.65    7.22
 123753.221    35.254    -4.36    7.12
 124129.386    37.455     5.85    6.71
 124505.551    39.703     5.97    5.26
 124881.717    42.173     6.57    5.02
 125257.883    43.410     3.29    4.97
 125634.050    45.340     5.13    4.87
 126010.217    47.250     5.08    5.18
 126386.384    49.822     6.84    5.03
 126762.552    51.686     4.96    4.66
 127138.720    52.410     1.92    5.10
 127514.888    51.763    -1.72    5.67
 127891.057    52.281     1.38    5.24
 128267.226    53.481     3.19    4.74
 128643.396    54.173     1.84    4.01
 129019.566    54.118    -0.15    3.59
 129395.736    52.741    -3.66    3.90
 129771.907    51.930    -2.16    3.47
 130148.078    53.092     3.09    4.15
 130524.250    56.119     8.05    5.85
 130900.422    54.459    -4.41   11.56
 131276.594    49.098   -14.25   14.34
 131652.767    42.831   -16.66   15.24
 132028.940    38.470   -11.59   14.31
 132405.114    35.994    -6.58   12.07
 132781.288    36.094     0.27   12.17
 133157.462    34.068    -5.39   12.40
 133533.637    34.038    -0.08   11.18
 133909.812    34.558     1.38   12.59
 134285.988    34.979     1.12   14.03
 134662.164    32.884    -5.57   15.38
 135038.340    25.198   -20.43   15.42
 135414.517    17.259   -21.11   11.92
 135790.694    12.281   -13.23    5.42
 136166.872    11.227    -2.80    5.14
 136543.050    12.200     2.59    5.21
 136919.229    13.011     2.16    6.27
 137295.408    12.479    -1.41    6.42
 137671.587    10.660    -4.83    6.92
 138047.767     8.019    -7.02    6.31
 138423.947     7.930    -0.24    6.26
 138800.128    10.752     7.50    8.00
 139176.309    14.481     9.91   11.22
 139552.490    21.737    19.29   13.59
 139928.672    27.822    16.17   11.42
 140304.855    30.865     8.09   10.89
 140681.038    30.756    -0.29   10.49
 141057.221    30.410    -0.92   10.88
 141433.405    27.489    -7.76    9.68
 141809.589    25.923    -4.16    8.36
 142185.774    23.840    -5.54    7.12
 142561.959    23.606    -0.62    6.66
 142938.144    25.957     6.25    7.43
 143314.330    29.146     8.48    6.79
 143690.517    30.145     2.66    6.55
 144066.704    30.542     1.05    6.92
 144442.891    29.173    -3.64    6.07
 144819.079    28.227    -2.51    5.36
 145195.267    27.378    -2.26    5.40
 145571.456    28.147     2.04    5.13
 145947.645    29.327     3.14    5.38
 146323.835    30.741     3.76    6.65
 146700.025    33.199     6.53    6.82
 147076.216    35.416     5.89    6.94
 147452.407    36.011     1.58    6.20
 147828.534    38.389     6.32    6.20
 148204.637    40.114     4.59    5.43
 148580.739    39.712    -1.07    5.67
 148956.842    39.865     0.41    6.01
 149332.946    41.340     3.92    6.61
 149709.050    44.226     7.67    8.58
 150085.155    45.979     4.66    8.25
 150461.260    47.778     4.79    8.47
 150837.366    50.019     5.96    8.93
 151213.472    49.984    -0.09    8.55
 151589.578    47.989    -5.30    9.57
 151965.685    46.120    -4.97    9.80
 152341.793    45.248    -2.32    9.24
 152717.901    46.497     3.32    9.08
 153094.009    49.789     8.75    7.80
 153470.118    49.917     0.34    6.69
 153846.228    49.118    -2.12    7.75
 154222.338    46.497    -6.97    7.40
 154598.448    45.534    -2.56    8.50
 154974.560    47.331     4.78   11.17
 155350.671    48.712     3.67   14.01
 155726.783    44.506   -11.18   15.45
 156102.896    33.378   -29.59   17.58
 156479.009    23.687   -25.77   13.38
 156855.122    24.534     2.25   12.75
 157231.236    29.436    13.03   13.72
 157607.351    37.252    20.78   12.36
 157983.466    44.930    20.41   14.18
 158359.582    46.038     2.95   16.84
 158735.698    42.598    -9.15   17.31
 159111.815    40.229    -6.30   15.14
 159487.932    37.248    -7.92   12.22
 159864.050    40.936     9.81   17.99
 160240.168    48.284    19.54   20.93
 160616.287    58.822    28.02   24.35
 160992.406    65.903    18.83   21.68
 161368.526    66.038     0.36   19.96
 161744.647    64.532    -4.00   18.91
 162120.768    59.660   -12.95   16.86
 162496.889    58.448    -3.22   14.98
 162873.011    58.737     0.77   14.07
 163249.134    58.778     0.11   13.19
 163625.257    60.849     5.50   12.85
 164001.380    61.609     2.02   14.57
 164377.505    60.778    -2.21   12.89
 164753.629    63.395     6.96   15.69
 165129.755    66.891     9.29   18.09
 165505.881    69.312     6.44   18.57
 165882.007    67.147    -5.76   16.93
 166258.134    65.019    -5.66   14.26
 166634.261    63.567    -3.86   11.53
 167010.390    64.254     1.83   11.54
 167386.518    63.146    -2.95    9.05
 167762.647    63.443     0.79    8.53
 168138.777    70.647    19.15   13.31
 168514.908    75.062    11.74   14.39
 168891.038    81.789    17.88   13.02
 169267.170    87.763    15.88   11.08
 169643.302    89.583     4.84    8.87
 170019.435    85.795   -10.07   10.26
 170395.568    82.120    -9.77    9.24
 170771.702    78.353   -10.02    7.87
 171147.836    82.090     9.94   14.51
 171523.971    85.506     9.08   15.68
 171900.106    86.756     3.32   17.97
 172276.242    86.910     0.41   17.83
 172652.379    80.301   -17.57   17.72
 173028.516    76.017   -11.39   17.72
 173404.654    69.331   -17.78   14.30
 173780.793    67.252    -5.53   10.38
 174156.932    70.606     8.92   14.40
 174533.071    72.942     6.21   14.29
 174909.211    70.227    -7.22   10.14
 175285.352    69.891    -0.89    7.73
 175661.494    75.712    15.47   13.90
 176037.636    85.147    25.08   23.89
 176413.778    94.252    24.21   22.47
 176789.921   100.122    15.61   22.16
 177166.065    98.173    -5.18   23.13
 177542.210    86.812   -30.20   17.19
 177918.355    80.308   -17.29   16.06
 178294.500    83.395     8.21   19.59
 178670.647    86.443     8.10   20.19
 179046.793    83.551    -7.69   19.03
 179422.941    82.423    -3.00   19.75
 179799.089    78.737    -9.80   16.73
 180175.238    75.865    -7.63   12.50
 180551.387    75.006    -2.28    7.86
 180927.537    76.481     3.92    6.06
 181303.687    75.173    -3.48    4.75
 181679.839    74.963    -0.56    4.33
 182055.990    75.410     1.19    4.72
 182432.143    77.147     4.62    6.58
 182808.296    76.768    -1.01    9.75
 183184.450    74.910    -4.94   11.98
 183560.604    74.248    -1.76   11.49
 183936.759    73.756    -1.31   10.72
 184312.915    71.768    -5.29   13.39
 184689.071    75.822    10.78   18.23
 185065.228    80.065    11.28   27.82
 185441.385    81.416     3.59   25.38
 185817.543    83.590     5.78   20.16
 186193.702    85.648     5.47   14.44
 186569.862    83.481    -5.76    9.40
 186946.022    81.903    -4.19   10.87
 187322.182    78.789    -8.28   10.66
 187698.344    76.038    -7.31   11.37
 188074.506    72.989    -8.11   12.32
 188450.669    72.542    -1.19   14.23
 188826.832    70.865    -4.46   13.58
 189202.996    73.256     6.36   16.22
 189579.161    79.647    16.99   17.72
 189955.326    83.865    11.21   19.37
 190331.492    85.002     3.02   16.93
 190707.659    84.481    -1.38   15.95
 191083.826    85.011     1.41   13.15
 191459.994    84.281    -1.94   11.89
 191836.163    84.903     1.65    9.97
 192212.332    88.062     8.40   11.94
 192588.502    90.019     5.20    9.84
 192964.673    91.685     4.43   10.40
 193340.844    94.362     7.12   10.45
 193717.016    94.481     0.32   11.64
 194093.189    95.936     3.87   13.08
 194469.362    96.963     2.73   12.53
 194845.536    95.443    -4.04   12.19
 195221.711    91.998    -9.16   12.86
 195597.887    89.822    -5.79   14.29
 195974.063    84.362   -14.51   13.10
 196350.240    82.065    -6.11   12.85
 196726.417    80.034    -5.40   11.04
 197102.595    81.763     4.60   11.29
 197478.774    82.865     2.93   11.80
 197854.954    81.059    -4.80   13.32
 198231.134    82.362     3.47   12.78
 198607.315    83.524     3.09   11.48
 198983.497    87.147     9.63   12.05
 199359.679    90.523     8.98   10.95
 199735.863    92.876     6.25   10.84
 200112.046    93.568     1.84   10.48
 200488.231    93.778     0.56   10.45
 200864.416    96.455     7.12    9.14
 201240.602    95.551    -2.40    9.57
 201616.789    92.948    -6.92   10.04
 201992.976    86.620   -16.82   11.71
 202369.164    82.423   -11.16   12.51
 202745.353    80.281    -5.69   13.25
 203121.543    79.479    -2.13   11.44
 203497.733    79.917     1.16   11.35
 203873.924    81.173     3.34   10.19
 204250.116    81.002    -0.46   11.61
 204626.308    86.620    14.94   14.85
 205002.501    89.119     6.64   15.71
 205378.695    96.423    19.42   15.22
 205754.890    97.968     4.11   13.42
 206131.085    96.795    -3.12   13.03
 206507.281    98.071     3.39   13.47
 206883.478    99.042     2.58   13.05
 207259.676   103.823    12.71   14.02
 207635.874   105.308     3.95   14.03
 208012.073   104.473    -2.22   14.16
 208388.273   101.917    -6.80   13.37
 208764.473    96.979   -13.13    8.58
 209140.675    93.335    -9.68    8.18
 209516.877    92.065    -3.38    8.59
 209893.080    90.903    -3.09    7.24
 210269.283    93.660     7.33    7.89
 210645.487    97.716    10.78   10.20
 211021.693   106.404    23.09   16.70
 211397.898   111.726    14.15   17.60
 211774.105   120.034    22.09   19.69
 212150.312   131.019    29.20   19.53
 212526.520   132.015     2.65   21.26
 212902.729   133.647     4.34   22.31
 213278.939   134.910     3.36   23.55
 213655.149   132.609    -6.12   23.41
 214031.360   131.092    -4.03   22.53
 214407.572   124.096   -18.60   24.43
 214783.785   114.523   -25.45   23.59
 215159.999   108.573   -15.82   20.64
 215536.213   109.714     3.03   19.87
 215912.428   114.606    13.00   17.90
 216288.644   117.849     8.62   15.10
 216664.860   126.714    23.56   14.31
 217041.078   129.859     8.36   16.18
 217417.296   145.973    42.83   22.26
 217793.515   162.942    45.11   24.57
 218169.734   178.362    40.99   27.55
 218545.955   187.404    24.03   25.86
 218922.176   192.699    14.08   30.19
 219298.398   202.481    26.00   28.61
 219674.621   208.687    16.50   22.94
 220050.845   210.891     5.86   15.09
 220427.069   204.618   -16.68   17.34
 220803.295   197.430   -19.11   17.33
 221179.521   189.609   -20.79   13.46
 221555.748   186.736    -7.64    8.89
 221931.975   183.558    -8.45   11.25
 222308.204   178.038   -14.67   15.75
 222684.427   170.145   -20.98   26.63
 223060.498   169.146    -2.66   34.74
 223436.570   171.006     4.95   38.64
 223812.642   185.620    38.86   39.27
 224188.716   205.353    52.47   50.24
 224564.790   224.443    50.76   53.20
 224940.865   229.865    14.42   46.30
 225316.941   220.712   -24.34   43.58
 225693.017   204.276   -43.70   44.73
 226069.095   177.362   -71.56   33.72
 226445.173   158.609   -49.87   15.56
 226821.252   155.768    -7.56   13.48
 227197.332   164.752    23.89   23.60
 227573.413   176.876    32.24   24.36
 227949.494   184.611    20.57   23.17
 228325.577   184.481    -0.35   18.91
 228701.660   180.147   -11.52   10.48
 229077.744   180.229     0.22    7.61
 229453.829   182.096     4.97    9.15
 229829.915   181.006    -2.90   11.74
 230206.001   179.278    -4.59   12.98
 230582.089   175.301   -10.57   13.83
 230958.177   170.633   -12.41   13.54
 231334.266   165.542   -13.54   11.74
 231710.356   161.455   -10.87    8.01
 232086.447   156.686   -12.68    9.55
 232462.539   145.092   -30.83   23.15
 232838.631   133.609   -30.53   28.89
 233214.724   119.011   -38.82   27.66
 233590.819   106.849   -32.34   23.85
 233966.914    95.714   -29.61   13.27
 234343.010    92.938    -7.38    7.75
 234719.107    94.071     3.01    7.08
 235095.204    96.019     5.18    6.60
 235471.303    96.229     0.56    5.22
 235847.402    95.840    -1.03    7.22
 236223.502    92.840    -7.98    7.38
 236599.604    94.436     4.24    9.25
 236975.706    97.917     9.25   13.82
 237351.809   104.252    16.84   15.42
 237727.912   104.199    -0.14   17.34
 238104.017    99.840   -11.59   19.98
 238480.122    90.748   -24.17   18.45
 238856.229    82.362   -22.30    9.79
 239232.336    81.548    -2.16   11.11
 239608.444    79.384    -5.76   12.25
 239984.553    75.562   -10.16   10.68
 240360.663    73.768    -4.77    9.27
 240736.774    73.284    -1.29    9.97
 241112.886    76.884     9.57   12.82
 241488.998    80.098     8.55   13.66
 241865.112    77.423    -7.11   14.17
 242241.226    75.498    -5.12   12.96
 242617.342    72.199    -8.77   11.80
 242993.458    70.726    -3.92    8.49
 243369.575    71.620     2.38    9.24
 243745.693    71.917     0.79    9.87
 244121.812    72.963     2.78    9.85
 244497.931    73.868     2.41   10.42
 244874.052    75.404     4.08   11.23
 245250.174    79.887    11.92   11.57
 245626.296    82.660     7.37   10.88
 246002.420    85.430     7.36   10.56
 246378.544    86.729     3.45   10.70
 246754.669    89.633     7.72   12.32
 247130.795    92.479     7.57   12.08
 247506.923    91.120    -3.61   11.60
 247883.051    87.173   -10.49   13.86
 248259.180    81.281   -15.66   11.44
 248635.309    79.917    -3.63   10.57
 249011.440    79.609    -0.82   10.91
 249387.572    82.542     7.80   10.98
 249763.704    87.416    12.96    9.30
 250139.838    91.301    10.33    9.39
 250515.973    93.936     7.01    9.56
 250892.108    99.673    15.25    9.74
 251268.244   104.015    11.54   13.22
 251644.382   104.729     1.90   12.72
 252020.520   105.620     2.37   12.17
 252396.659   103.224    -6.37   12.30
 252772.799    99.923    -8.78   11.74
 253148.940    95.984   -10.47    9.51
 253525.082    95.308    -1.80    8.80
 253901.225    96.497     3.16    9.07
 254277.369    97.404     2.41    7.37
 254653.514    97.118    -0.76    8.13
 255029.660    98.430     3.49    7.84
 255405.807   105.506    18.81   17.57
 255781.954   114.840    24.81   26.45
 256158.103   122.551    20.50   27.78
 256534.253   120.558    -5.30   26.89
 256910.403   109.015   -30.69   20.01
 257286.555   102.201   -18.12   10.36
 257662.707   103.065     2.30   11.39
 258038.861   119.119    42.68   30.48
 258415.015   139.660    54.61   40.74
 258791.171   165.481    68.65   41.85
 259167.327   182.954    46.45   29.66
 259543.484   168.805   -37.62   38.44
 259919.643   151.173   -46.87   39.74
 260295.802   136.340   -39.43   28.48
 260671.962   126.096   -27.23   25.52
 261048.124   130.984    12.99   32.64
 261424.286   131.917     2.48   36.43
 261800.449   137.805    15.65   43.07
 262176.613   138.515     1.89   42.76
 262552.778   139.200     1.82   36.85
 262928.945   151.532    32.78   38.98
 263305.112   167.455    42.33   41.65
 263681.280   173.034    14.83   37.13
 264057.449   172.579    -1.21   34.91
 264433.619   173.957     3.66   32.75
 264809.790   179.254    14.08   34.85
 265185.963   185.714    17.17   31.64
 265562.136   184.116    -4.25   33.35
 265938.310   176.023   -21.51   31.28
 266314.485   163.994   -31.98   29.28
 266690.661   147.923   -42.72   30.41
 267066.838   128.917   -50.53   27.71
 267443.016   114.741   -37.69   19.59
 267819.196   108.542   -16.48   17.37
 268195.376   101.687   -18.22   14.33
 268571.557    99.483    -5.86   13.32
