# NaN NaN NaN ;Mean Elev.(m), Avg Gradient(m/km), RMS Gradient(m/km) - SRTM1     
#   49.018   0.550   5.416 ;Mean Elev.(m), Avg Gradient(m/km), RMS Gradient(m/km) - ASTER GDEM
#   53.192  -0.098   3.350 ;Mean Elev.(m), Avg Gradient(m/km), RMS Gradient(m/km) - GMTED2010 
  8 291.875708  -3.341028    53.910    53.904  6 52496.60457817 25.318
  9 291.869315  -3.341813    50.199    50.187  6 52531.60456489 43.976
 10 291.877114  -3.341537    47.788    47.738  7 52566.60458674 35.072
 11 291.867437  -3.340580    53.625    53.615  6 52601.60459770 42.610
 12 291.869600  -3.339294    54.537    54.528  6 52636.60456237 50.873
 13 291.870803  -3.340707    53.304    53.308  5 52671.60456749 20.871
 14 291.873308  -3.341126    54.935    54.938  6 52706.60456598 47.916
 15 291.868700  -3.340932    55.529    55.571  5 52741.60459867 40.358
 16 291.876243  -3.340591    56.092    56.115  6 52776.60454123 33.611
 17 291.868856  -3.340911    56.425    56.490  6 52811.60461940 26.498
 18 291.871011  -3.341081    55.050    55.052  6 52846.60467442 46.919
 19 291.869655  -3.340146    52.089    52.050  6 52881.60471118 22.143
 20 291.874885  -3.341113    48.781    48.780  7 52916.60466845 43.831
 21 291.876764  -3.340706    50.938    50.939  7 52951.60462934 46.047
 22 291.879419  -3.340318    51.761    51.742  7 52986.60464685 47.020
 23 291.876347  -3.340519    54.961    54.942  7 53021.60463603 24.867
 24 291.878226  -3.340571    51.494    51.691  7 53056.60462661 32.167
 25 291.864535  -3.340933    53.685    53.630  5 53091.60466464 23.437
 26 291.874938  -3.340478    54.845    54.827  7 53126.60463449 40.283
 27 291.866352  -3.339935    54.198    54.192  6 53161.60469750 26.758
 28 291.874245  -3.339890    54.656    54.647  6 53196.60469588 43.314
 29 291.878793  -3.340573    51.948    52.016  6 53231.60467742 44.642
 30 291.871577  -3.339915    50.523    50.502  6 53266.60464699 43.544
 31 291.862958  -3.340871    50.514    50.532  5 53301.60469935 24.579
 32 291.871810  -3.340703    53.664    53.683  7 53336.60466956 40.573
 33 291.874797  -3.340531    53.971    54.005  6 53371.60460592 22.784
 34 291.873751  -3.341768    52.214    52.222  6 53406.60464236 45.416
 35 291.873035  -3.340226    54.803    54.767  6 53441.60462803 29.136
 36 291.866975  -3.340349    55.441    55.472  5 53476.60469636 34.701
 37 291.871634  -3.342074    55.536    55.596  6 53511.60470961 24.197
 38 291.867458  -3.341531    53.606    53.600  6 53546.60472728 39.029
 39 291.872411  -3.339673    49.071    49.055  6 53581.60469897 44.842
 40 291.869586  -3.341153    45.809    45.769  6 53616.60465427 44.055
 41 291.872869  -3.340726    45.303    45.320  6 53651.60466974 41.615
 42 291.867967  -3.340408    51.765    51.728  6 53686.60467535 45.895
 43 291.875414  -3.340971    50.252    50.439  7 53721.60460095 20.787
 44 291.879639  -3.340297    52.185    52.188  7 53756.60453095 45.777
 45 291.876480  -3.341077    55.451    55.425  7 53791.60455733 42.153
 46 291.876977  -3.340347    55.986    55.961  7 53826.60451938 39.326
 47 291.868690  -3.341135    56.597    56.591  6 53861.60460911 40.244
 48 291.873636  -3.339855    53.864    53.745  6 53896.60462901 27.628
 49 291.862807  -3.339156    51.238    51.254  5 53931.60467946 35.752
 50 291.866127  -3.340581    47.318    47.242  5 53966.60465561 29.047
 51 291.874729  -3.340684    46.949    46.951  7 54001.60461728 39.580
 52 291.874902  -3.340453    48.872    48.857  6 54036.60465766 50.170
 53 291.873772  -3.340508    52.268    52.254  6 54071.60465206 46.779
 54 291.871771  -3.340751    54.602    54.604  7 54106.60460296 23.309
 55 291.871911  -3.340277    55.921    55.961  6 54141.60458551 26.216
 56 291.871748  -3.340606    53.627    53.510  6 54176.60458481 22.400
 57 291.870862  -3.341155    55.884    55.879  6 54211.60459238 29.222
 58 291.871929  -3.341330    56.567    56.578  6 54246.60462182 42.316
 60 291.874106  -3.341239    49.858    49.834  6 54316.60463092 49.066
 61 291.873132  -3.340888    46.339    46.425  6 54351.60459759 42.961
 62 291.873562  -3.339953    47.646    47.603  6 54386.60457008 30.088
 63 291.871731  -3.342216    52.013    52.009  6 54421.60454797 34.606
 64 291.873091  -3.340576    52.134    52.155  7 54456.60454321 20.116
 65 291.873140  -3.342155    54.930    54.911  6 54491.60454974 25.431
 66 291.874217  -3.340494    55.006    55.043  6 54526.60455595 27.428
 67 291.872161  -3.341705    55.725    55.723  6 54561.60455752 25.914
 69 291.871566  -3.339227    54.310    54.282  6 54631.60456527 22.342
 70 291.871016  -3.339720    52.793    52.818  6 54666.60457111 18.194
 71 291.874206  -3.341137    48.981    49.040  7 54701.60453917 45.725
 72 291.872157  -3.340778    50.164    50.173  6 54736.60453170 43.865
 73 291.873234  -3.342115    49.792    49.794  6 54771.60452074 33.232
 74 291.870897  -3.341452    52.143    52.110  6 54806.60452523 19.956
 75 291.872790  -3.341420    50.771    50.787  6 54841.60451633 47.801
 76 291.870783  -3.341799    55.867    55.877  6 54876.60452738 35.742
 77 291.871272  -3.339463    57.083    57.084  6 54911.60452105 42.770
 78 291.871002  -3.339141    56.687    56.739  6 54946.60451852 25.015
 79 291.870776  -3.341901    56.533    56.643  6 54981.60454552 34.067
 80 291.872255  -3.341356    56.316    56.346  6 55016.60454605 34.655
 81 291.873611  -3.340620    52.956    52.940  7 55051.60454024 38.035
 82 291.872550  -3.339415    50.867    51.179  6 55086.60450497 24.219
 83 291.873359  -3.341407    49.588    49.575  6 55121.60447547 40.690
 84 291.871634  -3.339878    48.421    48.438  6 55156.60446537 44.004
 85 291.871573  -3.340646    54.732    54.725  6 55191.60446452 40.746
 86 291.871351  -3.341910    53.143    53.158  6 55226.60446690 40.179
 87 291.873103  -3.340450    53.945    53.926  6 55261.60446016 22.008
 88 291.872781  -3.341402    55.251    55.253  6 55296.60445072 35.792
 89 291.870493  -3.341541    55.700    55.694  6 55331.60444046 24.431
 90 291.872980  -3.340786    54.574    54.579  6 55366.60443332 34.761
 91 291.872527  -3.339709    50.548    50.542  6 55401.60444614 45.174
 92 291.874575  -3.339721    45.975    45.970  6 55436.60445005 39.949
 93 291.873219  -3.341482    45.593    45.598  6 55471.60440197 24.018
