-254621.728    22.034     0.00    3.52
-254245.602    21.925    -0.29    3.46
-253869.479    22.277     0.94    3.81
-253493.359    22.705     1.14    4.01
-253117.242    22.304    -1.07    3.81
-252741.127    21.330    -2.59    3.71
-252365.016    24.357     8.05    8.84
-251988.908    30.573    16.53   13.80
-251612.803    38.691    21.59   14.09
-251236.701    46.935    21.92    9.29
-250860.602    51.074    11.00    4.47
-250484.506    52.546     3.92    3.87
-250108.413    53.715     3.11    2.60
-249732.323    54.099     1.02    2.29
-249356.237    54.074    -0.07    2.38
-248980.153    54.114     0.11    2.47
-248604.072    53.894    -0.58    2.20
-248227.994    53.384    -1.36    2.37
-247851.919    52.817    -1.51    2.05
-247475.847    52.093    -1.92    2.38
-247099.779    52.049    -0.12    2.96
-246723.713    51.663    -1.02    3.11
-246347.650    51.383    -0.75    3.08
-245971.590    50.681    -1.86    3.16
-245595.533    50.172    -1.35    2.91
-245219.479    50.580     1.08    2.84
-244843.429    51.277     1.85    2.52
-244467.381    51.869     1.57    1.96
-244091.336    51.654    -0.57    2.44
-243715.294    50.663    -2.64    4.14
-243339.255    51.074     1.09    3.94
-242963.220    51.176     0.27    3.89
-242587.187    51.080    -0.26    3.88
-242211.157    50.689    -1.04    3.48
-241835.130    50.465    -0.60    3.15
-241459.106    50.303    -0.43    3.12
-241083.085    50.790     1.29    3.26
-240707.067    51.080     0.77    2.64
-240331.052    51.561     1.28    2.78
-239955.040    52.120     1.49    2.81
-239579.031    52.441     0.86    3.39
-239203.025    52.792     0.93    3.08
-238827.022    53.275     1.28    3.18
-238451.022    53.620     0.92    2.88
-238075.025    53.099    -1.38    2.74
-237699.031    53.141     0.11    3.13
-237323.039    53.048    -0.25    2.66
-236947.051    52.869    -0.48    2.57
-236571.066    52.407    -1.23    2.28
-236195.083    52.168    -0.64    2.29
-235819.104    51.630    -1.43    2.71
-235443.128    51.222    -1.09    3.15
-235067.154    50.546    -1.80    3.42
-234691.184    50.708     0.43    3.03
-234315.216    50.542    -0.44    2.58
-233939.251    49.381    -3.09    2.00
-233563.290    48.792    -1.57    1.74
-233187.331    48.830     0.10    1.48
-232811.375    48.510    -0.85    1.55
-232435.422    48.191    -0.85    1.44
-232059.472    48.074    -0.31    1.41
-231683.525    48.228     0.41    1.48
-231307.581    48.898     1.78    1.97
-230931.640    49.041     0.38    2.18
-230555.702    48.689    -0.94    2.43
-230179.767    48.580    -0.29    2.71
-229803.834    49.411     2.21    3.65
-229427.905    50.433     2.72    3.79
-229051.978    51.014     1.55    3.60
-228676.055    51.751     1.96    3.20
-228300.134    52.141     1.04    3.05
-227924.216    52.102    -0.10    3.14
-227548.302    52.869     2.04    2.21
-227172.390    53.180     0.83    1.56
-226796.481    52.997    -0.49    1.72
-226420.575    52.407    -1.57    2.11
-226044.671    51.552    -2.27    2.75
-225668.771    51.407    -0.39    2.96
-225292.874    50.663    -1.98    4.02
-224916.979    50.856     0.51    4.40
-224541.088    51.830     2.59    4.46
-224165.199    50.792    -2.76    5.06
-223789.313    48.655    -5.68    5.41
-223413.431    46.114    -6.76    5.31
-223037.551    44.561    -4.13    5.08
-222661.674    42.646    -5.09    3.98
-222285.799    40.654    -5.30    5.38
-221909.928    35.114   -14.74    8.17
-221534.060    30.444   -12.42    7.07
-221158.194    30.817     0.99    8.43
-220782.332    33.805     7.95   10.45
-220406.472    37.033     8.59   10.10
-220030.615    41.381    11.57    9.52
-219654.761    41.886     1.34    9.88
-219278.910    40.172    -4.56    9.45
-218903.062    41.663     3.97    9.44
-218527.216    44.277     6.96    8.90
-218151.374    48.249    10.57    8.21
-217775.534    52.817    12.16    5.42
-217399.698    55.655     7.55    1.93
-217023.864    54.708    -2.52    3.34
-216648.033    54.630    -0.21    3.53
-216272.205    54.006    -1.66    3.43
-215896.379    54.465     1.22    3.18
-215520.557    54.898     1.15    2.29
-215144.738    54.759    -0.37    2.40
-214768.921    54.405    -0.94    2.59
-214392.848    54.030    -1.00    3.20
-214016.460    54.249     0.58    3.13
-213640.075    53.920    -0.87    2.73
-213263.693    53.672    -0.66    1.96
-212887.314    53.567    -0.28    2.14
-212510.938    53.253    -0.83    2.58
-212134.565    53.172    -0.22    2.56
-211758.194    53.357     0.49    2.57
-211381.826    54.172     2.17    2.41
-211005.462    53.405    -2.04    4.02
-210629.100    52.871    -1.42    4.22
-210252.740    52.905     0.09    5.04
-209876.384    53.146     0.64    5.09
-209500.031    54.736     4.22    3.60
-209123.680    54.465    -0.72    3.71
-208747.332    54.025    -1.17    3.74
-208370.987    53.561    -1.23    3.67
-207994.645    52.630    -2.47    3.24
-207618.306    51.871    -2.02    3.27
-207241.969    50.280    -4.23    3.32
-206865.636    48.488    -4.76    3.27
-206489.305    47.567    -2.45    2.62
-206112.977    46.962    -1.61    2.74
-205736.652    46.561    -1.07    2.32
-205360.330    47.172     1.62    1.90
-204984.010    48.060     2.36    2.85
-204607.693    49.433     3.65    3.94
-204231.379    50.006     1.52    4.15
-203855.068    50.380     0.99    3.95
-203478.760    50.228    -0.41    3.75
-203102.455    49.025    -3.20    2.55
-202726.152    48.411    -1.63    2.33
-202349.852    48.006    -1.08    2.42
-201973.555    47.988    -0.05    2.21
-201597.261    47.792    -0.52    1.80
-201220.970    47.898     0.28    1.80
-200844.681    48.780     2.35    2.01
-200468.395    49.484     1.87    2.06
-200092.112    50.251     2.04    1.96
-199715.832    50.488     0.63    2.01
-199339.555    50.022    -1.24    1.85
-198963.280    49.962    -0.16    1.78
-198587.008    49.552    -1.09    1.73
-198210.739    49.407    -0.39    1.74
-197834.473    49.386    -0.06    1.64
-197458.210    49.355    -0.08    2.03
-197081.949    49.074    -0.75    2.09
-196705.691    48.730    -0.91    2.20
-196329.436    47.708    -2.72    2.99
-195953.184    47.141    -1.51    3.63
-195576.934    46.909    -0.62    3.87
-195200.687    45.817    -2.90    4.17
-194824.443    44.580    -3.29    5.11
-194448.202    43.647    -2.48    5.87
-194071.964    43.740     0.25    5.81
-193695.728    43.357    -1.02    6.15
-193319.495    44.006     1.72    6.30
-192943.265    44.277     0.72    6.05
-192567.037    43.817    -1.22    6.58
-192190.813    44.663     2.25    5.78
-191814.591    45.433     2.04    5.17
-191438.372    47.136     4.53    3.58
-191062.155    48.381     3.31    3.15
-190685.942    48.945     1.50    2.66
-190309.731    49.924     2.60    2.38
-189933.523    50.573     1.73    2.28
-189557.318    50.492    -0.22    2.13
-189181.115    50.304    -0.50    2.17
-188804.915    49.988    -0.84    2.03
-188428.718    49.600    -1.03    1.79
-188052.524    48.997    -1.60    2.76
-187676.332    48.151    -2.25    3.44
-187300.143    47.541    -1.62    3.94
-186923.957    46.514    -2.73    3.68
-186547.773    46.093    -1.12    3.87
-186171.593    43.638    -6.53    6.15
-185795.415    38.925   -12.53    9.34
-185419.240    33.663   -13.99   10.74
-185043.067    31.913    -4.65    9.66
-184666.897    33.920     5.33   10.47
-184290.730    40.330    17.04    9.06
-183914.566    45.111    12.71    5.01
-183538.404    46.869     4.67    4.08
-183162.245    48.790     5.11    3.09
-182786.089    49.952     3.09    2.35
-182409.936    49.945    -0.02    2.22
-182033.785    49.817    -0.34    2.67
-181657.637    49.997     0.48    2.99
-181281.492    49.945    -0.14    3.16
-180905.349    49.856    -0.24    2.55
-180529.209    49.409    -1.19    3.09
-180153.072    47.792    -4.30    3.87
-179776.938    45.997    -4.77    4.86
-179400.806    42.736    -8.67    5.90
-179024.677    37.407   -14.17    9.05
-178648.550    32.627   -12.71    8.70
-178272.427    31.646    -2.61    9.02
-177896.306    34.510     7.61   10.93
-177520.187    41.674    19.05    9.10
-177144.072    46.792    13.61    2.68
-176767.959    47.725     2.48    2.55
-176391.848    48.114     1.03    2.63
-176015.741    47.997    -0.31    3.16
-175639.636    46.886    -2.95    3.64
-175263.534    45.561    -3.52    3.92
-174887.434    44.894    -1.77    4.92
-174511.338    45.600     1.88    5.28
-174135.243    46.407     2.14    5.31
-173759.152    46.869     1.23    5.56
-173383.063    48.561     4.50    3.54
-173006.977    48.708     0.39    2.28
-172630.894    49.074     0.97    2.04
-172254.813    49.033    -0.11    1.81
-171878.735    48.411    -1.65    2.27
-171502.659    46.465    -5.17    4.30
-171126.586    44.924    -4.10    4.49
-170750.516    44.689    -0.62    4.30
-170374.449    44.484    -0.55    4.10
-169998.384    45.497     2.69    3.35
-169622.322    46.125     1.67    2.73
-169246.262    46.775     1.73    2.10
-168870.206    47.433     1.75    1.89
-168494.151    47.751     0.85    1.84
-168118.100    47.790     0.10    1.76
-167742.051    47.567    -0.59    1.50
-167366.005    47.202    -0.97    1.20
-166989.961    47.330     0.34    1.32
-166613.920    47.163    -0.44    1.46
-166237.882    47.120    -0.12    1.42
-165861.846    47.251     0.35    1.55
-165485.813    47.411     0.43    1.55
-165109.783    47.465     0.14    1.44
-164733.755    47.330    -0.36    1.89
-164357.730    47.381     0.14    2.03
-163981.707    47.074    -0.82    2.01
-163605.687    47.219     0.39    2.30
-163229.670    47.202    -0.05    2.17
-162853.655    46.691    -1.36    1.94
-162477.643    46.535    -0.41    1.64
-162101.634    46.330    -0.55    1.41
-161725.627    46.120    -0.56    1.47
-161349.623    46.195     0.20    1.70
-160973.622    46.510     0.84    2.16
-160597.623    46.598     0.24    2.35
-160221.626    46.114    -1.29    2.56
-159845.633    45.663    -1.20    2.07
-159469.642    45.909     0.65    2.07
-159093.653    46.276     0.98    1.75
-158717.667    45.330    -2.52    3.35
-158341.684    44.644    -1.82    3.89
-157965.703    44.458    -0.49    3.66
-157589.725    43.580    -2.34    4.06
-157213.750    42.736    -2.25    4.24
-156837.777    42.510    -0.60    4.48
-156461.807    42.719     0.56    4.77
-156085.839    43.699     2.61    4.75
-155709.874    44.612     2.43    4.34
-155333.912    44.304    -0.82    4.98
-154957.952    43.384    -2.45    5.91
-154581.994    43.945     1.49    5.98
-154206.040    45.230     3.42    6.43
-153830.087    45.411     0.48    6.31
-153454.138    46.638     3.26    5.35
-153078.191    47.357     1.91    2.91
-152702.246    46.790    -1.51    2.55
-152326.305    45.654    -3.02    2.22
-151950.365    44.816    -2.23    2.55
-151574.429    44.689    -0.34    2.59
-151198.495    44.105    -1.55    2.37
-150822.563    44.060    -0.12    2.84
-150446.634    44.022    -0.10    3.17
-150070.708    43.199    -2.19    4.89
-149694.784    41.817    -3.67    5.94
-149318.863    40.894    -2.46    6.10
-148942.944    40.433    -1.23    5.98
-148567.028    39.663    -2.05    5.39
-148191.114    41.725     5.48    4.74
-147815.203    43.458     4.61    3.88
-147439.295    44.580     2.98    2.83
-147063.389    45.253     1.79    2.68
-146687.485    45.093    -0.43    2.44
-146311.584    44.627    -1.24    2.15
-145935.686    44.654     0.07    2.51
-145559.790    44.025    -1.68    2.21
-145183.897    43.869    -0.41    2.76
-144808.006    42.280    -4.23    3.93
-144432.118    41.925    -0.95    3.99
-144056.233    40.805    -2.98    4.34
-143680.350    39.988    -2.17    4.67
-143304.469    39.715    -0.73    4.86
-142928.591    39.777     0.17    5.08
-142552.716    39.612    -0.44    4.57
-142176.843    40.441     2.21    2.89
-141800.973    39.462    -2.61    2.55
-141425.105    38.407    -2.81    2.96
-141049.239    36.330    -5.53    4.45
-140673.376    32.433   -10.37    6.56
-140297.516    27.869   -12.14    6.55
-139921.658    25.465    -6.39    6.50
-139545.803    28.222     7.33    8.96
-139169.542    32.830    12.25   10.19
-138793.184    37.510    12.43    8.45
-138416.828    41.403    10.35    2.63
-138040.475    41.519     0.31    2.39
-137664.125    41.587     0.18    2.70
-137287.777    41.856     0.72    2.95
-136911.431    42.409     1.47    2.58
-136535.088    43.817     3.74    2.27
-136158.748    44.730     2.43    2.92
-135782.410    43.620    -2.95    5.52
-135406.074    41.763    -4.93    7.12
-135029.741    42.277     1.37    7.05
-134653.410    40.441    -4.88    7.69
-134277.082    41.766     3.52    6.74
-133900.757    42.151     1.02    5.84
-133524.434    42.525     0.99    4.90
-133148.113    42.438    -0.23    4.29
-132771.795    43.195     2.01    3.54
-132395.480    43.330     0.36    2.80
-132019.167    43.755     1.13    2.69
-131642.856    44.546     2.10    2.19
-131266.548    45.407     2.29    1.78
-130890.243    45.251    -0.41    2.25
-130513.940    45.225    -0.07    2.25
-130137.639    44.790    -1.16    2.34
-129761.341    44.535    -0.68    2.48
-129385.045    44.777     0.64    2.38
-129008.752    44.691    -0.23    2.51
-128632.461    43.979    -1.89    3.16
-128256.173    43.747    -0.62    3.25
-127879.887    43.561    -0.49    2.82
-127503.604    43.176    -1.02    2.84
-127127.323    43.573     1.05    3.35
-126751.045    43.519    -0.14    3.96
-126374.769    43.546     0.07    4.13
-125998.496    44.195     1.72    3.03
-125622.225    44.561     0.97    2.31
-125245.956    44.763     0.54    2.15
-124869.690    45.099     0.90    1.91
-124493.426    45.535     1.16    1.66
-124117.165    45.663     0.34    1.71
-123740.907    45.492    -0.45    1.64
-123364.650    45.663     0.45    1.68
-122988.397    45.962     0.79    1.63
-122612.145    45.497    -1.24    1.80
-122235.896    44.952    -1.45    2.16
-121859.650    44.627    -0.86    2.99
-121483.406    44.383    -0.65    3.34
-121107.164    44.074    -0.82    3.71
-120730.925    43.299    -2.06    4.80
-120354.688    41.593    -4.53    4.67
-119978.454    40.672    -2.45    4.46
-119602.222    40.858     0.49    4.20
-119225.993    41.202     0.91    4.59
-118849.766    41.222     0.05    4.82
-118473.541    40.740    -1.28    4.09
-118097.319    38.663    -5.52    5.75
-117721.100    35.014    -9.70    7.93
-117344.882    32.646    -6.30    8.06
-116968.668    31.279    -3.63    8.77
-116592.455    33.945     7.09    9.15
-116216.245    38.858    13.06    7.36
-115840.037    39.330     1.26    7.05
-115463.832    39.465     0.36    6.46
-115087.629    39.222    -0.65    6.13
-114711.429    39.176    -0.12    5.12
-114335.231    39.455     0.74    3.99
-113959.036    39.689     0.62    3.41
-113582.842    38.125    -4.16    5.29
-113206.652    36.830    -3.44    6.14
-112830.463    37.458     1.67    6.16
-112454.277    38.817     3.61    6.33
-112078.094    41.612     7.43    3.59
-111701.913    42.909     3.45    2.60
-111325.734    43.356     1.19    2.68
-110949.558    43.276    -0.21    2.66
-110573.384    43.381     0.28    3.10
-110197.212    43.005    -1.00    2.71
-109821.043    43.358     0.94    2.82
-109444.876    43.330    -0.07    2.53
-109068.712    42.844    -1.29    3.06
-108692.550    41.573    -3.38    4.62
-108316.390    39.763    -4.81    5.19
-107940.233    37.844    -5.10    7.89
-107564.078    37.105    -1.97    9.33
-107187.925    33.843    -8.67   12.26
-106811.775    30.465    -8.98   13.63
-106435.627    24.176   -16.72   14.04
-106059.482    19.168   -13.32   12.35
-105683.339    17.672    -3.98   10.47
-105307.198    17.093    -1.54    9.33
-104931.060    15.638    -3.87    8.81
-104554.924    13.438    -5.85    7.89
-104178.790     9.488   -10.50    7.05
-103802.659     7.705    -4.74    6.96
-103426.530     6.330    -3.66    6.63
-103050.404     6.225    -0.28    6.66
-102674.280     7.790     4.16    7.40
-102298.158     9.600     4.81    8.25
-101922.038     8.573    -2.73    8.32
-101545.921     6.663    -5.08    8.95
-101169.806     2.730   -10.46    8.39
-100793.694     0.766    -5.22    7.77
-100417.584     3.627     7.61   10.62
-100041.476     9.997    16.94   11.52
 -99665.371    14.844    12.89    9.16
 -99289.268    16.202     3.61    5.69
 -98913.167    13.792    -6.41    5.78
 -98537.069    13.484    -0.82    5.23
 -98160.973    14.052     1.51    5.65
 -97784.879    14.041    -0.03    5.30
 -97408.788    14.484     1.18    5.05
 -97032.699    11.187    -8.77    6.04
 -96656.612     8.843    -6.23    6.03
 -96280.528     7.411    -3.81    5.81
 -95904.446     7.519     0.29    6.13
 -95528.366    12.141    12.29    7.83
 -95152.288    15.913    10.03    6.16
 -94776.213    19.099     8.47    4.25
 -94400.140    19.830     1.94    3.88
 -94024.070    18.060    -4.71    5.10
 -93648.002    14.505    -9.45    6.72
 -93271.936    10.699   -10.12    5.54
 -92895.872     8.740    -5.21    2.79
 -92519.811     8.699    -0.11    1.98
 -92143.752     9.228     1.41    2.50
 -91767.696    10.608     3.67    3.15
 -91391.641    10.114    -1.31    4.11
 -91015.589     8.638    -3.93    5.52
 -90639.540     7.244    -3.71    6.46
 -90263.492     5.433    -4.82    5.85
 -89887.447     4.689    -1.98    5.41
 -89511.404     6.080     3.70    6.35
 -89135.364    11.168    13.53    7.73
 -88759.326    15.386    11.22    7.05
 -88383.290    16.514     3.00    6.73
 -88007.256    13.550    -7.88    8.56
 -87631.225    10.141    -9.07    7.86
 -87255.195     6.689    -9.18    5.51
 -86879.169     7.541     2.26    5.80
 -86503.144    11.488    10.50    7.34
 -86127.122    15.168     9.79    6.80
 -85751.102    16.205     2.76    5.52
 -85375.084    17.357     3.06    4.04
 -84999.069    16.736    -1.65    3.37
 -84623.056    16.465    -0.72    3.03
 -84247.045    15.130    -3.55    4.02
 -83871.036    12.997    -5.67    4.75
 -83495.030    10.356    -7.02    5.72
 -83119.026     6.959    -9.03    4.60
 -82743.024     4.195    -7.35    4.13
 -82367.024     2.249    -5.18    3.82
 -81991.027     0.172    -5.52    2.64
 -81615.032    -1.270    -3.84    2.30
 -81239.039    -2.481    -3.22    1.75
 -80863.049    -3.486    -2.67    1.52
 -80487.060    -4.170    -1.82    1.18
 -80111.074    -4.565    -1.05    0.65
 -79735.091    -4.670    -0.28    0.00
 -79359.109    -4.620     0.13    0.32
 -78983.130    -3.986     1.69    1.76
 -78607.153    -3.535     1.20    2.04
 -78231.178    -2.832     1.87    2.37
 -77855.205    -3.041    -0.56    2.26
 -77479.235    -3.567    -1.40    1.90
 -77103.267    -4.003    -1.16    1.59
 -76727.301    -4.587    -1.55    0.37
 -76351.338    -4.670    -0.22    0.00
 -75975.376    -4.670     0.00    0.00
 -75599.417    -4.670     0.00    0.00
 -75223.460    -4.670     0.00    0.00
 -74847.505    -4.670     0.00    0.00
 -74471.553    -4.670     0.00    0.00
 -74095.603    -4.670     0.00    0.00
 -73719.655    -4.670     0.00    0.00
 -73343.709    -4.670     0.00    0.00
 -72967.765    -4.670     0.00    0.00
 -72591.824    -4.670     0.00    0.00
 -72215.885    -4.643     0.07    0.16
 -71839.948    -4.454     0.50    0.67
 -71464.013    -4.210     0.65    0.96
 -71088.081    -4.183     0.07    0.94
 -70712.150    -4.183     0.00    0.97
 -70336.222    -4.498    -0.84    0.62
 -69960.296    -0.413    10.87    9.42
 -69584.373     8.168    22.83   14.91
 -69208.451    16.580    22.38   14.44
 -68832.532    23.381    18.09    9.42
 -68456.615    26.898     9.35    3.34
 -68080.700    25.997    -2.40    3.59
 -67704.787    26.409     1.10    2.59
 -67328.877    26.205    -0.54    2.80
 -66952.968    26.168    -0.10    2.30
 -66577.062    25.680    -1.30    3.92
 -66201.158    25.458    -0.59    5.48
 -65825.257    25.497     0.10    5.69
 -65449.357    24.844    -1.74    5.98
 -65073.460    25.763     2.44    5.60
 -64697.564    26.830     2.84    5.83
 -64321.603    28.535     4.54    3.72
 -63945.276    28.775     0.64    3.55
 -63568.951    25.705    -8.16    8.35
 -63192.629    23.777    -5.12    9.38
 -62816.308    25.006     3.26    8.73
 -62439.990    26.356     3.59    8.83
 -62063.674    28.817     6.54    5.35
 -61687.360    29.435     1.64    4.30
 -61311.049    29.952     1.37    4.15
 -60934.739    28.766    -3.15    4.89
 -60558.432    27.465    -3.46    5.12
 -60182.127    25.605    -4.94    5.55
 -59805.824    23.505    -5.58    6.32
 -59429.523    21.616    -5.02    7.27
 -59053.224    18.384    -8.59    6.65
 -58676.928    15.276    -8.26    6.18
 -58300.633    13.141    -5.67    5.04
 -57924.341    12.620    -1.39    4.58
 -57548.051    13.969     3.59    4.87
 -57171.763    15.208     3.29    4.58
 -56795.477    15.920     1.89    4.04
 -56419.194    16.654     1.95    3.89
 -56042.912    16.176    -1.27    3.77
 -55666.633    15.199    -2.60    4.02
 -55290.356    14.751    -1.19    4.43
 -54914.081    12.898    -4.93    4.49
 -54537.808    11.304    -4.23    3.98
 -54161.537     9.719    -4.21    3.53
 -53785.268     9.381    -0.90    4.25
 -53409.002     9.792     1.09    4.67
 -53032.738    10.654     2.29    4.84
 -52656.475    12.114     3.88    5.07
 -52280.215    14.141     5.39    4.85
 -51903.957    16.384     5.96    4.03
 -51527.702    17.168     2.08    3.29
 -51151.448    17.303     0.36    3.48
 -50775.196    16.048    -3.34    3.39
 -50398.947    14.151    -5.04    5.07
 -50022.699    13.356    -2.11    5.34
 -49646.454    11.909    -3.85    5.57
 -49270.211    11.672    -0.63    5.44
 -48893.970    11.869     0.52    5.50
 -48517.731    12.222     0.94    5.72
 -48141.494    12.228     0.01    5.49
 -47765.260    12.858     1.68    5.36
 -47389.027    13.176     0.85    4.96
 -47012.797    13.869     1.84    3.55
 -46636.568    13.986     0.31    3.26
 -46260.342    14.279     0.78    3.32
 -45884.118    14.627     0.93    2.60
 -45507.896    14.898     0.72    2.97
 -45131.676    15.519     1.65    3.28
 -44755.458    17.080     4.15    3.86
 -44379.242    18.304     3.25    3.87
 -44003.029    19.433     3.00    2.93
 -43626.817    19.790     0.95    2.28
 -43250.607    19.356    -1.15    2.33
 -42874.400    19.151    -0.55    2.02
 -42498.195    19.330     0.48    2.32
 -42121.991    19.600     0.72    2.29
 -41745.790    19.869     0.71    2.98
 -41369.591    19.384    -1.29    3.72
 -40993.394    18.804    -1.54    3.87
 -40617.199    18.146    -1.75    3.39
 -40241.006    16.830    -3.50    2.69
 -39864.816    17.202     0.99    2.49
 -39488.627    16.646    -1.48    2.95
 -39112.440    15.886    -2.02    3.16
 -38736.256    14.792    -2.91    3.37
 -38360.073    12.886    -5.07    2.43
 -37983.893    14.172     3.42    4.04
 -37607.714    14.869     1.85    4.15
 -37231.538    16.492     4.32    5.19
 -36855.364    19.048     6.79    4.63
 -36479.191    19.535     1.30    4.33
 -36103.021    19.869     0.89    3.89
 -35726.853    19.006    -2.29    4.81
 -35350.687    18.655    -0.93    4.74
 -34974.523    17.465    -3.16    5.23
 -34598.361    15.708    -4.67    5.18
 -34222.201    14.763    -2.51    4.94
 -33846.043    15.948     3.15    4.34
 -33469.887    17.253     3.47    3.88
 -33093.734    18.099     2.25    4.40
 -32717.582    16.525    -4.19    5.36
 -32341.432    14.048    -6.58    5.17
 -31965.285    11.830    -5.90    3.05
 -31589.139    11.962     0.35    2.91
 -31212.995    13.715     4.66    4.33
 -30836.854    16.087     6.31    4.39
 -30460.714    17.383     3.45    3.75
 -30084.577    17.663     0.75    3.62
 -29708.441    15.430    -5.94    4.72
 -29332.308    12.952    -6.59    5.24
 -28956.176    10.638    -6.15    5.59
 -28580.047     7.356    -8.73    5.11
 -28203.919     4.830    -6.71    4.00
 -27827.794     4.195    -1.69    4.92
 -27451.671     5.247     2.80    6.20
 -27075.549     9.125    10.31    7.91
 -26699.430    14.048    13.09    7.32
 -26323.313    17.219     8.43    5.92
 -25947.197    19.894     7.11    3.31
 -25571.084    20.580     1.82    2.35
 -25194.973    20.790     0.56    2.71
 -24818.863    20.945     0.41    2.85
 -24442.756    21.567     1.65    3.34
 -24066.651    23.014     3.85    3.31
 -23690.548    24.567     4.13    3.31
 -23314.446    24.780     0.57    3.30
 -22938.347    25.060     0.74    3.46
 -22562.250    24.605    -1.21    3.22
 -22186.154    24.381    -0.59    2.86
 -21810.061    24.330    -0.14    2.45
 -21433.970    24.492     0.43    2.44
 -21057.880    24.580     0.23    2.51
 -20681.793    24.225    -0.94    2.79
 -20305.707    23.880    -0.92    3.18
 -19929.624    23.438    -1.17    4.73
 -19553.543    20.355    -8.20    6.95
 -19177.463    16.740    -9.61    7.40
 -18801.386    14.251    -6.62    6.64
 -18425.310    13.435    -2.17    5.87
 -18049.237    10.253    -8.46    7.36
 -17673.165     6.488   -10.01    8.22
 -17297.095     2.191   -11.43    5.57
 -16921.028     4.612     6.44    9.13
 -16544.962     7.871     8.66    9.30
 -16168.898    10.355     6.61    8.68
 -15792.837    13.894     9.41    7.76
 -15416.777    15.858     5.22    9.10
 -15040.719    20.330    11.89    7.80
 -14664.663    22.871     6.76    6.00
 -14288.609    24.356     3.95    5.22
 -13912.557    22.612    -4.64    6.14
 -13536.507    21.033    -4.20    7.59
 -13160.459    17.205   -10.18    9.09
 -12784.413    15.510    -4.51    8.45
 -12408.369    16.146     1.69    8.14
 -12032.327    19.654     9.33    8.15
 -11656.287    22.176     6.71    6.47
 -11280.248    17.817   -11.59    9.64
 -10904.212    13.552   -11.34   10.46
 -10528.178    10.151    -9.05    7.62
 -10152.145    13.775     9.64    9.97
  -9776.115    18.514    12.60    9.69
  -9400.086    22.740    11.24    6.32
  -9024.059    25.027     6.08    4.79
  -8648.034    24.736    -0.78    4.63
  -8272.012    23.777    -2.55    4.51
  -7895.991    22.600    -3.13    5.35
  -7519.972    20.510    -5.56    4.93
  -7143.955    19.636    -2.32    5.57
  -6767.940    19.920     0.76    5.85
  -6391.926    21.202     3.41    4.82
  -6015.915    20.151    -2.80    6.81
  -5639.906    16.411    -9.95    8.21
  -5263.898    13.225    -8.47    9.00
  -4887.893    11.672    -4.13    8.52
  -4511.889     9.747    -5.12    7.61
  -4135.887    10.777     2.74    8.51
  -3759.887    11.087     0.82    8.71
  -3383.889    12.883     4.78    8.45
  -3007.893    14.869     5.28    8.91
  -2631.899    15.736     2.31    8.95
  -2255.907    12.804    -7.80   10.11
  -1879.917     8.488   -11.48   10.12
  -1503.928     4.600   -10.34    8.76
  -1127.942     1.125    -9.24    5.43
   -751.957    -0.670    -4.77    0.00
   -375.974    -0.670     0.00    0.00
      0.006    -0.670     0.00    0.00
    375.985    -0.439     0.61    1.29
    751.962     1.465     5.07    5.19
   1127.938     4.843     8.98    8.20
   1503.911     8.567     9.91    9.20
   1879.882    10.802     5.95    8.78
   2255.852    11.925     2.99    7.91
   2631.820    12.775     2.26    8.27
   3007.785    12.087    -1.83    8.04
   3383.749    12.253     0.44    7.47
   3759.711    13.643     3.70    6.95
   4135.671    14.151     1.35    7.05
   4511.630    14.435     0.76    6.50
   4887.586    15.441     2.68    5.71
   5263.541    16.151     1.89    5.28
   5639.493    16.492     0.91    5.32
   6015.444    17.817     3.52    6.04
   6391.393    18.041     0.59    7.68
   6767.340    17.381    -1.75    8.32
   7143.286    16.654    -1.93    9.55
   7519.229    13.433    -8.57   10.03
   7895.170    11.715    -4.57    9.86
   8271.110    11.163    -1.47   10.14
   8647.048    10.546    -1.64    9.75
   9022.984    11.141     1.58    9.93
   9398.918    12.006     2.30    9.91
   9774.850    12.222     0.58    9.34
  10150.781    10.159    -5.49    9.49
  10526.709    12.155     5.31    9.20
  10902.824    12.620     1.23    9.38
  11279.122    14.952     6.20    8.61
  11655.418    16.407     3.87    6.22
  12031.713    15.041    -3.63    6.28
  12408.005    11.409    -9.65    5.80
  12784.296     8.620    -7.41    4.65
  13160.584     7.253    -3.63    4.73
  13536.871     5.411    -4.90    3.06
  13913.156     6.541     3.00    5.47
  14289.440     9.480     7.81    8.22
  14665.721    14.159    12.43    9.38
  15042.001    18.519    11.59   10.16
  15418.278    22.303    10.06    8.71
  15794.554    23.141     2.23    8.67
  16170.828    24.736     4.24    8.60
  16547.101    25.302     1.51    8.09
  16923.371    28.381     8.18    6.86
  17299.640    31.458     8.18    4.16
  17675.907    32.492     2.75    3.09
  18052.172    32.663     0.45    2.64
  18428.435    31.988    -1.80    3.58
  18804.697    30.663    -3.52    3.98
  19180.956    30.168    -1.32    4.13
  19557.214    30.484     0.84    3.73
  19933.470    31.052     1.51    3.38
  20309.724    31.672     1.65    2.98
  20685.977    31.510    -0.43    2.47
  21062.227    32.360     2.26    2.65
  21438.476    32.997     1.69    2.77
  21814.723    33.898     2.39    2.99
  22190.968    34.519     1.65    2.91
  22567.212    34.303    -0.57    3.16
  22943.453    34.275    -0.08    3.26
  23319.693    33.843    -1.15    3.11
  23695.931    34.452     1.62    2.49
  24072.168    34.060    -1.04    2.82
  24448.402    34.663     1.60    2.65
  24824.635    34.330    -0.89    3.10
  25200.866    32.612    -4.57    4.87
  25577.095    31.330    -3.41    5.75
  25953.322    30.176    -3.07    5.86
  26329.548    28.790    -3.69    6.23
  26705.772    28.817     0.07    6.31
  27081.994    29.249     1.15    6.85
  27458.214    29.044    -0.54    6.73
  27834.432    29.381     0.90    6.47
  28210.649    30.202     2.18    6.35
  28586.864    30.608     1.08    5.70
  28963.077    30.033    -1.53    5.17
  29339.289    30.519     1.29    6.03
  29715.499    30.462    -0.15    6.12
  30091.707    32.430     5.23    5.19
  30467.913    31.708    -1.92    4.65
  30844.117    31.587    -0.32    3.97
  31220.320    31.356    -0.61    4.00
  31596.521    31.699     0.91    3.75
  31972.720    32.465     2.04    4.12
  32348.917    32.955     1.30    4.26
  32725.113    34.067     2.96    3.53
  33101.307    34.330     0.70    3.44
  33477.499    34.168    -0.43    3.33
  33853.690    35.216     2.79    3.55
  34229.878    36.074     2.28    3.44
  34606.065    36.817     1.98    3.09
  34982.251    37.136     0.85    3.09
  35358.434    36.817    -0.85    2.82
  35734.616    36.844     0.07    2.78
  36110.796    36.330    -1.37    3.07
  36486.974    35.930    -1.06    2.85
  36863.151    36.168     0.63    2.89
  37239.326    36.356     0.50    3.11
  37615.499    36.093    -0.70    3.32
  37991.670    35.535    -1.48    4.50
  38367.840    35.060    -1.26    4.41
  38744.008    34.964    -0.25    4.27
  39120.174    33.971    -2.64    3.99
  39496.339    32.191    -4.73    5.27
  39872.502    31.708    -1.28    6.28
  40248.663    31.492    -0.57    6.65
  40624.822    32.465     2.59    7.00
  41000.980    34.099     4.34    6.54
  41377.136    33.502    -1.59    6.35
  41753.290    33.381    -0.32    6.37
  42129.443    30.014    -8.95    8.45
  42505.594    28.525    -3.96    8.03
  42881.743    27.945    -1.54    7.60
  43257.891    27.383    -1.50    6.73
  43634.036    29.740     6.27    5.29
  44010.181    29.099    -1.70    4.72
  44386.323    30.099     2.66    4.74
  44762.464    31.546     3.85    4.44
  45138.603    31.022    -1.39    4.85
  45514.740    30.817    -0.55    5.14
  45890.876    30.469    -0.93    4.95
  46267.010    28.871    -4.25    4.83
  46643.142    28.033    -2.23    4.47
  47019.273    30.546     6.68    5.61
  47395.402    33.488     7.82    6.09
  47771.529    35.663     5.78    4.93
  48147.654    36.330     1.77    3.83
  48523.778    35.435    -2.38    3.26
  48899.900    35.492     0.15    3.21
  49276.021    36.151     1.75    3.63
  49652.140    37.646     3.98    4.00
  50028.257    39.120     3.92    3.13
  50404.373    39.172     0.14    2.91
  50780.487    38.894    -0.74    3.28
  51156.599    38.871    -0.06    3.78
  51532.709    37.458    -3.76    4.61
  51908.818    37.280    -0.47    4.13
  52284.926    37.616     0.89    4.24
  52661.031    38.141     1.40    4.19
  53037.135    39.627     3.95    3.73
  53413.237    40.898     3.38    3.86
  53789.338    41.438     1.44    3.20
  54165.437    40.163    -3.39    3.44
  54541.534    39.030    -3.01    3.25
  54917.630    38.971    -0.16    3.44
  55293.724    39.006     0.09    3.50
  55669.817    39.202     0.52    3.43
  56045.907    39.514     0.83    3.08
  56421.997    40.048     1.42    2.89
  56798.084    40.736     1.83    3.20
  57174.170    41.099     0.97    3.00
  57550.254    41.136     0.10    2.91
  57926.337    40.484    -1.73    2.83
  58302.418    40.561     0.20    2.72
  58678.497    40.986     1.13    2.48
  59054.575    41.176     0.50    2.36
  59430.651    41.844     1.77    2.10
  59806.725    41.141    -1.87    2.18
  60182.798    40.249    -2.37    3.23
  60558.869    39.830    -1.11    3.58
  60934.939    39.330    -1.33    3.81
  61311.007    38.817    -1.36    4.14
  61687.073    38.357    -1.22    4.17
  62063.138    38.176    -0.48    3.77
  62439.201    38.074    -0.27    3.87
  62815.263    37.689    -1.02    3.95
  63191.323    37.763     0.20    3.19
  63567.381    37.458    -0.81    2.99
  63943.438    37.303    -0.41    2.91
  64319.493    37.067    -0.63    2.97
  64695.547    36.725    -0.91    3.36
  65071.598    36.830     0.28    4.24
  65447.649    35.817    -2.69    4.93
  65823.698    36.041     0.59    5.00
  66199.745    36.413     0.99    5.06
  66575.790    36.971     1.48    4.92
  66951.834    38.441     3.91    3.93
  67327.877    39.510     2.84    2.39
  67703.917    39.409    -0.27    2.26
  68079.957    39.736     0.87    2.27
  68455.994    39.945     0.56    2.20
  68832.030    40.458     1.36    2.03
  69208.065    40.535     0.20    2.18
  69584.097    40.219    -0.84    2.42
  69960.129    39.935    -0.75    2.67
  70336.158    39.492    -1.18    3.12
  70712.187    38.573    -2.44    3.29
  71088.213    38.438    -0.36    3.59
  71464.238    37.482    -2.54    4.61
  71840.262    35.458    -5.38    5.69
  72216.283    34.856    -1.60    5.99
  72592.304    35.747     2.37    5.95
  72968.322    37.843     5.57    5.11
  73344.340    39.636     4.77    3.11
  73720.355    39.740     0.28    2.82
  74096.369    40.228     1.30    2.88
  74472.382    40.546     0.85    2.72
  74848.393    40.672     0.33    2.21
  75224.402    40.535    -0.36    2.09
  75600.410    39.480    -2.81    2.07
  75976.416    39.519     0.10    2.04
  76352.421    38.663    -2.28    2.38
  76728.424    38.883     0.58    2.53
  77104.426    39.763     2.34    2.75
  77480.426    39.654    -0.29    2.56
  77856.424    40.559     2.40    2.50
  78232.422    40.381    -0.47    2.62
  78608.417    40.880     1.33    2.71
  78984.411    41.969     2.90    2.27
  79360.403    41.843    -0.34    2.51
  79736.394    41.941     0.26    2.18
  80112.384    41.514    -1.14    2.91
  80488.371    41.176    -0.90    3.29
  80864.358    40.883    -0.78    3.35
  81240.342    40.275    -1.62    3.35
  81616.326    39.304    -2.58    3.50
  81992.307    38.355    -2.52    2.88
  82368.288    37.886    -1.25    2.58
  82744.266    37.484    -1.07    2.06
  83120.243    37.514     0.08    1.93
  83496.219    36.871    -1.71    2.38
  83872.193    36.330    -1.44    2.99
  84248.166    35.497    -2.22    2.58
  84624.137    34.766    -1.94    2.05
  85000.107    35.155     1.03    2.36
  85376.075    36.114     2.55    2.68
  85752.041    36.830     1.90    2.46
  86128.267    37.909     2.87    2.40
  86504.536    38.435     1.40    2.69
  86880.805    38.817     1.01    2.65
  87257.071    39.125     0.82    2.93
  87633.337    39.357     0.62    3.10
  88009.600    39.663     0.81    3.13
  88385.863    39.830     0.44    2.57
  88762.123    39.858     0.07    2.37
  89138.383    39.407    -1.20    2.37
  89514.640    38.971    -1.16    2.57
  89890.897    39.386     1.10    2.61
  90267.152    39.087    -0.79    2.58
  90643.405    39.168     0.22    2.47
  91019.657    38.790    -1.01    2.78
  91395.907    38.280    -1.35    2.36
  91772.156    37.681    -1.59    2.20
  92148.403    36.920    -2.02    2.28
  92524.649    36.663    -0.68    1.96
  92900.894    36.383    -0.75    1.93
  93277.137    36.249    -0.36    2.15
  93653.378    37.125     2.33    2.05
  94029.618    37.330     0.55    2.12
  94405.857    37.580     0.66    2.52
  94782.094    38.199     1.64    2.65
  95158.330    38.108    -0.24    2.89
  95534.564    37.856    -0.67    2.86
  95910.796    37.535    -0.85    3.15
  96287.028    36.455    -2.87    2.89
  96663.258    36.087    -0.98    3.09
  97039.486    36.438     0.93    2.87
  97415.713    36.600     0.43    2.76
  97791.938    36.638     0.10    2.97
  98168.162    36.681     0.12    2.93
  98544.385    36.202    -1.27    2.72
  98920.606    36.228     0.07    3.01
  99296.825    36.151    -0.20    3.26
  99673.043    36.600     1.20    4.13
 100049.260    36.484    -0.31    3.77
 100425.475    36.962     1.27    4.01
 100801.689    37.469     1.35    3.82
 101177.902    37.438    -0.08    3.37
 101554.113    37.636     0.52    3.45
 101930.322    38.033     1.06    3.99
 102306.530    39.792     4.68    3.49
 102682.737    40.674     2.34    3.15
 103058.942    40.715     0.11    2.76
 103435.146    39.202    -4.02    3.83
 103811.348    38.330    -2.32    4.39
 104187.549    37.433    -2.39    3.95
 104563.749    36.519    -2.43    4.43
 104939.947    35.022    -3.98    5.44
 105316.144    34.356    -1.77    5.26
 105692.339    34.014    -0.91    5.32
 106068.533    34.384     0.98    5.08
 106444.725    35.715     3.54    4.77
 106820.916    37.151     3.82    4.21
 107197.106    38.747     4.24    3.72
 107573.294    39.627     2.34    3.73
 107949.481    40.898     3.38    2.30
 108325.666    40.871    -0.07    2.28
 108701.850    40.925     0.14    2.41
 109078.033    40.559    -0.97    2.35
 109454.214    39.930    -1.67    2.53
 109830.394    39.894    -0.10    2.34
 110206.572    40.168     0.73    1.99
 110582.749    40.766     1.59    2.14
 110958.925    40.925     0.42    1.98
 111335.099    40.672    -0.67    2.12
 111711.272    40.672     0.00    2.70
 112087.443    39.971    -1.86    2.80
 112463.613    39.600    -0.99    3.40
 112839.782    39.462    -0.37    3.49
 113215.949    39.130    -0.88    3.58
 113592.115    38.358    -2.05    3.13
 113968.280    38.883     1.40    2.70
 114344.443    39.411     1.40    3.07
 114720.604    39.141    -0.72    3.00
 115096.765    38.465    -1.80    3.07
 115472.924    36.302    -5.75    5.68
 115849.081    32.381   -10.42    6.30
 116225.238    29.048    -8.86    6.29
 116601.392    26.276    -7.37    3.64
 116977.546    26.253    -0.06    3.11
 117353.698    27.689     3.82    4.33
 117729.849    30.125     6.48    4.61
 118105.998    33.225     8.24    4.60
 118482.146    35.151     5.12    4.42
 118858.293    37.525     6.31    4.05
 119234.438    38.777     3.33    3.72
 119610.582    39.792     2.70    3.22
 119986.725    40.502     1.89    3.02
 120362.866    39.715    -2.09    3.73
 120739.006    39.006    -1.88    4.12
 121115.145    38.219    -2.09    4.33
 121491.282    38.168    -0.14    3.98
 121867.418    37.469    -1.86    4.52
 122243.552    36.830    -1.70    4.22
 122619.686    37.891     2.82    4.33
 122995.818    38.276     1.02    4.31
 123371.948    38.638     0.96    3.42
 123748.077    38.935     0.79    2.79
 124124.205    38.620    -0.84    2.83
 124500.332    38.384    -0.63    3.09
 124876.457    37.605    -2.07    3.43
 125252.581    36.654    -2.53    3.33
 125628.703    35.708    -2.51    3.15
 126004.824    36.222     1.37    3.19
 126380.944    35.987    -0.62    3.70
 126757.063    36.253     0.71    3.99
 127133.180    37.202     2.52    4.57
 127509.296    36.959    -0.65    4.84
 127885.411    35.222    -4.62    5.50
 128261.524    34.195    -2.73    5.41
 128637.636    32.383    -4.82    3.99
 129013.746    32.080    -0.80    3.99
 129389.856    32.844     2.03    4.02
 129765.964    34.225     3.67    4.05
 130142.070    34.277     0.14    4.13
 130518.176    35.561     3.41    4.23
 130894.280    37.871     6.14    3.85
 131270.383    39.130     3.35    3.43
 131646.484    39.856     1.93    3.34
 132022.585    40.492     1.69    2.44
 132398.683    40.330    -0.43    1.93
 132774.781    39.747    -1.55    2.01
 133150.877    39.484    -0.70    1.74
 133526.972    40.074     1.57    2.23
 133903.066    40.673     1.59    2.50
 134279.159    41.330     1.75    2.75
 134655.250    41.763     1.15    2.76
 135031.340    41.247    -1.37    2.51
 135407.428    40.176    -2.85    3.05
 135783.515    40.492     0.84    3.56
 136159.601    40.535     0.11    3.64
 136535.686    40.567     0.08    3.89
 136911.770    40.855     0.77    3.07
 137287.852    40.763    -0.25    2.78
 137663.933    40.430    -0.88    2.46
 138040.012    40.535     0.28    1.94
 138416.091    40.552     0.05    2.18
 138792.168    40.411    -0.38    2.13
 139168.244    39.871    -1.44    2.12
 139544.318    39.411    -1.22    2.11
 139920.392    39.048    -0.97    2.14
 140296.464    38.719    -0.87    2.27
 140672.534    39.022     0.81    2.36
 141048.604    38.935    -0.23    2.53
 141424.672    39.886     2.53    2.48
 141800.739    40.663     2.07    2.53
 142176.805    40.587    -0.20    2.07
 142552.869    40.120    -1.24    2.22
 142928.933    39.222    -2.39    2.51
 143304.995    38.587    -1.69    2.50
 143681.055    38.141    -1.18    2.32
 144057.115    38.330     0.50    2.42
 144433.173    37.480    -2.26    3.35
 144809.230    37.559     0.21    4.02
 145185.286    37.627     0.18    3.89
 145561.341    36.303    -3.52    3.87
 145937.394    36.033    -0.72    3.81
 146313.446    35.699    -0.89    3.91
 146689.497    35.497    -0.54    3.70
 147065.546    35.905     1.09    3.27
 147441.595    35.228    -1.80    3.24
 147817.642    34.736    -1.31    2.97
 148193.688    34.383    -0.94    2.62
 148569.732    34.225    -0.42    2.08
 148945.776    33.510    -1.90    1.93
 149321.818    32.790    -1.91    2.55
 149697.859    31.330    -3.88    3.41
 150073.899    28.080    -8.64    6.21
 150449.938    25.458    -6.97    6.61
 150825.975    21.561   -10.36    5.98
 151202.011    18.643    -7.76    4.69
 151578.046    18.249    -1.05    3.82
 151954.080    18.087    -0.43    4.06
 152330.112    18.330     0.65    4.07
 152706.144    18.804     1.26    3.95
 153082.174    19.736     2.48    5.58
 153458.203    24.715    13.24    7.84
 153834.230    29.253    12.07    7.95
 154210.257    32.725     9.23    5.72
 154586.282    34.654     5.13    4.56
 154962.306    35.510     2.27    4.59
 155338.329    36.458     2.52    4.76
 155714.351    37.087     1.67    4.86
 156090.372    38.715     4.33    3.13
 156466.391    39.303     1.56    2.75
 156842.409    39.844     1.44    2.46
 157218.426    40.433     1.57    2.38
 157594.442    41.236     2.14    2.41
 157970.457    41.099    -0.36    2.66
 158346.470    40.620    -1.28    3.14
 158722.482    41.386     2.04    3.41
 159098.493    41.894     1.35    3.31
 159474.503    41.844    -0.13    3.44
 159850.512    41.945     0.27    3.13
 160226.519    41.792    -0.41    2.65
 160602.526    41.654    -0.36    2.90
 160978.577    41.804     0.40    2.85
 161354.818    41.510    -0.78    3.14
 161731.058    41.740     0.61    3.28
 162107.296    41.979     0.63    3.34
 162483.534    42.356     1.00    3.48
 162859.770    41.790    -1.51    3.70
 163236.006    40.790    -2.66    3.24
 163612.240    39.006    -4.74    3.72
 163988.473    38.299    -1.88    3.87
 164364.705    38.022    -0.73    4.35
 164740.935    37.125    -2.39    4.39
 165117.165    36.413    -1.89    4.90
 165493.393    36.176    -0.63    4.46
 165869.620    37.330     3.07    3.92
 166245.846    37.014    -0.84    5.92
 166622.071    32.751   -11.33   10.02
 166998.295    26.962   -15.39   11.05
 167374.518    21.817   -13.68    8.54
 167750.739    20.945    -2.32    6.13
 168126.959    25.655    12.52    8.68
 168503.179    31.384    15.23    8.17
 168879.397    35.541    11.05    5.59
 169255.614    37.654     5.62    4.45
 169631.829    38.006     0.93    4.19
 170008.044    38.736     1.94    4.13
 170384.258    38.787     0.14    3.73
 170760.470    38.988     0.53    2.71
 171136.681    39.355     0.98    2.43
 171512.892    38.997    -0.95    2.37
 171889.101    39.433     1.16    2.99
 172265.308    39.747     0.83    3.16
 172641.515    39.935     0.50    3.08
 173017.721    40.561     1.66    2.65
 173393.926    40.041    -1.38    2.65
 173770.129    40.913     2.32    2.83
 174146.331    40.725    -0.50    2.75
 174522.533    40.930     0.55    2.71
 174898.733    41.247     0.84    2.32
 175274.932    40.766    -1.28    2.15
 175651.130    40.699    -0.18    2.32
 176027.326    41.033     0.89    2.55
 176403.522    41.006    -0.07    2.67
 176779.717    41.222     0.57    2.53
 177155.910    41.407     0.49    3.07
 177532.103    41.755     0.93    3.31
 177908.294    42.492     1.96    3.32
 178284.484    43.680     3.16    3.03
 178660.673    44.093     1.10    2.29
 179036.861    43.988    -0.28    2.04
 179413.048    44.114     0.33    2.76
 179789.234    43.843    -0.72    3.09
 180165.419    43.777    -0.17    3.62
 180541.603    44.219     1.17    3.35
 180917.785    44.356     0.37    2.64
 181293.967    44.191    -0.44    2.59
 181670.147    43.945    -0.65    2.49
 182046.327    43.125    -2.18    2.48
 182422.505    42.595    -1.41    2.16
 182798.682    42.438    -0.42    2.12
 183174.859    41.384    -2.80    2.54
 183551.034    41.600     0.57    2.76
 183927.208    42.155     1.47    2.91
 184303.381    42.708     1.47    2.62
 184679.553    43.593     2.35    2.50
 185055.723    43.535    -0.15    2.05
 185431.893    43.689     0.41    2.13
 185808.062    43.546    -0.38    2.20
 186184.230    43.792     0.65    2.50
 186560.396    44.304     1.36    3.10
 186936.562    44.802     1.33    2.95
 187312.726    44.357    -1.18    3.06
 187688.890    43.497    -2.29    3.00
 188065.052    42.935    -1.49    2.96
 188441.213    41.971    -2.56    2.71
 188817.374    41.236    -1.95    2.13
 189193.533    41.330     0.25    2.48
 189569.691    41.519     0.50    2.50
 189945.848    41.925     1.08    2.95
 190322.005    41.612    -0.83    2.98
 190698.160    41.925     0.83    2.83
 191074.314    41.920    -0.01    2.55
 191450.467    41.587    -0.89    2.39
 191826.619    41.356    -0.61    2.35
 192202.770    42.006     1.73    2.42
 192578.920    40.792    -3.23    3.49
 192955.069    40.777    -0.04    3.80
 193331.216    40.330    -1.19    3.79
 193707.363    40.195    -0.36    3.28
 194083.509    40.168    -0.07    2.62
 194459.654    39.681    -1.29    2.34
 194835.798    39.830     0.40    2.38
 195211.941    39.893     0.17    2.35
 195588.082    39.955     0.17    2.62
 195964.223    39.699    -0.68    2.80
 196340.363    39.497    -0.54    3.09
 196716.502    40.099     1.60    3.77
 197092.639    39.952    -0.39    3.89
 197468.776    39.620    -0.88    4.09
 197844.912    39.620     0.00    4.05
 198221.046    37.638    -5.27    4.66
 198597.180    37.898     0.69    4.69
 198973.313    36.785    -2.96    4.67
 199349.445    36.997     0.56    3.86
