-192565.915    71.489     0.00    4.33
-192189.850    70.316    -3.12    5.30
-191813.783    68.490    -4.86    5.13
-191437.715    68.049    -1.17    5.79
-191061.646    67.729    -0.85    5.89
-190685.576    69.101     3.65    6.29
-190309.505    68.536    -1.50    6.99
-189933.434    67.333    -3.20    6.28
-189557.361    66.841    -1.31    6.58
-189181.287    67.220     1.01    7.16
-188805.212    68.382     3.09    6.46
-188429.136    72.247    10.28    6.18
-188053.059    73.951     4.53    5.51
-187676.981    72.237    -4.56    5.91
-187300.902    71.434    -2.14    6.21
-186924.822    69.395    -5.42    5.85
-186548.741    67.606    -4.76    5.37
-186172.659    67.357    -0.66    4.89
-185796.576    66.690    -1.77    5.34
-185420.492    66.382    -0.82    5.75
-185044.407    65.895    -1.29    6.03
-184668.321    63.645    -5.98    5.62
-184292.234    60.742    -7.72    6.09
-183916.146    57.203    -9.41    5.53
-183540.057    55.739    -3.89    4.86
-183163.966    56.639     2.39    6.25
-182787.875    59.355     7.22    8.13
-182411.783    63.193    10.20    8.92
-182035.689    66.434     8.62    8.72
-181659.595    67.423     2.63    7.11
-181283.499    66.203    -3.24    6.61
-180907.403    65.895    -0.82    6.08
-180531.305    66.085     0.50    6.01
-180155.207    67.511     3.79    5.55
-179779.107    69.408     5.04    4.94
-179403.006    69.177    -0.61    4.68
-179026.905    68.173    -2.67    4.66
-178650.802    68.448     0.73    5.12
-178274.698    70.193     4.64    5.59
-177898.593    73.490     8.77    5.16
-177522.487    75.733     5.96    3.26
-177146.380    75.989     0.68    3.10
-176770.272    75.203    -2.09    4.00
-176394.162    74.553    -1.73    3.42
-176018.052    73.062    -3.96    3.85
-175641.941    71.947    -2.97    3.98
-175265.828    69.812    -5.68    5.57
-174889.715    68.536    -3.39    5.68
-174513.600    65.716    -7.50    5.44
-174137.485    63.031    -7.14    5.76
-173761.368    58.711   -11.48    7.54
-173385.250    55.434    -8.71    6.64
-173009.131    56.995     4.15    8.10
-172633.011    60.355     8.93    8.17
-172256.890    65.049    12.48    6.93
-171880.768    68.343     8.76    5.98
-171504.645    69.706     3.62    6.48
-171128.520    71.490     4.74    6.02
-170752.395    72.524     2.75    5.42
-170376.268    74.126     4.26    4.13
-170000.141    75.345     3.24    3.62
-169624.012    75.166    -0.48    3.91
-169247.882    73.972    -3.17    4.57
-168871.751    71.951    -5.37    4.96
-168495.619    70.974    -2.60    4.82
-168119.486    70.716    -0.69    4.99
-167743.352    71.711     2.65    5.26
-167367.217    74.229     6.69    3.94
-166991.080    75.395     3.10    3.98
-166614.943    76.420     2.73    3.57
-166238.804    76.479     0.16    3.63
-165862.664    76.229    -0.66    3.92
-165486.523    75.316    -2.43    4.18
-165110.381    75.436     0.32    4.23
-164734.238    76.922     3.95    3.45
-164358.094    77.645     1.92    3.02
-163981.949    78.972     3.53    4.04
-163605.802    81.120     5.71    5.50
-163229.654    82.301     3.14    5.53
-162853.506    81.670    -1.68    6.67
-162477.356    78.527    -8.36    8.51
-162101.205    73.632   -13.01    9.36
-161725.053    70.004    -9.65    6.37
-161348.899    68.408    -4.24    5.42
-160972.745    69.112     1.87    5.24
-160596.589    70.868     4.67    4.50
-160220.433    69.562    -3.47    4.14
-159844.275    67.673    -5.02    4.74
-159468.116    65.434    -5.95    4.61
-159091.956    63.434    -5.32    4.97
-158715.794    60.953    -6.60    5.01
-158339.632    58.625    -6.19    5.31
-157963.468    56.922    -4.53    5.98
-157587.304    55.004    -5.10    4.72
-157211.138    54.595    -1.08    5.10
-156834.971    53.760    -2.22    5.28
-156458.802    54.053     0.78    5.34
-156082.633    54.152     0.26    4.91
-155706.463    55.237     2.89    4.56
-155330.291    56.247     2.68    5.08
-154954.118    54.947    -3.46    6.68
-154577.944    51.159   -10.07    9.01
-154201.769    45.118   -16.06    7.95
-153825.593    42.274    -7.56    4.91
-153449.415    41.729    -1.45    3.64
-153073.236    42.211     1.28    2.85
-152697.056    42.818     1.61    2.30
-152320.875    43.177     0.95    1.76
-151944.693    43.787     1.62    1.66
-151568.510    44.382     1.58    1.61
-151192.325    44.544     0.43    1.77
-150816.139    44.049    -1.32    2.61
-150439.953    42.220    -4.86    5.99
-150063.764    41.357    -2.29    5.96
-149687.575    40.690    -1.77    5.72
-149311.385    41.562     2.32    4.39
-148935.193    39.841    -4.57    6.70
-148559.000    38.383    -3.88    9.79
-148182.806    36.237    -5.70   11.02
-147806.611    33.784    -6.52   11.49
-147430.414    32.814    -2.58   11.62
-147054.216    31.895    -2.44   10.76
-146678.018    32.490     1.58    9.75
-146301.818    37.306    12.80    7.29
-145925.616    40.395     8.21    3.26
-145549.414    40.844     1.19    3.47
-145173.210    41.408     1.50    3.19
-144797.005    41.951     1.44    3.20
-144420.799    40.203    -4.65    5.49
-144044.592    39.112    -2.90    5.89
-143668.383    39.459     0.92    5.50
-143292.173    40.448     2.63    5.66
-142915.962    42.947     6.64    3.97
-142539.750    45.193     5.97    3.37
-142163.537    48.177     7.93    4.81
-141787.322    50.445     6.03    4.95
-141411.106    54.581    10.99    4.41
-141034.889    56.436     4.93    3.62
-140658.671    58.220     4.74    3.87
-140282.451    59.868     4.38    4.48
-139906.231    60.058     0.50    4.54
-139530.009    60.353     0.78    4.41
-139153.785    61.270     2.44    4.87
-138777.672    62.485     3.23    4.61
-138401.699    62.247    -0.63    4.10
-138025.725    61.485    -2.03    4.07
-137649.750    60.553    -2.48    3.91
-137273.773    59.132    -3.78    4.04
-136897.795    58.448    -1.82    3.72
-136521.816    58.331    -0.31    3.72
-136145.836    60.257     5.12    4.80
-135769.855    61.606     3.59    3.90
-135393.872    62.095     1.30    3.82
-135017.888    61.124    -2.58    5.02
-134641.903    59.922    -3.20    5.27
-134265.916    58.220    -4.53    6.05
-133889.928    56.787    -3.81    6.64
-133513.939    56.328    -1.22    6.10
-133137.949    55.145    -3.14    5.06
-132761.957    53.793    -3.60    3.94
-132385.965    52.536    -3.34    2.94
-132009.971    52.211    -0.86    3.56
-131633.975    50.998    -3.23    4.29
-131257.979    49.767    -3.27    4.32
-130881.981    48.177    -4.23    4.73
-130505.982    46.895    -3.41    5.22
-130129.981    45.075    -4.84    5.37
-129753.979    43.507    -4.17    4.24
-129377.977    41.843    -4.42    2.61
-129001.972    40.001    -4.90    4.00
-128625.967    38.958    -2.77    4.26
-128249.960    38.383    -1.53    4.47
-127873.952    38.711     0.87    3.81
-127497.942    42.229     9.35    5.95
-127121.932    46.949    12.55    8.19
-126745.920    50.840    10.35    7.41
-126369.907    54.527     9.81    6.30
-125993.892    56.511     5.28    5.64
-125617.876    58.652     5.69    4.47
-125241.859    60.177     4.06    4.25
-124865.841    61.844     4.43    5.43
-124489.821    65.998    11.05    7.94
-124113.800    72.814    18.13   11.32
-123737.778    78.895    16.17   11.50
-123361.754    83.085    11.14   10.07
-122985.729    84.463     3.67    9.89
-122609.703    83.436    -2.73    9.19
-122233.675    80.660    -7.38    8.06
-121857.646    78.690    -5.24    8.34
-121481.616    77.639    -2.80    7.29
-121105.585    79.173     4.08    8.29
-120729.552    84.001    12.84    8.81
-120353.518    89.701    15.16    8.30
-119977.482    93.922    11.22    8.03
-119601.445    96.075     5.73    7.00
-119225.407    97.544     3.91    5.62
-118849.368    97.737     0.51    5.54
-118473.327    97.369    -0.98    6.49
-118097.285    96.408    -2.56    6.92
-117721.242    97.463     2.80    6.44
-117345.197    97.434    -0.08    5.65
-116969.151    96.316    -2.97    6.11
-116593.104    95.328    -2.63    6.45
-116217.055    93.328    -5.32    6.95
-115841.005    91.784    -4.10    6.12
-115464.953    88.844    -7.82    7.62
-115088.901    86.818    -5.39    8.51
-114712.846    85.038    -4.73    8.46
-114336.791    84.690    -0.93    8.83
-113960.734    85.979     3.43    8.96
-113584.676    88.423     6.50    8.92
-113208.617    92.203    10.05    6.58
-112832.556    93.139     2.49    6.14
-112456.494    94.211     2.85    5.92
-112080.430    94.922     1.89    6.19
-111704.365    96.270     3.59    5.56
-111328.299    99.220     7.84    4.58
-110952.231   100.445     3.26    3.89
-110576.162   100.306    -0.37    3.69
-110200.092   100.229    -0.20    3.14
-109824.020    98.652    -4.19    4.15
-109447.947    97.517    -3.02    4.87
-109071.873    97.501    -0.04    5.01
-108695.797    97.770     0.72    4.92
-108319.720    97.949     0.48    4.78
-107943.641    96.970    -2.60    5.21
-107567.561    94.869    -5.59    5.91
-107191.480    90.706   -11.07    7.48
-106815.397    86.764   -10.48    7.61
-106439.313    80.383   -16.97    8.94
-106063.228    78.001    -6.33    8.76
-105687.141    76.812    -3.16    7.33
-105311.053    80.690    10.31    9.67
-104934.963    87.328    17.65    8.20
-104558.872    91.620    11.41    7.42
-104182.780    94.203     6.87    6.09
-103806.686    95.838     4.35    5.24
-103430.591    95.787    -0.14    5.19
-103054.494    94.949    -2.23    5.88
-102678.396    94.132    -2.17    6.05
-102302.297    91.895    -5.95    7.48
-101926.196    90.409    -3.95    8.11
-101550.094    88.395    -5.35    7.53
-101173.990    88.383    -0.03    7.78
-100797.885    91.211     7.52    6.70
-100421.779    90.787    -1.13    6.60
-100045.671    89.280    -4.01    7.45
 -99669.562    86.588    -7.16    9.17
 -99293.451    82.534   -10.78   10.37
 -98917.339    81.562    -2.58   10.53
 -98541.226    81.618     0.15   10.36
 -98165.111    79.106    -6.68    9.40
 -97788.995    77.408    -4.51   10.23
 -97412.877    72.645   -12.66   10.27
 -97036.758    66.355   -16.72    7.28
 -96660.637    63.841    -6.68    6.42
 -96284.515    61.652    -5.82    4.96
 -95908.392    59.921    -4.60    2.83
 -95532.267    58.949    -2.58    2.48
 -95156.141    57.818    -3.01    2.86
 -94780.013    56.536    -3.41    3.11
 -94403.884    56.229    -0.82    3.04
 -94027.753    57.004     2.06    3.29
 -93651.621    57.588     1.55    3.21
 -93275.488    58.254     1.77    2.68
 -92899.353    57.507    -1.99    3.50
 -92523.216    55.818    -4.49    3.48
 -92147.079    54.139    -4.47    3.85
 -91770.939    53.527    -1.63    3.54
 -91394.799    52.665    -2.29    3.48
 -91018.657    52.520    -0.38    3.19
 -90642.513    52.844     0.86    4.03
 -90266.368    52.434    -1.09    4.47
 -89890.222    51.784    -1.73    3.60
 -89514.074    50.485    -3.45    3.54
 -89137.924    48.868    -4.30    3.72
 -88761.773    46.588    -6.06    3.66
 -88385.621    45.306    -3.41    2.99
 -88009.467    46.080     2.06    3.94
 -87633.312    47.737     4.41    4.86
 -87257.155    50.459     7.24    4.13
 -86880.997    50.921     1.23    3.79
 -86504.837    49.706    -3.23    4.56
 -86128.676    46.868    -7.54    5.11
 -85752.514    44.922    -5.17    4.43
 -85376.350    43.841    -2.87    3.60
 -85000.184    44.706     2.30    3.53
 -84624.017    47.239     6.73    2.97
 -84247.848    49.101     4.95    3.58
 -83871.678    50.331     3.27    2.97
 -83495.507    50.673     0.91    2.50
 -83119.334    50.383    -0.77    2.48
 -82743.160    49.409    -2.59    2.98
 -82366.984    48.764    -1.71    3.16
 -81990.806    48.211    -1.47    3.17
 -81614.627    47.511    -1.86    4.27
 -81238.447    45.517    -5.30    4.29
 -80862.265    45.998     1.28    4.33
 -80486.081    46.195     0.52    4.23
 -80109.897    47.368     3.12    3.75
 -79733.710    48.159     2.10    3.27
 -79357.522    49.382     3.25    3.31
 -78981.333    50.571     3.16    3.32
 -78605.142    52.004     3.81    2.78
 -78228.949    53.210     3.21    2.73
 -77852.756    54.445     3.28    3.05
 -77476.560    55.024     1.54    2.99
 -77100.363    55.382     0.95    2.81
 -76724.165    56.408     2.73    3.21
 -76347.965    56.733     0.86    3.75
 -75971.763    57.527     2.11    4.75
 -75595.560    56.998    -1.41    5.34
 -75219.355    55.767    -3.27    6.01
 -74843.149    53.423    -6.23    5.81
 -74466.942    51.290    -5.67    3.82
 -74090.733    49.716    -4.18    3.49
 -73714.522    47.951    -4.69    3.41
 -73338.310    47.306    -1.72    3.63
 -72962.096    45.625    -4.47    3.65
 -72585.881    43.382    -5.96    3.83
 -72209.664    42.760    -1.65    3.98
 -71833.446    42.257    -1.34    3.97
 -71457.226    44.434     5.79    4.84
 -71081.004    46.220     4.75    4.32
 -70704.781    47.598     3.66    3.62
 -70328.557    48.870     3.38    3.32
 -69952.331    48.290    -1.54    3.77
 -69576.103    48.474     0.49    3.51
 -69199.874    48.544     0.19    4.55
 -68823.644    48.545     0.00    5.70
 -68447.411    48.507    -0.10    5.49
 -68071.178    48.760     0.67    5.42
 -67694.942    49.737     2.60    4.44
 -67318.705    49.368    -0.98    4.88
 -66942.467    48.844    -1.39    5.30
 -66566.227    48.383    -1.23    5.48
 -66189.985    48.507     0.33    6.49
 -65813.742    46.625    -5.00    5.97
 -65437.497    44.922    -4.53    5.09
 -65061.251    43.659    -3.36    3.95
 -64685.003    42.170    -3.96    2.72
 -64308.754    41.733    -1.16    2.61
 -63932.503    40.767    -2.57    2.71
 -63556.509    40.501    -0.71    2.70
 -63180.575    39.764    -1.96    2.88
 -62804.640    39.328    -1.16    2.82
 -62428.703    38.720    -1.62    2.87
 -62052.764    37.001    -4.57    3.44
 -61676.824    35.173    -4.86    3.78
 -61300.883    33.463    -4.55    3.78
 -60924.940    31.979    -3.95    3.29
 -60548.995    32.101     0.32    3.50
 -60173.048    33.485     3.68    4.53
 -59797.100    33.924     1.17    4.31
 -59421.151    34.760     2.22    5.38
 -59045.200    35.544     2.08    6.05
 -58669.247    36.814     3.38    5.95
 -58293.293    37.972     3.08    4.94
 -57917.337    38.976     2.67    5.08
 -57541.379    39.818     2.24    5.08
 -57165.420    39.737    -0.22    5.12
 -56789.460    40.459     1.92    4.68
 -56413.497    40.706     0.66    4.08
 -56037.533    40.969     0.70    4.85
 -55661.568    41.711     1.98    5.39
 -55285.601    42.645     2.48    5.40
 -54909.632    44.166     4.04    5.43
 -54533.662    46.257     5.56    4.87
 -54157.690    47.409     3.07    5.41
 -53781.716    49.383     5.25    5.85
 -53405.741    50.267     2.35    6.15
 -53029.764    52.690     6.45    6.71
 -52653.785    55.948     8.66    7.58
 -52277.805    59.618     9.76    8.38
 -51901.824    63.947    11.51    7.49
 -51525.840    65.659     4.55    6.49
 -51149.855    65.254    -1.07    6.62
 -50773.869    63.685    -4.17    7.61
 -50397.881    60.895    -7.42    8.51
 -50021.891    59.085    -4.82    8.43
 -49645.899    61.665     6.86    8.13
 -49269.906    64.536     7.64    6.82
 -48893.912    65.423     2.36    5.70
 -48517.915    65.004    -1.12    6.51
 -48141.917    62.760    -5.97    7.28
 -47765.917    61.274    -3.95    7.08
 -47389.916    58.501    -7.38    8.02
 -47013.913    56.757    -4.64    7.08
 -46637.909    55.562    -3.18    6.95
 -46261.902    56.895     3.55    6.73
 -45885.894    58.274     3.67    5.96
 -45509.885    60.742     6.56    6.66
 -45133.874    63.553     7.48    5.38
 -44757.861    66.080     6.72    5.32
 -44381.846    66.843     2.03    4.80
 -44005.830    65.895    -2.52    5.29
 -43629.812    63.058    -7.55    5.49
 -43253.793    61.049    -5.34    5.94
 -42877.772    60.495    -1.47    6.31
 -42501.749    59.295    -3.19    6.54
 -42125.724    56.571    -7.25    7.62
 -41749.698    54.220    -6.25    6.07
 -41373.670    53.733    -1.29    4.17
 -40997.641    54.598     2.30    3.57
 -40621.609    54.201    -1.06    3.22
 -40245.577    51.620    -6.86    4.41
 -39869.542    51.562    -0.16    4.34
 -39493.506    51.652     0.24    4.16
 -39117.468    52.383     1.94    3.97
 -38741.428    51.922    -1.23    3.57
 -38365.387    50.331    -4.23    4.28
 -37989.344    47.652    -7.12    4.94
 -37613.299    46.229    -3.79    5.17
 -37237.253    45.090    -3.03    5.20
 -36861.205    44.101    -2.63    5.59
 -36485.155    43.152    -2.52    6.24
 -36109.104    42.458    -1.85    6.47
 -35733.051    37.328   -13.64    9.19
 -35356.996    31.490   -15.52   11.09
 -34980.939    26.382   -13.58   11.23
 -34604.881    21.625   -12.65    8.41
 -34228.821    20.007    -4.30    5.48
 -33852.760    20.588     1.55    3.57
 -33476.696    21.818     3.27    2.75
 -33100.631    20.790    -2.73    3.59
 -32724.564    20.343    -1.19    3.75
 -32348.496    19.793    -1.46    3.68
 -31972.426    19.331    -1.23    3.92
 -31596.354    17.274    -5.47    7.08
 -31220.280    12.229   -13.41    8.90
 -30844.205     6.841   -14.33    7.36
 -30468.128     5.869    -2.59    6.79
 -30092.049     7.767     5.05    7.73
 -29715.968    10.583     7.49    7.86
 -29339.886    12.716     5.67    7.27
 -28963.802    12.290    -1.13    7.18
 -28587.717    13.490     3.19    8.45
 -28211.629    16.767     8.71    9.10
 -27835.540    21.118    11.57    7.54
 -27459.449    24.229     8.27    2.73
 -27083.356    24.639     1.09    1.71
 -26707.262    24.814     0.47    1.53
 -26331.166    24.639    -0.47    1.52
 -25955.068    24.203    -1.16    1.49
 -25578.969    23.562    -1.70    1.74
 -25202.867    22.679    -2.35    2.33
 -24826.764    21.395    -3.41    3.51
 -24450.659    20.085    -3.49    4.48
 -24074.553    20.058    -0.07    4.36
 -23698.444    19.760    -0.79    4.40
 -23322.334    19.677    -0.22    4.05
 -22946.222    19.049    -1.67    4.71
 -22570.109    19.767     1.91    5.29
 -22193.993    20.423     1.74    5.26
 -21817.876    22.998     6.85    4.49
 -21441.757    26.062     8.15    5.13
 -21065.637    28.177     5.62    5.79
 -20689.514    30.024     4.91    5.42
 -20313.390    31.355     3.54    5.25
 -19937.264    31.711     0.95    5.70
 -19561.137    32.203     1.31    6.01
 -19185.007    32.725     1.39    6.05
 -18808.876    33.085     0.96    5.27
 -18432.743    33.844     2.02    3.91
 -18056.608    32.316    -4.06    3.70
 -17680.471    31.355    -2.56    3.40
 -17304.333    30.760    -1.58    3.46
 -16928.193    29.838    -2.45    4.57
 -16552.051    28.177    -4.42    4.97
 -16175.907    27.520    -1.75    5.07
 -15799.762    26.247    -3.39    5.04
 -15423.614    27.742     3.97    5.77
 -15047.465    28.951     3.22    5.14
 -14671.314    30.816     4.96    4.10
 -14295.162    30.998     0.48    4.78
 -13919.007    31.659     1.76    5.01
 -13542.851    31.632    -0.07    4.98
 -13166.693    29.816    -4.83    6.32
 -12790.533    27.670    -5.71    5.65
 -12414.371    25.814    -4.93    6.95
 -12038.208    24.595    -3.24    6.89
 -11662.043    23.211    -3.68    5.93
 -11285.875    23.976     2.03    6.85
 -10909.706    23.274    -1.87    6.22
 -10533.536    24.090     2.17    4.71
 -10157.363    23.870    -0.59    4.77
  -9781.189    22.945    -2.46    3.81
  -9405.013    21.760    -3.15    4.55
  -9028.835    20.970    -2.10    5.20
  -8652.655    21.395     1.13    6.96
  -8276.473    19.685    -4.55    8.60
  -7900.290    22.001     6.16   10.98
  -7524.105    24.434     6.47   11.31
  -7147.917    24.673     0.64   11.17
  -6771.729    25.868     3.18   12.60
  -6395.538    19.203   -17.72   12.87
  -6019.345    12.495   -17.83   11.36
  -5643.151     9.331    -8.41   10.08
  -5266.955     7.229    -5.59    8.75
  -4890.756     5.340    -5.02    7.17
  -4514.557     5.571     0.61    5.84
  -4138.355     5.729     0.42    5.55
  -3762.151     4.998    -1.94    5.56
  -3385.946     2.639    -6.27    4.71
  -3009.738     0.733    -5.07    3.61
  -2633.529    -0.355    -2.89    2.42
  -2257.318    -1.105    -1.99    0.00
  -1881.105    -1.052     0.14    0.23
  -1504.891    -0.834     0.58    0.45
  -1128.674    -0.541     0.78    0.50
   -752.456    -0.263     0.74    0.37
   -376.235    -0.077     0.49    0.17
     -0.013     0.024     0.27    0.41
    376.211     0.007    -0.05    0.71
    752.437    -0.028    -0.09    0.87
   1128.664    -0.028     0.00    1.20
   1504.894     0.198     0.60    1.76
   1881.125     1.004     2.14    2.04
   2257.359     1.625     1.65    2.28
   2633.594     3.004     3.66    3.73
   3009.831     5.254     5.98    4.76
   3386.070     7.463     5.87    4.65
   3762.311     9.383     5.10    3.88
   4138.553     9.613     0.61    3.74
   4514.798     9.716     0.27    3.18
   4891.045     9.355    -0.96    2.48
   5267.293     9.132    -0.59    2.90
   5643.543     9.501     0.98    4.34
   6019.795    10.118     1.64    4.85
   6396.049    11.101     2.61    6.16
   6772.305    11.058    -0.11    6.59
   7148.563    10.685    -0.99    7.45
   7524.823     8.408    -6.05    8.30
   7901.084     5.583    -7.51    7.78
   8277.348     3.843    -4.62    6.06
   8653.613     2.369    -3.92    3.47
   9029.880     2.544     0.47    3.22
   9406.149     2.536    -0.02    3.06
   9782.421     2.382    -0.41    2.96
  10158.694     3.101     1.91    3.21
  10534.968     4.818     4.57    3.41
  10911.245     7.422     6.92    4.18
  11287.457    10.001     6.86    4.18
  11663.358    11.998     5.31    3.19
  12039.260    12.974     2.60    2.73
  12415.164    12.895    -0.21    2.93
  12791.071    13.652     2.01    3.12
  13166.979    13.463    -0.50    3.05
  13542.889    12.922    -1.44    3.31
  13918.801    13.306     1.02    3.28
  14294.715    13.927     1.65    3.84
  14670.631    15.434     4.01    4.46
  15046.549    16.947     4.02    4.17
  15422.468    16.951     0.01    4.93
  15798.390    16.306    -1.72    5.19
  16174.314    16.436     0.35    4.92
  16550.239    16.126    -0.82    4.54
  16926.167    17.132     2.68    4.43
  17302.096    18.049     2.44    4.31
  17678.027    19.841     4.77    3.84
  18053.961    21.075     3.28    3.19
  18429.896    20.645    -1.14    2.91
  18805.833    19.395    -3.33    3.05
  19181.772    18.895    -1.33    2.20
  19557.713    18.625    -0.72    1.79
  19933.656    19.031     1.08    1.93
  20309.601    19.598     1.51    1.66
  20685.548    19.981     1.02    1.62
  21061.497    20.395     1.10    1.47
  21437.447    20.306    -0.24    1.57
  21813.400    20.490     0.49    1.66
  22189.355    21.024     1.42    2.46
  22565.311    21.132     0.29    2.96
  22941.270    21.790     1.75    2.56
  23317.231    21.659    -0.35    2.27
  23693.193    21.613    -0.12    1.62
  24069.158    20.895    -1.91    1.96
  24445.124    20.790    -0.28    2.20
  24821.092    19.945    -2.25    2.16
  25197.063    19.838    -0.28    2.06
  25573.035    20.571     1.95    2.39
  25949.010    20.679     0.29    2.78
  26324.986    21.463     2.08    3.45
  26700.964    21.517     0.14    4.00
  27076.944    21.562     0.12    4.38
  27452.927    21.745     0.49    4.30
  27828.911    20.331    -3.76    5.18
  28204.897    18.841    -3.96    5.70
  28580.885    17.767    -2.86    6.06
  28956.876    16.632    -3.02    6.03
  29332.868    15.075    -4.14    5.08
  29708.862    15.139     0.17    4.45
  30084.858    16.152     2.69    4.71
  30460.856    17.923     4.71    4.31
  30836.856    18.922     2.66    4.14
  31212.859    19.818     2.38    3.78
  31588.863    20.337     1.38    3.99
  31964.869    19.588    -1.99    4.01
  32340.877    18.895    -1.84    4.40
  32716.887    18.031    -2.30    4.45
  33092.899    16.031    -5.32    3.71
  33468.913    14.673    -3.61    4.18
  33844.930    13.562    -2.95    3.74
  34220.948    13.177    -1.02    3.16
  34596.968    13.382     0.54    2.17
  34972.990    14.331     2.52    2.10
  35349.014    14.793     1.23    2.14
  35725.041    16.101     3.48    3.10
  36101.069    17.463     3.62    2.86
  36477.099    19.126     4.42    2.52
  36853.132    20.490     3.63    2.01
  37229.166    20.976     1.29    1.93
  37605.202    20.948    -0.08    1.83
  37981.241    20.677    -0.72    1.70
  38357.281    19.639    -2.76    1.79
  38733.324    18.790    -2.26    1.87
  39109.368    19.007     0.58    2.17
  39485.415    19.301     0.78    2.09
  39861.463    19.507     0.55    2.33
  40237.514    19.895     1.03    2.21
  40613.566    19.895     0.00    2.09
  40989.621    19.922     0.07    2.44
  41365.678    20.177     0.68    2.38
  41741.737    21.357     3.14    2.88
  42117.797    22.331     2.59    3.42
  42493.860    23.706     3.66    3.03
  42869.925    24.795     2.90    2.81
  43245.992    25.436     1.70    2.57
  43622.061    24.949    -1.29    3.00
  43998.132    24.787    -0.43    2.84
  44374.205    24.278    -1.35    2.69
  44750.281    24.639     0.96    2.47
  45126.358    26.203     4.16    2.47
  45502.437    26.923     1.91    2.09
  45878.518    25.053    -4.97    6.74
  46254.602    19.729   -14.16   10.75
  46630.687    12.553   -19.08   11.32
  47006.775     6.126   -17.09    7.90
  47382.865     3.112    -8.02    1.00
  47758.956     3.553     1.17    2.18
  48135.050     4.553     2.66    3.57
  48511.146     4.998     1.18    4.02
  48887.244     4.760    -0.63    3.51
  49263.344     4.770     0.03    3.35
  49639.446     4.474    -0.79    2.86
  50015.550     4.490     0.04    3.01
  50391.657     4.490     0.00    3.24
  50767.765     4.507     0.04    3.97
  51143.875     4.024    -1.28    3.40
  51519.988     3.613    -1.09    2.67
  51896.103     2.895    -1.91    0.00
  52272.219     3.053     0.42    0.97
  52648.338     3.312     0.69    1.78
  53024.459     3.004    -0.82    0.66
  53400.582     3.203     0.53    1.28
  53776.707     3.382     0.48    1.61
  54152.835     3.185    -0.52    1.06
  54528.964     3.237     0.14    1.10
  54905.095     3.495     0.69    2.56
  55281.229     4.868     3.65    4.80
  55657.365     6.020     3.06    5.57
  56033.502     7.562     4.10    6.17
  56409.642     7.814     0.67    5.75
  56785.784     9.058     3.31    6.12
  57161.928     9.571     1.37    5.87
  57538.074     9.027    -1.45    5.85
  57914.223     8.844    -0.49    5.39
  58290.373     9.868     2.72    5.31
  58666.526    10.770     2.40    5.60
  59042.681    12.843     5.51    5.00
  59418.837    13.562     1.91    5.54
  59794.996    11.106    -6.53    6.36
  60171.158    10.254    -2.26    7.53
  60547.321     7.290    -7.88    6.75
  60923.486     5.737    -4.13    5.21
  61299.654     4.383    -3.60    2.39
  61675.823     4.423     0.11    2.54
  62051.995     4.020    -1.07    2.30
  62428.169     3.665    -0.95    2.03
  62804.345     3.381    -0.75    1.56
  63180.523     5.220     4.89    4.67
  63556.703     7.517     6.11    5.51
  63932.886     8.517     2.66    5.18
  64309.071     8.790     0.73    4.74
  64685.257    10.112     3.51    5.50
  65061.446    12.045     5.14    6.71
  65437.637    12.536     1.31    6.41
  65813.831    11.544    -2.64    6.75
  66190.026     9.659    -5.01    6.34
  66566.224     9.665     0.02    5.75
  66942.423    11.027     3.62    5.59
  67318.625    13.257     5.93    3.32
  67694.829    12.998    -0.69    3.52
  68071.035    12.729    -0.72    3.79
  68447.244    12.177    -1.47    4.00
  68823.454    11.357    -2.18    4.97
  69199.667    10.695    -1.76    4.56
  69575.882    11.679     2.61    5.47
  69952.099    13.247     4.17    5.67
  70328.318    15.264     5.36    4.80
  70704.540    15.290     0.07    4.02
  71080.763    14.201    -2.90    3.96
  71456.989    13.042    -3.08    3.75
  71833.217    11.870    -3.12    3.82
  72209.447    11.436    -1.15    3.88
  72585.680    12.159     1.92    4.24
  72961.914    13.422     3.36    4.27
  73338.151    13.408    -0.04    4.19
  73714.390    13.328    -0.21    4.06
  74090.631    11.793    -4.08    4.78
  74466.874     8.979    -7.48    3.90
  74843.120     9.049     0.19    3.93
  75219.367    10.101     2.79    3.80
  75595.617    13.208     8.26    4.29
  75971.869    15.004     4.77    3.33
  76348.124    15.733     1.94    2.84
  76724.380    15.517    -0.57    3.23
  77100.639    14.211    -3.47    2.46
  77476.900    13.784    -1.13    2.17
  77853.163    13.408    -1.00    2.21
  78229.428    14.434     2.73    3.13
  78605.696    14.895     1.23    3.15
  78981.965    14.606    -0.77    3.12
  79358.237    14.331    -0.73    2.84
  79734.512    13.998    -0.89    2.95
  80110.788    14.274     0.73    2.91
  80487.067    15.357     2.88    3.10
  80863.348    16.652     3.44    3.08
  81239.631    18.316     4.42    3.23
  81615.916    18.159    -0.42    4.14
  81992.204    18.864     1.88    4.48
  82368.493    18.306    -1.48    4.30
  82744.785    17.974    -0.88    3.40
  83121.080    17.949    -0.07    3.32
  83497.376    16.921    -2.73    3.59
  83873.675    17.062     0.37    3.75
  84249.976    17.203     0.37    3.91
  84626.279    17.639     1.16    3.88
  85002.584    18.193     1.47    3.55
  85378.892    18.895     1.87    3.49
  85755.202    19.844     2.52    2.88
  86131.514    20.075     0.61    2.99
  86507.575    21.284     3.22    2.53
  86883.433    21.536     0.67    2.66
  87259.294    20.004    -4.08    5.60
  87635.156    16.632    -8.97    7.17
  88011.021    13.166    -9.22    7.41
  88386.888    10.114    -8.12    6.01
  88762.757    10.665     1.46    6.05
  89138.629    12.211     4.11    5.29
  89514.502    13.312     2.93    4.60
  89890.379    13.870     1.48    4.68
  90266.257    15.395     4.06    4.44
  90642.137    16.254     2.29    4.55
  91018.020    17.357     2.93    5.73
  91393.905    16.949    -1.08    6.42
  91769.793    17.290     0.91    6.74
  92145.682    16.844    -1.19    7.63
  92521.574    17.456     1.63    7.01
  92897.469    17.193    -0.70    7.13
  93273.365    16.177    -2.70    6.71
  93649.264    15.816    -0.96    5.92
  94025.165    13.382    -6.48    4.97
  94401.068    13.976     1.58    5.97
  94776.974    15.267     3.43    6.13
  95152.882    16.793     4.06    5.74
  95528.792    20.459     9.75    3.86
  95904.704    21.451     2.64    3.67
  96280.619    22.613     3.09    2.72
  96656.536    23.229     1.64    1.43
  97032.455    23.211    -0.05    1.51
  97408.377    22.947    -0.70    1.85
  97784.301    22.816    -0.35    1.99
  98160.227    22.004    -2.16    2.04
  98536.155    21.024    -2.61    2.38
  98912.086    19.895    -3.00    2.12
  99288.019    19.355    -1.44    2.08
  99663.955    18.357    -2.65    2.93
 100039.893    17.247    -2.95    3.10
 100415.833    16.517    -1.94    3.21
 100791.775    16.544     0.07    2.95
 101167.720    17.038     1.31    2.28
 101543.667    17.020    -0.05    2.11
 101919.616    16.420    -1.60    1.93
 102295.567    16.274    -0.39    1.80
 102671.521    17.254     2.61    1.81
 103047.478    18.166     2.42    2.23
 103423.436    19.343     3.13    2.90
 103799.397    21.024     4.47    2.38
 104175.360    22.001     2.60    2.19
 104551.326    23.139     3.03    2.02
 104927.294    23.895     2.01    1.83
 105303.264    24.395     1.33    1.50
 105679.236    25.193     2.12    1.49
 106055.211    25.536     0.91    1.37
 106431.188    25.922     1.02    1.22
 106807.168    26.004     0.22    1.20
 107183.150    25.652    -0.93    1.06
 107559.134    25.590    -0.17    1.35
 107935.121    25.511    -0.21    1.29
 108311.109    25.145    -0.97    1.30
 108687.101    25.166     0.05    1.26
 109063.094    25.095    -0.19    1.18
 109439.090    24.711    -1.02    1.63
 109815.089    24.331    -1.01    2.52
 110191.089    23.139    -3.17    3.50
 110567.092    22.793    -0.92    3.37
 110943.098    23.173     1.01    3.41
 111319.105    23.316     0.38    3.00
 111695.115    22.562    -2.01    3.10
 112071.128    20.895    -4.43    3.72
 112447.143    20.536    -0.95    3.09
 112823.160    20.870     0.89    2.88
 113199.179    22.193     3.52    3.26
 113575.201    24.139     5.18    2.86
 113951.225    25.139     2.66    2.49
 114327.252    25.331     0.51    2.37
 114703.281    25.456     0.33    2.46
 115079.313    25.652     0.52    2.37
 115455.346    27.024     3.65    3.90
 115831.382    28.816     4.77    4.30
 116207.421    30.369     4.13    4.08
 116583.462    32.166     4.78    2.78
 116959.505    32.970     2.14    2.36
 117335.551    33.316     0.92    2.95
 117711.599    33.274    -0.11    2.80
 118087.649    32.843    -1.15    3.00
 118463.702    31.812    -2.74    2.99
 118839.758    32.075     0.70    2.91
 119215.815    32.767     1.84    2.67
 119591.875    32.757    -0.03    2.45
 119967.938    32.247    -1.36    2.36
 120344.002    30.355    -5.03    4.32
 120720.070    29.790    -1.50    4.11
 121096.139    30.245     1.21    4.33
 121472.211    31.706     3.88    4.01
 121848.286    34.203     6.64    2.60
 122224.363    35.106     2.40    2.92
 122600.442    34.237    -2.31    4.05
 122976.524    34.814     1.53    4.65
 123352.608    35.720     2.41    4.58
 123728.694    36.001     0.75    3.83
 124104.783    37.284     3.41    2.50
 124480.875    36.679    -1.61    2.42
 124856.968    36.590    -0.24    2.59
 125233.065    37.177     1.56    2.63
 125609.163    37.716     1.43    2.30
 125985.264    37.838     0.33    2.45
 126361.368    37.382    -1.21    2.08
 126737.474    37.247    -0.36    1.90
 127113.582    37.328     0.22    1.72
 127489.693    38.195     2.31    1.98
 127865.806    38.841     1.72    1.96
 128241.921    39.211     0.98    1.79
 128618.040    39.632     1.12    2.23
 128994.160    39.690     0.15    2.50
 129370.283    40.787     2.92    3.96
 129746.408    43.770     7.93    7.59
 130122.536    48.343    12.16    9.62
 130498.666    52.284    10.48    8.91
 130874.799    53.814     4.07    6.69
 131250.934    54.090     0.73    6.70
 131627.072    53.843    -0.66    7.07
 132003.212    53.511    -0.88    7.37
 132379.355    51.513    -5.31    7.97
 132755.500    49.448    -5.49    8.43
 133131.647    47.463    -5.28    7.44
 133507.797    46.841    -1.65    6.45
 133883.949    48.536     4.51    6.66
 134260.104    51.553     8.02    6.30
 134636.262    54.485     7.79    5.65
 135012.421    55.972     3.95    5.26
 135388.584    56.793     2.18    6.29
 135764.748    56.679    -0.30    5.61
 136140.915    56.195    -1.29    6.25
 136517.085    57.639     3.84    6.56
 136893.257    58.034     1.05    6.47
 137269.432    59.490     3.87    5.91
 137645.609    58.517    -2.59    6.71
 138021.789    55.949    -6.83    7.18
 138397.971    52.921    -8.05    7.94
 138774.155    50.138    -7.40    8.05
 139150.342    46.613    -9.37    7.22
 139526.532    44.185    -6.46    6.68
 139902.724    42.729    -3.87    4.86
 140278.918    43.101     0.99    4.33
 140655.115    42.544    -1.48    3.86
 141031.315    43.998     3.86    3.60
 141407.517    45.685     4.48    4.79
 141783.721    47.152     3.90    5.94
 142159.928    48.841     4.49    5.64
 142536.138    48.843     0.00    5.80
 142912.350    49.459     1.64    5.75
 143288.564    50.340     2.34    4.90
 143664.781    50.382     0.11    4.91
 144041.001    51.598     3.23    4.99
 144417.223    52.517     2.44    5.54
 144793.447    53.193     1.80    5.36
 145169.674    53.695     1.34    5.36
 145545.904    55.645     5.18    6.22
 145922.136    58.264     6.96    7.00
 146298.370    59.679     3.76    6.25
 146674.608    60.434     2.01    5.94
 147050.847    60.316    -0.31    5.09
 147427.089    60.369     0.14    4.55
 147803.334    62.211     4.90    5.04
 148179.581    63.408     3.18    4.95
 148555.831    65.436     5.39    4.81
 148932.083    67.159     4.58    4.92
 149308.338    67.420     0.70    4.86
 149684.596    68.153     1.95    4.67
 150060.855    67.193    -2.55    5.40
 150437.118    65.841    -3.59    5.51
 150813.383    66.679     2.23    5.19
 151189.650    68.355     4.45    5.35
 151565.920    70.312     5.20    5.81
 151942.193    73.770     9.19    5.65
 152318.468    75.947     5.78    4.86
 152694.746    78.625     7.12    4.93
 153071.026    80.895     6.03    5.31
 153447.309    82.422     4.06    4.61
 153823.594    81.974    -1.19    4.39
 154199.882    82.001     0.07    4.31
 154576.173    81.254    -1.98    4.21
 154952.466    81.274     0.05    4.22
 155328.761    81.948     1.79    4.10
 155705.059    82.370     1.12    4.11
 156081.360    83.451     2.87    4.12
 156457.663    84.203     2.00    4.37
 156833.969    84.193    -0.03    4.81
 157210.278    83.598    -1.58    5.48
 157586.589    84.274     1.80    6.44
 157962.902    84.034    -0.64    7.60
 158339.218    82.511    -4.05    6.90
 158715.537    81.126    -3.68    6.75
 159091.858    81.264     0.37    6.04
 159468.182    81.495     0.62    4.75
 159844.509    81.290    -0.55    4.40
 160220.838    81.049    -0.64    4.79
 160597.169    81.316     0.71    5.05
 160973.504    81.742     1.13    5.07
 161349.840    82.840     2.92    5.60
 161725.701    84.264     3.79    5.50
 162101.529    85.434     3.11    5.45
 162477.359    85.118    -0.84    4.84
 162853.191    85.024    -0.25    4.76
 163229.026    84.112    -2.43    4.65
 163604.864    84.085    -0.07    5.19
 163980.704    84.706     1.65    5.10
 164356.547    85.423     1.91    5.83
 164732.393    85.793     0.98    4.94
 165108.241    84.164    -4.33    5.33
 165484.092    82.949    -3.23    5.92
 165859.945    79.203    -9.97    6.34
 166235.801    76.974    -5.93    5.68
 166611.659    75.972    -2.67    5.70
 166987.520    76.132     0.43    6.16
 167363.384    77.075     2.51    5.87
 167739.250    77.328     0.67    5.19
 168115.119    76.760    -1.51    4.61
 168490.991    76.485    -0.73    4.31
 168866.865    74.410    -5.52    4.75
 169242.742    73.152    -3.35    4.71
 169618.621    71.383    -4.71    4.80
 169994.503    70.090    -3.44    3.98
 170370.388    69.517    -1.52    4.00
 170746.275    69.034    -1.28    4.13
 171122.165    68.474    -1.49    4.30
 171498.058    66.920    -4.14    4.27
 171873.953    67.247     0.87    4.71
 172249.851    66.254    -2.64    5.33
 172625.751    65.448    -2.15    5.48
 173001.654    63.998    -3.86    6.45
 173377.560    61.031    -7.89    6.48
 173753.468    60.295    -1.96    6.59
 174129.379    61.031     1.96    6.95
 174505.293    63.382     6.26    6.74
 174881.209    64.760     3.67    4.87
 175257.128    63.781    -2.60    4.19
 175633.050    63.947     0.44    4.33
 176008.974    63.485    -1.23    3.88
 176384.901    63.979     1.31    4.16
 176760.830    63.004    -2.59    4.25
 177136.763    59.507    -9.30    7.71
 177512.697    54.474   -13.39    9.13
 177888.635    50.947    -9.38    6.84
 178264.575    51.517     1.52    6.87
 178640.518    54.895     8.99    7.19
 179016.463    58.816    10.43    4.74
 179392.411    61.369     6.79    4.39
 179768.362    63.139     4.71    4.73
 180144.316    63.395     0.68    4.61
 180520.272    64.220     2.19    4.42
 180896.231    62.949    -3.38    4.80
 181272.192    63.382     1.15    5.47
 181648.156    62.810    -1.52    5.89
 182024.123    63.229     1.11    5.73
 182400.093    63.947     1.91    5.23
 182776.065    64.951     2.67    5.09
 183152.040    66.027     2.86    5.11
 183528.017    66.757     1.94    5.19
 183903.998    68.606     4.92    4.80
 184279.981    69.357     2.00    4.84
 184655.966    70.868     4.02    4.52
 185031.955    72.948     5.53    4.75
 185407.946    75.237     6.09    6.73
 185783.939    79.331    10.89    7.39
 186159.936    82.544     8.54    7.34
 186535.935    84.520     5.26    7.21
 186911.937    86.639     5.63    6.76
 187287.941    85.301    -3.56    7.44
 187663.948    86.355     2.80    7.10
 188039.958    85.949    -1.08    6.70
 188415.971    84.844    -2.94    6.33
 188791.986    87.254     6.41    6.36
 189168.004    89.312     5.47    6.93
 189544.025    88.998    -0.84    7.84
 189920.048    88.979    -0.05    7.55
 190296.075    88.211    -2.04    7.19
 190672.104    88.434     0.59    5.85
 191048.135    89.949     4.03    5.96
 191424.170    93.211     8.67    7.27
 191800.207    95.080     4.97    7.27
 192176.246    97.745     7.09    6.70
 192552.289    98.922     3.13    5.77
 192928.334    97.720    -3.20    6.02
 193304.382    95.049    -7.10    7.05
 193680.433    93.139    -5.08    6.71
 194056.486    92.949    -0.50    6.89
 194432.542    94.760     4.82    7.11
 194808.601    94.665    -0.25    7.20
 195184.663    91.793    -7.64    8.27
 195560.727    88.368    -9.11    9.41
 195936.794    82.745   -14.95    8.80
 196312.864    81.553    -3.17    7.14
 196688.937    83.534     5.27    9.07
 197065.012    84.764     3.27    8.39
 197441.090    87.316     6.79    8.57
 197817.171    88.869     4.13    8.92
 198193.255    87.027    -4.90    8.23
 198569.341    87.670     1.71    8.37
 198945.430    86.301    -3.64    7.46
 199321.522    86.270    -0.08    7.19
 199697.617    85.588    -1.82    6.86
 200073.714    83.534    -5.46    7.03
 200449.814    82.841    -1.84    6.81
 200825.917    81.868    -2.59    6.85
 201202.023    80.632    -3.29    6.09
 201578.131    81.254     1.65    6.48
 201954.243    81.112    -0.38    5.72
 202330.357    80.470    -1.70    6.26
 202706.473    78.895    -4.19    8.29
 203082.593    76.220    -7.11    7.94
 203458.715    73.711    -6.67    8.03
 203834.840    72.536    -3.12    8.42
 204210.968    71.027    -4.01    7.59
 204587.099    69.737    -3.43    7.28
 204963.232    68.126    -4.28    6.91
 205339.369    66.679    -3.85    6.88
 205715.508    65.145    -4.08    6.37
 206091.650    63.470    -4.45    5.80
 206467.794    62.781    -1.83    6.15
 206843.942    63.625     2.24    7.29
 207220.092    64.814     3.16    8.32
 207596.245    68.247     9.13    7.97
 207972.400    67.995    -0.67    7.48
 208348.559    67.274    -1.92    7.21
 208724.720    66.295    -2.60    7.02
 209100.885    64.434    -4.95    6.84
 209477.052    66.463     5.39    7.04
 209853.221    68.843     6.33    6.97
 210229.394    70.357     4.03    7.21
 210605.569    71.580     3.25    6.26
 210981.748    71.340    -0.64    6.48
 211357.929    70.921    -1.11    6.59
 211734.113    71.112     0.51    6.51
 212110.299    72.229     2.97    5.82
 212486.489    72.588     0.95    5.43
 212862.681    74.553     5.22    4.88
 213238.876    76.787     5.94    5.30
 213615.074    76.355    -1.15    5.92
 213991.275    76.501     0.39    6.46
 214367.478    75.229    -3.38    6.75
 214743.685    74.645    -1.55    6.39
 215119.894    73.530    -2.97    6.14
 215496.106    72.588    -2.50    5.49
 215872.321    71.679    -2.42    5.31
 216248.539    70.229    -3.86    5.87
 216624.760    69.264    -2.56    5.92
 217000.983    67.870    -3.71    6.13
 217377.209    67.590    -0.74    6.79
 217753.438    64.844    -7.30    6.29
 218129.670    64.034    -2.15    7.03
 218505.905    64.485     1.20    7.95
 218882.143    64.998     1.36    7.99
 219258.383    65.954     2.54    7.49
 219634.627    65.625    -0.87    6.99
 220010.873    65.355    -0.72    6.63
 220387.122    65.922     1.51    6.31
 220763.374    66.343     1.12    6.27
 221139.629    66.949     1.61    5.56
 221515.887    67.627     1.80    5.83
 221892.147    68.101     1.26    5.58
 222268.410    69.053     2.53    5.15
 222644.677    68.895    -0.42    4.84
 223020.946    69.711     2.17    4.66
 223397.218    70.613     2.40    4.29
 223773.493    71.652     2.76    4.02
 224149.770    72.716     2.83    3.89
 224526.051    73.257     1.44    3.50
 224902.335    72.742    -1.37    3.67
 225278.621    71.844    -2.39    3.23
 225654.910    70.770    -2.85    4.14
 226031.202    68.793    -5.26    4.58
 226407.497    68.490    -0.80    3.94
 226783.795    68.737     0.66    3.51
 227160.096    69.409     1.78    3.39
 227536.400    68.951    -1.22    2.98
 227912.706    68.659    -0.78    3.00
 228289.016    67.998    -1.76    3.16
 228665.328    67.580    -1.11    2.70
 229041.643    67.659     0.21    2.74
 229417.961    66.485    -3.12    3.56
 229794.282    65.075    -3.75    3.79
 230170.606    63.895    -3.13    3.46
 230546.933    63.588    -0.82    3.97
 230923.263    63.841     0.67    4.63
 231299.596    63.536    -0.81    4.92
 231675.931    63.080    -1.21    5.41
 232052.270    62.427    -1.74    4.41
 232428.611    61.972    -1.21    3.98
 232804.955    62.895     2.45    2.91
 233181.303    61.760    -3.02    3.15
 233557.653    60.274    -3.95    3.31
 233934.006    59.507    -2.04    2.76
 234310.362    59.080    -1.13    2.63
 234686.721    59.101     0.06    3.17
 235063.082    57.814    -3.42    3.81
 235439.447    57.998     0.49    4.35
 235815.815    57.459    -1.43    4.28
 236192.185    58.203     1.98    4.23
 236568.374    58.290     0.23    3.88
 236944.158    57.665    -1.66    3.06
 237319.944    57.274    -1.04    3.04
 237695.733    57.463     0.50    2.84
 238071.526    57.290    -0.46    3.36
 238447.321    55.489    -4.79    4.90
 238823.119    52.536    -7.86    5.83
 239198.920    51.948    -1.57    5.29
 239574.724    52.571     1.66    4.74
 239950.531    54.053     3.94    4.42
 240326.341    55.312     3.35    4.34
 240702.154    54.001    -3.49    4.45
 241077.970    52.818    -3.15    5.12
 241453.789    51.544    -3.39    6.12
 241829.610    50.152    -3.70    5.84
 242205.435    49.331    -2.18    5.91
 242581.262    50.665     3.55    5.94
 242957.093    53.451     7.41    4.12
 243332.926    53.331    -0.32    3.95
 243708.763    52.976    -0.94    4.83
 244084.602    53.211     0.62    5.02
 244460.445    53.868     1.75    5.11
 244836.290    55.552     4.48    3.52
 245212.138    55.152    -1.06    3.08
 245587.989    55.185     0.09    2.97
 245963.844    54.951    -0.62    2.99
 246339.701    54.536    -1.10    2.48
 246715.561    54.368    -0.45    2.71
 247091.424    54.459     0.24    2.66
 247467.290    54.264    -0.52    2.32
 247843.159    54.382     0.31    1.64
 248219.031    53.895    -1.29    1.59
 248594.906    53.511    -1.02    1.77
 248970.784    53.280    -0.61    2.28
 249346.665    52.729    -1.47    2.48
 249722.549    51.998    -1.94    3.03
 250098.436    52.355     0.95    3.09
 250474.326    51.448    -2.41    2.77
 250850.219    51.733     0.76    2.19
 251226.115    52.131     1.06    1.79
 251602.014    50.562    -4.17    3.67
 251977.916    49.024    -4.09    5.55
 252353.820    45.895    -8.32    7.54
 252729.728    41.562   -11.53    8.68
 253105.639    37.257   -11.45    6.66
 253481.553    35.075    -5.80    3.47
 253857.470    35.126     0.14    3.34
 254233.390    35.814     1.83    2.78
 254609.313    35.316    -1.32    2.36
 254985.239    35.690     0.99    1.88
 255361.167    37.408     4.57    3.96
 255737.099    39.701     6.10    4.67
 256113.034    41.690     5.29    4.29
 256488.972    44.632     7.83    2.63
 256864.913    45.463     2.21    2.99
 257240.857    46.328     2.30    3.06
 257616.804    46.724     1.05    3.17
 257992.754    46.639    -0.23    3.08
 258368.707    47.331     1.84    2.58
 258744.663    47.062    -0.72    2.76
 259120.622    46.767    -0.78    2.86
 259496.584    47.145     1.01    3.36
 259872.550    47.767     1.65    3.56
 260248.518    47.485    -0.75    3.91
 260624.489    47.816     0.88    3.91
 261000.463    47.930     0.30    3.88
