-152131.751    51.528     0.00    3.01
-151755.693    52.085     1.48    3.21
-151379.635    52.141     0.15    3.46
-151003.575    51.533    -1.62    3.48
-150627.515    50.887    -1.72    3.15
-150251.453    50.669    -0.58    2.97
-149875.391    51.321     1.73    2.74
-149499.327    52.159     2.23    2.44
-149123.263    51.255    -2.40    2.45
-148747.197    50.936    -0.85    2.30
-148371.131    51.078     0.38    2.61
-147995.063    50.608    -1.25    2.09
-147618.995    50.192    -1.10    1.93
-147242.925    49.913    -0.74    2.02
-146866.855    50.727     2.16    2.61
-146490.783    52.064     3.56    2.79
-146114.711    52.782     1.91    2.72
-145738.637    53.669     2.36    2.70
-145362.562    54.244     1.53    2.37
-144986.487    54.447     0.54    2.07
-144610.410    54.676     0.61    1.70
-144234.332    55.244     1.51    1.57
-143858.253    55.111    -0.35    1.61
-143482.174    54.916    -0.52    1.93
-143106.093    54.702    -0.57    2.00
-142730.011    54.645    -0.15    1.94
-142353.928    55.269     1.66    2.06
-141977.844    55.335     0.18    1.81
-141601.759    54.474    -2.29    2.42
-141225.673    53.987    -1.30    2.39
-140849.586    53.833    -0.41    2.15
-140473.498    53.970     0.36    2.43
-140097.408    54.544     1.53    2.16
-139721.318    55.176     1.68    2.28
-139345.227    55.419     0.65    2.39
-138969.135    54.673    -1.98    3.07
-138593.041    54.186    -1.29    3.13
-138216.947    52.439    -4.64    4.09
-137840.851    51.064    -3.66    4.02
-137464.755    49.964    -2.93    4.94
-137088.657    50.176     0.56    5.37
-136712.558    49.281    -2.38    5.51
-136336.458    47.808    -3.92    5.71
-135960.357    48.090     0.75    4.15
-135584.256    48.051    -0.10    3.59
-135208.153    49.320     3.38    4.27
-134832.049    50.833     4.02    3.16
-134455.943    52.018     3.15    3.01
-134079.837    53.123     2.94    3.10
-133703.730    52.500    -1.66    3.53
-133327.621    52.202    -0.79    4.10
-132951.512    49.641    -6.81    6.08
-132575.401    46.808    -7.53    7.29
-132199.290    44.727    -5.53    7.84
-131823.177    43.645    -2.87    7.75
-131447.063    45.537     5.03    8.61
-131070.948    47.245     4.54    8.01
-130694.832    50.244     7.97    4.83
-130318.715    51.808     4.16    3.78
-129942.597    52.113     0.81    3.73
-129566.478    53.244     3.01    3.57
-129190.358    54.510     3.37    2.23
-128814.236    53.466    -2.78    3.22
-128438.113    51.544    -5.11    4.16
-128061.990    48.474    -8.16    5.10
-127685.865    43.673   -12.77    7.36
-127309.739    37.702   -15.87    9.15
-126933.612    34.433    -8.69    8.03
-126557.484    34.265    -0.45    8.87
-126181.355    38.213    10.50    8.97
-125805.224    44.862    17.68    4.55
-125429.093    47.105     5.96    4.40
-125052.960    50.564     9.20    4.25
-124676.827    52.085     4.04    3.44
-124300.692    51.008    -2.87    4.16
-123924.556    49.346    -4.42    4.58
-123548.419    46.510    -7.54    5.25
-123172.281    45.885    -1.66    4.84
-122796.141    46.018     0.36    5.25
-122420.001    46.308     0.77    5.15
-122043.859    47.308     2.66    4.20
-121667.717    47.654     0.92    3.84
-121291.573    47.891     0.63    4.62
-120915.428    48.544     1.74    5.42
-120539.282    47.705    -2.23    5.98
-120163.135    46.208    -3.98    5.49
-119786.986    43.141    -8.15    6.27
-119410.837    41.267    -4.98    6.06
-119034.686    38.862    -6.39    7.76
-118658.534    33.024   -15.52    9.86
-118282.381    28.835   -11.13    9.25
-117906.227    28.603    -0.62    8.06
-117530.072    29.149     1.45    7.58
-117153.915    31.754     6.92    7.48
-116777.758    35.115     8.94    6.54
-116401.599    37.755     7.02    7.28
-116025.439    40.115     6.27    7.59
-115649.278    42.781     7.09    6.83
-115273.116    44.167     3.68    7.07
-114896.953    46.429     6.02    6.15
-114520.788    47.429     2.66    5.67
-114144.622    48.564     3.02    6.05
-113768.455    50.408     4.90    6.12
-113392.287    51.192     2.09    6.16
-113016.118    51.423     0.61    6.02
-112639.948    51.058    -0.97    4.92
-112263.776    51.862     2.14    4.83
-111887.604    52.613     2.00    5.52
-111511.430    53.281     1.78    5.39
-111135.255    55.083     4.79    6.16
-110759.078    58.105     8.03    4.45
-110382.901    59.281     3.13    3.41
-110006.722    59.544     0.70    3.36
-109630.542    60.360     2.17    3.45
-109254.361    61.375     2.70    2.77
-108878.179    61.758     1.02    2.01
-108501.996    62.229     1.25    1.95
-108125.811    61.754    -1.26    1.94
-107749.625    61.105    -1.72    1.71
-107373.438    60.608    -1.32    2.19
-106997.250    59.654    -2.54    3.42
-106621.061    59.013    -1.70    3.97
-106244.870    58.780    -0.62    4.42
-105868.678    58.321    -1.22    4.28
-105492.485    58.997     1.80    3.45
-105116.291    58.943    -0.14    3.40
-104740.096    59.383     1.17    3.62
-104363.899    59.943     1.49    3.75
-103987.701    61.551     4.28    3.32
-103611.502    61.860     0.82    2.91
-103235.302    61.987     0.34    2.79
-102859.101    61.808    -0.48    3.15
-102482.898    60.686    -2.98    2.94
-102106.694    59.705    -2.61    2.56
-101730.489    59.224    -1.28    2.63
-101354.282    59.537     0.83    3.07
-100978.075    59.051    -1.29    3.86
-100601.866    59.591     1.44    4.12
-100225.656    60.859     3.37    4.06
 -99849.445    61.335     1.27    3.19
 -99473.232    61.423     0.23    3.10
 -99097.019    61.676     0.67    2.87
 -98720.804    61.169    -1.35    2.60
 -98344.587    61.346     0.47    2.20
 -97968.370    61.808     1.23    2.36
 -97592.151    62.571     2.03    2.95
 -97215.931    63.518     2.52    3.11
 -96839.824    63.936     1.11    2.60
 -96463.853    63.591    -0.92    2.55
 -96087.881    63.115    -1.27    2.45
 -95711.907    62.858    -0.69    2.15
 -95335.932    63.030     0.46    2.31
 -94959.956    63.321     0.77    2.30
 -94583.979    63.105    -0.58    2.30
 -94208.000    62.321    -2.08    2.73
 -93832.020    61.623    -1.86    2.69
 -93456.039    61.224    -1.06    2.22
 -93080.057    61.258     0.09    2.39
 -92704.073    60.676    -1.55    2.61
 -92328.088    60.564    -0.30    2.90
 -91952.102    60.167    -1.06    3.87
 -91576.115    59.334    -2.21    4.16
 -91200.126    58.044    -3.43    4.69
 -90824.136    57.645    -1.06    4.78
 -90448.145    56.961    -1.82    4.84
 -90072.152    56.224    -1.96    5.61
 -89696.158    55.679    -1.45    5.80
 -89320.163    54.808    -2.32    5.99
 -88944.167    53.337    -3.91    5.30
 -88568.169    53.970     1.68    5.11
 -88192.171    56.943     7.91    4.06
 -87816.170    59.159     5.89    2.68
 -87440.169    59.456     0.79    2.51
 -87064.166    59.483     0.07    2.53
 -86688.162    59.526     0.11    3.46
 -86312.157    59.218    -0.82    3.72
 -85936.150    59.018    -0.53    4.51
 -85560.142    58.676    -0.91    4.51
 -85184.133    57.913    -2.03    3.98
 -84808.122    58.141     0.61    3.64
 -84432.111    58.213     0.19    3.04
 -84056.097    59.192     2.60    2.82
 -83680.083    59.947     2.01    2.53
 -83304.067    60.474     1.40    2.44
 -82928.050    60.705     0.61    2.28
 -82552.032    61.120     1.10    2.60
 -82176.012    60.295    -2.19    3.28
 -81799.991    60.213    -0.22    3.55
 -81423.969    60.727     1.37    3.24
 -81047.945    60.269    -1.22    2.75
 -80671.921    59.483    -2.09    2.72
 -80295.894    58.295    -3.16    2.66
 -79919.867    56.577    -4.57    2.74
 -79543.838    54.348    -5.93    3.61
 -79167.808    52.571    -4.73    4.28
 -78791.776    49.551    -8.03    5.57
 -78415.744    47.141    -6.41    5.66
 -78039.709    46.510    -1.68    5.73
 -77663.674    47.992     3.94    6.16
 -77287.637    51.997    10.65    4.89
 -76911.599    54.835     7.55    2.94
 -76535.559    55.700     2.30    2.65
 -76159.519    55.808     0.29    2.36
 -75783.477    55.961     0.41    2.41
 -75407.433    54.731    -3.27    2.74
 -75031.388    52.613    -5.63    4.48
 -74655.342    51.115    -3.98    4.63
 -74279.295    49.419    -4.51    4.20
 -73903.246    48.628    -2.10    4.46
 -73527.195    48.229    -1.06    4.49
 -73151.144    47.862    -0.98    4.48
 -72775.091    48.591     1.94    5.11
 -72399.037    50.449     4.94    5.31
 -72022.981    52.637     5.82    4.84
 -71646.924    53.419     2.08    4.18
 -71270.866    51.650    -4.70    4.89
 -70894.806    50.105    -4.11    5.25
 -70518.745    49.618    -1.29    4.50
 -70142.683    49.294    -0.86    3.83
 -69766.619    50.351     2.81    3.16
 -69390.554    49.936    -1.10    3.50
 -69014.487    48.910    -2.73    3.68
 -68638.419    48.105    -2.14    3.88
 -68262.350    45.038    -8.15    5.69
 -67886.280    41.974    -8.15    6.50
 -67510.208    39.702    -6.04    6.37
 -67134.134    37.346    -6.27    5.04
 -66758.060    35.244    -5.59    6.32
 -66381.983    30.240   -13.30    8.91
 -66005.906    24.123   -16.26    9.68
 -65629.827    19.936   -11.13    8.46
 -65253.747    22.186     5.98   12.04
 -64877.665    28.090    15.70   14.07
 -64501.582    34.970    18.29   13.43
 -64125.498    43.240    21.99    7.68
 -63749.412    46.051     7.47    5.30
 -63373.325    46.335     0.76    5.67
 -62997.236    46.936     1.60    4.24
 -62621.146    47.708     2.05    3.63
 -62245.055    48.375     1.78    3.11
 -61868.962    48.983     1.62    4.18
 -61492.868    49.518     1.42    4.41
 -61116.772    50.526     2.68    3.93
 -60740.675    51.564     2.76    4.26
 -60364.576    52.218     1.74    3.75
 -59988.477    51.085    -3.01    4.96
 -59612.375    49.402    -4.48    5.60
 -59236.273    46.939    -6.55    7.51
 -58860.169    45.436    -4.00    7.72
 -58484.063    44.654    -2.08    7.41
 -58107.956    44.474    -0.48    8.31
 -57731.848    44.113    -0.96    8.35
 -57355.738    43.673    -1.17    6.87
 -56979.627    39.159   -12.00    9.09
 -56603.515    36.623    -6.74    9.43
 -56227.400    36.283    -0.91    8.60
 -55851.285    36.159    -0.33    8.63
 -55475.168    36.346     0.50   10.05
 -55099.050    35.387    -2.55   10.65
 -54722.930    34.755    -1.68   10.52
 -54346.809    34.618    -0.36   10.84
 -53970.686    36.658     5.42    9.89
 -53594.562    41.255    12.22    7.97
 -53218.437    44.613     8.93    6.66
 -52842.310    45.754     3.03    7.06
 -52466.182    47.474     4.57    6.36
 -52090.052    48.833     3.61    5.93
 -51713.921    49.936     2.93    4.78
 -51337.788    51.865     5.13    4.83
 -50961.654    52.889     2.72    3.71
 -50585.518    52.321    -1.51    4.49
 -50209.381    50.483    -4.89    5.09
 -49833.243    48.483    -5.32    6.12
 -49457.103    48.051    -1.15    6.23
 -49080.961    50.518     6.56    6.16
 -48704.818    50.466    -0.14    6.30
 -48328.674    51.115     1.73    6.01
 -47952.528    52.673     4.14    4.20
 -47576.381    52.458    -0.57    5.47
 -47200.232    52.834     1.00    5.14
 -46824.082    52.724    -0.29    4.50
 -46447.930    51.889    -2.22    4.48
 -46071.777    50.835    -2.80    4.77
 -45695.623    49.913    -2.45    5.25
 -45319.467    49.038    -2.32    4.92
 -44943.309    49.353     0.84    4.49
 -44567.150    49.676     0.86    4.98
 -44190.990    51.186     4.01    4.08
 -43814.828    52.669     3.94    3.28
 -43438.664    53.192     1.39    4.02
 -43062.499    53.939     1.99    3.62
 -42686.333    55.167     3.26    3.00
 -42310.165    56.859     4.50    3.19
 -41933.995    57.781     2.45    2.96
 -41557.824    58.213     1.15    2.97
 -41181.652    57.683    -1.41    3.44
 -40805.478    56.551    -3.01    3.79
 -40429.303    55.085    -3.90    4.62
 -40053.126    52.564    -6.70    5.88
 -39676.947    50.537    -5.39    5.50
 -39300.767    49.754    -2.08    6.35
 -38924.586    49.202    -1.47    6.64
 -38548.403    48.984    -0.58    6.49
 -38172.219    48.133    -2.26    6.68
 -37796.033    46.123    -5.34    7.49
 -37419.845    45.363    -2.02    8.04
 -37043.656    43.679    -4.48    8.40
 -36667.466    43.992     0.83    8.45
 -36291.274    43.913    -0.21    9.41
 -35915.080    43.255    -1.75    9.51
 -35538.885    43.269     0.04    9.10
 -35162.689    44.402     3.01    9.31
 -34786.491    46.044     4.37    7.46
 -34410.291    47.708     4.42    5.22
 -34034.090    47.408    -0.80    4.72
 -33657.888    45.970    -3.82    5.05
 -33281.683    43.645    -6.18    6.37
 -32905.478    41.645    -5.32    6.30
 -32529.270    39.267    -6.32    6.03
 -32153.062    36.293    -7.90    7.21
 -31776.851    31.633   -12.39    7.95
 -31400.640    25.150   -17.23   10.22
 -31024.426    16.808   -22.17   13.31
 -30648.211    11.038   -15.33   13.36
 -30271.995     8.492    -6.77   12.83
 -29895.777     5.500    -7.95   11.50
 -29519.557     4.483    -2.70   10.10
 -29143.336     0.654   -10.18    5.58
 -28767.114    -1.498    -5.72    5.39
 -28390.889    -2.929    -3.80    4.16
 -28014.664    -2.992    -0.17    2.95
 -27638.436    -0.869     5.64    3.88
 -27262.208     1.167     5.41    3.62
 -26885.977     3.051     5.01    4.87
 -26509.745     3.429     1.01    5.71
 -26133.512     3.862     1.15    6.98
 -25757.276     3.835    -0.07    7.64
 -25381.040     4.474     1.70    6.90
 -25004.802     4.679     0.55    6.64
 -24628.562     3.997    -1.81    6.94
 -24252.320     4.346     0.93    6.15
 -23876.078     5.397     2.79    6.78
 -23499.833     7.090     4.50    6.52
 -23123.587     7.466     1.00    5.34
 -22747.339     8.269     2.14    4.13
 -22371.090     7.510    -2.02    4.48
 -21994.839     4.835    -7.11    2.41
 -21618.851     4.702    -0.35    2.44
 -21242.917     4.714     0.03    2.51
 -20866.981     5.500     2.09    3.20
 -20491.043     8.044     6.77    5.05
 -20115.104     8.919     2.33    5.44
 -19739.163     7.997    -2.45    5.37
 -19363.221     6.419    -4.20    4.88
 -18987.277     3.729    -7.16    2.02
 -18611.332     3.269    -1.22    1.64
 -18235.384     3.456     0.50    1.90
 -17859.436     3.987     1.41    2.94
 -17483.485     5.013     2.73    3.85
 -17107.534     6.115     2.93    4.14
 -16731.580     8.240     5.65    4.75
 -16355.625    10.383     5.70    4.88
 -15979.668    12.105     4.58    4.25
 -15603.710    12.862     2.01    3.68
 -15227.750    13.240     1.01    3.61
 -14851.789    13.102    -0.37    3.43
 -14475.825    12.013    -2.90    2.77
 -14099.861    11.910    -0.27    2.82
 -13723.894    12.863     2.53    2.63
 -13347.926    14.097     3.28    3.29
 -12971.957    15.669     4.18    3.38
 -12595.986    17.913     5.97    2.30
 -12220.013    18.987     2.86    2.21
 -11844.038    20.645     4.41    2.13
 -11468.062    21.255     1.62    1.86
 -11092.085    21.571     0.84    1.65
 -10716.105    21.679     0.29    1.56
 -10340.124    21.808     0.34    1.91
  -9964.142    21.449    -0.95    2.18
  -9588.157    21.474     0.07    1.83
  -9212.172    21.169    -0.81    2.00
  -8836.184    20.267    -2.40    2.02
  -8460.195    20.391     0.33    2.51
  -8084.204    18.526    -4.96    4.10
  -7708.212    15.987    -6.75    6.27
  -7332.218    15.665    -0.86    6.71
  -6956.222    14.705    -2.55    5.99
  -6580.225    15.058     0.94    5.52
  -6204.226    15.097     0.10    4.84
  -5828.225    14.551    -1.45    4.98
  -5452.223    12.018    -6.74    7.03
  -5076.219    11.834    -0.49    7.04
  -4700.213    10.334    -3.99    6.89
  -4324.206    10.358     0.06    6.30
  -3948.197    10.024    -0.89    6.39
  -3572.186     9.033    -2.64    5.85
  -3196.174     9.387     0.94    6.38
  -2820.160     7.669    -4.57    6.74
  -2444.144     6.754    -2.43    6.60
  -2068.127     4.724    -5.40    6.83
  -1692.108     1.834    -7.69    5.16
  -1316.088     0.808    -2.73    4.41
   -940.065    -0.598    -3.74    2.41
   -564.042    -1.192    -1.58    0.00
   -188.016    -0.561     1.68    1.70
    188.011     0.334     2.38    2.42
    564.040     0.781     1.19    2.59
    940.071     1.756     2.59    3.96
   1316.103     1.071    -1.82    4.09
   1692.137     2.697     4.32    7.01
   2068.173     8.782    16.18   12.75
   2444.210    16.363    20.16   13.78
   2820.250    24.083    20.53    9.99
   3196.290    29.833    15.29    5.12
   3572.333    32.558     7.24    3.94
   3948.377    33.862     3.47    2.21
   4324.423    33.752    -0.29    2.28
   4700.470    33.334    -1.11    2.68
   5076.520    33.090    -0.65    2.71
   5452.571    32.997    -0.25    2.79
   5828.623    33.283     0.76    2.62
   6204.678    33.090    -0.51    2.43
   6580.734    33.202     0.30    2.32
   6956.791    33.483     0.75    2.11
   7332.851    33.705     0.59    1.98
   7708.912    33.346    -0.95    2.06
   8084.975    33.030    -0.84    1.85
   8461.040    33.449     1.11    2.05
   8837.106    33.613     0.44    2.04
   9213.174    33.936     0.86    2.36
   9589.244    34.192     0.68    2.41
   9965.315    34.292     0.27    2.58
  10341.388    34.159    -0.35    2.78
  10717.463    34.078    -0.22    2.63
  11093.540    33.970    -0.29    2.35
  11469.619    33.987     0.05    1.86
  11845.699    33.889    -0.26    1.79
  12221.781    34.192     0.81    1.79
  12597.864    34.295     0.27    1.92
  12973.949    33.628    -1.77    2.27
  13350.037    33.781     0.41    3.17
  13726.125    33.097    -1.82    3.42
  14102.216    31.808    -3.43    4.01
  14478.308    30.919    -2.36    3.36
  14854.402    29.943    -2.60    4.00
  15230.498    29.213    -1.94    4.15
  15606.596    29.150    -0.17    4.84
  15982.695    27.115    -5.41    7.04
  16358.796    22.745   -11.62    8.43
  16734.899    18.439   -11.45    8.05
  17111.003    16.913    -4.06    7.27
  17487.109    19.889     7.91    8.57
  17863.218    26.295    17.03    6.58
  18239.327    30.916    12.29    4.69
  18615.439    36.115    13.82    7.09
  18991.552    39.654     9.41    6.81
  19367.667    43.360     9.85    6.05
  19743.784    42.483    -2.33    8.17
  20119.903    40.064    -6.43    8.47
  20496.023    38.913    -3.06    8.29
  20872.145    39.141     0.61    7.49
  21248.269    42.051     7.74    6.24
  21624.395    43.105     2.80    5.48
  22000.523    44.267     3.09    3.97
  22376.652    45.013     1.98    4.05
  22752.783    44.964    -0.13    4.36
  23128.916    45.038     0.20    4.23
  23505.050    46.346     3.48    3.82
  23881.187    46.780     1.15    3.95
  24257.325    47.269     1.30    3.89
  24633.465    47.402     0.35    3.53
  25009.607    47.910     1.35    3.39
  25385.750    47.544    -0.97    4.08
  25761.896    48.551     2.68    4.82
  26138.043    49.781     3.27    5.13
  26514.192    51.064     3.41    3.70
  26890.343    51.683     1.64    3.13
  27266.495    51.151    -1.41    3.95
  27642.649    49.862    -3.43    4.36
  28018.806    46.159    -9.84    6.68
  28394.964    42.754    -9.05    7.56
  28771.123    40.618    -5.68    6.92
  29147.285    40.579    -0.10    6.80
  29523.448    43.433     7.59    7.69
  29899.613    45.038     4.27    7.67
  30275.780    45.483     1.18    7.75
  30651.949    46.218     1.95    7.64
  31028.120    46.413     0.52    7.21
  31404.292    47.913     3.99    6.63
  31780.467    49.229     3.50    4.38
  32156.643    49.731     1.33    4.11
  32532.821    49.645    -0.23    4.72
  32909.000    49.150    -1.32    4.94
  33285.182    49.883     1.95    5.29
  33661.365    49.613    -0.72    5.08
  34037.551    50.413     2.13    5.01
  34413.738    51.510     2.92    4.10
  34789.927    52.537     2.73    3.44
  35166.117    53.267     1.94    2.32
  35542.310    53.030    -0.63    2.15
  35918.504    53.141     0.30    2.46
  36294.701    53.474     0.89    2.29
  36670.899    53.645     0.46    2.44
  37047.099    53.987     0.91    2.29
  37423.301    54.229     0.64    2.26
  37799.504    54.090    -0.37    2.52
  38175.710    51.939    -5.72    4.39
  38551.917    50.038    -5.05    5.35
  38928.126    49.752    -0.76    5.67
  39304.337    50.229     1.27    5.54
  39680.550    52.244     5.36    4.77
  40056.765    53.808     4.16    2.98
  40432.982    53.731    -0.20    3.23
  40809.200    54.123     1.04    3.52
  41185.421    54.618     1.32    3.25
  41561.643    55.240     1.65    3.02
  41937.867    56.113     2.32    2.70
  42314.093    56.939     2.20    2.00
  42690.321    57.393     1.21    1.48
  43066.550    57.429     0.10    1.53
  43442.782    57.731     0.80    1.66
  43819.015    56.992    -1.96    1.97
  44195.251    56.334    -1.75    3.05
  44571.488    56.024    -0.82    3.08
  44947.727    55.883    -0.38    2.95
  45323.968    56.348     1.24    2.67
  45700.211    56.078    -0.72    2.47
  46076.456    56.429     0.93    2.06
  46452.702    56.252    -0.47    2.30
  46828.951    55.885    -0.98    2.57
  47205.201    54.603    -3.41    4.46
  47581.453    53.208    -3.71    5.23
  47957.708    51.862    -3.58    4.64
  48333.964    51.240    -1.65    5.02
  48710.222    48.650    -6.88    6.80
  49086.482    46.308    -6.22    7.86
  49462.743    44.700    -4.27    6.74
  49839.007    44.202    -1.32    7.03
  50215.273    45.466     3.36    6.59
  50591.540    48.141     7.11    6.32
  50967.810    50.970     7.52    5.23
  51344.081    53.233     6.01    4.97
  51720.354    54.755     4.05    4.04
  52096.629    55.613     2.28    3.97
  52472.906    56.024     1.09    4.22
  52849.185    56.835     2.16    3.37
  53225.387    57.474     1.70    3.09
  53601.281    57.756     0.75    2.29
  53977.176    57.690    -0.18    2.78
  54353.073    56.997    -1.84    3.57
  54728.972    55.997    -2.66    3.64
  55104.874    56.159     0.43    3.55
  55480.777    56.731     1.52    3.38
  55856.682    58.078     3.58    2.78
  56232.589    58.526     1.19    2.88
  56608.497    59.150     1.66    2.57
  56984.408    59.372     0.59    2.48
  57360.321    58.970    -1.07    2.95
  57736.235    58.588    -1.02    3.62
  58112.152    57.885    -1.87    3.86
  58488.070    57.835    -0.13    3.79
  58863.991    57.700    -0.36    3.20
  59239.913    55.970    -4.60    3.57
  59615.838    56.051     0.22    3.37
  59991.764    55.987    -0.17    3.19
  60367.692    55.551    -1.16    3.18
  60743.622    56.167     1.64    2.91
  61119.554    55.939    -0.60    2.75
  61495.488    55.252    -1.83    2.60
  61871.424    54.295    -2.55    2.50
  62247.362    54.281    -0.04    2.79
  62623.302    53.705    -1.53    3.14
  62999.244    52.966    -1.97    3.07
  63375.188    52.320    -1.72    3.96
  63751.134    51.456    -2.30    4.90
  64127.082    50.433    -2.72    5.56
  64503.031    49.372    -2.82    6.06
  64878.983    46.891    -6.60    7.58
  65254.937    44.429    -6.55    7.76
  65630.892    42.456    -5.25    6.94
  66006.850    41.456    -2.66    6.40
  66382.810    39.387    -5.51    5.66
  66758.771    35.502   -10.33    8.50
  67134.735    32.346    -8.39    9.53
  67510.700    27.387   -13.19    8.56
  67886.668    23.889    -9.30    5.42
  68262.637    24.756     2.31    4.42
  68638.609    25.781     2.73    4.09
  69014.582    25.860     0.21    4.27
  69390.558    25.058    -2.13    5.49
  69766.535    26.628     4.18    7.02
  70142.515    30.835    11.19    8.27
  70518.496    33.808     7.91    7.91
  70894.479    39.358    14.76    6.86
  71270.465    43.722    11.61    5.67
  71646.452    46.024     6.12    5.58
  72022.442    49.294     8.70    5.40
  72398.433    51.727     6.47    5.80
  72774.426    53.078     3.59    5.58
  73150.422    54.030     2.53    4.45
  73526.419    54.832     2.13    5.30
  73902.419    54.115    -1.91    5.72
  74278.420    54.456     0.91    5.40
  74654.424    54.518     0.16    5.73
  75030.429    56.176     4.41    4.83
  75406.437    57.679     4.00    4.37
  75782.446    58.113     1.15    4.46
  76158.458    57.987    -0.34    4.87
  76534.471    57.613    -0.99    5.49
  76910.487    57.551    -0.16    5.30
  77286.504    57.551     0.00    5.68
  77662.524    59.558     5.34    7.62
  78038.546    62.673     8.28    7.64
  78414.569    67.375    12.51    6.26
  78790.595    68.781     3.74    5.42
  79166.623    68.071    -1.89    5.18
  79542.652    67.240    -2.21    6.11
  79918.684    67.038    -0.54    5.47
  80294.718    67.474     1.16    5.18
  80670.754    68.571     2.92    4.48
  81046.792    69.997     3.79    4.18
  81422.832    74.013    10.68    5.31
  81798.874    76.859     7.57    5.47
  82174.918    79.078     5.90    4.57
  82550.964    78.423    -1.74    4.74
  82927.012    77.916    -1.35    4.19
  83303.062    76.577    -3.56    4.38
  83679.115    75.244    -3.55    4.74
  84055.169    74.839    -1.08    5.64
  84431.225    74.731    -0.29    5.55
  84807.284    73.970    -2.02    6.64
  85183.344    73.510    -1.22    7.55
  85559.407    71.038    -6.57    8.39
  85935.471    66.889   -11.03    7.75
  86311.538    65.961    -2.47    5.95
  86687.607    65.013    -2.52    6.16
  87063.677    63.808    -3.20    6.73
  87439.750    64.413     1.61    6.82
  87815.825    64.013    -1.06    8.09
  88191.902    63.218    -2.11    7.97
  88567.981    62.997    -0.59    7.22
  88944.063    61.018    -5.26    7.33
  89320.146    58.754    -6.02    8.02
  89696.231    59.051     0.79    8.29
  90072.319    58.727    -0.86    7.66
  90448.408    58.089    -1.70    7.96
  90824.500    59.218     3.00    8.50
  91200.593    58.731    -1.30    8.35
  91576.689    59.585     2.27    8.19
  91952.787    63.038     9.18    8.90
  92328.887    67.752    12.53    8.27
  92704.989    71.808    10.78    7.77
  93081.093    74.439     7.00    5.91
  93457.199    74.970     1.41    5.23
  93833.308    76.781     4.81    4.39
  94209.418    77.474     1.84    4.02
  94585.531    77.027    -1.19    4.38
  94961.645    76.169    -2.28    5.10
  95337.762    73.702    -6.56    6.42
  95713.881    70.229    -9.24    6.05
  96090.002    70.159    -0.19    6.42
  96466.125    70.943     2.08    6.36
  96842.250    72.779     4.88    6.23
  97218.377    74.577     4.78    5.97
  97594.507    76.115     4.09    5.42
  97970.638    75.669    -1.19    5.67
  98346.772    75.756     0.23    5.94
  98722.908    75.780     0.06    5.89
  99099.046    76.229     1.19    6.11
  99475.186    76.654     1.13    5.58
  99851.328    78.518     4.96    5.86
 100227.472    80.429     5.08    5.48
 100603.618    82.090     4.41    4.95
 100979.767    82.008    -0.22    3.83
 101355.918    81.943    -0.17    3.15
 101732.070    81.571    -0.99    3.65
 102108.225    82.618     2.79    3.81
 102484.382    81.862    -2.01    4.13
 102860.542    81.159    -1.87    4.31
 103236.703    79.208    -5.19    5.09
 103612.867    77.358    -4.92    4.84
 103989.032    76.683    -1.79    4.71
 104365.200    76.456    -0.60    4.60
 104741.370    76.910     1.21    5.01
 105117.542    74.781    -5.66    6.59
 105493.716    72.992    -4.76    6.78
 105869.893    72.603    -1.04    7.29
 106246.071    74.018     3.76    7.12
 106622.252    76.419     6.38    6.17
 106998.435    78.308     5.02    5.32
 107374.620    78.258    -0.13    5.72
 107750.807    78.113    -0.38    6.26
 108126.997    78.756     1.71    6.05
 108503.188    79.492     1.96    5.75
 108879.382    78.105    -3.69    5.69
 109255.578    77.700    -1.08    5.86
 109631.776    79.030     3.54    5.65
 110007.976    80.346     3.50    5.35
 110384.178    82.408     5.48    5.04
 110760.383    84.564     5.73    3.80
 111136.590    84.383    -0.48    4.06
 111512.799    84.413     0.08    4.89
 111889.010    82.702    -4.55    5.79
 112265.223    82.781     0.21    5.68
 112641.439    83.038     0.69    4.83
 113017.656    84.024     2.62    5.06
 113393.876    85.641     4.30    4.10
 113770.098    86.372     1.94    4.05
 114146.322    86.558     0.49    3.74
 114522.549    86.577     0.05    3.46
 114898.777    85.064    -4.02    3.86
 115275.008    84.335    -1.94    4.09
 115651.241    83.808    -1.40    4.53
 116027.477    82.375    -3.81    5.74
 116403.714    82.423     0.13    5.39
 116779.954    82.679     0.68    5.52
 117156.195    82.781     0.27    4.24
 117532.439    81.346    -3.81    5.08
 117908.686    79.269    -5.52    5.62
 118284.934    78.676    -1.58    6.05
 118661.185    79.294     1.64    6.53
 119037.438    80.372     2.86    6.18
 119413.693    80.729     0.95    5.37
 119789.950    81.780     2.79    4.29
 120166.210    79.090    -7.15    4.48
 120542.472    77.974    -2.96    4.74
 120918.736    78.346     0.99    5.17
 121295.002    78.654     0.82    6.18
 121671.270    76.959    -4.50    6.56
 122047.541    75.483    -3.92    7.53
 122423.814    72.889    -6.90    7.51
 122800.089    73.673     2.08    8.02
 123176.366    73.910     0.63    7.87
 123552.646    76.186     6.05    6.95
 123928.928    79.038     7.58    5.56
 124305.212    79.987     2.52    5.26
 124681.498    80.936     2.52    4.54
 125057.787    81.970     2.75    3.70
 125434.078    81.913    -0.15    3.99
 125810.371    81.439    -1.26    4.28
 126186.666    80.391    -2.79    5.19
 126562.963    79.654    -1.96    5.82
 126939.263    78.862    -2.11    6.78
 127315.565    75.729    -8.33    7.74
 127691.870    74.551    -3.13    7.22
 128068.176    73.558    -2.64    7.41
 128444.222    74.808     3.32    7.37
 128820.079    78.387     9.52    6.52
 129195.939    79.916     4.07    5.96
 129571.800    80.961     2.78    5.61
 129947.665    82.591     4.34    4.92
 130323.531    80.218    -6.31    5.73
 130699.400    79.141    -2.87    5.81
 131075.270    79.500     0.96    6.31
 131451.144    79.700     0.53    6.18
 131827.019    81.320     4.31    5.24
 132202.897    83.413     5.57    4.78
 132578.777    83.752     0.90    5.20
 132954.659    84.835     2.88    4.89
 133330.543    85.727     2.37    4.54
 133706.430    85.997     0.72    5.24
 134082.319    86.218     0.59    6.22
 134458.211    87.933     4.56    5.46
 134834.104    87.090    -2.24    5.98
 135210.000    85.038    -5.46    6.13
 135585.898    82.058    -7.93    6.28
 135961.799    81.961    -0.26    6.04
 136337.702    81.700    -0.70    6.00
 136713.607    81.679    -0.05    6.22
 137089.514    80.064    -4.30    6.12
 137465.424    78.449    -4.30    5.83
 137841.336    79.623     3.13    5.85
 138217.250    81.244     4.31    5.74
 138593.166    82.833     4.23    4.67
 138969.085    82.363    -1.25    5.41
 139345.006    81.727    -1.69    6.57
 139720.930    77.537   -11.14    7.68
 140096.856    73.321   -11.22    8.68
 140472.784    70.240    -8.20    8.92
 140848.714    69.036    -3.20    7.83
 141224.647    70.283     3.32    7.47
 141600.582    73.255     7.91    8.66
 141976.519    77.169    10.41    8.04
 142352.459    81.474    11.45    6.94
 142728.401    82.456     2.61    6.47
 143104.345    81.939    -1.38    6.10
 143480.291    81.913    -0.07    5.70
 143856.240    83.013     2.93    5.63
 144232.192    84.537     4.06    5.60
 144608.145    87.071     6.74    4.35
 144984.101    87.658     1.56    4.07
 145360.059    87.522    -0.36    4.08
 145736.020    86.159    -3.63    5.78
 146111.983    83.673    -6.61    7.44
 146487.948    83.051    -1.65    7.37
 146863.915    83.402     0.93    7.47
 147239.885    84.551     3.05    6.25
 147615.857    86.608     5.47    3.89
 147991.832    86.018    -1.57    3.22
 148367.809    85.132    -2.36    3.44
 148743.788    84.013    -2.98    3.90
 149119.770    83.018    -2.65    4.83
 149495.754    82.202    -2.17    5.38
 149871.740    81.466    -1.96    6.04
 150247.729    79.500    -5.23    6.26
 150623.720    77.058    -6.50    6.84
 150999.713    72.966   -10.88    6.91
 151375.709    68.558   -11.72    7.84
 151751.707    63.808   -12.63    8.24
 152127.707    61.618    -5.82    7.06
 152503.710    60.537    -2.88    5.82
 152879.715    60.564     0.07    6.13
 153255.723    61.456     2.37    5.00
 153631.733    60.252    -3.20    4.57
 154007.745    57.141    -8.27    6.93
 154383.760    53.679    -9.21    6.16
 154759.777    52.483    -3.18    5.49
 155135.796    51.679    -2.14    5.09
 155511.818    50.387    -3.44    7.34
 155887.842    45.577   -12.79    9.26
 156263.868    40.159   -14.41    7.57
 156639.897    36.346   -10.14    5.70
 157015.928    35.030    -3.50    3.47
 157391.962    35.781     2.00    2.79
 157767.998    36.679     2.39    2.88
 158144.037    36.776     0.26    3.70
 158520.077    35.551    -3.26    4.79
 158896.121    34.645    -2.41    5.00
 159272.166    34.483    -0.43    4.88
 159648.214    33.835    -1.72    5.08
 160024.265    35.197     3.62    5.35
 160400.318    35.123    -0.19    5.49
 160776.373    35.372     0.66    6.52
 161152.430    34.754    -1.64    7.13
 161528.490    33.808    -2.52    7.09
 161904.553    33.397    -1.09    7.05
 162280.618    35.192     4.77    6.80
 162656.685    36.078     2.36    6.23
 163032.754    36.526     1.19    6.14
 163408.827    37.835     3.48    5.29
 163784.901    37.727    -0.29    4.96
 164160.978    37.334    -1.04    4.75
 164537.057    35.808    -4.06    5.59
 164913.139    35.397    -1.09    5.80
 165289.223    36.781     3.68    5.23
 165665.310    39.294     6.68    3.62
 166041.399    41.267     5.25    4.47
 166417.490    43.808     6.76    5.30
 166793.584    46.308     6.65    6.11
 167169.680    49.583     8.71    8.44
 167545.779    52.510     7.78    9.46
 167921.880    56.346    10.20   10.41
 168297.984    60.628    11.39   10.65
 168674.090    63.295     7.09    9.70
 169050.198    66.456     8.41    7.28
 169426.309    68.244     4.75    7.21
 169802.422    68.943     1.86    7.50
 170178.538    69.835     2.37    6.71
 170554.656    71.159     3.52    6.64
 170930.777    69.089    -5.50    6.96
 171306.900    67.551    -4.09   10.38
 171683.026    66.115    -3.82   10.89
 172059.154    63.835    -6.06   10.17
 172435.284    62.913    -2.45    9.57
 172811.417    61.530    -3.68    7.99
 173187.553    60.255    -3.39    6.95
 173563.690    62.218     5.22    6.59
 173939.831    63.673     3.87    7.94
 174315.973    67.229     9.45    8.94
 174692.119    68.859     4.33   10.74
 175068.266    68.320    -1.43   10.30
 175444.417    66.970    -3.59    8.77
 175820.569    65.258    -4.55    9.99
 176196.724    63.997    -3.35    9.44
 176572.882    64.429     1.15    9.69
 176949.042    64.294    -0.36    8.41
 177325.204    64.893     1.59    8.76
 177701.370    67.961     8.16    8.77
 178077.537    71.320     8.93    7.30
 178453.707    74.808     9.27    6.14
 178829.879    77.176     6.30    5.43
 179206.054    78.197     2.71    5.77
 179582.232    79.597     3.72    5.85
 179958.412    79.679     0.22    6.20
 180334.594    78.889    -2.10    5.69
 180710.779    78.255    -1.68    5.62
 181086.966    80.334     5.53    6.82
 181463.156    82.683     6.24    6.31
 181839.349    84.348     4.43    5.99
 182215.544    83.936    -1.10    5.90
 182591.741    85.910     5.25    6.90
 182967.941    84.267    -4.37    7.72
 183344.143    85.835     4.17    6.96
 183720.348    88.618     7.40    7.20
 184096.556    88.961     0.91    7.10
 184472.766    89.961     2.66    6.20
 184848.978    90.197     0.62    6.06
 185225.193    91.244     2.78    6.02
 185601.410    91.650     1.08    5.71
 185977.630    90.752    -2.39    6.22
 186353.853    88.887    -4.96    6.48
 186730.078    86.360    -6.72    5.22
 187106.305    87.756     3.71    6.15
 187482.536    90.255     6.64    5.94
 187858.768    91.583     3.53    6.04
 188235.003    92.970     3.69    5.88
 188611.241    94.733     4.69    5.57
 188987.481    95.551     2.18    4.46
 189363.724    95.697     0.39    4.15
 189739.969    94.375    -3.51    4.63
 190116.217    92.429    -5.17    4.72
 190492.467    90.240    -5.82    7.20
 190868.720    88.628    -4.28    7.27
 191244.975    86.889    -4.62    6.68
 191621.233    84.910    -5.26    6.76
 191997.494    85.281     0.99    6.71
 192373.757    84.754    -1.40    6.64
 192750.022    84.577    -0.47    6.86
 193126.291    87.603     8.04    6.12
 193502.561    89.439     4.88    6.66
 193878.834    93.483    10.75    5.60
 194255.110    95.090     4.27    5.07
 194631.389    97.078     5.28    4.60
 195007.669    97.474     1.05    4.25
 195383.953    97.358    -0.31    4.13
 195760.239    97.224    -0.35    3.78
 196136.528    96.267    -2.54    3.90
 196512.819    95.537    -1.94    3.93
 196889.112    94.970    -1.51    3.13
 197265.409    94.202    -2.04    4.05
 197641.708    94.502     0.80    4.16
 198018.009    95.208     1.88    5.31
 198394.313    96.992     4.74    5.53
 198770.620    98.591     4.25    4.27
 199146.929    99.192     1.60    3.63
 199523.240    97.860    -3.54    3.77
 199899.555    95.387    -6.57    4.61
 200275.872    93.943    -3.84    5.84
 200652.191    92.705    -3.29    5.76
 201028.513    92.429    -0.73    5.78
 201404.838    92.705     0.73    5.79
 201781.165    92.633    -0.19    5.50
 202157.495    93.396     2.03    5.09
 202533.827    92.997    -1.06    4.29
 202910.162    94.240     3.30    3.83
 203286.500    95.159     2.44    3.68
 203662.341    96.808     4.39    3.18
 204038.164    97.502     1.85    3.32
 204413.990    98.183     1.81    4.59
 204789.818    98.577     1.05    4.71
 205165.649    97.727    -2.26    6.13
 205541.483    96.320    -3.74    7.44
 205917.319    94.018    -6.13    7.39
 206293.158    91.679    -6.22    6.51
 206669.000    90.889    -2.10    6.13
 207044.844    91.141     0.67    5.99
 207420.690    90.252    -2.37    6.12
 207796.540    89.115    -3.02    6.27
 208172.392    89.167     0.14    7.36
 208548.246    90.901     4.62    7.81
 208924.103    93.510     6.94    6.70
 209299.963    94.781     3.38    6.05
 209675.825    96.308     4.06    5.53
 210051.690    97.202     2.38    5.06
 210427.558    97.078    -0.33    5.31
 210803.428    96.397    -1.81    6.31
 211179.301    94.782    -4.30    6.69
 211555.177    95.808     2.73    7.06
 211931.055    95.097    -1.89    7.05
 212306.935    94.167    -2.48    7.21
 212682.819    91.885    -6.07    6.82
 213058.705    88.673    -8.55    6.63
 213434.593    86.449    -5.92    6.50
 213810.485    85.697    -2.00    6.61
 214186.379    83.654    -5.43    8.34
 214562.275    81.346    -6.14    9.26
 214938.175    80.526    -2.18    8.26
 215314.076    79.885    -1.71    6.89
 215689.981    80.537     1.74    6.59
 216065.888    83.889     8.92    8.29
 216441.798    89.192    14.11    8.28
 216817.710    93.591    11.70    8.63
 217193.625    96.603     8.01    7.40
 217569.543   100.064     9.21    7.24
 217945.464   102.308     5.97    5.74
 218321.387   103.159     2.26    4.43
 218697.312   102.885    -0.73    4.36
 219073.241   100.090    -7.43    6.09
 219449.172    96.456    -9.67    6.55
 219825.106    94.526    -5.14    6.45
 220201.042    93.483    -2.77    5.83
 220576.981    94.544     2.82    5.61
 220952.923    97.551     8.00    4.96
 221328.867    98.933     3.67    5.53
 221704.814    98.654    -0.74    5.91
 222080.764    97.372    -3.41    6.15
 222456.717    97.645     0.73    6.35
 222832.672    96.756    -2.37    5.79
 223208.629    96.916     0.42    5.92
 223584.590    97.449     1.42    4.37
 223960.553    95.859    -4.23    5.48
 224336.519    94.229    -4.34    6.90
 224712.488    91.966    -6.02    7.09
 225088.459    89.141    -7.51    6.71
 225464.433    87.320    -4.84    6.21
 225840.409    87.240    -0.21    5.97
 226216.389    86.834    -1.08    6.75
 226592.371    85.159    -4.46    7.99
 226968.355    83.700    -3.88    8.83
 227344.343    77.018   -17.77   13.47
 227720.333    69.839   -19.10   13.36
 228096.326    65.320   -12.02   11.48
 228472.321    63.372    -5.18    9.68
 228848.319    66.030     7.07   11.72
 229224.320    69.859    10.18   14.17
 229600.324    75.105    13.95   14.48
 229976.330    77.679     6.85   11.60
 230352.339    81.466    10.07   10.29
 230728.351    81.939     1.26   10.36
 231104.366    80.992    -2.52   10.19
 231480.383    82.628     4.35    9.77
 231856.403    83.308     1.81    9.82
 232232.426    85.754     6.51    9.00
 232608.451    88.255     6.65    8.26
 232984.479    89.281     2.73    7.20
 233360.510    89.240    -0.11    6.68
 233736.544    90.213     2.59    6.23
 234112.580    91.631     3.77    5.60
 234488.619    91.705     0.20    5.96
 234864.661    90.397    -3.48    6.59
 235240.705    87.363    -8.07    7.50
 235616.752    86.474    -2.36    8.00
 235992.802    86.186    -0.77    8.53
 236368.855    86.295     0.29    8.54
 236744.911    86.413     0.31    9.36
 237120.969    87.244     2.21    8.95
 237497.030    85.997    -3.32    8.64
 237873.094    84.474    -4.05    9.48
 238249.160    83.466    -2.68    9.55
 238625.229    81.863    -4.26    9.06
 239001.301    82.159     0.79    9.45
 239377.376    87.024    12.94    8.79
 239753.454    89.429     6.40    8.51
 240129.534    90.267     2.23    8.49
 240505.617    91.151     2.35    8.54
 240881.703    90.158    -2.64    8.67
 241257.791    85.500   -12.39   12.49
 241633.882    77.456   -21.39   15.57
 242009.977    69.295   -21.70   14.80
 242386.073    62.002   -19.39   12.16
 242762.173    58.544    -9.19    7.79
 243138.275    63.123    12.18    8.33
 243514.381    68.115    13.27    9.37
 243890.489    72.943    12.84    9.43
 244266.599    78.229    14.05    7.45
 244642.713    82.064    10.20    7.57
 245018.829    85.502     9.14    7.57
 245394.948    88.097     6.90    8.01
 245771.070    90.727     6.99    7.70
 246147.195    93.781     8.12    8.89
 246523.322    93.051    -1.94    9.55
 246899.452    91.608    -3.84   11.01
 247275.585    86.833   -12.70   13.89
 247651.721    81.958   -12.96   12.46
 248027.860    81.862    -0.26   12.23
 248404.001    84.526     7.08   13.87
 248780.145    86.889     6.28   11.90
 249156.292    91.729    12.87    8.52
 249532.442    93.654     5.12    7.08
 249908.595    95.064     3.75    7.78
 250284.750    97.754     7.15    8.26
 250660.909    99.018     3.36    8.95
 251037.070   100.449     3.80    9.07
 251413.234   102.159     4.55    8.95
 251789.400   100.346    -4.82    8.70
 252165.570    97.835    -6.68    8.72
 252541.742    98.051     0.57    7.54
 252917.917    96.105    -5.17    7.61
 253294.095    96.808     1.87    7.99
 253670.276    97.961     3.07    7.92
 254046.459    97.433    -1.41    7.89
 254422.646    97.727     0.78    7.53
 254798.835    98.208     1.28    7.93
 255175.027    98.544     0.90    7.42
 255551.222   100.551     5.33    7.17
 255927.420    99.833    -1.91    6.91
 256303.620   100.987     3.07    6.78
 256679.824   103.419     6.46    7.36
 257056.030   103.808     1.03    6.77
 257432.239   106.449     7.02    5.86
 257808.451   109.974     9.37    7.18
 258184.666   111.808     4.87    7.07
 258560.884   113.987     5.79    6.58
 258937.104   113.645    -0.91    6.51
 259313.327   113.159    -1.29    5.49
 259689.554   111.429    -4.60    6.14
 260065.783   106.474   -13.17    8.37
 260442.014   103.533    -7.82    8.22
 260818.249   103.186    -0.92    7.88
 261194.487   102.933    -0.67    7.60
 261570.727   103.334     1.07    7.69
 261946.971   101.992    -3.57    7.84
 262323.217    99.645    -6.24    7.11
 262699.466    99.756     0.29    5.96
 263075.718   100.213     1.21    7.07
 263451.972   101.474     3.35    6.42
 263828.230   103.192     4.57    6.81
 264204.491   103.169    -0.06    5.88
 264580.754   103.961     2.11    5.26
 264957.020   106.295     6.20    5.36
 265333.289   107.197     2.40    4.68
 265709.561   108.429     3.28    5.10
 266085.836   108.132    -0.79    7.00
 266462.114   107.295    -2.22    7.50
 266838.395   106.859    -1.16    7.51
 267214.678   106.970     0.29    6.68
 267590.965   108.183     3.22    5.73
 267967.254   109.013     2.21    4.84
 268343.546   109.729     1.90    4.77
 268719.841   111.997     6.03    3.17
 269096.140   112.167     0.45    3.30
 269472.440   111.141    -2.73    4.15
 269848.744   109.669    -3.91    4.30
 270225.051   108.808    -2.29    4.90
 270601.361   107.835    -2.58    5.68
 270977.673   104.449    -9.00    7.50
 271353.988   102.397    -5.45    8.28
 271730.307   101.131    -3.36    8.87
 272106.628   101.132     0.00    9.39
 272482.952   101.755     1.66    9.61
 272859.279   100.645    -2.95    9.44
 273235.609   100.233    -1.10    8.94
 273611.942   100.375     0.38    9.11
 273988.278   100.633     0.68    9.96
 274364.617   101.218     1.56    8.91
 274740.958   100.654    -1.50    9.20
 275117.303    99.213    -3.83   11.85
 275493.650    97.255    -5.20   12.79
 275870.001    94.038    -8.55   13.67
 276246.354    94.447     1.08   13.15
 276622.710    93.859    -1.56   11.52
 276999.070    97.613     9.98    9.62
 277375.432   102.097    11.91    8.16
 277751.797   103.423     3.52    8.79
 278128.165   102.651    -2.05    7.72
 278504.333   105.673     8.03    7.98
 278880.122   106.913     3.30    8.37
 279255.914   109.294     6.34    7.98
 279631.709   112.603     8.80    7.37
 280007.506   115.618     8.03    5.70
 280383.307   115.577    -0.11    6.53
 280759.110   113.013    -6.82    7.79
 281134.917   111.526    -3.96    6.70
 281510.726   112.159     1.69    7.35
 281886.539   114.705     6.78    6.59
 282262.354   114.679    -0.07    6.19
 282638.172   114.224    -1.21    7.03
 283013.993   113.987    -0.63    7.56
 283389.818   115.186     3.19    8.90
 283765.645   115.992     2.14    8.31
 284141.475   111.961   -10.72   11.67
 284517.308   108.183   -10.06   11.35
 284893.144   104.466    -9.89    9.25
 285268.983   103.255    -3.22    8.83
 285644.825   104.213     2.55    9.42
 286020.669   109.090    12.98    9.35
 286396.517   112.727     9.68    8.71
 286772.368   115.500     7.38    8.40
 287148.222   117.269     4.71    6.55
 287524.079   118.577     3.48    6.06
 287899.938   118.943     0.97    4.97
 288275.801   117.833    -2.95    4.94
 288651.667   117.097    -1.96    4.34
 289027.535   116.280    -2.17    4.45
 289403.407   114.078    -5.86    6.67
 289779.282   108.375   -15.17    8.14
 290155.159   104.913    -9.21    8.80
 290531.040   103.808    -2.94    8.83
 290906.923   105.776     5.24    9.59
 291282.810   108.308     6.73    8.65
 291658.699   110.071     4.69    6.88
 292034.592   111.673     4.26    6.48
 292410.487   109.833    -4.89    7.15
 292786.386   107.321    -6.68    8.12
 293162.287   103.808    -9.35    8.44
 293538.192   103.474    -0.89    9.01
 293914.099   102.372    -2.93   10.18
 294290.010   102.051    -0.85   10.01
 294665.924   101.577    -1.26    9.88
 295041.840   100.192    -3.68    8.99
 295417.760    97.613    -6.86    7.31
 295793.682    97.321    -0.78    8.33
 296169.608    97.024    -0.79    7.96
 296545.536    97.186     0.43    8.10
 296921.468    95.218    -5.24    9.20
 297297.402    92.089    -8.32   10.80
 297673.340    90.676    -3.76   10.56
 298049.281    88.544    -5.67   11.28
 298425.224    88.363    -0.48   10.89
 298801.171    84.423   -10.48   11.81
 299177.121    80.267   -11.06   13.74
 299553.074    74.782   -14.59   14.99
 299929.029    67.756   -18.69   10.43
 300304.988    67.295    -1.23    7.84
 300680.950    73.387    16.20   10.43
 301056.915    80.782    19.67   10.18
 301432.883    86.835    16.10    9.42
 301808.854    90.048     8.54    8.19
