# NaN NaN NaN ;Mean Elev.(m), Avg Gradient(m/km), RMS Gradient(m/km) - SRTM1     
#   29.651  -0.239   4.992 ;Mean Elev.(m), Avg Gradient(m/km), RMS Gradient(m/km) - ASTER GDEM
#   24.265  -0.699   4.844 ;Mean Elev.(m), Avg Gradient(m/km), RMS Gradient(m/km) - GMTED2010 
  7 295.462155  -3.336972    35.661    35.626  4 52471.59462326 26.559
  8 295.464442  -3.338078    27.547    27.508  5 52506.59460130 39.013
  9 295.470298  -3.339653    30.902    30.368  4 52541.59458382 36.363
 10 295.461557  -3.335569    27.057    27.064  5 52576.59463211 51.816
 11 295.464123  -3.336249    31.385    31.409  5 52611.59459497 21.016
 12 295.465792  -3.337266    32.076    32.033  5 52646.59458124 20.616
 13 295.472988  -3.340914    31.866    31.768  5 52681.59455278 20.904
 15 295.455262  -3.332895    34.592    34.623  5 52751.59463407 50.158
 16 295.463533  -3.336805    36.136    36.151  4 52786.59457855 46.834
 17 295.464534  -3.336964    36.749    36.769  5 52821.59465203 47.126
 18 295.467596  -3.338105    35.908    35.911  4 52856.59469956 51.991
 19 295.461708  -3.337148    32.088    32.084  5 52891.59473198 24.748
 20 295.463790  -3.337030    27.506    27.529  5 52926.59468436 52.733
 21 295.471747  -3.341451    31.166    31.445  5 52961.59465324 20.718
 22 295.463270  -3.336940    29.630    28.845  5 52996.59469333 29.361
 23 295.464638  -3.336704    32.218    32.230  5 53031.59465376 46.906
 24 295.468459  -3.337968    31.636    31.662  5 53066.59466277 19.694
 25 295.462192  -3.336177    31.883    31.999  4 53101.59465990 24.022
 26 295.469911  -3.338715    34.185    34.170  5 53136.59466435 38.866
 27 295.463041  -3.336750    34.179    34.174  4 53171.59471482 44.250
 28 295.463760  -3.336792    34.033    34.083  5 53206.59472858 38.608
 29 295.469008  -3.338730    32.239    32.163  4 53241.59469635 20.112
 30 295.465510  -3.337935    31.376    31.508  4 53276.59466729 20.377
 31 295.462290  -3.337284    30.973    30.954  4 53311.59470699 15.793
 32 295.466553  -3.338028    30.591    30.578  4 53346.59467294 49.873
 33 295.466895  -3.337950    31.250    31.315  5 53381.59463217 34.297
 34 295.471538  -3.339759    30.959    30.962  5 53416.59465134 43.399
 35 295.466422  -3.338732    32.952    32.848  5 53451.59464929 25.615
 36 295.458148  -3.334939    34.255    34.226  4 53486.59473374 26.812
 37 295.467510  -3.339145    35.300    35.277  4 53521.59472680 25.997
 38 295.458576  -3.335885    34.717    34.718  5 53556.59475127 51.417
 39 295.472505  -3.341431    32.128    32.093  5 53591.59469006 20.901
 40 295.458891  -3.335398    31.689    31.550  4 53626.59467722 15.233
 41 295.463016  -3.336134    28.928    29.960  5 53661.59470313 20.055
 42 295.465614  -3.337395    28.710    28.746  5 53696.59467160 44.525
 43 295.469611  -3.338457    28.218    28.202  5 53731.59459436 49.592
 44 295.471044  -3.339876    30.901    30.914  5 53766.59456715 51.227
 45 295.469578  -3.339375    33.460    33.463  4 53801.59456865 50.223
 46 295.465305  -3.337745    33.862    33.849  4 53836.59457654 24.383
 47 295.464950  -3.338395    35.637    35.644  5 53871.59463181 44.613
 48 295.462242  -3.335922    35.335    35.328  4 53906.59467025 53.136
 49 295.456591  -3.333449    31.818    31.821  4 53941.59469859 50.327
 50 295.463663  -3.336362    30.685    31.616  4 53976.59465420 23.288
 51 295.466509  -3.338190    24.770    24.744  4 54011.59465710 51.943
 52 295.471252  -3.340073    28.535    29.813  5 54046.59467121 23.241
 53 295.465696  -3.336985    29.878    29.836  5 54081.59466354 36.719
 54 295.466220  -3.338153    32.249    32.241  4 54116.59459605 27.827
 55 295.464354  -3.337582    32.597    32.787  5 54151.59461449 34.136
 56 295.466226  -3.337805    32.252    32.177  4 54186.59458881 26.368
 57 295.464311  -3.337398    34.722    34.732  5 54221.59462341 48.955
 58 295.465553  -3.337566    35.684    35.679  4 54256.59464641 52.037
 59 295.467210  -3.338060    34.500    34.305  5 54291.59464891 31.088
 60 295.467684  -3.338251    31.597    31.581  5 54326.59464574 41.070
 61 295.466563  -3.339241    27.421    25.526  5 54361.59459685 32.842
 62 295.466786  -3.338959    27.805    26.750  4 54396.59458605 25.873
 63 295.467607  -3.338375    29.185    29.133  5 54431.59454685 38.938
 64 295.467328  -3.338336    30.852    30.667  4 54466.59456686 29.031
 65 295.466876  -3.338611    32.445    32.473  4 54501.59456080 24.656
 66 295.467166  -3.338477    33.112    33.052  5 54536.59458191 40.936
 67 295.467167  -3.338716    34.591    34.618  5 54571.59456231 50.562
 68 295.465497  -3.337875    35.436    35.458  4 54606.59457550 32.239
 69 295.465470  -3.337133    35.056    35.072  4 54641.59458477 24.740
 70 295.464787  -3.336879    33.143    33.144  4 54676.59458644 49.665
 71 295.468223  -3.338519    28.775    28.528  5 54711.59454168 49.062
 72 295.465214  -3.336916    30.943    30.993  5 54746.59455517 22.004
 73 295.466909  -3.339300    31.007    30.968  5 54781.59452778 25.212
 74 295.465983  -3.337471    30.441    30.426  4 54816.59454764 32.688
 75 295.466705  -3.338322    30.948    30.886  4 54851.59452543 30.743
 76 295.464460  -3.337102    33.712    33.607  5 54886.59455239 35.099
 77 295.464558  -3.337779    35.041    35.052  4 54921.59452580 28.054
 78 295.464863  -3.336886    36.227    36.221  4 54956.59454740 27.625
 79 295.463097  -3.337481    37.407    37.387  4 54991.59457128 48.126
 80 295.466721  -3.337867    36.659    36.557  5 55026.59456193 28.643
 81 295.466155  -3.338700    34.792    34.796  4 55061.59455499 50.837
 82 295.465788  -3.337445    31.484    31.669  4 55096.59450456 23.898
 83 295.465069  -3.338660    26.996    26.990  5 55131.59449853 47.536
 84 295.467395  -3.338437    26.548    25.680  5 55166.59446661 44.871
 85 295.464938  -3.337909    31.117    30.712  4 55201.59449031 24.976
 86 295.465511  -3.337980    31.227    30.971  5 55236.59447370 27.478
 87 295.465742  -3.337591    32.211    32.174  5 55271.59448428 27.485
 88 295.467233  -3.339411    33.779    33.806  5 55306.59445475 50.736
 89 295.466533  -3.337562    34.799    34.842  4 55341.59445472 26.020
 90 295.466588  -3.338023    35.116    35.123  5 55376.59444807 47.331
 91 295.466634  -3.338431    31.567    31.573  4 55411.59447084 51.500
 92 295.466868  -3.337869    30.517    30.376  5 55446.59446304 36.054
 93 295.467148  -3.340358    24.112    21.495  4 55481.59439574 25.810
