# NaN NaN NaN ;Mean Elev.(m), Avg Gradient(m/km), RMS Gradient(m/km) - SRTM1     
#   15.132  -2.268   5.748 ;Mean Elev.(m), Avg Gradient(m/km), RMS Gradient(m/km) - ASTER GDEM
#   21.004  -2.103   5.103 ;Mean Elev.(m), Avg Gradient(m/km), RMS Gradient(m/km) - GMTED2010 
  8 297.067748  -4.019043    30.166    30.166  2 52489.09321604 28.104
  9 297.063850  -4.019865    27.793    27.828  3 52524.09319158 24.219
 10 297.061458  -4.020073    22.561    22.561  2 52559.09324123 25.245
 11 297.058560  -4.021733    23.624    23.624  2 52594.09324358 30.862
 12 297.069322  -4.018665    26.175    26.175  2 52629.09317120 39.524
 13 297.062669  -4.019968    26.967    26.958  3 52664.09320565 15.025
 14 297.069914  -4.020053    26.734    26.773  3 52699.09318019 21.801
 15 297.071069  -4.019022    27.962    27.962  2 52734.09320598 19.758
 16 297.062090  -4.020101    29.582    29.582  2 52769.09320391 23.210
 17 297.064409  -4.020997    30.942    30.942  2 52804.09323081 29.344
 18 297.066258  -4.019770    31.153    31.153  2 52839.09329363 43.168
 19 297.065329  -4.020230    29.039    29.056  3 52874.09333301 32.215
 21 297.072201  -4.019322    23.366    22.644  3 52944.09324419 21.885
 22 297.065894  -4.020620    28.022    28.022  2 52979.09329859 14.316
 23 297.062238  -4.021285    25.226    25.226  2 53014.09329671 25.247
 24 297.065231  -4.020011    24.985    25.030  3 53049.09326896 24.125
 25 297.057419  -4.021147    28.124    27.831  3 53084.09330426 15.733
 26 297.061647  -4.020657    28.122    28.122  2 53119.09327457 25.292
 27 297.058773  -4.020328    28.937    28.731  3 53154.09332656 25.470
 28 297.070623  -4.018881    28.963    28.963  2 53189.09331565 23.791
 29 297.066635  -4.019644    28.562    28.562  2 53224.09332972 46.741
 30 297.060280  -4.021137    27.921    27.738  3 53259.09330470  8.816
 31 297.057089  -4.021451    27.491    27.491  2 53294.09332927 15.670
 32 297.066140  -4.020517    23.907    23.931  3 53329.09330249 42.717
 33 297.068132  -4.020267    27.924    27.901  3 53364.09325413 13.786
 35 297.066608  -4.019100    27.585    27.585  2 53434.09326845 46.058
 36 297.063336  -4.020725    28.709    28.709  2 53469.09330998 19.050
 37 297.059805  -4.020391    30.239    30.244  3 53504.09335490 38.488
 38 297.062969  -4.019763    30.451    30.402  3 53539.09335287 41.988
 39 297.060691  -4.020266    28.415    28.415  2 53574.09335049 38.025
 40 297.062756  -4.019686    27.359    27.359  2 53609.09330040 13.666
 41 297.064240  -4.020236    18.976    18.976  2 53644.09330267 48.277
 42 297.059318  -4.020432    20.147    20.172  3 53679.09332044 26.118
 44 297.069870  -4.019277    26.713    26.713  2 53749.09316352 17.287
 45 297.068642  -4.020498    27.502    27.502  2 53784.09319394 18.837
 46 297.067264  -4.019369    28.738    28.738  2 53819.09315557 35.272
 47 297.060762  -4.021127    29.571    29.531  3 53854.09323537 21.227
 48 297.071973  -4.019939    30.866    30.853  3 53889.09324366 51.031
 49 297.054703  -4.020901    29.292    29.275  3 53924.09331156 22.503
 50 297.057322  -4.021118    25.727    25.727  2 53959.09330235 30.444
 51 297.068271  -4.020380    21.494    21.494  2 53994.09323299 44.521
 52 297.066791  -4.019897    20.234    20.234  2 54029.09329240 43.242
 53 297.068391  -4.019644    22.259    22.230  3 54064.09328567 31.655
 54 297.064352  -4.020733    25.396    25.396  2 54099.09325219 22.423
 55 297.065240  -4.019894    27.460    27.460  2 54134.09321035 27.303
 57 297.064593  -4.020667    28.039    28.053  3 54204.09321388 25.677
 58 297.065489  -4.020327    29.889    29.977  3 54239.09324904 23.506
 59 297.065322  -4.020610    30.361    30.361  2 54274.09326656 26.100
 60 297.065461  -4.020184    29.364    29.364  2 54309.09326793 36.150
 61 297.065717  -4.019904    23.678    23.589  3 54344.09324520 30.843
 62 297.065223  -4.020463    20.096    20.080  3 54379.09320364 40.617
 63 297.064835  -4.020828    22.494    22.494  2 54414.09319288 47.844
 64 297.064866  -4.019289    25.127    25.127  2 54449.09317059 41.115
 65 297.066751  -4.020550    26.983    26.983  2 54484.09318711 18.657
 66 297.066051  -4.019119    28.092    28.092  2 54519.09318414 17.781
 67 297.064324  -4.019766    28.792    28.811  3 54554.09319903 19.224
 68 297.064749  -4.020273    29.375    29.375  2 54589.09318036 23.934
 69 297.064318  -4.019382    30.585    30.585  2 54624.09319781 32.607
 70 297.062924  -4.020182    29.625    29.527  3 54659.09320614 21.398
 71 297.065055  -4.020066    27.123    27.175  3 54694.09318662 28.435
 72 297.065416  -4.019748    21.438    21.438  2 54729.09316076 30.919
 73 297.064505  -4.020021    22.836    20.825  3 54764.09316421 21.259
 74 297.064547  -4.020371    27.801    27.879  3 54799.09315331 14.074
 75 297.064572  -4.021023    26.956    27.084  3 54834.09315498 19.766
 76 297.065918  -4.020810    28.025    28.025  2 54869.09315042 15.611
 77 297.062531  -4.019828    29.472    29.500  3 54904.09316407 34.278
 78 297.064904  -4.019528    30.842    30.842  2 54939.09314164 32.463
 79 297.064131  -4.019829    31.676    31.673  3 54974.09317301 33.602
 80 297.063475  -4.019900    32.203    32.203  2 55009.09318647 40.852
 81 297.065253  -4.020141    31.075    31.075  2 55044.09317626 27.680
 82 297.064543  -4.019601    28.247    28.237  3 55079.09315349 37.512
 83 297.065483  -4.020485    28.572    28.572  2 55114.09310852 17.095
 84 297.063631  -4.019918    20.998    20.723  3 55149.09310848 34.535
 85 297.064815  -4.020304    24.385    24.385  2 55184.09309128 22.987
 86 297.063499  -4.019607    22.616    22.616  2 55219.09310679 24.165
 87 297.066398  -4.019299    29.019    29.019  2 55254.09308705 17.093
 88 297.063534  -4.020094    27.551    27.551  2 55289.09309621 19.214
 89 297.062936  -4.020999    29.475    29.494  3 55324.09307484 40.909
 90 297.063973  -4.020949    30.217    30.217  2 55359.09307274 23.050
 91 297.064679  -4.020319    28.979    29.007  3 55394.09307654 20.893
 92 297.065568  -4.019268    25.891    25.891  2 55429.09308881 23.601
 93 297.066331  -4.020261    18.658    18.658  2 55464.09305149 45.999
