# NaN NaN NaN ;Mean Elev.(m), Avg Gradient(m/km), RMS Gradient(m/km) - SRTM1     
#   49.018   0.550   5.416 ;Mean Elev.(m), Avg Gradient(m/km), RMS Gradient(m/km) - ASTER GDEM
#   53.192  -0.098   3.350 ;Mean Elev.(m), Avg Gradient(m/km), RMS Gradient(m/km) - GMTED2010 
  8    53.788 52496.60457656 24.85 291.877522  -3.332763 25.010
  8    53.816 52496.60457721 25.29 291.876802  -3.336073 25.010
  8    53.899 52496.60457785 25.35 291.876069  -3.339373  8.612
  8    53.927 52496.60457850 25.92 291.875349  -3.342683  8.612
  8    54.048 52496.60457914 24.64 291.874619  -3.345983  8.612
  8    53.982 52496.60457979 25.72 291.873889  -3.349293  8.612
  9    50.105 52531.60456327 38.76 291.871134  -3.333548 18.741
  9    50.194 52531.60456392 39.93 291.870404  -3.336858 18.741
  9    50.167 52531.60456456 42.50 291.869684  -3.340158 18.741
  9    50.153 52531.60456521 45.62 291.868954  -3.343468 18.741
  9    50.236 52531.60456585 47.52 291.868224  -3.346768 18.741
  9    50.339 52531.60456650 43.38 291.867494  -3.350078 18.741
 10    47.751 52566.60458481 29.39 291.879294  -3.331622 14.762
 10    47.624 52566.60458545 32.65 291.878574  -3.334932 14.762
 10    47.743 52566.60458610 32.72 291.877844  -3.338232 14.762
 10    47.754 52566.60458674 41.23 291.877114  -3.341542 14.762
 10    47.503 52566.60458739 34.85 291.876384  -3.344842 14.762
 10    47.687 52566.60458803 27.26 291.875654  -3.348152 14.762
 10    48.450 52566.60458868 30.28 291.874934  -3.351452 14.762
 11    53.657 52601.60459609 40.38 291.869256  -3.332315 13.987
 11    53.614 52601.60459673 43.19 291.868526  -3.335625 13.987
 11    53.676 52601.60459738 43.40 291.867796  -3.338925 13.987
 11    53.655 52601.60459802 44.24 291.867076  -3.342235 13.987
 11    53.590 52601.60459867 40.21 291.866343  -3.345535 11.278
 11    53.557 52601.60459931 42.73 291.865623  -3.348845 11.278
 12    54.441 52636.60456076 50.30 291.871417  -3.331029 26.768
 12    54.563 52636.60456141 48.34 291.870697  -3.334339 26.768
 12    54.487 52636.60456205 51.43 291.869967  -3.337639 26.768
 12    54.481 52636.60456270 50.57 291.869237  -3.340949 26.768
 12    54.581 52636.60456334 52.12 291.868507  -3.344249 26.768
 12    54.670 52636.60456399 51.53 291.867777  -3.347559 26.768
 13    53.261 52671.60456620 18.07 291.872255  -3.334097 15.901
 13    53.217 52671.60456684 18.65 291.871535  -3.337407 15.901
 13    53.244 52671.60456749 19.70 291.870805  -3.340707 15.901
 13    53.418 52671.60456813 21.17 291.870075  -3.344017 15.901
 13    53.378 52671.60456878 23.97 291.869345  -3.347317 15.901
 14    54.966 52706.60456437 46.26 291.875127  -3.332861 23.258
 14    54.938 52706.60456501 44.44 291.874397  -3.336171 23.258
 14    54.886 52706.60456566 48.84 291.873677  -3.339471 23.258
 14    54.862 52706.60456630 47.86 291.872947  -3.342781 23.258
 14    54.939 52706.60456694 48.20 291.872217  -3.346081 23.258
 14    55.019 52706.60456759 49.89 291.871487  -3.349391 23.258
 15    55.442 52741.60459738 39.78 291.870156  -3.334325 25.627
 15    55.543 52741.60459803 41.28 291.869426  -3.337625 25.627
 15    55.615 52741.60459867 41.86 291.868696  -3.340935 25.627
 15    55.600 52741.60459932 40.94 291.867976  -3.344235 25.627
 15    55.446 52741.60459996 35.56 291.867246  -3.347545 25.627
 16    55.913 52776.60453962 31.86 291.878058  -3.332331  8.559
 16    55.952 52776.60454027 33.17 291.877338  -3.335631  8.559
 16    56.114 52776.60454091 33.00 291.876608  -3.338941  8.559
 16    56.231 52776.60454156 34.56 291.875878  -3.342241  8.559
 16    56.236 52776.60454220 34.34 291.875148  -3.345551  8.559
 16    56.108 52776.60454284 34.15 291.874428  -3.348851  8.559
 17    55.962 52811.60461779 23.36 291.870679  -3.332651 24.452
 17    56.495 52811.60461843 23.83 291.869949  -3.335951 24.452
 17    56.598 52811.60461908 27.78 291.869219  -3.339261 24.452
 17    56.614 52811.60461972 28.06 291.868489  -3.342561 24.452
 17    56.397 52811.60462037 24.66 291.867759  -3.345871 24.452
 17    56.484 52811.60462101 28.38 291.867039  -3.349171 24.452
 18    54.937 52846.60467281 36.87 291.872834  -3.332816 17.856
 18    54.961 52846.60467346 40.43 291.872104  -3.336126 17.856
 18    55.019 52846.60467410 43.97 291.871374  -3.339426 17.856
 18    55.085 52846.60467475 48.85 291.870644  -3.342736 17.856
 18    55.129 52846.60467539 47.96 291.869914  -3.346036 17.856
 18    55.167 52846.60467603 50.61 291.869194  -3.349346 17.856
 19    54.378 52881.60470957 17.04 291.871474  -3.331886 16.933
 19    53.794 52881.60471022 18.40 291.870744  -3.335186 16.933
 19    52.142 52881.60471086 19.83 291.870024  -3.338496 16.933
 19    50.568 52881.60471150 22.52 291.869294  -3.341796 16.933
 19    50.654 52881.60471215 23.68 291.868564  -3.345106 16.933
 19    50.999 52881.60471279 25.50 291.867834  -3.348406 16.933
 20    48.811 52916.60466651 36.92 291.877069  -3.331198 18.286
 20    48.723 52916.60466716 40.00 291.876339  -3.334508 18.286
 20    48.659 52916.60466780 43.92 291.875609  -3.337808 18.286
 20    48.713 52916.60466845 48.74 291.874889  -3.341118 18.286
 20    48.834 52916.60466909 46.05 291.874159  -3.344418 18.286
 20    48.863 52916.60466974 35.79 291.873429  -3.347728 18.286
 20    48.866 52916.60467038 40.27 291.872699  -3.351028 18.286
 21    50.991 52951.60462741 40.30 291.878953  -3.330791 20.653
 21    50.975 52951.60462805 41.40 291.878223  -3.334101 20.653
 21    50.909 52951.60462870 45.66 291.877493  -3.337401 20.653
 21    50.827 52951.60462934 46.32 291.876763  -3.340711 20.653
 21    51.015 52951.60462999 45.61 291.876033  -3.344011 20.653
 21    50.874 52951.60463063 48.51 291.875303  -3.347321 20.653
 21    50.974 52951.60463128 48.46 291.874583  -3.350621 20.653
 22    51.709 52986.60464492 48.12 291.881601  -3.330403 14.343
 22    51.860 52986.60464556 51.23 291.880871  -3.333703 14.343
 22    51.736 52986.60464621 47.52 291.880151  -3.337013 14.343
 22    51.715 52986.60464685 45.02 291.879414  -3.340313 15.924
 22    51.816 52986.60464749 44.92 291.878694  -3.343623 15.924
 22    51.754 52986.60464814 40.99 291.877964  -3.346923 15.924
 22    51.736 52986.60464878 43.62 291.877234  -3.350233 15.924
 23    54.674 53021.60463409 22.37 291.878530  -3.330605 27.145
 23    54.707 53021.60463474 23.27 291.877800  -3.333905 27.145
 23    55.046 53021.60463538 24.10 291.877070  -3.337215 27.145
 23    55.079 53021.60463603 26.06 291.876350  -3.340515 27.145
 23    55.126 53021.60463667 25.37 291.875620  -3.343825 27.145
 23    55.121 53021.60463732 24.25 291.874886  -3.347126 12.153
 23    54.975 53021.60463796 26.91 291.874166  -3.350436 12.153
 24    53.022 53056.60462467 20.10 291.880414  -3.330658 13.144
 24    52.965 53056.60462532 21.81 291.879685  -3.333956 14.935
 24    52.932 53056.60462596 23.40 291.878955  -3.337266 14.935
 24    50.038 53056.60462661 33.00 291.878225  -3.340566 14.935
 24    50.196 53056.60462725 33.09 291.877495  -3.343876 14.935
 24    50.946 53056.60462790 32.25 291.876765  -3.347176 14.935
 24    50.357 53056.60462854 37.28 291.876045  -3.350486 14.935
 25    53.680 53091.60466335 17.76 291.865987  -3.334326 14.916
 25    53.619 53091.60466399 19.11 291.865267  -3.337626 14.916
 25    53.512 53091.60466464 21.49 291.864537  -3.340936 14.916
 25    53.640 53091.60466528 23.08 291.863807  -3.344236 14.916
 25    53.972 53091.60466593 27.91 291.863077  -3.347546 14.916
 26    54.684 53126.60463255 34.18 291.877118  -3.330563 11.345
 26    54.887 53126.60463320 36.62 291.876398  -3.333863 12.667
 26    54.783 53126.60463384 38.15 291.875668  -3.337173 12.667
 26    54.770 53126.60463449 37.72 291.874938  -3.340473 12.667
 26    54.954 53126.60463513 41.06 291.874208  -3.343783 12.667
 26    54.915 53126.60463577 45.07 291.873478  -3.347083 12.667
 26    54.923 53126.60463642 40.07 291.872758  -3.350393 12.667
 27    54.367 53161.60469588 24.98 291.868172  -3.331670 12.901
 27    54.183 53161.60469653 25.60 291.867442  -3.334980 12.901
 27    54.112 53161.60469717 26.62 291.866712  -3.338280 12.901
 27    54.220 53161.60469782 26.34 291.865992  -3.341590 12.901
 27    54.099 53161.60469846 27.42 291.865262  -3.344890 12.901
 27    54.205 53161.60469911 28.60 291.864532  -3.348200 12.901
 28    54.582 53196.60469427 44.37 291.876062  -3.331625 15.791
 28    54.718 53196.60469492 44.07 291.875342  -3.334935 15.791
 28    54.636 53196.60469556 40.54 291.874612  -3.338235 15.791
 28    54.615 53196.60469621 41.03 291.873882  -3.341545 15.791
 28    54.671 53196.60469685 39.33 291.873152  -3.344845 15.791
 28    54.712 53196.60469749 46.36 291.872422  -3.348155 15.791
 29    51.955 53231.60467581 35.53 291.880611  -3.332313  5.508
 29    51.861 53231.60467646 34.54 291.879881  -3.335613  5.508
 29    51.678 53231.60467710 35.17 291.879161  -3.338923  5.508
 29    52.061 53231.60467775 44.46 291.878426  -3.342223 13.321
 29    52.057 53231.60467839 46.05 291.877706  -3.345533 13.321
 29    52.078 53231.60467904 49.86 291.876976  -3.348833 13.321
 30    50.488 53266.60464537 34.72 291.873395  -3.331649  6.755
 30    50.482 53266.60464602 40.26 291.872665  -3.334959  6.755
 30    50.634 53266.60464666 40.46 291.871945  -3.338259  6.755
 30    50.505 53266.60464731 41.81 291.871215  -3.341569  6.755
 30    50.423 53266.60464795 47.09 291.870487  -3.344871 10.420
 30    50.604 53266.60464860 46.50 291.869757  -3.348181 10.420
 31    50.409 53301.60469806 22.35 291.864412  -3.334261 12.659
 31    50.491 53301.60469871 23.72 291.863682  -3.337561 12.659
 31    50.578 53301.60469935 24.88 291.862962  -3.340871 12.659
 31    50.573 53301.60470000 25.27 291.862232  -3.344171 12.659
 31    50.519 53301.60470064 25.84 291.861502  -3.347481 12.659
 32    53.589 53336.60466762 37.08 291.873996  -3.330788 15.496
 32    53.602 53336.60466827 39.32 291.873266  -3.334088 15.496
 32    53.620 53336.60466891 41.98 291.872536  -3.337398 15.496
 32    53.733 53336.60466956 40.87 291.871806  -3.340698 15.496
 32    53.721 53336.60467020 40.98 291.871086  -3.344008 15.496
 32    53.746 53336.60467085 41.24 291.870356  -3.347308 15.496
 32    53.638 53336.60467149 40.93 291.869626  -3.350618 15.496
 33    53.990 53371.60460430 20.55 291.876616  -3.332266 14.244
 33    54.021 53371.60460495 22.76 291.875886  -3.335576 14.244
 33    54.025 53371.60460559 24.78 291.875166  -3.338876 14.244
 33    54.014 53371.60460624 21.82 291.874436  -3.342186 14.244
 33    53.989 53371.60460688 21.80 291.873706  -3.345486 14.244
 33    53.789 53371.60460753 23.67 291.872976  -3.348796 14.244
 34    52.186 53406.60464075 44.45 291.875571  -3.333503 18.371
 34    52.204 53406.60464139 44.15 291.874841  -3.336813 18.371
 34    52.158 53406.60464203 45.76 291.874111  -3.340113 18.371
 34    52.209 53406.60464268 46.01 291.873391  -3.343423 18.371
 34    52.271 53406.60464332 45.99 291.872661  -3.346723 18.371
 34    52.258 53406.60464397 45.76 291.871931  -3.350033 18.371
 35    54.860 53441.60462641 28.42 291.874850  -3.331966 12.776
 35    54.956 53441.60462706 29.75 291.874130  -3.335266 12.776
 35    54.921 53441.60462770 30.00 291.873400  -3.338576 12.776
 35    54.724 53441.60462835 29.31 291.872670  -3.341876 12.776
 35    54.681 53441.60462899 28.70 291.871940  -3.345186 12.776
 35    54.674 53441.60462964 28.35 291.871220  -3.348486 12.776
 36    55.465 53476.60469507 33.29 291.868427  -3.333736 12.356
 36    55.393 53476.60469571 34.68 291.867707  -3.337046 12.356
 36    55.514 53476.60469636 34.79 291.866977  -3.340346 12.356
 36    55.352 53476.60469700 35.22 291.866247  -3.343656 12.356
 36    55.480 53476.60469765 35.25 291.865517  -3.346956 12.356
 37    55.164 53511.60470800 22.81 291.873455  -3.333810 30.444
 37    55.413 53511.60470864 21.43 291.872725  -3.337120 30.444
 37    55.545 53511.60470929 21.07 291.871995  -3.340420 30.444
 37    55.391 53511.60470993 21.48 291.871275  -3.343730 30.444
 37    55.676 53511.60471058 23.99 291.870538  -3.347029 14.300
 37    56.027 53511.60471122 28.62 291.869818  -3.350339 14.300
 38    53.594 53546.60472567 37.18 291.869277  -3.333271 14.630
 38    53.570 53546.60472631 38.66 291.868547  -3.336571 14.630
 38    53.634 53546.60472696 38.79 291.867827  -3.339881 14.630
 38    53.666 53546.60472760 40.99 291.867097  -3.343181 14.630
 38    53.604 53546.60472825 36.57 291.866367  -3.346491 14.630
 38    53.569 53546.60472889 40.31 291.865637  -3.349791 14.630
 39    48.931 53581.60469736 43.62 291.874226  -3.331408 17.027
 39    49.160 53581.60469800 43.41 291.873506  -3.334718 17.027
 39    49.084 53581.60469865 42.92 291.872776  -3.338018 17.027
 39    49.028 53581.60469929 41.97 291.872046  -3.341328 17.027
 39    49.044 53581.60469994 48.36 291.871316  -3.344628 17.027
 39    49.180 53581.60470058 45.33 291.870596  -3.347938 17.027
 40    45.667 53616.60465266 38.04 291.871401  -3.332893 16.808
 40    45.727 53616.60465331 41.84 291.870681  -3.336193 16.808
 40    45.851 53616.60465395 46.16 291.869951  -3.339503 16.808
 40    45.779 53616.60465460 43.83 291.869221  -3.342803 16.808
 40    45.993 53616.60465524 45.16 291.868491  -3.346113 16.808
 40    45.840 53616.60465589 45.15 291.867771  -3.349413 16.808
 41    45.457 53651.60466813 43.03 291.874688  -3.332466 17.275
 41    45.303 53651.60466877 44.96 291.873958  -3.335766 17.275
 41    45.072 53651.60466942 38.93 291.873238  -3.339076 17.275
 41    45.232 53651.60467006 42.29 291.872508  -3.342376 17.275
 41    45.338 53651.60467071 38.05 291.871778  -3.345686 17.275
 41    45.415 53651.60467135 36.49 291.871048  -3.348986 17.275
 42    52.034 53686.60467374 44.15 291.869788  -3.332148 22.149
 42    51.757 53686.60467439 48.28 291.869058  -3.335448 22.149
 42    51.739 53686.60467503 48.02 291.868328  -3.338758 22.149
 42    51.723 53686.60467568 46.80 291.867598  -3.342058 22.149
 42    51.663 53686.60467632 43.59 291.866878  -3.345368 22.149
 42    51.673 53686.60467697 37.58 291.866148  -3.348668 22.149
 43    49.176 53721.60459901 14.65 291.877596  -3.331056 13.589
 43    49.974 53721.60459966 15.45 291.876866  -3.334366 13.589
 43    50.916 53721.60460030 13.99 291.876146  -3.337666 13.589
 43    50.802 53721.60460095 16.46 291.875416  -3.340976 13.589
 43    50.731 53721.60460159 19.54 291.874686  -3.344276 13.589
 43    50.902 53721.60460224 21.11 291.873956  -3.347586 13.589
 43    49.264 53721.60460288 26.87 291.873236  -3.350886 13.589
 44    52.105 53756.60452902 43.25 291.881823  -3.330382 23.524
 44    52.058 53756.60452966 42.42 291.881093  -3.333692 23.524
 44    52.132 53756.60453030 36.59 291.880373  -3.336992 23.524
 44    52.169 53756.60453095 37.10 291.879643  -3.340302 23.524
 44    52.162 53756.60453159 50.78 291.878913  -3.343602 23.524
 44    52.314 53756.60453224 47.45 291.878183  -3.346912 23.524
 44    52.355 53756.60453288 46.15 291.877453  -3.350212 23.524
 45    55.357 53791.60455539 46.04 291.878666  -3.331162 14.463
 45    55.489 53791.60455604 43.80 291.877936  -3.334462 14.463
 45    55.409 53791.60455668 43.22 291.877206  -3.337772 14.463
 45    55.504 53791.60455733 41.18 291.876476  -3.341072 14.463
 45    55.433 53791.60455797 35.98 291.875746  -3.344382 14.463
 45    55.487 53791.60455862 39.93 291.875026  -3.347682 14.463
 45    55.475 53791.60455926 34.54 291.874296  -3.350992 14.463
 46    56.067 53826.60451745 43.72 291.879159  -3.330434 22.358
 46    55.872 53826.60451809 38.28 291.878435  -3.333732 11.866
 46    55.895 53826.60451874 36.97 291.877705  -3.337042 11.866
 46    55.928 53826.60451938 36.11 291.876975  -3.340342 11.866
 46    55.995 53826.60452003 39.18 291.876245  -3.343652 11.866
 46    56.049 53826.60452067 38.90 291.875525  -3.346952 11.866
 46    56.098 53826.60452132 36.58 291.874795  -3.350262 11.866
 47    56.633 53861.60460750 38.34 291.870509  -3.332870 28.786
 47    56.570 53861.60460815 41.66 291.869779  -3.336180 28.786
 47    56.561 53861.60460879 41.94 291.869059  -3.339480 14.846
 47    56.614 53861.60460944 42.05 291.868329  -3.342790 14.846
 47    56.654 53861.60461008 38.18 291.867599  -3.346090 14.846
 47    56.548 53861.60461072 35.74 291.866869  -3.349400 14.846
 48    54.438 53896.60462740 24.66 291.875456  -3.331595 14.912
 48    53.688 53896.60462805 26.53 291.874726  -3.334895 14.912
 48    53.619 53896.60462869 28.28 291.873996  -3.338205 14.912
 48    53.731 53896.60462934 27.73 291.873276  -3.341505 14.912
 48    53.870 53896.60462998 28.48 291.872546  -3.344815 14.912
 48    53.838 53896.60463062 28.82 291.871816  -3.348115 14.912
 49    51.209 53931.60467817 32.91 291.864259  -3.332546 11.484
 49    51.142 53931.60467882 34.67 291.863539  -3.335856 11.484
 49    51.254 53931.60467946 35.75 291.862803  -3.339156 11.905
 49    51.273 53931.60468011 36.94 291.862083  -3.342466 11.905
 49    51.313 53931.60468075 37.17 291.861353  -3.345766 11.905
 50    47.219 53966.60465432 22.98 291.867580  -3.333972 17.761
 50    47.072 53966.60465496 25.94 291.866850  -3.337272 17.761
 50    47.198 53966.60465561 29.21 291.866130  -3.340582 17.761
 50    47.411 53966.60465625 30.13 291.865396  -3.343881 14.937
 50    47.690 53966.60465690 31.93 291.864676  -3.347191 14.937
 51    46.770 54001.60461534 28.82 291.876915  -3.330769 12.754
 51    46.815 54001.60461599 31.29 291.876185  -3.334079 12.754
 51    47.007 54001.60461663 36.26 291.875459  -3.337378 18.525
 51    47.023 54001.60461728 45.59 291.874729  -3.340688 18.525
 51    46.991 54001.60461792 40.14 291.873999  -3.343988 18.525
 51    46.902 54001.60461856 38.14 291.873269  -3.347298 18.525
 51    47.132 54001.60461921 36.18 291.872549  -3.350598 18.525
 52    48.936 54036.60465605 49.72 291.876720  -3.332194 14.763
 52    48.799 54036.60465669 49.41 291.875990  -3.335494 14.763
 52    48.753 54036.60465733 50.57 291.875270  -3.338804 14.763
 52    48.861 54036.60465798 52.36 291.874541  -3.342102 13.979
 52    48.926 54036.60465862 51.10 291.873811  -3.345412 13.979
 52    48.955 54036.60465927 44.44 291.873081  -3.348712 13.979
 53    52.136 54071.60465045 45.36 291.875590  -3.332248 11.976
 53    52.335 54071.60465109 46.02 291.874860  -3.335548 11.976
 53    52.251 54071.60465174 44.90 291.874140  -3.338858 11.976
 53    52.276 54071.60465238 49.08 291.873404  -3.342159 12.927
 53    52.250 54071.60465302 47.75 291.872684  -3.345469 12.927
 53    52.362 54071.60465367 46.03 291.871954  -3.348769 12.927
 54    54.542 54106.60460103 19.14 291.873955  -3.330836 22.780
 54    54.522 54106.60460167 19.41 291.873225  -3.334136 22.780
 54    54.584 54106.60460232 20.54 291.872495  -3.337446 22.780
 54    54.608 54106.60460296 21.53 291.871775  -3.340746 22.780
 54    54.611 54106.60460361 22.87 291.871045  -3.344056 22.780
 54    54.555 54106.60460425 24.70 291.870316  -3.347359 12.560
 54    54.791 54106.60460490 27.68 291.869586  -3.350669 12.560
 55    55.588 54141.60458390 25.41 291.873730  -3.332012 30.885
 55    55.810 54141.60458455 25.11 291.873000  -3.335322 30.885
 55    55.940 54141.60458519 25.02 291.872280  -3.338621 11.223
 55    56.043 54141.60458584 25.11 291.871550  -3.341931 11.223
 55    56.112 54141.60458648 26.50 291.870820  -3.345231 11.223
 55    56.032 54141.60458713 28.75 291.870090  -3.348541 11.223
 56    54.484 54176.60458320 19.39 291.873568  -3.332346 22.500
 56    53.725 54176.60458385 18.93 291.872838  -3.335646 22.500
 56    53.211 54176.60458449 20.29 291.872108  -3.338956 22.500
 56    53.387 54176.60458514 20.18 291.871388  -3.342256 22.500
 56    53.296 54176.60458578 23.21 291.870658  -3.345566 22.500
 56    53.657 54176.60458643 26.60 291.869928  -3.348866 22.500
 57    55.596 54211.60459077 26.99 291.872682  -3.332890 25.785
 57    55.754 54211.60459142 27.14 291.871952  -3.336200 25.785
 57    55.958 54211.60459206 27.52 291.871222  -3.339500 25.785
 57    55.942 54211.60459270 29.66 291.870502  -3.342810 25.785
 57    56.005 54211.60459335 30.69 291.869772  -3.346110 25.785
 57    56.049 54211.60459399 31.26 291.869042  -3.349420 25.785
 58    56.459 54246.60462021 39.16 291.873750  -3.333070 24.883
 58    56.574 54246.60462085 41.17 291.873020  -3.336370 24.883
 58    56.527 54246.60462150 41.73 291.872290  -3.339680 24.883
 58    56.604 54246.60462214 42.24 291.871560  -3.342980 24.883
 58    56.649 54246.60462279 42.87 291.870840  -3.346290 24.883
 58    56.590 54246.60462343 44.76 291.870110  -3.349590 24.883
 60    49.796 54316.60462931 47.97 291.875926  -3.332979 27.845
 60    49.800 54316.60462996 49.36 291.875196  -3.336279 27.845
 60    49.904 54316.60463060 46.76 291.874466  -3.339589 27.845
 60    49.841 54316.60463124 51.00 291.873746  -3.342889 27.845
 60    49.816 54316.60463189 49.11 291.873016  -3.346199 27.845
 60    49.988 54316.60463253 49.04 291.872286  -3.349499 27.845
 61    46.247 54351.60459597 45.84 291.874953  -3.332623 13.611
 61    46.387 54351.60459662 47.86 291.874223  -3.335933 13.611
 61    46.424 54351.60459726 41.48 291.873493  -3.339233 13.611
 61    46.155 54351.60459791 33.54 291.872763  -3.342543 13.611
 61    46.219 54351.60459855 32.05 291.872043  -3.345843 13.611
 61    46.603 54351.60459920 31.04 291.871313  -3.349153 13.611
 62    47.250 54386.60456847 17.14 291.875379  -3.331693 15.377
 62    47.463 54386.60456911 21.86 291.874659  -3.334993 15.377
 62    47.835 54386.60456976 27.98 291.873929  -3.338303 15.377
 62    47.808 54386.60457040 32.61 291.873199  -3.341603 15.377
 62    47.743 54386.60457104 33.50 291.872469  -3.344913 15.377
 62    47.777 54386.60457169 30.89 291.871739  -3.348213 15.377
 63    51.882 54421.60454636 29.21 291.873546  -3.333956 13.757
 63    51.951 54421.60454701 29.14 291.872826  -3.337256 13.757
 63    51.964 54421.60454765 33.71 291.872096  -3.340566 13.757
 63    52.070 54421.60454830 36.14 291.871366  -3.343866 13.757
 63    52.085 54421.60454894 35.86 291.870636  -3.347176 13.757
 63    52.125 54421.60454959 37.29 291.869916  -3.350476 13.757
 64    52.049 54456.60454128 12.88 291.875272  -3.330661 14.945
 64    51.982 54456.60454192 14.94 291.874552  -3.333961 14.945
 64    51.999 54456.60454257 19.56 291.873822  -3.337271 14.945
 64    52.310 54456.60454321 19.38 291.873092  -3.340571 14.945
 64    52.337 54456.60454386 17.38 291.872362  -3.343881 14.945
 64    52.226 54456.60454450 19.83 291.871632  -3.347181 14.945
 64    52.036 54456.60454514 25.32 291.870902  -3.350491 14.945
 65    54.704 54491.60454813 22.05 291.874957  -3.333890 14.988
 65    54.867 54491.60454878 22.86 291.874237  -3.337200 14.988
 65    55.009 54491.60454942 23.25 291.873507  -3.340500 14.988
 65    55.071 54491.60455007 24.13 291.872777  -3.343810 14.988
 65    54.946 54491.60455071 26.79 291.872047  -3.347110 14.988
 65    54.983 54491.60455136 29.00 291.871317  -3.350420 14.988
 66    54.558 54526.60455433 23.98 291.876040  -3.332234 18.637
 66    54.825 54526.60455498 25.53 291.875310  -3.335534 18.637
 66    55.039 54526.60455562 26.58 291.874580  -3.338844 18.637
 66    55.116 54526.60455627 28.45 291.873850  -3.342144 18.637
 66    55.330 54526.60455691 28.91 291.873120  -3.345454 18.637
 66    55.166 54526.60455756 28.91 291.872400  -3.348754 18.637
 67    55.440 54561.60455591 24.49 291.873982  -3.333440 13.723
 67    55.617 54561.60455656 25.01 291.873252  -3.336750 13.723
 67    55.793 54561.60455720 24.36 291.872522  -3.340050 13.723
 67    55.781 54561.60455785 25.52 291.871792  -3.343360 13.723
 67    55.818 54561.60455849 26.79 291.871072  -3.346660 13.723
 67    55.900 54561.60455914 28.04 291.870342  -3.349970 13.723
 69    54.680 54631.60456366 21.65 291.873383  -3.330962 19.119
 69    54.272 54631.60456430 22.30 291.872663  -3.334272 19.119
 69    54.307 54631.60456495 21.33 291.871933  -3.337572 19.119
 69    54.311 54631.60456559 21.04 291.871203  -3.340882 19.119
 69    54.135 54631.60456624 23.56 291.870473  -3.344182 19.119
 69    54.158 54631.60456688 23.48 291.869743  -3.347492 19.119
 70    54.065 54666.60456950 17.54 291.872836  -3.331460 18.534
 70    53.439 54666.60457015 15.36 291.872106  -3.334760 18.534
 70    52.692 54666.60457079 17.37 291.871376  -3.338070 18.534
 70    52.611 54666.60457143 16.88 291.870656  -3.341370 18.534
 70    52.099 54666.60457208 17.42 291.869926  -3.344680 18.534
 70    51.850 54666.60457272 21.65 291.869196  -3.347980 18.534
 71    48.599 54701.60453724 33.60 291.876388  -3.331222 16.289
 71    48.952 54701.60453788 34.27 291.875658  -3.334532 16.289
 71    49.028 54701.60453853 38.55 291.874938  -3.337832 16.289
 71    49.055 54701.60453917 42.63 291.874208  -3.341142 16.289
 71    49.127 54701.60453982 48.36 291.873478  -3.344442 16.289
 71    49.127 54701.60454046 45.71 291.872748  -3.347752 16.289
 71    48.979 54701.60454111 50.98 291.872028  -3.351052 16.289
 72    50.102 54736.60453009 42.21 291.873980  -3.332518 16.633
 72    50.103 54736.60453073 42.67 291.873250  -3.335818 16.633
 72    50.154 54736.60453138 39.11 291.872520  -3.339128 16.633
 72    50.214 54736.60453202 44.48 291.871790  -3.342428 16.633
 72    50.148 54736.60453267 46.99 291.871060  -3.345738 16.633
 72    50.264 54736.60453331 43.94 291.870340  -3.349038 16.633
 73    49.571 54771.60451913 23.28 291.875054  -3.333855 13.759
 73    49.655 54771.60451978 24.18 291.874324  -3.337155 13.759
 73    49.771 54771.60452042 26.89 291.873594  -3.340465 13.759
 73    49.879 54771.60452107 36.49 291.872874  -3.343765 13.759
 73    49.927 54771.60452171 37.18 291.872144  -3.347075 13.759
 73    49.949 54771.60452236 32.98 291.871414  -3.350375 13.759
 74    52.232 54806.60452362 12.94 291.872720  -3.333192 14.446
 74    52.170 54806.60452426 14.95 291.871990  -3.336492 14.446
 74    52.189 54806.60452491 18.57 291.871260  -3.339802 14.446
 74    52.086 54806.60452555 20.77 291.870530  -3.343102 14.446
 74    51.921 54806.60452620 20.26 291.869800  -3.346412 14.446
 74    52.259 54806.60452684 23.90 291.869080  -3.349712 14.446
 75    50.657 54841.60451472 49.41 291.874609  -3.333160 23.396
 75    50.753 54841.60451536 47.66 291.873879  -3.336460 23.396
 75    50.844 54841.60451601 46.94 291.873159  -3.339770 23.396
 75    50.847 54841.60451665 47.73 291.872429  -3.343070 23.396
 75    50.821 54841.60451730 46.83 291.871699  -3.346380 23.396
 75    50.706 54841.60451794 47.71 291.870969  -3.349680 23.396
 76    55.871 54876.60452577 32.39 291.872603  -3.333539 15.328
 76    55.755 54876.60452642 34.61 291.871873  -3.336839 15.328
 76    55.873 54876.60452706 34.89 291.871143  -3.340149 15.328
 76    55.875 54876.60452771 36.81 291.870423  -3.343449 15.328
 76    55.890 54876.60452835 37.13 291.869693  -3.346759 15.328
 76    55.935 54876.60452900 36.85 291.868963  -3.350059 15.328
 77    56.955 54911.60451943 40.76 291.873093  -3.331198 20.796
 77    57.024 54911.60452008 41.19 291.872363  -3.334508 20.796
 77    57.094 54911.60452072 40.13 291.871633  -3.337808 20.796
 77    57.135 54911.60452137 43.25 291.870903  -3.341118 20.796
 77    57.145 54911.60452201 41.10 291.870183  -3.344418 20.796
 77    57.146 54911.60452266 46.45 291.869453  -3.347728 20.796
 78    56.533 54946.60451691 24.21 291.872819  -3.330876 19.892
 78    56.366 54946.60451755 24.16 291.872099  -3.334186 19.892
 78    56.589 54946.60451820 24.03 291.871369  -3.337486 19.892
 78    56.794 54946.60451884 24.74 291.870639  -3.340796 19.892
 78    56.896 54946.60451949 25.75 291.869909  -3.344096 19.892
 78    56.946 54946.60452013 26.56 291.869179  -3.347406 19.892
 79    56.251 54981.60454391 26.28 291.872591  -3.333641 26.553
 79    56.362 54981.60454456 26.28 291.871871  -3.336941 26.553
 79    56.001 54981.60454520 29.01 291.871141  -3.340251 26.553
 79    56.456 54981.60454584 31.55 291.870411  -3.343551 26.553
 79    56.925 54981.60454649 35.29 291.869681  -3.346861 26.553
 79    57.204 54981.60454713 39.47 291.868961  -3.350161 26.553
 80    56.193 55016.60454444 35.08 291.874075  -3.333096 11.049
 80    56.285 55016.60454508 34.86 291.873345  -3.336396 11.049
 80    56.354 55016.60454573 34.90 291.872615  -3.339706 11.049
 80    56.426 55016.60454637 34.23 291.871895  -3.343006 11.049
 80    56.407 55016.60454702 35.16 291.871165  -3.346316 11.049
 80    56.233 55016.60454766 33.47 291.870435  -3.349616 11.049
 81    52.804 55051.60453830 31.54 291.875797  -3.330705 12.673
 81    52.885 55051.60453895 32.57 291.875067  -3.334015 12.673
 81    52.938 55051.60453959 34.85 291.874337  -3.337315 12.673
 81    53.066 55051.60454024 36.53 291.873607  -3.340625 12.673
 81    53.006 55051.60454088 40.01 291.872887  -3.343925 12.673
 81    52.970 55051.60454153 39.76 291.872157  -3.347235 12.673
 81    53.022 55051.60454217 41.54 291.871427  -3.350535 12.673
 82    53.462 55086.60450336 18.65 291.874365  -3.331155 26.188
 82    52.774 55086.60450400 15.93 291.873645  -3.334455 26.188
 82    49.591 55086.60450465 19.26 291.872915  -3.337765 26.188
 82    49.876 55086.60450529 27.30 291.872185  -3.341065 26.188
 82    49.809 55086.60450594 28.40 291.871455  -3.344375 26.188
 82    49.689 55086.60450658 22.03 291.870735  -3.347675 26.188
 83    49.529 55121.60447386 37.26 291.875178  -3.333143 13.255
 83    49.448 55121.60447450 37.56 291.874448  -3.336453 13.255
 83    49.547 55121.60447515 38.39 291.873728  -3.339751 12.823
 83    49.678 55121.60447579 40.95 291.872998  -3.343061 12.823
 83    49.708 55121.60447644 39.17 291.872268  -3.346361 12.823
 83    49.621 55121.60447708 45.01 291.871538  -3.349671 12.823
 84    48.229 55156.60446376 36.81 291.873455  -3.331613 12.668
 84    48.406 55156.60446440 40.05 291.872725  -3.334923 12.668
 84    48.481 55156.60446505 43.05 291.871995  -3.338223 12.668
 84    48.462 55156.60446569 42.85 291.871265  -3.341533 12.668
 84    48.454 55156.60446634 43.87 291.870545  -3.344833 12.668
 84    48.491 55156.60446698 48.58 291.869815  -3.348143 12.668
 85    54.694 55191.60446291 36.15 291.873396  -3.332386 13.337
 85    54.646 55191.60446355 36.98 291.872666  -3.335686 13.337
 85    54.705 55191.60446420 38.76 291.871936  -3.338996 13.337
 85    54.775 55191.60446484 41.00 291.871206  -3.342296 13.337
 85    54.749 55191.60446549 43.91 291.870476  -3.345606 13.337
 85    54.821 55191.60446613 42.41 291.869756  -3.348906 13.337
 86    53.175 55226.60446529 36.46 291.873170  -3.333645 10.628
 86    53.066 55226.60446594 36.28 291.872440  -3.336955 10.628
 86    53.183 55226.60446658 38.36 291.871710  -3.340255 10.628
 86    53.154 55226.60446723 40.70 291.870990  -3.343565 10.628
 86    53.149 55226.60446787 44.36 291.870257  -3.346864 11.228
 86    53.130 55226.60446852 39.01 291.869537  -3.350174 11.228
 87    53.692 55261.60445855 18.79 291.874922  -3.332190 20.209
 87    53.869 55261.60445919 19.65 291.874192  -3.335490 20.209
 87    53.974 55261.60445984 19.78 291.873472  -3.338800 20.209
 87    54.184 55261.60446048 19.95 291.872735  -3.342100 12.263
 87    53.982 55261.60446113 22.23 291.872015  -3.345410 12.263
 87    53.971 55261.60446177 26.27 291.871285  -3.348710 12.263
 88    55.130 55296.60444911 32.08 291.874596  -3.333142 10.066
 88    55.157 55296.60444975 33.51 291.873876  -3.336442 10.066
 88    55.177 55296.60445039 35.31 291.873146  -3.339752 10.066
 88    55.284 55296.60445104 36.04 291.872416  -3.343052 10.066
 88    55.349 55296.60445168 36.56 291.871686  -3.346362 10.066
 88    55.411 55296.60445233 38.43 291.870966  -3.349662 10.066
 89    55.159 55331.60443884 22.00 291.872313  -3.333277 28.242
 89    55.557 55331.60443949 21.63 291.871583  -3.336587 28.242
 89    55.854 55331.60444013 21.06 291.870853  -3.339887 28.242
 89    55.913 55331.60444078 21.86 291.870133  -3.343197 28.242
 89    55.793 55331.60444142 24.10 291.869397  -3.346495 13.498
 89    55.921 55331.60444207 29.15 291.868677  -3.349805 13.498
 90    54.717 55366.60443170 36.37 291.874803  -3.332526 11.252
 90    54.578 55366.60443235 35.56 291.874073  -3.335826 11.252
 90    54.502 55366.60443299 33.99 291.873343  -3.339136 11.252
 90    54.467 55366.60443364 34.65 291.872613  -3.342436 11.252
 90    54.579 55366.60443428 34.00 291.871893  -3.345746 11.252
 90    54.602 55366.60443493 33.20 291.871159  -3.349045  6.842
 91    50.450 55401.60444453 43.11 291.874349  -3.331444 14.160
 91    50.460 55401.60444517 43.75 291.873619  -3.334754 14.160
 91    50.524 55401.60444582 44.87 291.872889  -3.338054 14.160
 91    50.587 55401.60444646 46.84 291.872159  -3.341364 14.160
 91    50.634 55401.60444711 45.21 291.871438  -3.344664  9.642
 91    50.631 55401.60444775 46.14 291.870708  -3.347974  9.642
 92    46.087 55436.60444844 41.63 291.876397  -3.331461 14.544
 92    46.006 55436.60444908 42.62 291.875662  -3.334760 11.527
 92    45.994 55436.60444973 39.06 291.874942  -3.338070 11.527
 92    45.980 55436.60445037 41.58 291.874212  -3.341370 11.527
 92    45.959 55436.60445102 33.45 291.873482  -3.344680 11.527
 92    45.824 55436.60445166 32.57 291.872752  -3.347980 11.527
 93    45.290 55471.60440036 14.80 291.875034  -3.333222 13.206
 93    45.645 55471.60440100 14.54 291.874314  -3.336522 13.206
 93    45.769 55471.60440165 16.29 291.873584  -3.339832 13.206
 93    45.857 55471.60440229 17.89 291.872854  -3.343132 13.206
 93    45.550 55471.60440294 25.67 291.872124  -3.346442 13.206
 93    45.446 55471.60440358 29.92 291.871404  -3.349742 13.206
