# NaN NaN NaN ;Mean Elev.(m), Avg Gradient(m/km), RMS Gradient(m/km) - SRTM1     
#   25.499   0.819   5.149 ;Mean Elev.(m), Avg Gradient(m/km), RMS Gradient(m/km) - ASTER GDEM
#    1.374   0.158   2.850 ;Mean Elev.(m), Avg Gradient(m/km), RMS Gradient(m/km) - GMTED2010 
  8     3.881 52498.56024345 17.78 308.163669  -1.151002 16.148
  8     3.528 52498.56024410 17.26 308.162949  -1.154312 16.148
  8     3.495 52498.56024474 16.92 308.162219  -1.157612 16.148
  8     3.696 52498.56024539 17.21 308.161499  -1.160922 16.148
  8     3.922 52498.56024603 20.52 308.160769  -1.164222 16.148
  8     3.893 52498.56024668 25.50 308.160039  -1.167532 16.148
 10     2.299 52568.56025814 14.48 308.163888  -1.151073  9.682
 10     2.027 52568.56025879 15.70 308.163168  -1.154373  9.682
 10     2.065 52568.56025943 16.70 308.162438  -1.157683  9.682
 10     2.317 52568.56026008 19.17 308.161708  -1.160993  9.682
 10     2.341 52568.56026072 18.17 308.160988  -1.164293  9.682
 10     2.364 52568.56026137 23.60 308.160258  -1.167603  9.682
 11     2.787 52603.56024972 13.33 308.159053  -1.151394  9.133
 11     2.727 52603.56025037 13.95 308.158323  -1.154694  9.133
 11     2.781 52603.56025101 13.44 308.157603  -1.158004  9.133
 11     2.521 52603.56025166 16.87 308.156873  -1.161304  9.133
 11     2.796 52603.56025230 15.03 308.156143  -1.164614  9.133
 11     2.873 52603.56025295 17.12 308.155423  -1.167924  9.133
 12     1.598 52638.56022588 16.45 308.159338  -1.151951  6.012
 12     1.591 52638.56022652 16.50 308.158608  -1.155251  6.012
 12     1.514 52638.56022717 17.78 308.157878  -1.158561  6.012
 12     1.411 52638.56022781 20.77 308.157158  -1.161871  6.012
 12     1.555 52638.56022846 21.37 308.156428  -1.165171  6.012
 12     1.609 52638.56022910 20.41 308.155698  -1.168481  6.012
 13     3.065 52673.56022471 13.88 308.160883  -1.153138  7.789
 13     2.957 52673.56022536 15.97 308.160153  -1.156438  7.789
 13     2.990 52673.56022600 15.20 308.159433  -1.159748  7.789
 13     3.066 52673.56022665 16.28 308.158703  -1.163048  7.789
 13     3.171 52673.56022729 19.60 308.157983  -1.166358  7.789
 14     3.592 52708.56023480 14.16 308.161465  -1.152189 10.464
 14     3.316 52708.56023545 14.25 308.160735  -1.155489 10.464
 14     3.273 52708.56023609 14.63 308.160005  -1.158799 10.464
 14     3.481 52708.56023673 15.40 308.159285  -1.162099 10.464
 14     3.619 52708.56023738 17.50 308.158555  -1.165409 10.464
 15     3.431 52743.56026494 14.59 308.155885  -1.152839  6.298
 15     3.060 52743.56026558 14.36 308.155155  -1.156139  6.298
 15     2.980 52743.56026623 14.43 308.154425  -1.159449  6.298
 15     3.010 52743.56026687 14.47 308.153705  -1.162749  6.298
 15     3.200 52743.56026752 15.26 308.152975  -1.166059  6.298
 15     3.288 52743.56026816 16.17 308.152245  -1.169359  6.298
 17     3.432 52813.56028446 14.52 308.158523  -1.152202  7.344
 17     2.947 52813.56028511 14.55 308.157793  -1.155502  7.344
 17     2.704 52813.56028575 15.22 308.157073  -1.158812  7.344
 17     2.638 52813.56028640 15.80 308.156343  -1.162112  7.344
 17     2.816 52813.56028704 15.46 308.155613  -1.165422  7.344
 17     2.955 52813.56028769 17.36 308.154893  -1.168722  7.344
 18     3.024 52848.56033749 20.85 308.161537  -1.150222  6.207
 18     2.872 52848.56033814 21.45 308.160817  -1.153522  6.207
 18     2.794 52848.56033878 22.57 308.160087  -1.156832  6.207
 18     2.864 52848.56033943 22.84 308.159357  -1.160132  6.207
 18     3.042 52848.56034007 24.26 308.158637  -1.163442  6.207
 18     3.142 52848.56034072 27.63 308.157907  -1.166742  6.207
 19     3.480 52883.56037367 16.04 308.158789  -1.151193  9.806
 19     3.520 52883.56037432 14.82 308.158059  -1.154503  9.806
 19     3.505 52883.56037496 15.39 308.157339  -1.157813  9.806
 19     3.560 52883.56037561 16.36 308.156609  -1.161113  9.806
 19     3.791 52883.56037625 19.77 308.155889  -1.164423  9.806
 19     3.934 52883.56037689 23.02 308.155159  -1.167723  9.806
 20     1.842 52918.56033057 15.67 308.162804  -1.152942  7.811
 20     1.815 52918.56033122 16.92 308.162074  -1.156252  7.811
 20     1.863 52918.56033186 19.82 308.161354  -1.159562  7.811
 20     1.723 52918.56033251 19.43 308.160624  -1.162862  7.811
 20     2.225 52918.56033315 20.14 308.159904  -1.166172  7.811
 21     1.347 52953.56029295 19.55 308.166867  -1.151737  7.976
 21     1.627 52953.56029359 19.45 308.166137  -1.155037  7.976
 21     1.931 52953.56029424 19.02 308.165407  -1.158347  7.976
 21     2.417 52953.56029488 18.83 308.164687  -1.161647  7.976
 21     2.461 52953.56029553 31.32 308.163957  -1.164957  7.976
 22     1.137 52988.56030168 18.56 308.171145  -1.151601 15.291
 22     2.607 52988.56030232 17.65 308.170415  -1.154901 15.291
 22     2.523 52988.56030296 19.10 308.169695  -1.158211 15.291
 22     2.698 52988.56030361 19.46 308.168965  -1.161521 15.291
 22     3.120 52988.56030425 20.97 308.168235  -1.164821 15.291
 23     2.684 53023.56028875 14.02 308.168252  -1.151516 20.869
 23     1.750 53023.56028940 17.09 308.167522  -1.154816 20.869
 23     1.970 53023.56029004 15.94 308.166802  -1.158126 20.869
 23     2.375 53023.56029069 17.18 308.166072  -1.161426 20.869
 23     2.363 53023.56029133 22.78 308.165352  -1.164736 20.869
 24     3.426 53058.56028428 20.40 308.169724  -1.151805 14.939
 24     3.165 53058.56028493 20.91 308.168993  -1.155113 20.011
 24     3.377 53058.56028557 19.66 308.168273  -1.158413 20.011
 24     3.487 53058.56028622 20.79 308.167543  -1.161723 20.011
 24     3.787 53058.56028686 21.72 308.166813  -1.165033 20.011
 25     1.154 53093.56032204 25.34 308.154942  -1.150342 10.524
 25     1.811 53093.56032269 27.17 308.154218  -1.153654 19.848
 25     2.431 53093.56032333 26.23 308.153488  -1.156954 19.848
 25     2.812 53093.56032398 29.60 308.152768  -1.160264 19.848
 25     3.162 53093.56032462 38.29 308.152038  -1.163564 19.848
 25     3.139 53093.56032527 43.12 308.151308  -1.166874 19.848
 25     3.163 53093.56032591 44.85 308.150588  -1.170174 19.848
 26     3.340 53128.56029305 17.58 308.166495  -1.152007 18.879
 26     3.062 53128.56029370 18.35 308.165765  -1.155307 18.879
 26     3.200 53128.56029434 17.75 308.165035  -1.158617 18.879
 26     3.439 53128.56029499 18.46 308.164315  -1.161927 18.879
 26     3.568 53128.56029563 23.60 308.163585  -1.165227 18.879
 28     3.283 53198.56036064 14.27 308.162322  -1.152312 10.375
 28     2.852 53198.56036129 14.09 308.161592  -1.155612 10.375
 28     2.439 53198.56036193 14.80 308.160872  -1.158922 10.375
 28     2.691 53198.56036258 14.83 308.160142  -1.162222 10.375
 28     2.853 53198.56036322 15.75 308.159422  -1.165532 10.375
 29     2.909 53233.56033268 15.19 308.170460  -1.150542 19.256
 29     2.818 53233.56033332 15.92 308.169740  -1.153852 19.256
 29     2.528 53233.56033397 17.38 308.169010  -1.157152 19.256
 29     2.886 53233.56033461 15.94 308.168283  -1.160462 27.481
 29     3.090 53233.56033526 20.02 308.167553  -1.163762 27.481
 30     3.252 53268.56030065 14.61 308.161500  -1.151213 12.187
 30     3.190 53268.56030129 14.54 308.160780  -1.154523 12.187
 30     3.233 53268.56030194 14.39 308.160050  -1.157823 12.187
 30     3.244 53268.56030258 15.51 308.159320  -1.161133 12.187
 30     3.311 53268.56030323 17.89 308.158600  -1.164433 12.187
 30     3.579 53268.56030387 22.76 308.157870  -1.167743 12.187
 31     1.075 53303.56035995 19.34 308.153479  -1.152690  8.875
 31     1.578 53303.56036060 21.56 308.152759  -1.155990  8.875
 31     1.970 53303.56036124 24.52 308.152029  -1.159300  8.875
 31     2.262 53303.56036189 23.86 308.151299  -1.162600  8.875
 31     2.316 53303.56036253 22.28 308.150579  -1.165910  8.875
 31     2.210 53303.56036318 21.19 308.149849  -1.169220  8.875
 32     2.189 53338.56032874 13.19 308.161417  -1.150931  2.980
 32     1.121 53338.56032938 17.01 308.160690  -1.154241  6.532
 32     1.779 53338.56033003 17.60 308.159960  -1.157541  6.532
 32     1.959 53338.56033067 17.62 308.159240  -1.160851  6.532
 32     2.301 53338.56033132 17.19 308.158510  -1.164151  6.532
 32     2.643 53338.56033196 18.57 308.157790  -1.167461  6.532
 33     2.444 53373.56026177 14.73 308.164639  -1.151028  3.449
 33     2.617 53373.56026242 14.27 308.163909  -1.154328  3.449
 33     2.533 53373.56026306 16.04 308.163187  -1.157639 24.005
 33     2.757 53373.56026371 17.12 308.162457  -1.160939 24.005
 33     2.848 53373.56026435 18.58 308.161737  -1.164249 24.005
 34     2.592 53408.56030194 13.70 308.164794  -1.150197  4.498
 34     2.512 53408.56030259 14.34 308.164062  -1.153506 21.307
 34     2.355 53408.56030323 16.05 308.163342  -1.156806 21.307
 34     2.399 53408.56030388 17.59 308.162612  -1.160116 21.307
 34     2.678 53408.56030452 18.21 308.161882  -1.163426 21.307
 34     2.694 53408.56030516 20.40 308.161162  -1.166726 21.307
 35     4.176 53443.56028651 36.92 308.162215  -1.152118  7.344
 35     4.178 53443.56028715 34.20 308.161493  -1.155429 14.670
 35     3.854 53443.56028780 33.30 308.160763  -1.158729 14.670
 35     3.864 53443.56028844 31.96 308.160043  -1.162039 14.670
 35     3.799 53443.56028909 30.10 308.159313  -1.165339 14.670
 36     3.782 53478.56036164 14.62 308.156180  -1.151106  6.389
 36     3.286 53478.56036229 14.67 308.155460  -1.154416  6.389
 36     2.957 53478.56036293 14.36 308.154730  -1.157716  6.389
 36     2.843 53478.56036358 14.89 308.154000  -1.161026  6.389
 36     2.840 53478.56036422 16.74 308.153280  -1.164326  6.389
 36     3.047 53478.56036487 16.58 308.152550  -1.167636  6.389
 37     4.068 53513.56037055 16.81 308.161896  -1.150641 10.189
 37     3.451 53513.56037120 16.45 308.161167  -1.153951 18.298
 37     3.134 53513.56037184 15.98 308.160437  -1.157251 18.298
 37     3.134 53513.56037249 16.84 308.159717  -1.160561 18.298
 37     3.311 53513.56037313 17.54 308.158987  -1.163861 18.298
 37     3.542 53513.56037378 20.84 308.158267  -1.167171 18.298
 38     4.115 53548.56038988 18.66 308.156517  -1.153040  7.638
 38     4.039 53548.56039053 19.35 308.155797  -1.156350  7.638
 38     3.949 53548.56039117 20.05 308.155067  -1.159660  7.638
 38     4.041 53548.56039182 19.99 308.154337  -1.162960  7.638
 38     4.170 53548.56039246 21.10 308.153617  -1.166270  7.638
 38     4.242 53548.56039311 22.64 308.152887  -1.169570  7.638
 39     3.204 53583.56035501 15.64 308.163067  -1.150624  7.389
 39     2.810 53583.56035565 14.91 308.162337  -1.153924  7.389
 39     2.453 53583.56035630 15.15 308.161611  -1.157234 20.201
 39     2.531 53583.56035694 15.95 308.160881  -1.160534 20.201
 39     2.695 53583.56035758 15.72 308.160161  -1.163844 20.201
 39     2.850 53583.56035823 19.13 308.159431  -1.167154 20.201
 40     2.673 53618.56031147 12.46 308.159031  -1.152330  4.466
 40     2.558 53618.56031211 12.88 308.158310  -1.155641 13.706
 40     2.458 53618.56031276 14.13 308.157580  -1.158941 13.706
 40     2.556 53618.56031340 14.04 308.156860  -1.162251 13.706
 40     2.645 53618.56031404 14.92 308.156130  -1.165551 13.706
 40     2.723 53618.56031469 17.19 308.155400  -1.168861 13.706
 41     2.858 53653.56033384 23.17 308.161691  -1.150572 11.032
 41     2.654 53653.56033448 18.85 308.160971  -1.153872 11.032
 41     2.475 53653.56033513 19.26 308.160241  -1.157182 11.032
 41     2.125 53653.56033577 21.12 308.159511  -1.160482 11.032
 41     2.313 53653.56033641 18.21 308.158791  -1.163792 11.032
 41     2.491 53653.56033706 17.19 308.158061  -1.167102 11.032
 42    -3.350 53688.56033295 14.72 308.158438  -1.152335  2.901
 42    -3.459 53688.56033359 16.03 308.157710  -1.155645  5.111
 42    -3.423 53688.56033424 21.20 308.156980  -1.158945  5.111
 42    -3.106 53688.56033488 19.74 308.156260  -1.162255  5.111
 42    -2.856 53688.56033553 17.12 308.155530  -1.165555  5.111
 42    -2.365 53688.56033617 15.06 308.154810  -1.168865  5.111
 43     2.614 53723.56025716 14.26 308.164995  -1.150229  2.887
 43     2.529 53723.56025781 14.68 308.164265  -1.153529  2.887
 43     2.473 53723.56025845 15.63 308.163543  -1.156840  9.402
 43     2.661 53723.56025910 17.13 308.162813  -1.160140  9.402
 43     2.886 53723.56025974 17.35 308.162093  -1.163450  9.402
 43     2.971 53723.56026039 21.01 308.161363  -1.166750  9.402
 44     3.276 53758.56019547 19.15 308.169563  -1.150561 29.182
 44     2.498 53758.56019611 16.51 308.168843  -1.153861 29.182
 44     2.194 53758.56019676 17.81 308.168113  -1.157171 29.182
 44     2.343 53758.56019740 17.88 308.167383  -1.160471 29.182
 44     2.509 53758.56019805 33.94 308.166663  -1.163781 29.182
 45     3.393 53793.56021705 17.69 308.166072  -1.151104 12.442
 45     3.090 53793.56021770 18.13 308.165345  -1.154414 24.213
 45     3.036 53793.56021834 19.52 308.164615  -1.157714 24.213
 45     3.277 53793.56021899 19.45 308.163895  -1.161024 24.213
 45     3.517 53793.56021963 22.41 308.163165  -1.164324 24.213
 46     4.149 53828.56018861 19.74 308.165717  -1.153028 23.549
 46     3.895 53828.56018925 19.27 308.164987  -1.156338 23.549
 46     4.047 53828.56018989 19.24 308.164267  -1.159648 23.549
 46     4.279 53828.56019054 21.03 308.163537  -1.162948 23.549
 46     4.536 53828.56019118 25.36 308.162807  -1.166258 23.549
 47     3.396 53863.56027134 27.75 308.158841  -1.152010  7.918
 47     3.129 53863.56027198 28.84 308.158111  -1.155310  7.918
 47     3.403 53863.56027263 29.63 308.157381  -1.158620  7.918
 47     3.525 53863.56027327 34.84 308.156661  -1.161920  7.918
 47     3.549 53863.56027392 37.64 308.155928  -1.165230 22.682
 47     3.581 53863.56027456 41.16 308.155208  -1.168530 22.682
 48     3.919 53898.56029494 18.68 308.162038  -1.152133 16.416
 48     3.500 53898.56029559 17.95 308.161318  -1.155443 16.416
 48     3.432 53898.56029623 17.72 308.160588  -1.158743 16.416
 48     3.567 53898.56029688 18.99 308.159868  -1.162053 16.416
 48     3.678 53898.56029752 20.44 308.159138  -1.165363 16.416
 49     3.698 53933.56034123 15.52 308.151773  -1.153069  9.174
 49     3.643 53933.56034187 14.60 308.151053  -1.156379  9.174
 49     3.632 53933.56034252 15.11 308.150323  -1.159679  9.174
 49     3.708 53933.56034316 15.21 308.149594  -1.162989 11.203
 49     3.698 53933.56034380 16.25 308.148864  -1.166289 11.203
 49     3.781 53933.56034445 16.95 308.148144  -1.169599 11.203
 49     3.734 53933.56034509 19.04 308.147414  -1.172899 11.203
 50     3.438 53968.56031296 13.67 308.156554  -1.150823  4.834
 50     2.832 53968.56031360 14.00 308.155834  -1.154133  4.834
 50     2.502 53968.56031425 14.72 308.155104  -1.157433  4.834
 50     2.442 53968.56031489 16.36 308.154384  -1.160743  4.834
 50     2.478 53968.56031554 17.06 308.153654  -1.164043  4.834
 50     2.678 53968.56031618 16.46 308.152927  -1.167353 16.609
 50     2.689 53968.56031683 18.34 308.152197  -1.170653 16.609
 51     2.739 54003.56028251 13.72 308.164854  -1.150845  7.153
 51     2.470 54003.56028315 14.96 308.164124  -1.154145  7.153
 51     2.558 54003.56028380 13.81 308.163394  -1.157455  7.153
 51     2.681 54003.56028444 14.98 308.162664  -1.160755  7.153
 51     2.957 54003.56028509 17.41 308.161947  -1.164064 25.284
 52     1.999 54038.56031829 12.75 308.164541  -1.153353  4.087
 52     1.874 54038.56031893 14.39 308.163811  -1.156653  4.087
 52     1.971 54038.56031957 19.56 308.163081  -1.159963  4.087
 52     2.176 54038.56032022 22.42 308.162361  -1.163263  4.087
 52     2.148 54038.56032086 19.95 308.161629  -1.166571 15.609
 53     1.819 54073.56031279 13.84 308.162843  -1.153187  3.442
 53     1.839 54073.56031344 14.87 308.162113  -1.156497  3.442
 53     2.005 54073.56031408 15.93 308.161393  -1.159807  3.442
 53     2.118 54073.56031473 17.57 308.160663  -1.163107  3.442
 53     2.819 54073.56031537 17.50 308.159935  -1.166417  9.450
 54     3.501 54108.56025948 13.56 308.160764  -1.153289  3.897
 54     3.140 54108.56026012 15.61 308.160034  -1.156599  3.897
 54     3.095 54108.56026077 15.55 308.159314  -1.159899  3.897
 54     3.252 54108.56026141 16.54 308.158584  -1.163209  3.897
 54     3.279 54108.56026206 20.40 308.157854  -1.166509  3.897
 55     2.013 54143.56024903 15.04 308.161494  -1.152804  3.809
 55     1.950 54143.56024968 14.55 308.160764  -1.156114  3.809
 55     1.875 54143.56025032 16.74 308.160044  -1.159414  3.809
 55     1.968 54143.56025097 17.04 308.159311  -1.162723 13.400
 55     2.737 54143.56025161 15.95 308.158591  -1.166023 13.400
 56     3.727 54178.56024311 17.61 308.161399  -1.150897  8.879
 56     3.559 54178.56024376 17.29 308.160675  -1.154208 17.533
 56     3.263 54178.56024440 17.34 308.159945  -1.157508 17.533
 56     3.324 54178.56024505 17.57 308.159225  -1.160818 17.533
 56     3.348 54178.56024569 19.02 308.158495  -1.164118 17.533
 56     3.609 54178.56024633 21.11 308.157765  -1.167428 17.533
 58     3.183 54248.56028432 38.80 308.161316  -1.152415  6.974
 58     3.135 54248.56028496 30.90 308.160586  -1.155715  6.974
 58     3.309 54248.56028561 28.98 308.159856  -1.159024 18.665
 58     3.352 54248.56028625 30.65 308.159136  -1.162324 18.665
 58     3.295 54248.56028690 39.93 308.158406  -1.165634 18.665
 59     3.523 54283.56029292 17.42 308.162992  -1.150620  8.054
 59     3.214 54283.56029356 18.50 308.162262  -1.153930  8.054
 59     3.280 54283.56029421 17.09 308.161542  -1.157240  8.054
 59     3.395 54283.56029485 17.33 308.160812  -1.160540  8.054
 59     3.611 54283.56029550 17.92 308.160092  -1.163850  8.054
 59     3.634 54283.56029614 22.98 308.159362  -1.167150  8.054
 60     3.275 54318.56029086 18.11 308.163552  -1.152488  6.439
 60     3.082 54318.56029150 18.30 308.162824  -1.155798 17.641
 60     3.205 54318.56029215 18.25 308.162104  -1.159098 17.641
 60     3.223 54318.56029279 18.62 308.161374  -1.162408 17.641
 60     3.469 54318.56029343 19.91 308.160644  -1.165708 17.641
 61     2.643 54353.56025503 16.69 308.162958  -1.152064  7.402
 61     2.413 54353.56025568 16.21 308.162228  -1.155364  7.402
 61     2.411 54353.56025632 16.01 308.161504  -1.158675 21.137
 61     2.808 54353.56025697 14.66 308.160774  -1.161975 21.137
 61     2.814 54353.56025761 17.66 308.160054  -1.165285 21.137
 62     2.617 54388.56023069 14.67 308.163321  -1.150710  6.217
 62     2.567 54388.56023134 13.94 308.162601  -1.154020  6.217
 62     2.514 54388.56023198 14.17 308.161871  -1.157320  6.217
 62     2.667 54388.56023263 15.16 308.161141  -1.160629 20.678
 62     2.840 54388.56023327 17.28 308.160421  -1.163929 20.678
 62     2.912 54388.56023392 19.14 308.159691  -1.167239 20.678
 63     1.487 54423.56020489 15.27 308.162288  -1.150326  3.826
 63     1.199 54423.56020554 17.17 308.161558  -1.153626  3.826
 63     1.186 54423.56020618 16.88 308.160838  -1.156936  3.826
 63     1.312 54423.56020683 16.12 308.160108  -1.160236  3.826
 63     1.506 54423.56020747 16.15 308.159382  -1.163547 16.484
 63     2.479 54423.56020812 15.13 308.158652  -1.166847 16.484
 64     2.493 54458.56020568 12.51 308.162939  -1.152276  8.791
 64     2.179 54458.56020633 16.31 308.162209  -1.155586  8.791
 64     2.311 54458.56020697 15.97 308.161479  -1.158886  8.791
 64     2.619 54458.56020762 16.47 308.160759  -1.162196  8.791
 64     2.680 54458.56020826 18.54 308.160029  -1.165496  8.791
 65     3.962 54493.56020878 18.03 308.163406  -1.150351 12.078
 65     3.855 54493.56020943 18.52 308.162686  -1.153661 12.078
 65     3.649 54493.56021007 20.13 308.161956  -1.156961 12.078
 65     3.610 54493.56021072 21.12 308.161226  -1.160271 12.078
 65     3.906 54493.56021136 19.83 308.160506  -1.163581 12.078
 65     3.942 54493.56021201 23.49 308.159776  -1.166881 12.078
 66     3.313 54528.56021830 15.70 308.164101  -1.151826 11.583
 66     2.833 54528.56021894 16.06 308.163381  -1.155136 11.583
 66     2.658 54528.56021959 16.21 308.162651  -1.158436 11.583
 66     2.852 54528.56022023 17.00 308.161921  -1.161746 11.583
 66     2.850 54528.56022088 19.13 308.161201  -1.165046 11.583
 67     4.107 54563.56021582 19.73 308.162192  -1.151114 12.339
 67     3.942 54563.56021646 18.30 308.161462  -1.154424 12.339
 67     3.663 54563.56021711 18.54 308.160732  -1.157724 12.339
 67     3.644 54563.56021775 19.03 308.160012  -1.161034 12.339
 67     4.017 54563.56021840 20.44 308.159282  -1.164334 12.339
 67     4.089 54563.56021904 23.79 308.158552  -1.167644 12.339
 68     3.592 54598.56021377 28.47 308.161945  -1.152336 14.905
 68     3.493 54598.56021442 31.88 308.161215  -1.155636 14.905
 68     3.732 54598.56021506 45.40 308.160495  -1.158946 14.905
 68     3.717 54598.56021571 53.29 308.159765  -1.162246 14.905
 68     3.704 54598.56021635 52.33 308.159035  -1.165556 14.905
 69     3.538 54633.56022666 19.70 308.161107  -1.150025  3.619
 69     3.349 54633.56022730 19.94 308.160377  -1.153325  3.619
 69     3.105 54633.56022794 19.60 308.159657  -1.156635  3.619
 69     3.195 54633.56022859 19.48 308.158927  -1.159935  3.619
 69     3.382 54633.56022923 19.71 308.158197  -1.163245  3.619
 69     3.489 54633.56022988 20.86 308.157477  -1.166545  3.619
 70     3.784 54668.56023147 18.00 308.161279  -1.150015  6.883
 70     3.714 54668.56023211 17.67 308.160559  -1.153325  6.883
 70     3.550 54668.56023276 18.42 308.159829  -1.156625  6.883
 70     3.571 54668.56023340 18.66 308.159109  -1.159935  6.883
 70     3.671 54668.56023405 21.07 308.158379  -1.163235  6.883
 70     3.754 54668.56023469 22.19 308.157649  -1.166545  6.883
 71     2.944 54703.56019637 15.23 308.163891  -1.150994 12.893
 71     2.729 54703.56019702 14.34 308.163161  -1.154294 12.893
 71     2.402 54703.56019766 17.24 308.162431  -1.157604 12.893
 71     2.719 54703.56019831 15.14 308.161711  -1.160914 12.893
 71     2.802 54703.56019895 16.42 308.160981  -1.164214 12.893
 71     2.733 54703.56019959 22.97 308.160261  -1.167524 12.893
 72    -0.735 54738.56019396 18.78 308.162254  -1.151897  9.203
 72     2.025 54738.56019460 15.97 308.161524  -1.155197  9.203
 72     2.054 54738.56019525 18.04 308.160804  -1.158507  9.203
 72     2.383 54738.56019589 16.76 308.160074  -1.161807  9.203
 72     2.743 54738.56019654 17.11 308.159344  -1.165117  9.203
 73     2.873 54773.56017810 12.08 308.163436  -1.151168  9.798
 73     2.689 54773.56017874 13.70 308.162706  -1.154468  9.798
 73     2.712 54773.56017939 14.15 308.161976  -1.157778  9.798
 73     2.820 54773.56018003 15.60 308.161256  -1.161088  9.798
 73     2.923 54773.56018068 16.71 308.160526  -1.164388  9.798
 73     2.900 54773.56018132 20.63 308.159796  -1.167698  9.798
 74     1.516 54808.56018731 14.29 308.161228  -1.152665  3.840
 74     1.402 54808.56018795 16.92 308.160508  -1.155975  3.840
 74     1.680 54808.56018860 15.02 308.159778  -1.159275  3.840
 74     1.877 54808.56018924 15.02 308.159048  -1.162585  3.840
 74     2.311 54808.56018989 14.71 308.158328  -1.165885  3.840
 75     2.774 54843.56017552 15.38 308.162495  -1.151352  6.544
 75     2.923 54843.56017616 14.80 308.161765  -1.154662  6.544
 75     2.901 54843.56017681 14.78 308.161035  -1.157962  6.544
 75     2.941 54843.56017745 20.53 308.160315  -1.161272  6.544
 75     3.251 54843.56017810 20.47 308.159585  -1.164572  6.544
 75     2.966 54843.56017874 23.56 308.158855  -1.167882  6.544
 76     3.638 54878.56019027 17.71 308.160983  -1.150025  7.205
 76     3.645 54878.56019092 17.68 308.160253  -1.153325  7.205
 76     3.547 54878.56019156 17.07 308.159523  -1.156635  7.205
 76     3.331 54878.56019221 17.81 308.158803  -1.159935  7.205
 76     3.524 54878.56019285 17.57 308.158073  -1.163245  7.205
 76     3.704 54878.56019350 20.43 308.157343  -1.166545  7.205
 77     3.646 54913.56017975 16.68 308.160441  -1.151675  8.148
 77     3.213 54913.56018040 17.01 308.159721  -1.154985  8.148
 77     3.037 54913.56018104 16.67 308.158991  -1.158285  8.148
 77     3.131 54913.56018169 16.51 308.158271  -1.161595  8.148
 77     3.280 54913.56018233 18.62 308.157541  -1.164895  8.148
 77     3.474 54913.56018297 20.32 308.156811  -1.168205  8.148
 78     4.262 54948.56018208 20.49 308.160484  -1.152100 14.987
 78     3.959 54948.56018273 19.12 308.159754  -1.155410 14.987
 78     3.910 54948.56018337 17.85 308.159034  -1.158710 14.987
 78     4.093 54948.56018402 17.72 308.158304  -1.162020 14.987
 78     4.374 54948.56018466 20.18 308.157574  -1.165320 14.987
 79     3.721 54983.56020807 20.67 308.160055  -1.153104  9.077
 79     3.462 54983.56020871 20.61 308.159335  -1.156414  9.077
 79     3.495 54983.56020936 20.22 308.158605  -1.159714  9.077
 79     3.529 54983.56021000 20.79 308.157875  -1.163024  9.077
 79     3.617 54983.56021065 22.57 308.157155  -1.166324  9.077
 80     3.808 55018.56020504 18.43 308.162835  -1.151207 14.420
 80     3.604 55018.56020568 16.89 308.162105  -1.154517 14.420
 80     3.274 55018.56020633 17.93 308.161375  -1.157817 14.420
 80     3.422 55018.56020697 17.11 308.160655  -1.161127 14.420
 80     3.664 55018.56020762 19.46 308.159925  -1.164427 14.420
 80     3.795 55018.56020826 22.82 308.159195  -1.167737 14.420
 81     3.847 55053.56020078 19.77 308.163053  -1.153211 13.645
 81     3.767 55053.56020143 20.26 308.162323  -1.156521 13.645
 81     3.763 55053.56020207 21.29 308.161593  -1.159821 13.645
 81     3.878 55053.56020272 21.59 308.160873  -1.163131 13.645
 81     4.084 55053.56020336 25.40 308.160143  -1.166431 13.645
 82     2.906 55088.56016269 14.82 308.161381  -1.152416  9.022
 82     2.364 55088.56016334 15.82 308.160651  -1.155726  9.022
 82     2.344 55088.56016398 14.25 308.159931  -1.159036  9.022
 82     2.246 55088.56016463 17.32 308.159201  -1.162336  9.022
 82     2.675 55088.56016527 16.72 308.158481  -1.165646  9.022
 83     2.034 55123.56013788 14.28 308.162855  -1.153216 10.377
 83     2.259 55123.56013853 14.73 308.162125  -1.156516 10.377
 83     2.402 55123.56013917 14.64 308.161395  -1.159826 10.377
 83     2.853 55123.56013982 15.73 308.160675  -1.163126 10.377
 83     2.831 55123.56014046 17.84 308.159945  -1.166436 10.377
 84     2.895 55158.56012365 12.51 308.160874  -1.153044  8.031
 84     2.693 55158.56012429 13.46 308.160144  -1.156344  8.031
 84     2.628 55158.56012494 14.68 308.159414  -1.159654  8.031
 84     2.618 55158.56012558 15.39 308.158694  -1.162964  8.031
 84     2.780 55158.56012623 16.86 308.157964  -1.166264  8.031
 85     1.842 55193.56012721 12.70 308.161715  -1.151821  3.958
 85     1.861 55193.56012785 13.22 308.160995  -1.155131  3.958
 85     1.818 55193.56012850 14.74 308.160265  -1.158431  3.958
 85     2.103 55193.56012914 14.95 308.159535  -1.161741  3.958
 85     2.324 55193.56012979 14.68 308.158815  -1.165041  3.958
 86     3.355 55228.56012573 19.79 308.160918  -1.152450  7.929
 86     3.075 55228.56012637 21.28 308.160188  -1.155750  7.929
 86     3.101 55228.56012701 21.19 308.159468  -1.159060  7.929
 86     3.345 55228.56012766 19.41 308.158738  -1.162360  7.929
 86     3.592 55228.56012830 19.33 308.158008  -1.165670  7.929
 87     3.541 55263.56012234 15.94 308.163048  -1.150550  8.570
 87     2.876 55263.56012299 16.22 308.162328  -1.153860  8.570
 87     2.553 55263.56012363 15.30 308.161598  -1.157160  8.570
 87     2.527 55263.56012427 15.80 308.160868  -1.160470  8.570
 87     2.766 55263.56012492 16.24 308.160148  -1.163770  8.570
 87     2.705 55263.56012556 19.78 308.159418  -1.167080  8.570
 88     3.432 55298.56010804 33.53 308.162824  -1.151560  7.839
 88     3.271 55298.56010868 26.55 308.162094  -1.154860  7.839
 88     3.048 55298.56010933 25.35 308.161364  -1.158170  7.839
 88     2.985 55298.56010997 25.06 308.160644  -1.161480  7.839
 88     3.297 55298.56011062 24.65 308.159914  -1.164780  7.839
 89     4.112 55333.56010060 36.13 308.161115  -1.150775  7.648
 89     4.120 55333.56010125 32.58 308.160395  -1.154085  7.648
 89     4.047 55333.56010189 31.52 308.159665  -1.157385  7.648
 89     4.066 55333.56010254 31.30 308.158945  -1.160695  7.648
 89     3.998 55333.56010318 30.01 308.158215  -1.163995  7.648
 89     4.111 55333.56010382 31.51 308.157485  -1.167305  7.648
 90     3.224 55368.56009262 20.82 308.162645  -1.152245  3.824
 90     2.703 55368.56009326 20.64 308.161915  -1.155545  3.824
 90     2.609 55368.56009391 20.21 308.161185  -1.158855  3.824
 90     2.999 55368.56009455 20.33 308.160465  -1.162165  3.824
 90     3.043 55368.56009520 20.30 308.159735  -1.165465  3.824
 91     3.429 55403.56010812 15.10 308.162698  -1.152024 11.195
 91     3.091 55403.56010877 14.68 308.161968  -1.155324 11.195
 91     2.952 55403.56010941 16.72 308.161248  -1.158634 11.195
 91     3.116 55403.56011006 18.20 308.160518  -1.161934 11.195
 91     3.166 55403.56011070 21.15 308.159788  -1.165244 11.195
 92     3.182 55438.56011051 14.96 308.163431  -1.153123 12.775
 92     3.310 55438.56011115 14.43 308.162711  -1.156433 12.775
 92     3.349 55438.56011180 15.77 308.161981  -1.159733 12.775
 92     3.396 55438.56011244 19.22 308.161261  -1.163043 12.775
 92     3.564 55438.56011308 21.35 308.160531  -1.166343 12.775
 93     1.302 55473.56005853 14.48 308.162766  -1.152801  5.960
 93     1.017 55473.56005918 17.51 308.162036  -1.156111  5.960
 93     1.316 55473.56005982 16.88 308.161316  -1.159421  5.960
 93     1.327 55473.56006047 18.87 308.160586  -1.162721  5.960
 93     1.829 55473.56006111 19.30 308.159856  -1.166031  5.960
