# NaN NaN NaN ;Mean Elev.(m), Avg Gradient(m/km), RMS Gradient(m/km) - SRTM1     
#    7.538  -2.007   9.830 ;Mean Elev.(m), Avg Gradient(m/km), RMS Gradient(m/km) - ASTER GDEM
#    1.286  -2.392   8.670 ;Mean Elev.(m), Avg Gradient(m/km), RMS Gradient(m/km) - GMTED2010 
  7     3.843 52465.06176168 43.30 308.029471  -1.600909 23.419
  7     3.531 52465.06176232 32.41 308.028741  -1.597599 23.419
  7     3.326 52465.06176297 32.20 308.028011  -1.594299 23.419
  7     3.621 52465.06176361 31.95 308.027291  -1.590989 23.419
  7     3.879 52465.06176490 42.52 308.025831  -1.584379 23.419
  7     3.775 52465.06176555 29.45 308.025111  -1.581079 23.419
  7     3.483 52465.06176619 25.90 308.024381  -1.577769 23.419
  7     3.482 52465.06176684 24.68 308.023651  -1.574469 23.419
  7     3.896 52465.06176748 29.11 308.022931  -1.571159 23.419
  8     3.512 52500.06175744 20.20 308.028640  -1.599422 23.148
  8     3.702 52500.06175809 18.61 308.027920  -1.596122 23.148
  8     4.098 52500.06175873 18.04 308.027190  -1.592812 23.148
  8     4.165 52500.06175938 20.49 308.026460  -1.589512 23.148
  8     3.932 52500.06176067 17.72 308.025010  -1.582902 23.148
  8     3.657 52500.06176131 18.94 308.024280  -1.579592 23.148
  8     3.749 52500.06176196 19.27 308.023560  -1.576292 23.148
  8     3.897 52500.06176260 25.71 308.022830  -1.572982 23.148
  9     2.907 52535.06174480 19.15 308.026192  -1.599463 27.265
  9     2.760 52535.06174545 16.39 308.025462  -1.596153 27.265
  9     3.011 52535.06174609 14.44 308.024732  -1.592853 27.265
  9     3.360 52535.06174674 15.86 308.024012  -1.589543 27.265
  9     3.261 52535.06174738 15.52 308.023282  -1.586243 27.265
  9     3.039 52535.06174803 13.68 308.022552  -1.582933 27.265
  9     2.952 52535.06174867 14.57 308.021831  -1.579634 27.565
  9     3.048 52535.06174931 14.62 308.021101  -1.576324 27.565
  9     3.674 52535.06174996 17.63 308.020371  -1.573024 27.565
 10     2.827 52570.06177536 16.80 308.028870  -1.601019 17.525
 10     2.790 52570.06177601 16.68 308.028140  -1.597709 17.525
 10     2.769 52570.06177665 13.31 308.027410  -1.594409 17.525
 10     3.037 52570.06177730 13.89 308.026690  -1.591099 17.525
 10     3.202 52570.06177858 16.36 308.025230  -1.584489 17.525
 10     2.902 52570.06177923 13.95 308.024510  -1.581189 17.525
 10     2.790 52570.06177987 13.11 308.023780  -1.577879 17.525
 10     2.828 52570.06178052 15.43 308.023050  -1.574579 17.525
 10     3.104 52570.06178116 19.89 308.022330  -1.571269 17.525
 11     2.396 52605.06175226 16.17 308.028056  -1.601274 20.701
 11     2.312 52605.06175291 13.69 308.027326  -1.597974 20.701
 11     2.312 52605.06175355 15.48 308.026596  -1.594664 20.701
 11     2.413 52605.06175419 14.07 308.025876  -1.591364 20.701
 11     2.570 52605.06175484 28.67 308.025146  -1.588054 20.701
 11     2.822 52605.06175548 22.54 308.024416  -1.584754 20.701
 11     2.290 52605.06175613 14.46 308.023696  -1.581444 20.701
 11     2.189 52605.06175677 12.86 308.022966  -1.578144 20.701
 11     2.574 52605.06175742 13.13 308.022246  -1.574834 20.701
 11     2.890 52605.06175806 14.31 308.021516  -1.571534 20.701
 12     2.830 52640.06173735 21.81 308.027205  -1.601615 24.859
 12     2.734 52640.06173799 18.44 308.026475  -1.598315 24.859
 12     2.581 52640.06173864 13.81 308.025755  -1.595005 24.859
 12     2.816 52640.06173928 12.80 308.025025  -1.591705 24.859
 12     2.811 52640.06173992 19.89 308.024295  -1.588395 24.859
 12     2.937 52640.06174057 13.91 308.023565  -1.585095 24.859
 12     2.654 52640.06174121 12.05 308.022845  -1.581785 24.859
 12     2.568 52640.06174186 13.22 308.022115  -1.578485 24.859
 12     2.655 52640.06174250 14.69 308.021385  -1.575175 24.859
 12     2.884 52640.06174315 17.76 308.020668  -1.571876 30.969
 13     3.204 52675.06173139 19.53 308.028736  -1.599284 25.548
 13     3.643 52675.06173203 16.30 308.028016  -1.595984 25.548
 13     3.897 52675.06173268 16.51 308.027286  -1.592674 25.548
 13     3.918 52675.06173332 24.88 308.026556  -1.589374 25.548
 13     3.801 52675.06173461 16.98 308.025106  -1.582764 25.548
 13     3.664 52675.06173526 16.68 308.024386  -1.579454 25.548
 13     3.738 52675.06173590 16.70 308.023656  -1.576154 25.548
 13     3.834 52675.06173655 17.74 308.022926  -1.572844 25.548
 14     2.917 52710.06175079 18.03 308.027692  -1.600285 26.383
 14     2.832 52710.06175144 15.65 308.026962  -1.596985 26.383
 14     3.067 52710.06175208 13.85 308.026232  -1.593675 26.383
 14     3.386 52710.06175273 14.26 308.025502  -1.590375 26.383
 14     3.501 52710.06175337 17.66 308.024782  -1.587065 26.383
 14     3.529 52710.06175402 14.68 308.024052  -1.583765 26.383
 14     3.074 52710.06175466 14.08 308.023322  -1.580455 26.383
 14     3.076 52710.06175530 15.41 308.022605  -1.577154 39.655
 14     3.380 52710.06175595 17.72 308.021875  -1.573844 39.655
 15     4.248 52745.06177874 44.53 308.021598  -1.601337 23.241
 15     4.372 52745.06177939 45.05 308.020878  -1.598037 23.241
 15     4.322 52745.06178003 43.69 308.020148  -1.594727 23.241
 15     4.269 52745.06178068 46.01 308.019418  -1.591427 41.325
 15     4.364 52745.06178132 46.99 308.018688  -1.588117 41.325
 15     4.403 52745.06178197 44.50 308.017968  -1.584817 41.325
 15     4.359 52745.06178261 47.16 308.017238  -1.581507 41.325
 15     4.307 52745.06178326 46.98 308.016518  -1.578207 41.325
 15     4.297 52745.06178390 49.05 308.015788  -1.574897 41.325
 16     4.040 52780.06171545 19.12 308.027241  -1.600950 31.485
 16     3.797 52780.06171610 17.15 308.026521  -1.597640 31.485
 16     4.042 52780.06171674 16.21 308.025791  -1.594340 31.485
 16     4.219 52780.06171739 16.20 308.025061  -1.591030 31.485
 16     4.406 52780.06171803 17.95 308.024341  -1.587731 39.919
 16     4.327 52780.06171868 17.29 308.023611  -1.584421 39.919
 16     3.963 52780.06171932 17.74 308.022881  -1.581121 39.919
 16     3.893 52780.06171997 18.13 308.022161  -1.577811 39.919
 16     4.052 52780.06172061 21.86 308.021431  -1.574511 39.919
 17     3.587 52815.06179818 21.32 308.025879  -1.601293 20.769
 17     3.258 52815.06179883 17.05 308.025159  -1.597983 20.769
 17     3.250 52815.06179947 16.65 308.024429  -1.594683 20.769
 17     3.419 52815.06180011 15.67 308.023699  -1.591373 20.769
 17     3.557 52815.06180076 15.74 308.022979  -1.588073 20.769
 17     3.450 52815.06180140 15.21 308.022249  -1.584763 20.769
 17     3.340 52815.06180205 15.40 308.021519  -1.581463 20.769
 17     3.332 52815.06180269 17.41 308.020799  -1.578153 20.769
 17     3.684 52815.06180334 18.74 308.020069  -1.574853 20.769
 18     4.041 52850.06185052 47.17 308.028677  -1.600546 26.350
 18     4.017 52850.06185116 44.22 308.027947  -1.597246 26.350
 18     4.056 52850.06185180 39.29 308.027227  -1.593936 26.350
 18     3.969 52850.06185245 45.25 308.026497  -1.590636 26.350
 18     3.904 52850.06185374 44.95 308.025047  -1.584026 26.350
 18     3.977 52850.06185438 41.98 308.024317  -1.580716 26.350
 18     3.969 52850.06185503 32.50 308.023587  -1.577416 26.350
 18     3.901 52850.06185567 35.18 308.022867  -1.574106 26.350
 19     3.584 52885.06188558 39.11 308.025097  -1.600902 18.564
 19     3.260 52885.06188623 23.33 308.024367  -1.597602 18.564
 19     2.906 52885.06188687 24.31 308.023647  -1.594292 18.564
 19     2.842 52885.06188752 25.35 308.022917  -1.590992 18.564
 19     3.406 52885.06188816 25.74 308.022187  -1.587682 18.564
 19     2.714 52885.06188881 26.11 308.021467  -1.584382 18.564
 19     3.013 52885.06188945 22.76 308.020737  -1.581072 18.564
 19     3.070 52885.06189010 22.24 308.020007  -1.577772 18.564
 19     3.370 52885.06189074 22.04 308.019287  -1.574462 18.564
 20     2.566 52920.06184138 19.68 308.029248  -1.601473 15.653
 20     2.568 52920.06184202 18.27 308.028518  -1.598163 15.653
 20     2.574 52920.06184267 17.33 308.027788  -1.594863 15.653
 20     2.816 52920.06184331 19.60 308.027068  -1.591553 15.653
 20     2.805 52920.06184460 18.16 308.025608  -1.584943 15.653
 20     2.660 52920.06184525 12.81 308.024888  -1.581643 15.653
 20     2.547 52920.06184589 14.28 308.024158  -1.578333 15.653
 20     2.850 52920.06184654 15.07 308.023428  -1.575033 15.653
 20     3.021 52920.06184718 15.16 308.022708  -1.571723 15.653
 21     2.540 52955.06180551 19.64 308.033808  -1.598415 14.992
 21     2.526 52955.06180616 15.82 308.033078  -1.595105 14.992
 21     2.909 52955.06180680 16.00 308.032348  -1.591805 14.992
 21     2.927 52955.06180938 15.69 308.029448  -1.578585 14.992
 21     2.826 52955.06181002 16.99 308.028718  -1.575275 14.992
 21     2.922 52955.06181067 14.96 308.027988  -1.571975 14.992
 22     2.186 52990.06181718 19.31 308.036202  -1.598593 16.918
 22     1.913 52990.06181782 14.29 308.035482  -1.595283 16.918
 22     1.964 52990.06181847 13.84 308.034752  -1.591983 16.918
 22     2.216 52990.06181911 14.27 308.034022  -1.588673 16.918
 22     2.309 52990.06182105 16.61 308.031842  -1.578763 16.918
 22     2.305 52990.06182169 12.94 308.031122  -1.575453 16.918
 22     2.311 52990.06182234 13.23 308.030392  -1.572153 16.918
 22     2.843 52990.06182298 11.38 308.029662  -1.568843 16.918
 23     2.894 53025.06179339 20.49 308.036169  -1.598110 23.214
 23     2.452 53025.06179404 17.77 308.035449  -1.594810 23.214
 23     2.860 53025.06179468 17.43 308.034719  -1.591500 23.214
 23     3.300 53025.06179726 15.65 308.031809  -1.578280 23.214
 23     3.099 53025.06179791 17.46 308.031089  -1.574980 23.214
 23     3.016 53025.06179855 14.44 308.030359  -1.571670 23.214
 23     3.183 53025.06179920 15.15 308.029629  -1.568370 23.214
 24     3.867 53060.06179597 24.49 308.036241  -1.595574 22.389
 24     4.040 53060.06179662 23.89 308.035521  -1.592274 22.389
 24     4.257 53060.06179726 28.16 308.034791  -1.588964 22.389
 24     3.996 53060.06179984 23.38 308.031881  -1.575744 22.389
 24     3.877 53060.06180048 22.05 308.031161  -1.572444 22.389
 24     3.990 53060.06180113 21.68 308.030431  -1.569134 22.389
 25     3.529 53095.06183015 19.77 308.021846  -1.599916 19.117
 25     3.326 53095.06183079 18.06 308.021116  -1.596616 19.117
 25     3.228 53095.06183144 18.13 308.020386  -1.593306 19.117
 25     3.144 53095.06183208 17.73 308.019666  -1.590006 19.117
 25     3.311 53095.06183273 17.28 308.018936  -1.586696 19.117
 25     3.257 53095.06183337 17.31 308.018209  -1.583395 39.400
 25     3.257 53095.06183402 17.15 308.017479  -1.580085 39.400
 25     3.423 53095.06183466 18.06 308.016759  -1.576785 39.400
 26     4.087 53130.06180236 23.23 308.034803  -1.599130 39.336
 26     3.814 53130.06180300 19.52 308.034073  -1.595820 39.336
 26     4.193 53130.06180365 19.20 308.033343  -1.592520 39.336
 26     4.493 53130.06180429 22.53 308.032623  -1.589210 39.336
 26     4.415 53130.06180623 22.09 308.030437  -1.579301 35.701
 26     4.212 53130.06180687 20.87 308.029707  -1.575991 35.701
 26     4.224 53130.06180752 19.97 308.028987  -1.572691 35.701
 26     4.481 53130.06180816 27.66 308.028257  -1.569381 35.701
 28     3.274 53200.06187408 37.58 308.028610  -1.601132 20.185
 28     3.268 53200.06187472 29.00 308.027880  -1.597832 20.185
 28     2.974 53200.06187537 30.97 308.027160  -1.594522 20.185
 28     2.940 53200.06187601 29.33 308.026427  -1.591221 17.969
 28     3.272 53200.06187665 32.92 308.025707  -1.587911 17.969
 28     3.387 53200.06187730 38.26 308.024977  -1.584611 17.969
 28     3.331 53200.06187794 36.08 308.024247  -1.581301 17.969
 28     3.180 53200.06187859 31.34 308.023527  -1.578001 17.969
 28     3.057 53200.06187923 31.20 308.022797  -1.574691 17.969
 28     3.341 53200.06187988 31.86 308.022067  -1.571391 17.969
 29     3.506 53235.06184395 20.47 308.036427  -1.598074 40.615
 29     3.481 53235.06184460 18.87 308.035697  -1.594774 40.615
 29     3.803 53235.06184524 21.00 308.034977  -1.591464 40.615
 29     3.891 53235.06184589 39.86 308.034248  -1.588164 25.841
 29     3.934 53235.06184782 24.07 308.032068  -1.578244 25.841
 29     3.826 53235.06184847 21.46 308.031348  -1.574944 25.841
 29     3.718 53235.06184911 18.80 308.030618  -1.571634 25.841
 29     3.820 53235.06184976 23.61 308.029888  -1.568334 25.841
 30     2.605 53270.06180751 16.98 308.028728  -1.599909 30.642
 30     2.538 53270.06180816 14.93 308.027998  -1.596599 30.642
 30     2.697 53270.06180880 13.34 308.027277  -1.593300 11.740
 30     2.802 53270.06180945 14.22 308.026547  -1.589990 11.740
 30     2.833 53270.06181074 12.82 308.025097  -1.583380 11.740
 30     2.468 53270.06181138 13.03 308.024367  -1.580080 11.740
 30     2.498 53270.06181203 12.91 308.023637  -1.576770 11.740
 30     2.825 53270.06181267 13.75 308.022907  -1.573470 11.740
 31     2.918 53305.06186951 20.14 308.021894  -1.601388 14.058
 31     2.470 53305.06187015 16.72 308.021164  -1.598078 14.058
 31     2.392 53305.06187080 14.27 308.020434  -1.594778 14.058
 31     2.619 53305.06187144 14.27 308.019704  -1.591468 14.058
 31     2.549 53305.06187209 14.12 308.018978  -1.588168 11.917
 31     2.562 53305.06187273 13.77 308.018258  -1.584858 11.917
 31     2.327 53305.06187338 15.52 308.017528  -1.581558 11.917
 31     2.476 53305.06187402 14.20 308.016798  -1.578248 11.917
 31     2.526 53305.06187467 20.40 308.016078  -1.574948 11.917
 32     2.506 53340.06183783 15.37 308.028033  -1.600494 29.323
 32     2.640 53340.06183848 15.56 308.027313  -1.597194 29.323
 32     2.857 53340.06183912 15.08 308.026583  -1.593884 29.323
 32     2.984 53340.06183977 19.84 308.025853  -1.590584 29.323
 32     3.148 53340.06184041 20.61 308.025133  -1.587274 29.323
 32     3.067 53340.06184106 16.26 308.024403  -1.583973  4.694
 32     2.789 53340.06184170 15.10 308.023673  -1.580663  4.694
 32     2.677 53340.06184234 15.35 308.022953  -1.577363  4.694
 32     2.957 53340.06184299 14.09 308.022223  -1.574053  4.694
 33     2.125 53375.06176886 17.54 308.031210  -1.598181 30.399
 33     2.083 53375.06176950 13.06 308.030480  -1.594881 30.399
 33     2.267 53375.06177015 14.18 308.029750  -1.591571 30.399
 33     2.330 53375.06177208 13.27 308.027575  -1.581659 20.684
 33     2.124 53375.06177273 14.59 308.026845  -1.578349 20.684
 33     2.608 53375.06177337 15.99 308.026125  -1.575049 20.684
 33     3.003 53375.06177402 17.31 308.025395  -1.571739 20.684
 34     3.053 53410.06181262 19.92 308.031270  -1.597468 35.075
 34     3.262 53410.06181327 17.68 308.030540  -1.594158 35.075
 34     3.483 53410.06181391 23.86 308.029810  -1.590858 35.075
 34     3.497 53410.06181584 17.26 308.027637  -1.580937 38.360
 34     3.193 53410.06181649 18.23 308.026907  -1.577637 38.360
 34     3.350 53410.06181713 19.44 308.026177  -1.574327 38.360
 34     3.806 53410.06181778 21.87 308.025457  -1.571027 38.360
 35     3.244 53445.06179497 19.95 308.028898  -1.599739 33.465
 35     3.224 53445.06179561 16.21 308.028168  -1.596439 33.465
 35     3.801 53445.06179626 15.72 308.027438  -1.593129 33.465
 35     4.231 53445.06179690 16.91 308.026718  -1.589829 33.465
 35     3.963 53445.06179819 15.59 308.025264  -1.583217 45.482
 35     3.603 53445.06179884 19.04 308.024534  -1.579907 45.482
 35     3.797 53445.06179948 19.41 308.023814  -1.576607 45.482
 35     3.946 53445.06180013 21.96 308.023084  -1.573297 45.482
 36     4.054 53480.06187596 24.30 308.022604  -1.600545 27.437
 36     3.594 53480.06187661 18.22 308.021874  -1.597235 27.437
 36     3.419 53480.06187725 18.55 308.021144  -1.593935 27.437
 36     3.655 53480.06187790 18.10 308.020424  -1.590625 27.437
 36     3.705 53480.06187854 17.61 308.019688  -1.587327 37.929
 36     3.451 53480.06187919 18.80 308.018968  -1.584017 37.929
 36     3.537 53480.06187983 20.28 308.018238  -1.580717 37.929
 36     3.906 53480.06188047 21.02 308.017508  -1.577407 37.929
 36     4.013 53480.06188112 25.99 308.016788  -1.574107 37.929
 37     4.292 53515.06188269 22.88 308.028408  -1.599761 31.761
 37     3.919 53515.06188334 19.24 308.027678  -1.596451 31.761
 37     4.284 53515.06188398 19.32 308.026948  -1.593151 31.761
 37     4.509 53515.06188463 22.11 308.026228  -1.589841 31.761
 37     4.506 53515.06188527 22.47 308.025496  -1.586540 41.432
 37     4.458 53515.06188592 20.25 308.024776  -1.583230 41.432
 37     4.119 53515.06188656 21.27 308.024046  -1.579930 41.432
 37     4.102 53515.06188720 23.95 308.023316  -1.576620 41.432
 37     4.438 53515.06188785 30.64 308.022596  -1.573320 41.432
 38     3.494 53550.06190184 47.30 308.023234  -1.601432 28.074
 38     3.466 53550.06190249 47.70 308.022504  -1.598122 28.074
 38     3.473 53550.06190313 32.90 308.021774  -1.594822 28.074
 38     3.631 53550.06190378 37.13 308.021054  -1.591512 28.074
 38     3.648 53550.06190442 43.32 308.020323  -1.588210 45.381
 38     3.626 53550.06190507 44.33 308.019603  -1.584900 45.381
 38     3.636 53550.06190571 45.06 308.018873  -1.581600 45.381
 38     3.636 53550.06190635 41.19 308.018143  -1.578290 45.381
 38     3.652 53550.06190700 44.88 308.017423  -1.574990 45.381
 39     3.266 53585.06186245 34.58 308.030313  -1.598799 23.456
 39     3.170 53585.06186310 34.34 308.029593  -1.595499 23.456
 39     3.096 53585.06186374 34.88 308.028863  -1.592189 23.456
 39     3.304 53585.06186439 37.69 308.028133  -1.588889 23.456
 39     3.338 53585.06186568 42.79 308.026683  -1.582278 24.202
 39     3.315 53585.06186632 39.85 308.025963  -1.578968 24.202
 39     3.133 53585.06186697 33.35 308.025233  -1.575668 24.202
 39     3.381 53585.06186761 33.07 308.024503  -1.572358 24.202
 40     3.177 53620.06181911 21.85 308.025867  -1.601837 27.094
 40     3.027 53620.06181975 14.05 308.025147  -1.598527 27.094
 40     3.085 53620.06182040 14.34 308.024417  -1.595227 27.094
 40     3.307 53620.06182104 13.50 308.023687  -1.591917 27.094
 40     3.455 53620.06182169 17.90 308.022967  -1.588617 27.094
 40     3.288 53620.06182233 14.27 308.022237  -1.585307 27.094
 40     3.219 53620.06182298 13.03 308.021513  -1.582006 21.425
 40     3.195 53620.06182362 13.90 308.020783  -1.578696 21.425
 40     3.228 53620.06182427 16.97 308.020063  -1.575396 21.425
 41     1.717 53655.06184713 19.75 308.028024  -1.601770 26.517
 41     1.534 53655.06184777 20.11 308.027294  -1.598460 26.517
 41     1.416 53655.06184842 23.27 308.026574  -1.595160 26.517
 41     1.716 53655.06184906 27.98 308.025844  -1.591850 26.517
 41     1.655 53655.06184970 38.39 308.025114  -1.588550 26.517
 41     1.803 53655.06185035 31.48 308.024394  -1.585240 26.517
 41     1.519 53655.06185099 28.90 308.023664  -1.581940 26.517
 41     1.062 53655.06185164 22.06 308.022934  -1.578630 26.517
 41     0.735 53655.06185228 18.83 308.022214  -1.575330 26.517
 41     2.760 53655.06185293 15.88 308.021484  -1.572020 26.517
 42     2.305 53690.06184020 17.81 308.026555  -1.601733 21.803
 42     2.368 53690.06184084 15.51 308.025825  -1.598433 21.803
 42     2.097 53690.06184149 19.28 308.025095  -1.595123 21.803
 42     2.373 53690.06184213 20.75 308.024375  -1.591823 21.803
 42     2.455 53690.06184278 22.56 308.023645  -1.588513 21.803
 42     2.412 53690.06184342 22.84 308.022915  -1.585213 21.803
 42     2.311 53690.06184407 18.05 308.022195  -1.581903 21.803
 42     2.227 53690.06184471 15.14 308.021465  -1.578603 21.803
 42     2.449 53690.06184536 15.13 308.020735  -1.575293 21.803
 42     2.882 53690.06184600 17.33 308.020015  -1.571993 21.803
 43     3.202 53725.06176461 19.09 308.031196  -1.600386 20.650
 43     3.001 53725.06176526 18.64 308.030476  -1.597086 20.650
 43     2.906 53725.06176590 18.95 308.029746  -1.593776 20.650
 43     3.291 53725.06176655 18.72 308.029016  -1.590476 20.650
 43     3.326 53725.06176848 18.92 308.026846  -1.580556 20.650
 43     3.078 53725.06176913 19.54 308.026116  -1.577256 20.650
 43     3.053 53725.06176977 18.22 308.025386  -1.573946 20.650
 43     3.182 53725.06177042 17.72 308.024666  -1.570646 20.650
 44     2.667 53760.06170975 20.95 308.035941  -1.597888 24.615
 44     2.093 53760.06171039 20.10 308.035211  -1.594578 24.615
 44     2.171 53760.06171104 16.82 308.034491  -1.591278 24.615
 44     2.962 53760.06171361 15.27 308.031581  -1.578058 24.615
 44     2.891 53760.06171426 13.59 308.030851  -1.574748 24.615
 44     3.282 53760.06171490 13.86 308.030121  -1.571448 24.615
 45     4.063 53795.06172725 20.02 308.032258  -1.599003 31.729
 45     4.036 53795.06172790 19.49 308.031528  -1.595693 31.729
 45     4.194 53795.06172854 18.36 308.030808  -1.592393 31.729
 45     4.391 53795.06172919 26.20 308.030078  -1.589083 31.729
 45     4.202 53795.06173112 23.00 308.027898  -1.579173 31.729
 45     4.063 53795.06173177 23.44 308.027178  -1.575863 31.729
 45     4.227 53795.06173241 27.63 308.026448  -1.572563 31.729
 46     3.841 53830.06170561 22.93 308.032353  -1.599936 30.082
 46     3.606 53830.06170625 21.16 308.031633  -1.596636 30.082
 46     3.852 53830.06170690 19.68 308.030903  -1.593326 30.082
 46     4.291 53830.06170754 24.11 308.030173  -1.590026 30.082
 46     3.699 53830.06170948 24.52 308.027993  -1.580106 30.082
 46     3.790 53830.06171012 28.24 308.027263  -1.576806 30.082
 46     4.174 53830.06171077 32.69 308.026543  -1.573496 30.082
 46     4.286 53830.06171141 43.95 308.025813  -1.570196 30.082
 47     4.329 53865.06178319 24.68 308.026201  -1.600587 24.638
 47     4.149 53865.06178384 22.00 308.025481  -1.597277 24.638
 47     4.311 53865.06178448 22.52 308.024751  -1.593977 24.638
 47     4.493 53865.06178513 22.59 308.024021  -1.590667 24.638
 47     4.588 53865.06178577 23.14 308.023301  -1.587367 24.638
 47     4.373 53865.06178642 21.66 308.022571  -1.584057 24.638
 47     4.076 53865.06178706 22.50 308.021841  -1.580757 24.638
 47     4.258 53865.06178771 27.46 308.021121  -1.577447 24.638
 47     4.400 53865.06178835 34.27 308.020391  -1.574147 24.638
 48     4.600 53900.06180994 39.70 308.028025  -1.599120 33.512
 48     4.598 53900.06181059 27.57 308.027305  -1.595820 33.512
 48     4.472 53900.06181123 23.93 308.026575  -1.592510 33.512
 48     4.659 53900.06181188 41.49 308.025845  -1.589210 33.512
 48     4.731 53900.06181252 40.50 308.025125  -1.585900 33.512
 48     4.612 53900.06181317 25.27 308.024395  -1.582600 33.512
 48     4.264 53900.06181381 25.08 308.023665  -1.579290 33.512
 48     4.252 53900.06181446 26.59 308.022945  -1.575990 33.512
 48     4.513 53900.06181510 30.25 308.022215  -1.572680 33.512
 49     3.603 53935.06185233 47.89 308.018933  -1.602048 37.896
 49     3.603 53935.06185298 43.62 308.018213  -1.598738 37.896
 49     3.607 53935.06185362 46.46 308.017483  -1.595438 37.896
 49     3.618 53935.06185427 47.87 308.016753  -1.592128 37.896
 49     3.617 53935.06185491 51.00 308.016033  -1.588828 37.896
 49     3.614 53935.06185555 45.96 308.015303  -1.585518 37.896
 49     3.626 53935.06185620 48.34 308.014573  -1.582218 37.896
 49     3.598 53935.06185684 49.74 308.013853  -1.578908 37.896
 49     3.616 53935.06185749 47.45 308.013123  -1.575608 37.896
 50     3.539 53970.06182156 43.16 308.023523  -1.599059 16.956
 50     3.433 53970.06182221 40.00 308.022803  -1.595749 16.956
 50     3.509 53970.06182285 43.78 308.022073  -1.592449 16.956
 50     3.572 53970.06182350 46.53 308.021343  -1.589139 16.956
 50     3.567 53970.06182414 42.04 308.020623  -1.585839 16.956
 50     3.314 53970.06182479 36.88 308.019893  -1.582529 16.956
 50     3.372 53970.06182543 37.66 308.019163  -1.579229 16.956
 50     3.388 53970.06182608 40.84 308.018443  -1.575919 16.956
 52     0.980 54040.06182860 23.44 308.031909  -1.597807 18.597
 52     1.538 54040.06182924 19.14 308.031189  -1.594497 18.597
 52     1.819 54040.06182989 19.07 308.030459  -1.591197 18.597
 52     1.422 54040.06183182 21.49 308.028279  -1.581277 18.597
 52     1.514 54040.06183246 18.21 308.027549  -1.577977 18.597
 52     1.532 54040.06183311 18.24 308.026829  -1.574667 18.597
 52     2.697 54040.06183375 17.26 308.026099  -1.571367 18.597
 53     2.945 54075.06182256 21.68 308.029433  -1.598426 18.211
 53     2.641 54075.06182321 22.57 308.028713  -1.595116 18.211
 53     2.646 54075.06182385 24.91 308.027983  -1.591816 18.211
 53     3.150 54075.06182579 40.81 308.025803  -1.581896 18.211
 53     2.845 54075.06182643 26.28 308.025073  -1.578596 18.211
 53     2.539 54075.06182708 23.37 308.024353  -1.575286 18.211
 53     2.891 54075.06182772 20.96 308.023623  -1.571986 18.211
 54     2.827 54110.06176639 17.67 308.027635  -1.599740 18.109
 54     2.871 54110.06176704 14.41 308.026905  -1.596440 18.109
 54     3.077 54110.06176768 14.07 308.026185  -1.593130 18.109
 54     3.135 54110.06176832 22.56 308.025455  -1.589830 18.109
 54     3.259 54110.06176897 18.33 308.024725  -1.586520 18.109
 54     3.089 54110.06176961 13.48 308.024005  -1.583220 18.109
 54     2.973 54110.06177026 12.98 308.023275  -1.579910 18.109
 54     2.998 54110.06177090 13.65 308.022545  -1.576610 18.109
 54     2.935 54110.06177155 18.06 308.021825  -1.573300 18.109
 55     3.000 54145.06176136 20.26 308.029010  -1.601684 19.797
 55     2.856 54145.06176201 16.36 308.028290  -1.598374 19.797
 55     2.899 54145.06176265 16.78 308.027560  -1.595074 19.797
 55     3.196 54145.06176330 17.23 308.026830  -1.591764 19.797
 55     3.188 54145.06176459 16.34 308.025380  -1.585154 19.797
 55     3.012 54145.06176523 16.07 308.024650  -1.581854 19.797
 55     2.944 54145.06176587 16.17 308.023930  -1.578544 19.797
 55     3.303 54145.06176652 16.87 308.023200  -1.575244 19.797
 55     3.716 54145.06176716 18.36 308.022470  -1.571934 19.797
 56     4.401 54180.06175144 23.35 308.028445  -1.601883 31.022
 56     3.840 54180.06175208 20.48 308.027715  -1.598583 31.022
 56     4.022 54180.06175273 18.31 308.026985  -1.595273 31.022
 56     4.516 54180.06175337 19.88 308.026265  -1.591973 31.022
 56     4.594 54180.06175402 35.63 308.025535  -1.588663 31.022
 56     4.555 54180.06175466 26.16 308.024805  -1.585363 31.022
 56     4.251 54180.06175531 20.21 308.024085  -1.582053 31.022
 56     4.014 54180.06175595 22.00 308.023355  -1.578753 31.022
 56     4.345 54180.06175660 25.61 308.022635  -1.575443 31.022
 56     4.474 54180.06175724 32.51 308.021905  -1.572143 31.022
 57     3.173 54215.06176922 23.43 308.027837  -1.600123 26.763
 57     2.691 54215.06176987 19.96 308.027107  -1.596813 26.763
 57     3.333 54215.06177051 16.76 308.026387  -1.593513 26.763
 57     3.600 54215.06177116 20.31 308.025657  -1.590203 26.763
 57     3.672 54215.06177180 19.93 308.024927  -1.586903 26.763
 57     3.530 54215.06177245 16.90 308.024207  -1.583593 26.763
 57     3.504 54215.06177309 17.86 308.023477  -1.580293 26.763
 57     3.537 54215.06177373 20.37 308.022747  -1.576983 26.763
 57     4.009 54215.06177438 23.20 308.022027  -1.573683 26.763
 58     3.455 54250.06179736 22.54 308.027592  -1.598821 25.347
 58     3.498 54250.06179800 18.84 308.026872  -1.595521 25.347
 58     3.790 54250.06179865 19.18 308.026142  -1.592211 25.347
 58     4.080 54250.06179929 22.46 308.025412  -1.588911 25.347
 58     3.883 54250.06179994 19.49 308.024692  -1.585601 25.347
 58     3.727 54250.06180058 20.70 308.023962  -1.582301 25.347
 58     3.612 54250.06180123 22.44 308.023232  -1.578991 25.347
 58     3.742 54250.06180187 24.46 308.022512  -1.575691 25.347
 58     4.108 54250.06180252 31.38 308.021782  -1.572381 25.347
 59     3.930 54285.06180392 23.62 308.030058  -1.600994 30.747
 59     3.582 54285.06180456 20.95 308.029328  -1.597684 30.747
 59     3.978 54285.06180520 19.18 308.028608  -1.594384 30.747
 59     4.358 54285.06180585 36.14 308.027878  -1.591074 30.747
 59     4.068 54285.06180778 20.99 308.025698  -1.581164 30.747
 59     3.863 54285.06180843 23.52 308.024968  -1.577854 30.747
 59     4.045 54285.06180907 25.67 308.024248  -1.574554 30.747
 59     4.379 54285.06180972 34.96 308.023518  -1.571244 30.747
 60     2.762 54320.06180109 21.44 308.030238  -1.599391 23.325
 60     2.371 54320.06180174 18.00 308.029508  -1.596081 23.325
 60     3.010 54320.06180238 15.95 308.028788  -1.592781 23.325
 60     3.431 54320.06180303 20.72 308.028058  -1.589471 23.325
 60     3.428 54320.06180432 15.97 308.026608  -1.582861 23.325
 60     3.350 54320.06180496 16.33 308.025878  -1.579561 23.325
 60     3.441 54320.06180561 19.13 308.025148  -1.576251 23.325
 60     3.686 54320.06180625 23.27 308.024428  -1.572951 23.325
 61     3.575 54355.06176321 35.79 308.030035  -1.601145 28.842
 61     3.426 54355.06176385 32.72 308.029305  -1.597845 28.842
 61     3.418 54355.06176450 35.89 308.028575  -1.594535 28.842
 61     3.435 54355.06176514 48.00 308.027855  -1.591235 28.842
 61     3.573 54355.06176708 25.82 308.025675  -1.581315 28.842
 61     3.036 54355.06176772 24.32 308.024945  -1.578015 28.842
 61     3.214 54355.06176837 22.26 308.024225  -1.574705 28.842
 61     3.621 54355.06176901 25.31 308.023495  -1.571405 28.842
 62     2.467 54390.06174168 18.33 308.029567  -1.598551 18.662
 62     2.909 54390.06174232 15.19 308.028847  -1.595241 18.662
 62     3.130 54390.06174297 15.03 308.028117  -1.591941 18.662
 62     3.168 54390.06174361 16.12 308.027387  -1.588631 18.662
 62     2.873 54390.06174490 16.65 308.025937  -1.582021 18.662
 62     2.729 54390.06174555 16.59 308.025207  -1.578721 18.662
 62     2.778 54390.06174619 17.32 308.024487  -1.575411 18.662
 62     3.048 54390.06174683 18.02 308.023757  -1.572111 18.662
 63     1.417 54425.06171305 17.76 308.029405  -1.600493 21.655
 63     1.402 54425.06171369 20.75 308.028675  -1.597193 21.655
 63     1.851 54425.06171434 18.22 308.027955  -1.593883 21.655
 63     1.971 54425.06171498 21.35 308.027225  -1.590583 21.655
 63     1.961 54425.06171627 21.90 308.025775  -1.583973 21.655
 63     1.692 54425.06171692 17.53 308.025045  -1.580663 21.655
 63     1.755 54425.06171756 15.53 308.024315  -1.577363 21.655
 63     2.477 54425.06171821 13.24 308.023595  -1.574053 21.655
 64     3.396 54460.06171733 30.73 308.030066  -1.600014 13.819
 64     3.337 54460.06171798 31.22 308.029346  -1.596704 13.819
 64     3.269 54460.06171862 34.80 308.028616  -1.593404 13.819
 64     3.521 54460.06171926 40.96 308.027886  -1.590094 13.819
 64     3.463 54460.06172055 39.57 308.026436  -1.583484 13.819
 64     3.387 54460.06172120 34.61 308.025706  -1.580184 13.819
 64     3.305 54460.06172184 30.95 308.024986  -1.576874 13.819
 64     3.014 54460.06172249 29.87 308.024256  -1.573574 13.819
 65     2.295 54495.06171877 24.20 308.029938  -1.599466 23.534
 65     1.268 54495.06171941 20.50 308.029208  -1.596156 23.534
 65     2.995 54495.06172006 15.96 308.028488  -1.592856 23.534
 65     3.375 54495.06172070 18.46 308.027758  -1.589546 23.534
 65     3.124 54495.06172199 17.20 308.026308  -1.582936 23.534
 65     2.959 54495.06172264 16.88 308.025578  -1.579636 23.534
 65     3.237 54495.06172328 17.15 308.024858  -1.576326 23.534
 65     3.775 54495.06172393 18.34 308.024128  -1.573026 23.534
 66     3.048 54530.06173024 23.63 308.030950  -1.599024 26.609
 66     2.839 54530.06173088 19.10 308.030220  -1.595714 26.609
 66     3.587 54530.06173153 16.11 308.029500  -1.592414 26.609
 66     3.864 54530.06173217 26.15 308.028770  -1.589104 26.609
 66     3.886 54530.06173346 17.61 308.027320  -1.582494 26.609
 66     3.525 54530.06173410 18.39 308.026590  -1.579194 26.609
 66     3.494 54530.06173475 19.56 308.025860  -1.575884 26.609
 66     3.884 54530.06173539 22.40 308.025140  -1.572584 26.609
 68     4.074 54600.06172588 23.92 308.029034  -1.601851 28.877
 68     3.229 54600.06172653 24.00 308.028304  -1.598551 28.877
 68     3.522 54600.06172717 18.40 308.027574  -1.595241 28.877
 68     4.144 54600.06172782 18.46 308.026854  -1.591941 28.877
 68     4.222 54600.06172846 21.85 308.026124  -1.588631 28.877
 68     4.060 54600.06172911 19.34 308.025394  -1.585331 28.877
 68     3.619 54600.06172975 23.37 308.024674  -1.582021 28.877
 68     3.472 54600.06173039 30.44 308.023944  -1.578721 28.877
 68     3.983 54600.06173104 31.90 308.023214  -1.575411 28.877
 68     4.302 54600.06173168 36.53 308.022494  -1.572111 28.877
 69     3.962 54635.06173809 23.16 308.027741  -1.600948 28.900
 69     3.580 54635.06173874 21.65 308.027011  -1.597638 28.900
 69     3.804 54635.06173938 18.08 308.026291  -1.594338 28.900
 69     4.292 54635.06174003 20.53 308.025561  -1.591028 28.900
 69     4.293 54635.06174067 27.31 308.024831  -1.587728 28.900
 69     4.226 54635.06174132 20.02 308.024111  -1.584418 28.900
 69     3.747 54635.06174196 21.16 308.023381  -1.581118 28.900
 69     3.719 54635.06174261 25.65 308.022651  -1.577808 28.900
 69     4.120 54635.06174325 32.35 308.021931  -1.574508 28.900
 70     3.690 54670.06174258 22.85 308.027797  -1.600028 27.353
 70     3.673 54670.06174323 18.83 308.027067  -1.596718 27.353
 70     4.178 54670.06174387 18.68 308.026347  -1.593418 27.353
 70     4.331 54670.06174452 22.76 308.025617  -1.590108 27.353
 70     4.339 54670.06174516 29.85 308.024887  -1.586808 27.353
 70     4.241 54670.06174581 20.46 308.024167  -1.583498 27.353
 70     3.587 54670.06174645 23.68 308.023437  -1.580198 27.353
 70     3.934 54670.06174710 24.01 308.022707  -1.576888 27.353
 70     4.194 54670.06174774 31.01 308.021987  -1.573588 27.353
 71     3.058 54705.06170570 42.71 308.029840  -1.598051 28.195
 71     2.948 54705.06170635 41.13 308.029110  -1.594741 28.195
 71     3.170 54705.06170699 40.42 308.028390  -1.591441 28.195
 71     3.004 54705.06170893 41.11 308.026210  -1.581521 28.195
 71     2.860 54705.06170957 38.63 308.025480  -1.578221 28.195
 71     2.808 54705.06171022 37.24 308.024750  -1.574911 28.195
 71     3.137 54705.06171086 38.29 308.024030  -1.571611 28.195
 72     2.562 54740.06170610 16.01 308.029034  -1.598808 23.537
 72     2.826 54740.06170675 12.76 308.028314  -1.595508 23.537
 72     3.151 54740.06170739 12.70 308.027584  -1.592198 23.537
 72     3.307 54740.06170804 11.81 308.026854  -1.588898 23.537
 72     3.022 54740.06170932 12.34 308.025404  -1.582288 23.537
 72     2.864 54740.06170997 13.61 308.024674  -1.578978 23.537
 72     2.965 54740.06171061 15.23 308.023954  -1.575678 23.537
 72     3.257 54740.06171126 20.03 308.023224  -1.572368 23.537
 73     2.221 54775.06168569 21.05 308.030671  -1.600987 15.399
 73     2.272 54775.06168634 19.39 308.029941  -1.597687 15.399
 73     2.163 54775.06168698 20.96 308.029211  -1.594377 15.399
 73     2.216 54775.06168762 20.70 308.028491  -1.591077 15.399
 73     2.265 54775.06168956 24.30 308.026311  -1.581157 15.399
 73     1.965 54775.06169020 25.79 308.025581  -1.577857 15.399
 73     2.176 54775.06169085 21.88 308.024861  -1.574547 15.399
 73     2.851 54775.06169149 19.03 308.024131  -1.571247 15.399
 74     2.526 54810.06169867 37.73 308.029180  -1.600869 16.075
 74     2.163 54810.06169932 32.97 308.028450  -1.597569 16.075
 74     1.710 54810.06169996 28.84 308.027720  -1.594259 16.075
 74     1.879 54810.06170060 29.47 308.027000  -1.590959 16.075
 74     2.385 54810.06170189 34.40 308.025540  -1.584349 16.075
 74     2.307 54810.06170254 38.44 308.024820  -1.581039 16.075
 74     2.454 54810.06170318 39.72 308.024090  -1.577739 16.075
 74     2.326 54810.06170383 40.04 308.023360  -1.574429 16.075
 74     2.351 54810.06170447 36.54 308.022640  -1.571129 16.075
 75     2.862 54845.06168536 25.20 308.028941  -1.599736 23.068
 75     3.590 54845.06168600 21.72 308.028211  -1.596426 23.068
 75     3.828 54845.06168665 21.29 308.027491  -1.593126 23.068
 75     4.105 54845.06168729 28.46 308.026761  -1.589816 23.068
 75     3.718 54845.06168858 20.59 308.025311  -1.583206 23.068
 75     3.474 54845.06168922 22.68 308.024581  -1.579906 23.068
 75     3.720 54845.06168987 22.23 308.023851  -1.576596 23.068
 75     3.879 54845.06169051 25.21 308.023131  -1.573296 23.068
 76     2.949 54880.06170251 19.92 308.027555  -1.598927 21.974
 76     3.065 54880.06170316 16.55 308.026835  -1.595627 21.974
 76     3.428 54880.06170380 15.14 308.026105  -1.592317 21.974
 76     3.547 54880.06170445 18.94 308.025375  -1.589017 21.974
 76     3.526 54880.06170509 16.74 308.024655  -1.585707 21.974
 76     3.219 54880.06170574 16.63 308.023925  -1.582407 21.974
 76     3.291 54880.06170638 17.46 308.023195  -1.579097 21.974
 76     3.505 54880.06170703 22.00 308.022475  -1.575797 21.974
 76     3.923 54880.06170767 25.78 308.021745  -1.572487 21.974
 77     4.199 54915.06168819 24.08 308.027367  -1.601438 29.273
 77     3.813 54915.06168883 22.14 308.026637  -1.598138 29.273
 77     4.024 54915.06168948 18.68 308.025907  -1.594828 29.273
 77     4.417 54915.06169012 18.74 308.025187  -1.591528 29.273
 77     4.465 54915.06169077 33.37 308.024457  -1.588218 29.273
 77     4.459 54915.06169141 20.03 308.023727  -1.584918 29.273
 77     4.032 54915.06169206 21.28 308.023007  -1.581608 29.273
 77     4.138 54915.06169270 24.58 308.022277  -1.578308 29.273
 77     4.466 54915.06169335 31.23 308.021557  -1.574998 29.273
 77     4.609 54915.06169399 39.48 308.020827  -1.571698 29.273
 79     4.628 54985.06172054 46.03 308.026623  -1.599706 42.531
 79     4.638 54985.06172118 51.13 308.025903  -1.596406 42.531
 79     4.659 54985.06172183 49.24 308.025173  -1.593096 42.531
 79     4.655 54985.06172247 46.86 308.024443  -1.589796 42.531
 79     4.693 54985.06172312 42.71 308.023723  -1.586486 42.531
 79     4.636 54985.06172376 45.33 308.022993  -1.583186 42.531
 79     4.628 54985.06172441 45.91 308.022263  -1.579876 42.531
 79     4.651 54985.06172505 47.52 308.021543  -1.576576 42.531
 79     4.633 54985.06172570 50.26 308.020813  -1.573266 42.531
 80     4.272 55020.06171483 23.00 308.029936  -1.599074 27.320
 80     4.021 55020.06171547 21.00 308.029206  -1.595764 27.320
 80     4.393 55020.06171612 20.20 308.028486  -1.592464 27.320
 80     4.549 55020.06171676 31.64 308.027756  -1.589154 27.320
 80     4.549 55020.06171805 23.34 308.026306  -1.582544 27.320
 80     4.160 55020.06171870 23.53 308.025576  -1.579244 27.320
 80     4.176 55020.06171934 24.39 308.024846  -1.575934 27.320
 80     4.416 55020.06171998 28.10 308.024126  -1.572634 27.320
 81     4.224 55055.06171146 47.85 308.029801  -1.599955 31.515
 81     4.260 55055.06171210 40.92 308.029071  -1.596645 31.515
 81     4.187 55055.06171275 49.39 308.028351  -1.593345 31.515
 81     4.192 55055.06171339 49.17 308.027621  -1.590035 31.515
 81     4.256 55055.06171468 47.89 308.026171  -1.583425 31.515
 81     4.335 55055.06171533 47.31 308.025441  -1.580125 31.515
 81     4.328 55055.06171597 42.28 308.024721  -1.576815 31.515
 81     4.316 55055.06171662 37.54 308.023991  -1.573515 31.515
 82     2.764 55090.06167131 18.86 308.027811  -1.598791 21.373
 82     2.659 55090.06167195 17.63 308.027081  -1.595481 21.373
 82     3.064 55090.06167260 16.57 308.026361  -1.592181 21.373
 82     3.428 55090.06167324 15.66 308.025631  -1.588871 21.373
 82     3.370 55090.06167389 15.81 308.024901  -1.585571 21.373
 82     3.177 55090.06167453 15.15 308.024181  -1.582261 21.373
 82     3.063 55090.06167517 16.29 308.023451  -1.578961 21.373
 82     3.169 55090.06167582 21.68 308.022721  -1.575651 21.373
 82     3.656 55090.06167646 25.28 308.022001  -1.572351 21.373
 83     2.892 55125.06164889 18.92 308.030052  -1.600392 24.045
 83     2.941 55125.06164953 16.11 308.029322  -1.597082 24.045
 83     3.165 55125.06165018 15.42 308.028602  -1.593782 24.045
 83     3.375 55125.06165082 20.42 308.027872  -1.590472 24.045
 83     3.233 55125.06165211 17.24 308.026422  -1.583862 24.045
 83     3.042 55125.06165275 15.82 308.025692  -1.580562 24.045
 83     2.978 55125.06165340 16.24 308.024962  -1.577252 24.045
 83     3.070 55125.06165404 18.53 308.024242  -1.573952 24.045
 83     3.321 55125.06165469 25.08 308.023512  -1.570642 24.045
 84     1.598 55160.06163135 16.89 308.028480  -1.601085 24.389
 84     1.461 55160.06163199 19.26 308.027750  -1.597785 24.389
 84     1.753 55160.06163264 21.41 308.027020  -1.594475 24.389
 84     1.953 55160.06163328 23.01 308.026300  -1.591175 24.389
 84     2.015 55160.06163393 32.16 308.025570  -1.587865 24.389
 84     2.073 55160.06163457 26.59 308.024840  -1.584565 24.389
 84     1.823 55160.06163522 22.56 308.024120  -1.581255 24.389
 84     1.674 55160.06163586 16.11 308.023390  -1.577955 24.389
 84     2.863 55160.06163651 13.51 308.022660  -1.574645 24.389
 84     3.176 55160.06163715 16.72 308.021940  -1.571345 24.389
 85     2.733 55195.06163988 16.38 308.028531  -1.598565 18.633
 85     2.520 55195.06164052 16.19 308.027811  -1.595265 18.633
 85     2.714 55195.06164117 18.33 308.027081  -1.591955 18.633
 85     2.765 55195.06164181 23.75 308.026351  -1.588655 18.633
 85     2.471 55195.06164310 18.01 308.024901  -1.582045 18.633
 85     2.351 55195.06164375 17.35 308.024171  -1.578735 18.633
 85     2.642 55195.06164439 17.70 308.023451  -1.575435 18.633
 85     2.989 55195.06164504 19.90 308.022721  -1.572125 18.633
 86     3.594 55230.06163447 20.47 308.027854  -1.599588 26.878
 86     3.719 55230.06163511 17.94 308.027124  -1.596278 26.878
 86     4.198 55230.06163575 18.58 308.026404  -1.592978 26.878
 86     4.417 55230.06163640 26.45 308.025674  -1.589668 26.878
 86     4.406 55230.06163704 23.32 308.024944  -1.586368 26.878
 86     4.060 55230.06163769 21.35 308.024224  -1.583058 26.878
 86     3.778 55230.06163833 20.53 308.023494  -1.579758 26.878
 86     3.882 55230.06163898 20.12 308.022764  -1.576448 26.878
 86     4.166 55230.06163962 23.20 308.022044  -1.573148 26.878
 87     2.313 55265.06163422 22.64 308.029695  -1.599674 24.119
 87     2.689 55265.06163487 17.80 308.028965  -1.596364 24.119
 87     3.216 55265.06163551 16.14 308.028245  -1.593064 24.119
 87     3.418 55265.06163615 17.57 308.027515  -1.589754 24.119
 87     3.478 55265.06163744 15.50 308.026065  -1.583144 24.119
 87     3.114 55265.06163809 15.85 308.025335  -1.579844 24.119
 87     3.149 55265.06163873 17.36 308.024605  -1.576534 24.119
 87     3.566 55265.06163938 20.13 308.023885  -1.573234 24.119
 88     4.122 55300.06161688 41.07 308.029436  -1.599652 35.028
 88     4.133 55300.06161753 45.41 308.028706  -1.596352 35.028
 88     4.106 55300.06161817 40.36 308.027976  -1.593042 35.028
 88     3.953 55300.06161882 38.09 308.027256  -1.589742 35.028
 88     4.211 55300.06162011 46.86 308.025796  -1.583132 35.028
 88     4.236 55300.06162075 50.62 308.025076  -1.579822 35.028
 88     4.229 55300.06162139 49.66 308.024346  -1.576522 35.028
 88     4.234 55300.06162204 50.37 308.023626  -1.573212 35.028
 89     4.320 55335.06161159 22.95 308.028283  -1.601514 23.738
 89     4.063 55335.06161223 21.45 308.027553  -1.598204 23.738
 89     4.194 55335.06161288 21.01 308.026833  -1.594904 23.738
 89     4.464 55335.06161352 22.54 308.026103  -1.591594 23.738
 89     4.581 55335.06161417 31.59 308.025373  -1.588294 23.738
 89     4.546 55335.06161481 22.89 308.024653  -1.584984 23.738
 89     4.145 55335.06161545 21.68 308.023923  -1.581684 23.738
 89     3.966 55335.06161610 22.99 308.023193  -1.578374 23.738
 89     4.104 55335.06161674 24.78 308.022473  -1.575074 23.738
 89     4.405 55335.06161739 30.40 308.021743  -1.571764 23.738
 90     3.323 55370.06160217 19.21 308.029620  -1.599581 26.418
 90     3.124 55370.06160282 16.95 308.028890  -1.596271 26.418
 90     3.516 55370.06160346 14.93 308.028170  -1.592971 26.418
 90     3.758 55370.06160411 20.10 308.027440  -1.589661 26.418
 90     3.767 55370.06160540 15.99 308.025990  -1.583051 26.418
 90     3.485 55370.06160604 18.69 308.025260  -1.579751 26.418
 90     3.659 55370.06160669 19.76 308.024530  -1.576441 26.418
 90     3.960 55370.06160733 23.44 308.023810  -1.573141 26.418
 91     3.786 55405.06161978 20.49 308.030181  -1.600365 27.082
 91     3.477 55405.06162043 19.49 308.029451  -1.597055 27.082
 91     3.755 55405.06162107 18.80 308.028731  -1.593755 27.082
 91     3.977 55405.06162171 28.74 308.028001  -1.590445 27.082
 91     4.090 55405.06162300 21.89 308.026551  -1.583835 27.082
 91     3.652 55405.06162365 21.54 308.025821  -1.580535 27.082
 91     3.618 55405.06162429 21.05 308.025091  -1.577225 27.082
 91     3.963 55405.06162494 23.41 308.024371  -1.573925 27.082
 91     4.058 55405.06162558 32.98 308.023641  -1.570615 27.082
 92     2.748 55440.06162095 18.15 308.029975  -1.600010 22.413
 92     2.776 55440.06162160 17.13 308.029245  -1.596700 22.413
 92     2.894 55440.06162224 15.11 308.028525  -1.593400 22.413
 92     3.276 55440.06162289 16.98 308.027795  -1.590090 22.413
 92     3.279 55440.06162418 16.52 308.026345  -1.583480 22.413
 92     3.143 55440.06162482 16.48 308.025615  -1.580180 22.413
 92     3.102 55440.06162546 16.75 308.024885  -1.576870 22.413
 92     3.223 55440.06162611 19.54 308.024165  -1.573570 22.413
 93     1.696 55475.06156538 19.52 308.030223  -1.601327 20.774
 93     1.406 55475.06156602 20.76 308.029493  -1.598027 20.774
 93     1.854 55475.06156666 20.44 308.028763  -1.594717 20.774
 93     2.121 55475.06156731 23.03 308.028043  -1.591417 20.774
 93     2.085 55475.06156924 20.97 308.025863  -1.581497 20.774
 93     2.089 55475.06156989 16.26 308.025133  -1.578197 20.774
 93     2.666 55475.06157053 15.79 308.024413  -1.574887 20.774
 93     3.188 55475.06157118 15.12 308.023683  -1.571587 20.774
