-300699.105    29.988     0.00    7.44
-300323.032    29.758    -0.61    6.56
-299946.961    28.736    -2.72    5.72
-299570.893    27.881    -2.28    4.76
-299194.828    26.231    -4.39    5.67
-298818.767    25.547    -1.82    6.77
-298442.708    22.240    -8.80    9.58
-298066.653    19.408    -7.53   10.31
-297690.600    19.188    -0.59   10.95
-297314.550    19.419     0.61   11.73
-296938.504    23.077     9.73   12.30
-296562.460    23.709     1.68   11.99
-296186.420    22.872    -2.23   11.45
-295810.383    23.547     1.80   10.05
-295434.348    24.572     2.73    9.40
-295058.317    27.574     7.98    7.94
-294682.288    27.222    -0.94    8.17
-294306.263    27.650     1.14    7.57
-293930.241    29.188     4.09    7.44
-293554.221    31.872     7.14    6.29
-293178.205    34.701     7.53    2.41
-292802.192    35.205     1.34    1.82
-292426.181    35.353     0.39    1.92
-292050.174    35.363     0.03    2.26
-291674.170    35.658     0.79    2.62
-291298.168    35.837     0.47    2.74
-290922.170    36.163     0.87    2.42
-290546.175    35.829    -0.89    2.36
-290170.182    35.493    -0.89    2.19
-289794.193    35.601     0.29    2.20
-289418.207    35.007    -1.58    2.19
-289042.223    34.752    -0.68    2.12
-288666.243    34.412    -0.91    1.90
-288290.265    35.265     2.27    2.00
-287914.291    35.624     0.95    2.39
-287538.320    35.573    -0.14    3.13
-287162.351    34.818    -2.01    3.96
-286786.386    34.034    -2.08    4.10
-286410.423    34.231     0.52    4.19
-286034.464    33.186    -2.78    5.19
-285658.507    31.115    -5.51    7.06
-285282.554    26.899   -11.22    8.76
-284906.603    23.600    -8.77    9.28
-284530.655    22.599    -2.66    8.80
-284154.711    22.985     1.03    8.97
-283778.769    27.179    11.16   10.18
-283402.830    31.223    10.76    9.19
-283026.895    33.682     6.54    8.02
-282650.962    35.034     3.60    7.28
-282275.032    35.628     1.58    7.48
-281899.105    37.701     5.51    6.46
-281523.181    39.368     4.43    4.36
-281147.260    40.188     2.18    3.15
-280771.342    40.845     1.75    2.57
-280395.427    41.214     0.98    2.88
-280019.515    41.863     1.73    2.68
-279643.605    42.131     0.71    2.80
-279267.699    42.791     1.76    2.80
-278891.796    43.250     1.22    2.88
-278515.895    43.705     1.21    2.94
-278139.998    44.855     3.06    2.59
-277764.104    46.110     3.34    2.84
-277388.212    45.389    -1.92    3.14
-277012.323    45.784     1.05    3.65
-276636.438    44.493    -3.43    4.13
-276260.555    43.368    -2.99    4.59
-275884.675    42.736    -1.68    5.07
-275508.798    39.804    -7.80    5.85
-275132.924    38.265    -4.09    5.27
-274757.053    37.445    -2.18    5.32
-274381.185    37.439    -0.01    4.85
-274005.320    38.983     4.11    4.30
-273629.457    39.958     2.59    2.99
-273253.598    40.714     2.01    2.08
-272877.741    40.655    -0.16    2.07
-272501.888    38.872    -4.75    5.44
-272126.037    37.331    -4.10    6.70
-271750.189    35.752    -4.20    7.20
-271374.344    35.305    -1.19    7.48
-270998.502    36.009     1.87    6.46
-270622.663    34.758    -3.33    6.87
-270246.827    34.547    -0.56    6.77
-269870.994    32.522    -5.39    8.49
-269495.164    31.655    -2.31    9.63
-269119.336    32.599     2.51    9.21
-268743.512    30.855    -4.64    8.84
-268367.690    28.897    -5.21    9.07
-267991.871    24.679   -11.23    8.06
-267615.781    21.572    -8.26    4.90
-267239.393    19.906    -4.43    3.59
-266863.008    19.603    -0.81    1.88
-266486.625    20.250     1.72    2.08
-266110.246    21.412     3.09    2.44
-265733.869    22.223     2.15    1.72
-265357.496    23.009     2.09    2.27
-264981.125    22.633    -1.00    2.91
-264604.757    22.347    -0.76    3.43
-264228.392    21.547    -2.13    3.78
-263852.030    20.770    -2.07    3.11
-263475.671    20.829     0.16    2.54
-263099.315    21.331     1.33    3.04
-262722.962    22.060     1.94    3.33
-262346.611    22.126     0.18    3.30
-261970.263    21.727    -1.06    2.85
-261593.919    21.331    -1.05    2.31
-261217.577    21.389     0.15    3.08
-260841.238    21.647     0.69    3.42
-260464.901    22.742     2.91    3.65
-260088.568    22.899     0.42    3.77
-259712.238    23.061     0.43    3.34
-259335.910    24.169     2.94    3.17
-258959.585    22.845    -3.52    4.93
-258583.263    20.804    -5.42    6.03
-258206.944    21.022     0.58    6.63
-257830.628    21.153     0.35    7.26
-257454.315    22.791     4.35    7.22
-257078.004    25.188     6.37    5.49
-256701.697    26.495     3.47    3.35
-256325.392    26.258    -0.63    2.14
-255949.090    26.074    -0.49    2.37
-255572.791    25.624    -1.19    2.81
-255196.495    24.980    -1.71    3.48
-254820.201    23.916    -2.83    3.66
-254443.911    23.997     0.22    3.50
-254067.623    25.290     3.44    3.65
-253691.338    25.980     1.83    3.02
-253315.056    25.682    -0.79    3.04
-252938.777    24.358    -3.52    4.04
-252562.500    23.601    -2.01    4.01
-252186.227    23.103    -1.32    4.32
-251809.956    22.947    -0.41    4.77
-251433.688    23.265     0.85    4.94
-251057.423    24.574     3.48    4.38
-250681.160    25.265     1.84    3.74
-250304.901    25.468     0.54    2.54
-249928.644    25.547     0.21    1.92
-249552.390    24.574    -2.59    3.19
-249176.139    23.240    -3.55    4.45
-248799.891    22.709    -1.41    5.00
-248423.646    22.284    -1.13    4.78
-248047.403    22.547     0.70    4.52
-247671.163    23.742     3.17    3.72
-247294.926    24.829     2.89    3.62
-246918.692    26.034     3.20    1.85
-246542.461    25.872    -0.43    1.97
-246166.232    24.953    -2.44    2.60
-245790.006    23.520    -3.81    3.00
-245413.783    20.137    -8.99    5.91
-245037.563    18.797    -3.56    5.63
-244661.345    18.126    -1.78    5.99
-244285.131    17.322    -2.14    5.50
-243908.919    19.047     4.59    3.93
-243532.710    20.034     2.62    2.93
-243156.503    19.599    -1.16    3.26
-242780.300    20.393     2.11    5.76
-242404.099    25.020    12.30   11.08
-242027.901    30.363    14.20   12.27
-241651.706    35.393    13.37    9.38
-241275.514    39.825    11.78    5.59
-240899.324    42.470     7.03    7.59
-240523.137    44.784     6.15    7.80
-240146.953    47.736     7.85    6.84
-239770.772    49.953     5.89    6.14
-239394.593    50.908     2.54    6.07
-239018.418    51.958     2.79    5.81
-238642.245    52.472     1.37    5.48
-238266.074    52.818     0.92    4.81
-237889.907    52.647    -0.45    3.86
-237513.742    52.600    -0.13    3.09
-237137.580    52.727     0.34    3.66
-236761.421    53.682     2.54    4.32
-236385.264    54.034     0.94    4.62
-236009.111    54.964     2.47    4.56
-235632.960    56.142     3.13    3.34
-235256.811    54.995    -3.05    3.24
-234880.666    53.862    -3.01    3.48
-234504.523    52.445    -3.77    3.37
-234128.383    51.419    -2.73    3.32
-233752.246    50.628    -2.10    2.75
-233376.111    51.196     1.51    2.71
-232999.980    52.088     2.37    2.23
-232623.851    52.727     1.70    2.28
-232247.724    53.447     1.92    2.37
-231871.601    54.115     1.77    3.16
-231495.480    55.727     4.29    3.14
-231119.362    56.626     2.39    2.65
-230743.246    57.126     1.33    2.64
-230367.134    57.061    -0.17    2.58
-229991.024    56.672    -1.03    2.93
-229614.917    55.995    -1.80    2.58
-229238.812    55.547    -1.19    3.09
-228862.710    55.442    -0.28    2.50
-228486.611    55.658     0.58    2.31
-228110.515    55.445    -0.57    2.46
-227734.421    54.829    -1.64    3.58
-227358.330    53.714    -2.97    4.24
-226982.242    52.764    -2.53    4.72
-226606.157    51.331    -3.81    5.05
-226230.074    50.521    -2.15    4.81
-225853.994    50.597     0.20    3.49
-225477.916    50.223    -1.00    2.59
-225101.842    50.650     1.14    2.59
-224725.770    51.100     1.20    2.89
-224349.700    52.442     3.57    3.39
-223973.634    53.872     3.80    3.03
-223597.570    54.497     1.66    2.47
-223221.509    54.442    -0.15    2.31
-222845.450    54.020    -1.12    2.99
-222469.394    53.304    -1.90    4.02
-222093.341    52.520    -2.09    4.46
-221717.291    51.829    -1.84    4.72
-221341.243    51.060    -2.05    5.43
-220965.198    49.890    -3.11    5.44
-220589.155    49.196    -1.85    6.02
-220213.116    49.980     2.08    5.83
-219837.078    51.007     2.73    4.25
-219461.044    51.397     1.04    3.72
-219085.012    51.520     0.33    3.39
-218708.983    51.731     0.56    3.30
-218332.957    51.231    -1.33    3.68
-217956.933    50.342    -2.37    3.44
-217580.912    49.412    -2.47    2.99
-217204.894    49.272    -0.37    3.09
-216828.878    48.258    -2.70    3.30
-216452.865    47.158    -2.92    4.32
-216076.855    43.547    -9.60    6.97
-215700.847    41.908    -4.36    6.82
-215324.842    40.624    -3.42    6.88
-214948.839    40.265    -0.95    6.04
-214572.839    39.841    -1.13    5.46
-214196.842    37.926    -5.10    4.41
-213820.848    35.791    -5.68    3.05
-213444.856    33.196    -6.90    4.87
-213068.867    29.522    -9.77    7.19
-212692.880    24.758   -12.67    7.55
-212316.896    20.188   -12.15    4.80
-211940.915    18.547    -4.36    3.61
-211564.936    18.829     0.75    3.74
-211188.960    20.142     3.49    3.65
-210812.987    21.011     2.31    3.51
-210437.016    21.573     1.50    2.75
-210061.048    21.825     0.67    2.46
-209685.083    20.953    -2.32    3.73
-209309.120    20.331    -1.65    4.60
-208933.160    22.412     5.54    6.76
-208557.202    25.265     7.59    7.51
-208181.247    29.283    10.69    5.98
-207805.295    33.752    11.89    7.18
-207429.345    35.758     5.33    8.60
-207053.398    37.575     4.83    8.70
-206677.453    41.240     9.75    9.74
-206301.511    44.784     9.43    9.09
-205925.572    45.342     1.48    8.45
-205549.636    46.231     2.37    7.38
-205173.701    46.247     0.04    7.28
-204797.770    45.304    -2.51    7.67
-204421.841    44.497    -2.15    7.50
-204045.915    46.829     6.20    6.64
-203669.991    47.908     2.87    6.03
-203294.070    46.196    -4.56    6.13
-202918.152    42.196   -10.64    7.45
-202542.236    41.953    -0.65    7.41
-202166.323    42.034     0.22    8.16
-201790.412    43.408     3.66    8.36
-201414.504    47.265    10.26    7.36
-201038.598    48.416     3.06    7.44
-200662.696    50.158     4.64    6.73
-200286.795    51.291     3.01    5.42
-199910.898    53.240     5.18    5.04
-199535.002    54.547     3.48    4.43
-199159.110    55.764     3.24    4.57
-198783.220    56.804     2.77    4.33
-198407.332    56.277    -1.40    4.10
-198031.448    56.060    -0.58    3.58
-197655.565    55.547    -1.36    3.18
-197279.686    53.853    -4.51    3.05
-196903.809    53.709    -0.38    2.86
-196527.934    52.736    -2.59    3.01
-196152.062    51.574    -3.09    3.01
-195776.193    49.705    -4.97    4.96
-195400.326    47.131    -6.85    5.94
-195024.461    46.997    -0.35    6.32
-194648.600    46.574    -1.13    6.49
-194272.741    45.412    -3.09    6.55
-193896.884    45.086    -0.87    5.63
-193521.030    43.995    -2.90    5.41
-193145.178    44.810     2.17    5.32
-192769.329    46.131     3.51    5.15
-192393.056    47.701     4.17    4.12
-192016.703    47.899     0.52    4.11
-191640.353    47.752    -0.39    3.99
-191264.005    47.697    -0.15    3.98
-190887.660    46.147    -4.12    4.88
-190511.318    42.953    -8.49    5.88
-190134.977    39.412    -9.41    4.57
-189758.640    36.385    -8.04    4.32
-189382.305    31.791   -12.21    7.28
-189005.973    27.714   -10.83    7.60
-188629.643    23.697   -10.67    6.05
-188253.315    23.368    -0.88    6.53
-187876.991    29.547    16.42   10.99
-187500.668    37.829    22.01   11.38
-187124.349    43.284    14.50    8.26
-186748.031    46.317     8.06    4.39
-186371.717    45.196    -2.98    5.86
-185995.405    44.188    -2.68    6.63
-185619.095    44.492     0.81    6.63
-185242.788    45.778     3.42    6.30
-184866.483    47.829     5.45    5.99
-184490.181    50.881     8.11    4.59
-184113.882    51.736     2.27    4.03
-183737.585    52.764     2.73    4.54
-183361.290    52.709    -0.14    4.11
-182984.998    52.818     0.29    4.64
-182608.709    52.131    -1.83    4.65
-182232.422    51.650    -1.28    4.06
-181856.137    51.009    -1.70    4.20
-181479.855    50.126    -2.35    4.25
-181103.576    49.179    -2.52    5.65
-180727.299    46.701    -6.59    7.27
-180351.025    44.419    -6.07    8.14
-179974.753    42.277    -5.69    8.54
-179598.483    40.214    -5.48    7.18
-179222.216    40.853     1.70    6.76
-178845.952    42.521     4.43    6.12
-178469.690    44.100     4.20    4.97
-178093.430    46.266     5.76    3.79
-177717.173    45.701    -1.50    5.11
-177340.919    46.493     2.11    5.39
-176964.667    47.601     2.95    5.99
-176588.417    47.547    -0.14    5.26
-176212.170    49.047     3.99    3.94
-175835.926    49.153     0.28    4.73
-175459.683    48.111    -2.77    4.96
-175083.444    46.818    -3.44    5.82
-174707.207    45.034    -4.74    4.97
-174330.972    43.291    -4.63    4.53
-173954.740    42.368    -2.45    4.66
-173578.510    39.995    -6.31    4.24
-173202.283    38.470    -4.05    3.21
-172826.058    36.439    -5.40    4.09
-172449.836    33.818    -6.97    5.15
-172073.616    28.628   -13.79    7.94
-171697.398    25.110    -9.35    7.06
-171321.184    22.137    -7.90    5.89
-170944.971    20.547    -4.23    4.68
-170568.761    20.791     0.65    3.51
-170192.553    20.845     0.14    4.68
-169816.348    23.825     7.92    9.63
-169440.146    29.916    16.19   12.64
-169063.945    37.291    19.60   11.64
-168687.748    42.682    14.33    7.97
-168311.552    45.547     7.62    3.71
-167935.359    46.258     1.89    3.76
-167559.169    45.284    -2.59    3.83
-167182.981    45.412     0.34    4.32
-166806.795    45.147    -0.70    4.98
-166430.612    45.736     1.57    5.15
-166054.432    45.709    -0.07    4.73
-165678.253    44.601    -2.95    4.55
-165302.077    44.462    -0.37    4.03
-164925.904    41.111    -8.91    6.64
-164549.733    39.778    -3.54    7.15
-164173.564    38.686    -2.90    7.73
-163797.398    38.758     0.19    7.28
-163421.235    39.158     1.06    6.83
-163045.073    40.047     2.36    7.19
-162668.914    42.393     6.24    6.28
-162292.758    45.520     8.31    4.27
-161916.604    47.837     6.16    3.33
-161540.452    48.863     2.73    3.34
-161164.303    50.291     3.80    3.45
-160788.156    50.980     1.83    3.09
-160412.012    51.597     1.64    2.78
-160035.870    50.675    -2.45    3.98
-159659.730    48.655    -5.37    5.92
-159283.593    47.764    -2.37    6.47
-158907.459    47.709    -0.14    6.75
-158531.326    48.393     1.82    6.76
-158155.196    49.650     3.34    5.96
-157779.069    50.719     2.84    4.90
-157402.943    51.731     2.69    3.64
-157026.821    52.574     2.24    3.05
-156650.700    52.686     0.30    2.46
-156274.582    52.247    -1.17    2.32
-155898.467    51.953    -0.78    2.55
-155522.353    52.416     1.23    2.71
-155146.243    53.284     2.31    2.88
-154770.134    53.922     1.70    2.62
-154394.028    54.223     0.80    2.58
-154017.924    54.347     0.33    2.26
-153641.823    54.240    -0.29    1.87
-153265.724    53.899    -0.91    2.00
-152889.628    54.007     0.29    2.04
-152513.533    54.412     1.08    2.07
-152137.442    55.179     2.04    1.89
-151761.352    55.675     1.32    1.70
-151385.265    55.742     0.18    1.70
-151009.180    55.573    -0.45    1.88
-150633.098    54.863    -1.89    2.56
-150257.018    53.270    -4.24    3.24
-149880.940    52.009    -3.35    3.23
-149504.865    51.804    -0.55    3.33
-149128.792    52.573     2.05    3.70
-148752.721    53.521     2.52    3.21
-148376.653    53.650     0.34    3.14
-148000.587    52.872    -2.07    3.07
-147624.524    51.947    -2.46    2.77
-147248.463    52.137     0.50    3.05
-146872.404    52.662     1.39    3.38
-146496.347    53.791     3.00    2.99
-146120.293    54.709     2.44    2.64
-145744.242    54.088    -1.65    2.56
-145368.192    53.310    -2.07    2.50
-144992.145    52.520    -2.10    2.58
-144616.100    51.872    -1.72    2.38
-144240.058    51.086    -2.09    2.68
-143864.018    50.682    -1.07    2.72
-143487.980    51.214     1.41    3.06
-143111.944    50.778    -1.16    2.89
-142735.911    51.389     1.63    2.59
-142359.881    51.408     0.05    2.54
-141983.852    50.778    -1.68    2.59
-141607.826    50.493    -0.76    2.86
-141231.802    49.983    -1.36    2.80
-140855.781    49.547    -1.16    3.22
-140479.761    49.319    -0.61    3.98
-140103.745    48.601    -1.91    4.14
-139727.730    46.628    -5.25    4.77
-139351.718    45.942    -1.83    5.40
-138975.708    46.906     2.56    5.56
-138599.700    47.825     2.44    5.80
-138223.695    50.108     6.07    4.34
-137847.692    49.983    -0.33    4.65
-137471.691    48.250    -4.61    5.26
-137095.693    45.601    -7.04    4.86
-136719.697    45.231    -0.98    5.33
-136343.703    45.163    -0.18    5.75
-135967.711    44.353    -2.15    6.16
-135591.722    41.547    -7.46    8.45
-135215.735    35.242   -16.77   12.63
-134839.751    27.445   -20.74   13.28
-134463.768    19.573   -20.94    9.01
-134087.788    14.391   -13.78    2.77
-133711.810    15.547     3.08    2.79
-133335.835    17.061     4.03    2.72
-132959.862    18.034     2.59    2.65
-132583.891    17.653    -1.01    3.59
-132207.922    18.169     1.37    4.26
-131831.956    20.265     5.58    6.61
-131455.992    23.368     8.25    8.76
-131080.030    27.778    11.73    9.63
-130704.070    33.953    16.42   10.25
-130328.113    39.758    15.44    8.75
-129952.158    44.086    11.51    5.92
-129576.205    46.992     7.73    3.44
-129200.255    47.650     1.75    2.50
-128824.307    47.520    -0.35    3.56
-128448.361    46.389    -3.01    5.24
-128072.417    46.317    -0.19    4.95
-127696.476    46.079    -0.63    4.98
-127320.536    46.258     0.48    5.60
-126944.600    46.784     1.40    5.05
-126568.665    48.818     5.41    4.34
-126192.732    50.624     4.81    4.39
-125816.802    51.628     2.67    4.49
-125440.874    52.522     2.38    4.19
-125064.949    53.419     2.39    4.32
-124689.025    54.265     2.25    3.23
-124313.104    54.709     1.18    2.70
-123937.185    53.855    -2.27    2.67
-123561.269    52.855    -2.66    3.19
-123185.354    52.742    -0.30    3.27
-122809.442    51.626    -2.97    3.54
-122433.532    51.628     0.01    3.79
-122057.624    52.088     1.22    4.55
-121681.719    52.650     1.50    4.63
-121305.815    52.610    -0.11    4.81
-120929.914    52.983     0.99    4.38
-120554.015    52.573    -1.09    4.69
-120178.119    52.492    -0.22    4.36
-119802.224    50.009    -6.61    6.00
-119426.332    46.142   -10.29    7.39
-119050.442    43.599    -6.77    6.66
-118674.555    42.393    -3.21    6.62
-118298.669    43.942     4.12    6.65
-117922.786    47.179     8.61    4.47
-117546.816    49.470     6.10    3.34
-117170.484    50.163     1.84    3.30
-116794.153    51.020     2.28    3.28
-116417.825    50.277    -1.97    3.49
-116041.499    50.466     0.50    3.08
-115665.175    50.818     0.93    3.56
-115288.853    51.196     1.01    3.58
-114912.534    51.812     1.64    2.79
-114536.217    52.342     1.41    2.24
-114159.902    51.727    -1.64    2.56
-113783.589    50.686    -2.77    4.42
-113407.278    47.599    -8.21    6.33
-113030.970    45.953    -4.37    6.01
-112654.664    44.983    -2.58    5.78
-112278.360    44.968    -0.04    5.55
-111902.058    45.983     2.70    4.61
-111525.758    47.007     2.72    3.43
-111149.461    47.650     1.71    3.35
-110773.166    48.797     3.05    3.07
-110396.873    50.964     5.76    3.66
-110020.582    52.837     4.98    3.93
-109644.293    54.628     4.76    2.89
-109268.007    56.142     4.02    1.62
-108891.722    55.520    -1.65    2.02
-108515.440    55.290    -0.61    2.13
-108139.160    55.322     0.09    2.18
-107762.882    55.650     0.87    2.04
-107386.607    55.845     0.52    2.22
-107010.333    55.445    -1.06    2.67
-106634.062    55.628     0.49    2.75
-106257.793    55.784     0.41    2.51
-105881.526    55.111    -1.79    2.61
-105505.261    55.163     0.14    2.34
-105128.998    54.547    -1.64    3.07
-104752.738    54.547     0.00    2.91
-104376.479    54.829     0.75    2.39
-104000.223    54.899     0.18    2.49
-103623.969    54.547    -0.93    2.36
-103247.717    54.331    -0.57    2.30
-102871.468    54.520     0.50    2.15
-102495.220    54.196    -0.86    2.28
-102118.975    53.686    -1.35    2.96
-101742.731    52.804    -2.35    3.15
-101366.490    51.922    -2.34    3.57
-100990.251    50.736    -3.15    3.78
-100614.014    48.972    -4.69    3.70
-100237.780    48.389    -1.55    3.82
 -99861.547    47.393    -2.65    4.20
 -99485.317    47.916     1.39    4.24
 -99109.088    46.942    -2.59    4.51
 -98732.862    46.603    -0.90    4.40
 -98356.638    45.574    -2.73    4.91
 -97980.416    42.752    -7.50    5.33
 -97604.196    38.547   -11.18    7.12
 -97227.979    33.778   -12.68    8.23
 -96851.763    27.650   -16.29    7.01
 -96475.550    24.250    -9.04    5.24
 -96099.338    23.034    -3.23    4.89
 -95723.129    29.845    18.10   12.40
 -95346.922    38.163    22.11   13.78
 -94970.717    46.496    22.15   10.13
 -94594.514    50.655    11.06    3.58
 -94218.313    50.847     0.51    3.52
 -93842.115    50.179    -1.78    3.11
 -93465.918    49.705    -1.26    2.73
 -93089.724    49.709     0.01    3.04
 -92713.532    49.445    -0.70    2.60
 -92337.341    49.758     0.83    2.30
 -91961.153    50.047     0.77    2.29
 -91584.967    50.310     0.70    3.29
 -91208.783    50.714     1.07    3.78
 -90832.602    48.752    -5.21    6.14
 -90456.422    46.393    -6.27    6.94
 -90080.244    45.283    -2.95    7.09
 -89704.069    47.088     4.80    7.18
 -89327.895    50.277     8.48    5.14
 -88951.724    52.358     5.53    2.74
 -88575.555    52.147    -0.56    3.04
 -88199.387    51.601    -1.45    3.44
 -87823.222    51.679     0.21    2.94
 -87447.059    52.393     1.90    2.52
 -87070.898    53.009     1.64    2.71
 -86694.739    53.655     1.72    2.26
 -86318.583    53.599    -0.15    2.21
 -85942.428    52.337    -3.35    2.90
 -85566.275    50.658    -4.46    3.48
 -85190.125    47.845    -7.48    5.90
 -84813.976    45.825    -5.37    5.59
 -84437.830    45.363    -1.23    6.05
 -84061.685    45.983     1.65    5.78
 -83685.543    49.141     8.40    3.91
 -83309.403    48.764    -1.00    4.08
 -82933.264    49.628     2.30    4.51
 -82557.128    51.007     3.66    4.45
 -82180.994    51.470     1.23    4.22
 -81804.862    52.385     2.43    2.70
 -81428.732    52.932     1.45    2.20
 -81052.604    53.470     1.43    2.03
 -80676.478    53.855     1.02    1.96
 -80300.355    54.358     1.34    1.81
 -79924.233    54.547     0.50    1.84
 -79548.113    54.731     0.49    1.77
 -79171.995    54.992     0.69    1.54
 -78795.880    54.736    -0.68    1.85
 -78419.766    53.658    -2.87    2.98
 -78043.654    53.682     0.06    3.02
 -77667.545    53.188    -1.31    4.18
 -77291.437    52.297    -2.37    5.22
 -76915.332    51.258    -2.76    6.17
 -76539.228    50.074    -3.15    6.71
 -76163.127    49.242    -2.21    6.99
 -75787.028    49.291     0.13    6.73
 -75410.930    50.385     2.91    5.95
 -75034.835    53.240     7.59    3.80
 -74658.742    53.906     1.77    3.19
 -74282.650    54.599     1.84    2.83
 -73906.561    54.493    -0.28    2.68
 -73530.474    54.393    -0.27    2.28
 -73154.388    53.829    -1.50    2.20
 -72778.305    53.270    -1.49    2.48
 -72402.224    52.818    -1.20    2.99
 -72026.145    51.872    -2.52    3.17
 -71650.067    50.250    -4.31    3.78
 -71273.992    46.358   -10.35    6.97
 -70897.919    41.776   -12.18    8.33
 -70521.848    40.822    -2.54    8.06
 -70145.779    40.547    -0.73    7.87
 -69769.711    43.686     8.35    9.06
 -69393.646    47.163     9.24    7.93
 -69017.583    48.153     2.63    7.01
 -68641.522    49.495     3.57    6.18
 -68265.463    50.074     1.54    5.13
 -67889.405    51.163     2.90    3.45
 -67513.350    52.358     3.18    3.35
 -67137.297    52.995     1.69    3.18
 -66761.246    54.347     3.60    2.68
 -66385.196    56.062     4.56    2.50
 -66009.149    57.250     3.16    2.23
 -65633.104    57.547     0.79    2.32
 -65257.060    57.818     0.72    2.68
 -64881.019    58.250     1.15    2.77
 -64504.979    59.158     2.42    2.27
 -64128.942    59.772     1.63    2.03
 -63752.907    60.179     1.08    2.07
 -63376.873    60.304     0.33    1.91
 -63000.842    59.958    -0.92    1.68
 -62624.812    59.679    -0.74    1.80
 -62248.785    59.393    -0.76    1.71
 -61872.759    59.142    -0.67    1.54
 -61496.735    58.650    -1.31    1.59
 -61120.714    58.353    -0.79    1.80
 -60744.694    58.153    -0.53    1.87
 -60368.676    57.147    -2.67    2.52
 -59992.660    55.547    -4.26    3.66
 -59616.646    53.855    -4.50    4.66
 -59240.634    53.655    -0.53    4.98
 -58864.624    54.223     1.51    5.12
 -58488.616    55.926     4.53    4.52
 -58112.610    57.881     5.20    2.33
 -57736.606    57.906     0.07    2.86
 -57360.604    57.727    -0.48    3.19
 -56984.604    57.466    -0.69    3.26
 -56608.606    56.968    -1.32    2.96
 -56232.609    57.163     0.52    1.97
 -55856.615    57.368     0.55    1.89
 -55480.622    57.736     0.98    2.15
 -55104.632    58.496     2.02    2.33
 -54728.643    58.992     1.32    2.24
 -54352.656    59.389     1.06    2.16
 -53976.672    59.153    -0.63    1.82
 -53600.689    58.641    -1.36    1.82
 -53224.708    58.573    -0.18    1.53
 -52848.729    58.626     0.14    1.70
 -52472.752    58.655     0.08    1.71
 -52096.776    58.655     0.00    1.81
 -51720.803    58.325    -0.88    1.85
 -51344.832    58.547     0.59    1.90
 -50968.862    58.650     0.27    1.98
 -50592.895    58.547    -0.27    2.16
 -50216.929    57.547    -2.66    3.43
 -49840.966    57.291    -0.68    3.23
 -49465.004    57.675     1.02    2.70
 -49089.044    57.601    -0.20    2.45
 -48713.086    58.317     1.90    1.40
 -48337.130    58.547     0.61    1.47
 -47961.176    58.520    -0.07    1.52
 -47585.224    57.980    -1.44    1.85
 -47209.273    57.547    -1.15    2.00
 -46833.325    57.137    -1.09    1.92
 -46457.378    56.968    -0.45    2.00
 -46081.433    57.020     0.14    1.78
 -45705.491    57.126     0.28    1.55
 -45329.550    57.158     0.09    1.79
 -44953.611    55.784    -3.66    3.76
 -44577.674    54.752    -2.74    4.43
 -44201.738    54.169    -1.55    4.71
 -43825.805    53.600    -1.51    4.50
 -43449.873    52.906    -1.85    4.68
 -43073.944    53.317     1.09    3.97
 -42698.016    53.034    -0.75    4.22
 -42321.885    53.701     1.77    3.89
 -41945.589    53.916     0.57    3.36
 -41569.296    53.061    -2.27    4.32
 -41193.004    52.034    -2.73    4.69
 -40816.714    50.147    -5.01    4.50
 -40440.426    49.983    -0.44    4.43
 -40064.139    48.701    -3.41    5.79
 -39687.855    47.853    -2.25    6.55
 -39311.573    46.650    -3.20    7.16
 -38935.292    45.714    -2.49    7.60
 -38559.013    48.007     6.09    6.86
 -38182.736    49.496     3.96    6.10
 -37806.461    51.385     5.02    3.21
 -37430.188    50.731    -1.74    4.57
 -37053.916    49.968    -2.03    4.96
 -36677.647    50.347     1.01    5.04
 -36301.379    50.169    -0.47    5.34
 -35925.113    51.522     3.60    4.20
 -35548.849    52.034     1.36    3.07
 -35172.587    50.075    -5.21    4.19
 -34796.327    49.791    -0.76    5.01
 -34420.069    47.520    -6.03    6.50
 -34043.812    46.731    -2.10    6.81
 -33667.557    47.393     1.76    6.36
 -33291.304    46.214    -3.13    7.12
 -32915.053    45.847    -0.97    7.15
 -32538.804    45.863     0.04    6.84
 -32162.557    45.770    -0.25    6.67
 -31786.311    45.705    -0.17    6.84
 -31410.067    44.368    -3.55    6.65
 -31033.825    42.547    -4.84    7.41
 -30657.585    38.770   -10.04    9.10
 -30281.347    35.137    -9.65   11.05
 -29905.110    27.270   -20.91   14.18
 -29528.876    19.772   -19.93   13.99
 -29152.643    11.495   -22.00   10.80
 -28776.412     5.090   -17.02    6.24
 -28400.183     2.845    -5.97    1.05
 -28023.955     5.412     6.82    5.90
 -27647.730     9.574    11.06    8.68
 -27271.506    13.470    10.36    8.64
 -26895.284    17.791    11.48    9.15
 -26519.064    23.672    15.63    7.51
 -26142.846    27.624    10.50    7.81
 -25766.629    29.818     5.83    8.11
 -25390.414    30.179     0.96    9.87
 -25014.201    28.599    -4.20    9.23
 -24637.990    28.574    -0.07    8.01
 -24261.781    29.936     3.62    9.00
 -23885.573    34.547    12.26   10.44
 -23509.368    39.797    13.96    9.56
 -23133.164    43.701    10.38    7.43
 -22756.962    46.547     7.57    4.58
 -22380.761    47.959     3.75    3.64
 -22004.563    47.872    -0.23    3.61
 -21628.366    48.412     1.44    3.70
 -21252.171    49.100     1.83    3.94
 -20875.977    50.047     2.52    3.70
 -20499.786    50.575     1.40    3.67
 -20123.596    51.650     2.86    3.41
 -19747.408    51.675     0.07    4.11
 -19371.222    50.088    -4.22    4.95
 -18995.038    48.872    -3.23    5.10
 -18618.855    47.468    -3.73    5.04
 -18242.674    47.163    -0.81    4.68
 -17866.495    47.277     0.30    4.34
 -17490.318    45.445    -4.87    5.44
 -17114.143    39.520   -15.75   10.42
 -16737.969    33.317   -16.49   10.61
 -16361.797    28.727   -12.20    8.58
 -15985.626    27.454    -3.38    7.01
 -15609.458    31.126     9.76    8.53
 -15233.291    35.818    12.47    8.19
 -14857.126    37.520     4.53    7.74
 -14480.963    39.291     4.71    8.12
 -14104.802    41.142     4.92    5.85
 -13728.642    43.060     5.10    3.85
 -13352.484    43.188     0.34    4.28
 -12976.328    43.088    -0.27    5.28
 -12600.173    42.126    -2.56    6.74
 -12224.020    39.804    -6.17    8.12
 -11847.869    36.445    -8.93    8.76
 -11471.720    31.142   -14.10    8.26
 -11095.572    27.393    -9.97    7.56
 -10719.427    25.682    -4.55    6.41
 -10343.283    24.250    -3.81    6.23
  -9967.140    24.442     0.51    5.73
  -9591.000    24.610     0.45    5.42
  -9214.861    18.804   -15.44   11.93
  -8838.724    14.214   -12.20   12.02
  -8462.588    11.575    -7.02   10.49
  -8086.454    11.675     0.27    9.89
  -7710.322    14.381     7.19    9.76
  -7334.192    13.855    -1.40    9.19
  -6958.064    14.810     2.54   10.20
  -6581.937    14.682    -0.34   10.10
  -6205.812    13.953    -1.94   10.49
  -5829.688    11.573    -6.33   11.23
  -5453.566    11.393    -0.48   11.69
  -5077.446    11.603     0.56   12.21
  -4701.328    14.021     6.43   12.18
  -4325.212    17.153     8.33   10.81
  -3949.097    19.655     6.65    9.28
  -3572.984    18.385    -3.38   10.14
  -3196.872    15.433    -7.85   10.28
  -2820.762    11.650   -10.06   11.37
  -2444.654     6.932   -12.54   10.05
  -2068.548     3.908    -8.04    7.51
  -1692.443     2.188    -4.57    5.82
  -1316.340     0.881    -3.48    4.13
   -940.239    -0.058    -2.50    1.73
   -564.139    -0.427    -0.98    0.16
   -188.041    -0.453    -0.07    0.00
    188.055    -0.453     0.00    0.00
    564.150    -0.453     0.00    0.00
    940.242     0.672     2.99    2.54
   1316.334     1.736     2.83    3.30
   1692.423     3.047     3.49    4.43
   2068.511     5.574     6.72    5.64
   2444.597     6.520     2.52    5.14
   2820.682     6.764     0.65    5.50
   3196.764     7.890     3.00    6.55
   3572.846    10.214     6.18    7.44
   3948.925    14.522    11.46    7.21
   4325.003    17.881     8.93    6.66
   4701.079    19.932     5.45    6.12
   5077.154    22.363     6.46    4.67
   5453.226    23.337     2.59    4.26
   5829.298    23.214    -0.33    4.05
   6205.367    22.995    -0.58    4.20
   6581.435    23.603     1.62    4.15
   6957.501    23.600    -0.01    4.61
   7333.566    22.778    -2.19    5.45
   7709.629    21.658    -2.98    5.24
   8085.690    21.804     0.39    4.63
   8461.749    21.679    -0.33    3.60
   8837.807    21.682     0.01    2.86
   9213.864    20.385    -3.45    3.36
   9589.918    18.547    -4.89    3.81
   9965.971    17.342    -3.20    3.56
  10342.023    16.422    -2.45    3.20
  10718.072    15.872    -1.46    2.12
  11094.121    15.547    -0.86    1.80
  11470.167    15.705     0.42    1.81
  11846.212    15.574    -0.35    1.87
  12222.255    15.736     0.43    2.16
  12598.297    16.522     2.09    2.48
  12974.337    17.521     2.66    2.11
  13350.375    18.250     1.94    1.63
  13726.412    18.179    -0.19    1.62
  14102.447    18.020    -0.42    1.25
  14478.480    18.214     0.52    1.38
  14854.512    18.291     0.20    1.29
  15230.542    18.520     0.61    1.11
  15606.571    19.169     1.73    1.19
  15982.598    20.007     2.23    1.83
  16358.623    21.100     2.91    2.06
  16734.647    22.222     2.98    1.91
  17110.669    22.574     0.94    1.80
  17486.690    22.758     0.49    1.73
  17862.709    22.784     0.07    2.01
  18238.726    20.100    -7.14    7.35
  18614.742    17.818    -6.07    8.80
  18990.756    16.897    -2.45    8.71
  19366.769    16.626    -0.72    8.75
  19742.780    15.158    -3.90    8.70
  20118.789    14.899    -0.69    8.50
  20494.797    15.662     2.03    7.91
  20870.803    15.419    -0.64    7.31
  21246.807    15.291    -0.34    4.77
  21622.810    16.165     2.32    1.76
  21998.812    15.628    -1.43    1.71
  22374.812    15.115    -1.37    1.48
  22750.810    14.899    -0.58    1.38
  23126.807    14.727    -0.46    1.41
  23502.802    14.628    -0.26    1.32
  23878.795    14.906     0.74    1.60
  24254.787    15.916     2.68    3.04
  24630.777    17.137     3.25    4.20
  25006.766    19.196     5.48    4.58
  25382.753    19.645     1.19    4.31
  25758.739    20.784     3.03    4.44
  26134.723    21.270     1.29    4.47
  26510.706    20.872    -1.06    4.31
  26886.687    19.797    -2.86    4.20
  27262.666    18.818    -2.61    3.17
  27638.644    17.445    -3.65    2.25
  28014.620    17.233    -0.56    1.84
  28390.595    17.855     1.65    2.28
  28766.568    18.863     2.68    2.77
  29142.539    19.686     2.19    2.51
  29518.509    19.547    -0.37    2.70
  29894.478    19.021    -1.40    2.49
  30270.445    17.881    -3.03    1.95
  30646.410    17.231    -1.73    1.66
  31022.374    17.060    -0.46    1.32
  31398.336    17.331     0.72    1.58
  31774.297    17.034    -0.79    1.59
  32150.256    17.547     1.36    2.12
  32526.214    18.242     1.85    2.55
  32902.454    18.574     0.88    2.68
  33278.724    19.196     1.65    2.88
  33654.992    18.520    -1.80    3.35
  34031.258    18.416    -0.28    3.39
  34407.523    18.103    -0.83    3.38
  34783.787    17.997    -0.28    2.82
  35160.049    19.600     4.26    2.46
  35536.309    20.331     1.94    2.27
  35912.568    20.906     1.53    2.66
  36288.825    21.863     2.54    2.96
  36665.081    22.837     2.59    2.95
  37041.335    23.493     1.74    2.98
  37417.588    23.342    -0.40    2.69
  37793.839    22.980    -0.96    2.40
  38170.089    22.342    -1.69    2.53
  38546.337    22.222    -0.32    2.96
  38922.584    22.576     0.94    3.36
  39298.829    21.574    -2.66    4.16
  39675.073    20.142    -3.81    5.10
  40051.315    18.223    -5.10    4.04
  40427.555    17.358    -2.30    3.11
  40803.795    16.936    -1.12    3.56
  41180.032    17.522     1.56    2.55
  41556.268    17.496    -0.07    2.24
  41932.503    17.142    -0.94    3.02
  42308.736    16.906    -0.63    3.39
  42684.968    15.810    -2.91    4.02
  43061.198    15.060    -1.99    3.72
  43437.427    14.385    -1.79    4.27
  43813.654    14.163    -0.59    4.39
  44189.880    12.770    -3.70    5.62
  44566.104    12.855     0.23    5.74
  44942.326    13.137     0.75    5.88
  45318.548    14.829     4.50    5.06
  45694.767    15.881     2.80    4.77
  46070.986    17.169     3.42    4.07
  46447.203    17.631     1.23    4.02
  46823.418    18.439     2.15    4.30
  47199.632    19.214     2.06    4.54
  47575.844    19.916     1.87    4.74
  47952.055    21.573     4.41    3.98
  48328.264    21.953     1.01    3.98
  48704.472    22.470     1.38    3.39
  49080.679    23.009     1.43    2.95
  49456.884    22.675    -0.89    3.11
  49833.087    22.385    -0.77    3.16
  50209.289    21.419    -2.57    3.80
  50585.490    18.764    -7.06    4.83
  50961.689    16.709    -5.46    5.05
  51337.887    16.385    -0.86    5.87
  51714.083    17.610     3.26    5.89
  52090.278    17.599    -0.03    6.46
  52466.471    15.021    -6.85    7.94
  52842.663    13.186    -4.88    8.47
  53218.854     8.601   -12.19    7.30
  53595.043     6.464    -5.68    5.60
  53971.230     4.889    -4.19    3.81
  54347.417     4.086    -2.14    2.26
  54723.601     4.223     0.36    2.10
  55099.784     4.547     0.86    2.19
  55475.966     4.906     0.95    2.28
  55852.147     5.317     1.09    3.12
  56228.326     4.601    -1.90    2.99
  56604.503     4.297    -0.81    2.79
  56980.679     5.088     2.10    3.47
  57356.854     7.385     6.11    4.92
  57733.027    10.034     7.04    4.82
  58109.199    11.690     4.40    3.95
  58485.369    12.522     2.21    4.58
  58861.538    14.650     5.66    5.89
  59237.706    15.908     3.35    6.93
  59613.872    18.337     6.46    7.09
  59990.036    22.131    10.09    5.63
  60366.200    23.872     4.63    6.65
  60742.362    26.317     6.50    5.68
  61118.522    28.331     5.36    6.17
  61494.681    30.916     6.87    5.52
  61870.839    31.442     1.40    6.01
  62246.995    33.247     4.80    6.09
  62623.150    34.412     3.10    3.60
  62999.303    34.247    -0.44    3.77
  63375.455    33.445    -2.13    4.48
  63751.606    31.520    -5.12    4.67
  64127.755    29.791    -4.60    6.24
  64503.903    29.601    -0.50    6.17
  64880.049    28.995    -1.61    7.41
  65256.194    27.932    -2.83    8.12
  65632.338    26.797    -3.02    7.89
  66008.480    22.897   -10.37    8.92
  66384.621    18.758   -11.01    7.98
  66760.760    18.436    -0.86    7.58
  67136.898    16.021    -6.42    8.57
  67513.035    13.060    -7.87    8.46
  67889.170    12.047    -2.69    9.26
  68265.304    11.520    -1.40    9.81
  68641.437    14.009     6.62   10.14
  69017.568    17.358     8.90    9.58
  69393.698    20.372     8.01    8.24
  69769.826    23.445     8.17    5.97
  70145.953    25.347     5.06    5.49
  70522.079    26.358     2.69    5.54
  70898.203    28.736     6.32    4.46
  71274.326    28.601    -0.36    4.38
  71650.448    27.675    -2.46    4.48
  72026.568    27.007    -1.78    3.66
  72402.687    27.247     0.64    3.25
  72778.804    28.317     2.84    2.44
  73154.921    29.223     2.41    2.96
  73531.035    30.088     2.30    3.34
  73907.149    31.393     3.47    3.86
  74283.261    33.624     5.93    3.82
  74659.371    35.186     4.15    3.06
  75035.481    36.009     2.19    2.65
  75411.589    35.825    -0.49    2.63
  75787.696    35.111    -1.90    2.71
  76163.801    34.214    -2.39    3.30
  76539.905    33.079    -3.02    3.16
  76916.008    32.358    -1.92    2.90
  77292.109    31.196    -3.09    2.67
  77668.209    30.007    -3.16    2.84
  78044.307    28.126    -5.00    3.29
  78420.405    26.547    -4.20    3.32
  78796.501    25.650    -2.39    2.76
  79172.595    26.163     1.36    3.01
  79548.689    27.163     2.66    3.15
  79924.781    26.682    -1.28    6.32
  80300.871    24.626    -5.47    8.20
  80676.961    20.932    -9.82    9.48
  81053.049    19.186    -4.64    9.07
  81429.135    21.034     4.91    8.68
  81805.221    23.601     6.83    8.27
  82181.305    26.389     7.41    6.20
  82557.387    28.522     5.67    3.28
  82933.469    29.016     1.31    3.56
  83309.549    30.100     2.88    3.31
  83685.628    31.784     4.48    2.66
  84061.705    32.439     1.74    2.29
  84437.781    31.111    -3.53    3.42
  84813.856    30.466    -1.72    3.85
  85189.930    30.624     0.42    4.52
  85566.002    29.445    -3.14    5.75
  85942.073    28.995    -1.20    5.98
  86318.143    27.705    -3.43    7.10
  86694.211    24.573    -8.33    7.74
  87070.278    23.368    -3.20    7.53
  87446.344    23.270    -0.26    7.54
  87822.408    23.926     1.74    7.96
  88198.472    22.142    -4.74    9.70
  88574.533    18.899    -8.62   11.02
  88950.594    16.493    -6.40   11.01
  89326.653    12.641   -10.24    9.79
  89702.711     9.342    -8.77    8.36
  90078.768     7.111    -5.93    6.60
  90454.824     5.686    -3.79    4.65
  90830.878     4.547    -3.03    0.00
  91206.931     4.547     0.00    0.00
  91582.983     4.547     0.00    0.00
  91959.033     4.889     0.91    2.11
  92335.082     6.291     3.73    5.33
  92711.130     9.088     7.44    8.46
  93087.176    10.906     4.84    9.72
  93463.222    11.472     1.51   10.12
  93839.266     9.714    -4.68    8.88
  94215.309     8.736    -2.60    7.61
  94591.350    11.601     7.62    9.10
  94967.390    13.412     4.82    9.70
  95343.429    12.926    -1.29    9.71
  95719.467    12.204    -1.92    9.79
  96095.504    11.322    -2.35    9.47
  96471.539    11.522     0.53   10.53
  96847.573    15.682    11.06   12.93
  97223.605    19.624    10.48   13.35
  97599.637    21.337     4.55   14.51
  97975.667    20.179    -3.08   14.30
  98351.696    19.126    -2.80   13.50
  98727.724    17.675    -3.86   11.98
  99103.750    16.770    -2.41   11.98
  99479.776    17.442     1.79   12.47
  99855.800    21.496    10.78   13.32
 100231.822    25.119     9.63   11.88
 100607.844    28.317     8.50   10.11
 100983.864    30.953     7.01    7.33
 101359.883    31.196     0.65    6.14
 101735.901    31.115    -0.22    5.86
 102111.918    31.936     2.18    6.12
 102487.933    30.137    -4.78    9.14
 102863.948    26.147   -10.61   12.97
 103239.960    23.818    -6.20   14.45
 103615.972    19.247   -12.15   13.81
 103991.983    16.284    -7.88   11.52
 104367.992    13.111    -8.44    7.98
 104744.000    14.731     4.31    7.98
 105120.007    17.727     7.97   10.61
 105496.013    22.797    13.49   10.45
 105872.017    27.601    12.78    8.98
 106248.020    31.520    10.42    6.70
 106624.022    33.719     5.85    5.18
 107000.023    35.599     5.00    4.85
 107376.023    37.163     4.16    3.60
 107752.082    37.408     0.65    3.60
 108128.321    37.764     0.94    3.25
 108504.558    37.825     0.16    3.56
 108880.795    37.995     0.45    3.51
 109257.030    38.347     0.94    3.58
 109633.264    38.899     1.47    2.38
 110009.497    39.034     0.36    2.10
 110385.729    39.021    -0.04    2.13
 110761.959    37.547    -3.92    3.90
 111138.189    36.953    -1.58    4.20
 111514.417    36.672    -0.75    4.25
 111890.644    37.047     1.00    4.12
 112266.870    38.169     2.98    2.89
 112643.094    38.304     0.36    2.42
 113019.318    38.547     0.65    2.18
 113395.540    38.291    -0.68    2.22
 113771.761    37.650    -1.70    2.43
 114147.981    37.103    -1.45    2.44
 114524.200    36.818    -0.76    2.61
 114900.417    35.412    -3.74    3.23
 115276.634    33.709    -4.53    5.13
 115652.849    33.497    -0.56    5.21
 116029.063    33.223    -0.73    5.17
 116405.276    35.389     5.76    5.54
 116781.487    37.521     5.67    4.56
 117157.698    38.496     2.59    3.96
 117533.907    39.061     1.50    3.46
 117910.116    38.133    -2.47    4.40
 118286.323    38.126    -0.02    4.64
 118662.529    38.297     0.45    4.45
 119038.733    38.899     1.60    3.72
 119414.937    39.439     1.44    3.55
 119791.139    39.953     1.36    3.20
 120167.341    40.496     1.44    3.76
 120543.541    40.547     0.14    3.92
 120919.740    40.368    -0.48    3.31
 121295.938    40.047    -0.85    2.46
 121672.134    39.825    -0.59    2.22
 122048.330    40.163     0.90    1.95
 122424.525    40.284     0.32    2.18
 122800.718    39.906    -1.00    1.75
 123176.910    39.389    -1.37    2.25
 123553.101    39.214    -0.47    2.14
 123929.291    39.115    -0.26    2.79
 124305.480    39.547     1.15    3.21
 124681.667    40.137     1.57    3.16
 125057.854    41.047     2.42    2.93
 125434.039    40.818    -0.61    3.05
 125810.224    40.493    -0.86    2.77
 126186.407    40.845     0.93    2.65
 126562.589    40.942     0.26    2.59
 126938.770    41.603     1.76    2.37
 127314.950    42.047     1.18    2.12
 127691.128    41.916    -0.35    2.16
 128067.306    41.304    -1.63    3.05
 128443.482    41.163    -0.38    2.80
 128819.658    40.837    -0.87    3.15
 129195.832    41.284     1.19    3.14
 129572.005    41.034    -0.67    2.66
 129948.177    41.188     0.41    2.58
 130324.348    40.964    -0.60    2.30
 130700.518    40.675    -0.77    2.57
 131076.687    40.272    -1.07    2.55
 131452.854    40.106    -0.44    2.49
 131829.021    40.277     0.45    2.42
 132205.186    40.682     1.08    2.53
 132581.351    40.818     0.36    2.74
 132957.514    41.034     0.57    2.84
 133333.676    40.964    -0.19    2.13
 133709.837    40.881    -0.22    2.04
 134085.997    41.470     1.57    2.19
 134462.156    41.926     1.21    2.40
 134838.314    41.863    -0.17    2.49
 135214.471    42.100     0.63    2.52
 135590.627    42.034    -0.17    2.61
 135966.781    41.547    -1.30    2.85
 136342.935    41.522    -0.07    3.03
 136719.087    41.242    -0.74    2.91
 137095.239    41.881     1.70    2.23
 137471.389    41.906     0.07    2.31
 137847.538    41.329    -1.54    3.01
 138223.686    41.086    -0.65    3.69
 138599.833    42.304     3.24    5.03
 138975.979    44.169     4.96    5.62
 139352.124    47.628     9.20    3.55
 139728.268    48.631     2.66    2.56
 140104.411    48.310    -0.85    2.52
 140480.553    48.624     0.83    2.28
 140856.694    48.628     0.01    2.25
 141232.833    48.265    -0.97    2.19
 141608.972    48.470     0.55    1.88
 141985.110    48.317    -0.41    1.87
 142361.246    48.214    -0.27    1.82
 142737.382    48.265     0.14    2.05
 143113.516    48.764     1.32    1.93
 143489.650    49.179     1.10    1.50
 143865.782    49.142    -0.10    1.50
 144241.913    48.672    -1.25    1.84
 144618.044    48.291    -1.01    1.55
 144994.173    48.284    -0.02    1.57
 145370.301    48.964     1.81    1.78
 145746.428    48.881    -0.22    1.58
 146122.554    49.186     0.81    1.50
 146498.680    48.829    -0.95    2.10
 146874.804    48.265    -1.50    2.16
 147250.927    48.061    -0.54    2.10
 147627.049    48.205     0.38    2.04
 148003.170    48.265     0.16    1.67
 148379.290    48.034    -0.61    1.70
 148755.409    47.791    -0.65    1.75
 149131.527    47.727    -0.17    1.97
 149507.644    47.626    -0.27    1.99
 149883.760    47.242    -1.02    1.74
 150259.875    47.331     0.24    1.83
 150635.988    47.131    -0.53    1.92
 151012.101    47.111    -0.05    1.65
 151388.213    47.447     0.89    1.68
 151764.324    47.686     0.64    1.81
 152140.434    48.188     1.34    1.75
 152516.543    48.547     0.95    2.12
 152892.651    48.690     0.38    2.22
