# NaN NaN NaN ;Mean Elev.(m), Avg Gradient(m/km), RMS Gradient(m/km) - SRTM1     
# NaN NaN NaN ;Mean Elev.(m), Avg Gradient(m/km), RMS Gradient(m/km) - ASTER GDEM
#    3.944   1.083   4.867 ;Mean Elev.(m), Avg Gradient(m/km), RMS Gradient(m/km) - GMTED2010 
  7 309.114090  -0.039454     3.074     3.070  3 52444.55806228 24.012
  8 309.119963  -0.037866     0.861     0.798  3 52479.55805495 19.603
  9 309.131217  -0.038616     2.131     2.361  3 52514.55800171 21.174
 10 309.120960  -0.038184     2.334     2.322  3 52549.55804699 18.210
 11 309.130838  -0.037577     2.245     2.489  3 52584.55803207 18.518
 12 309.121919  -0.037665     1.917     2.036  3 52619.55801082 28.668
 13 309.131742  -0.039179     1.391     1.363  3 52654.55799626 29.065
 14 309.124835  -0.038652     2.298     2.298  2 52689.55799118 18.802
 15 309.125362  -0.038821     3.201     3.201  2 52724.55803589 25.233
 16 309.113277  -0.038641     0.803     0.737  4 52759.55805501 34.030
 17 309.129062  -0.038779     1.479     1.501  3 52794.55800961 22.550
 18 309.131000  -0.037921     3.418     3.340  3 52829.55807652 50.350
 19 309.132550  -0.039493     1.960     1.972  3 52864.55812129 19.430
 20 309.123362  -0.037869     1.444     1.444  2 52899.55815037 17.131
 21 309.122212  -0.038469     1.662     1.707  3 52934.55809421 20.886
 22 309.124754  -0.038429     1.476     1.542  3 52969.55810987 18.735
 23 309.118604  -0.036829     2.389     2.345  3 53004.55812811 38.268
 24 309.121450  -0.037480     1.144     0.935  3 53039.55807751 17.812
 25 309.121794  -0.038094     2.450     2.322  3 53074.55810860 17.765
 26 309.118725  -0.038434     2.353     2.329  3 53109.55807826 19.976
 27 309.122962  -0.038071     1.324     1.324  2 53144.55811913 18.981
 28 309.127748  -0.039111     1.658     1.600  3 53179.55813405 25.384
 29 309.123110  -0.037128     2.710     2.712  3 53214.55815555 20.870
 30 309.124874  -0.038872     1.769     1.769  2 53249.55812549 18.169
 31 309.120239  -0.037314     1.648     1.589  3 53284.55812122 18.667
 32 309.130741  -0.039440     1.419     1.413  3 53319.55810987 24.060
 33 309.130766  -0.037414     1.076     1.131  3 53354.55807693 20.127
 34 309.124082  -0.037266     2.289     2.325  3 53389.55808102 43.415
 35 309.130323  -0.039787     0.621     0.614  3 53424.55807988 42.858
 36 309.130571  -0.038462     1.785     1.785  2 53459.55808449 27.463
 37 309.117433  -0.038258     1.887     1.821  3 53494.55816978 34.793
 38 309.131026  -0.038370     1.645     1.457  3 53529.55814478 18.982
 39 309.118862  -0.036929     1.680     1.691  3 53564.55817583 20.799
 40 309.127810  -0.038805     2.096     2.096  2 53599.55811757 22.318
 41 309.121027  -0.038304     1.032     0.663  3 53634.55811410 19.900
 42 309.119585  -0.038659     1.936     1.868  3 53669.55813598 18.243
 43 309.131056  -0.038224     1.408     0.911  3 53704.55807357 15.688
 44 309.130225  -0.038779     1.371     1.371  2 53739.55798360 22.879
 45 309.130518  -0.039668     2.113     2.055  3 53774.55800293 20.902
 46 309.128292  -0.038397     1.912     1.912  2 53809.55798628 19.106
 47 309.122606  -0.038161     1.631     1.668  3 53844.55802783 26.202
 48 309.128786  -0.038558     2.390     2.381  3 53879.55805692 33.818
 49 309.118433  -0.036856    -0.742    -1.663  3 53914.55811265 25.551
 50 309.116021  -0.038524     1.575     1.501  3 53949.55812389 23.760
 51 309.124871  -0.037546     1.505     1.410  3 53984.55806207 17.306
 52 309.126596  -0.037922     1.589     1.318  3 54019.55809694 21.224
 53 309.134188  -0.038342     2.236     2.220  3 54054.55808805 27.719
 54 309.126885  -0.037674     0.852     0.840  3 54089.55807781 17.410
 55 309.126692  -0.037937     2.048     1.867  3 54124.55800250 22.557
 56 309.124258  -0.038890     1.532     1.498  3 54159.55804430 28.983
 57 309.125755  -0.038714     0.967     0.967  2 54194.55800515 39.861
 58 309.125526  -0.038040     1.927     1.927  2 54229.55805572 29.663
 59 309.126153  -0.037846     1.876     1.868  3 54264.55807402 22.496
 60 309.126922  -0.038325     1.691     1.524  3 54299.55807810 22.236
 61 309.126654  -0.037502     2.283     2.283  2 54334.55806784 23.101
 63 309.125293  -0.038373     1.298     1.298  2 54404.55801230 21.018
 64 309.125464  -0.038188     1.705     1.755  3 54439.55796939 21.371
 65 309.127233  -0.038378     0.709     0.709  2 54474.55799888 47.171
 66 309.125902  -0.038848     2.067     2.067  3 54509.55798274 24.724
 67 309.126178  -0.038756     1.008     1.006  3 54544.55801307 37.144
 68 309.126554  -0.038457     1.296     1.286  3 54579.55798070 26.859
 69 309.126667  -0.038669     2.863     2.885  3 54614.55800296 21.552
 70 309.124051  -0.038805     1.596     1.330  3 54649.55801337 18.975
 71 309.125433  -0.038718     1.738     1.794  3 54684.55800921 22.579
 72 309.127097  -0.038017     2.452     2.447  3 54719.55795719 22.900
 73 309.125266  -0.037632     0.787     0.784  3 54754.55798346 20.004
 74 309.124873  -0.037386     1.748     1.668  3 54789.55795098 19.461
 75 309.126119  -0.038307     1.330     1.300  3 54824.55797863 21.125
 76 309.127065  -0.037482     0.956     0.956  2 54859.55794408 44.377
 77 309.123902  -0.038770     2.526     2.526  2 54894.55798082 17.543
 78 309.124269  -0.037689     1.053     1.053  2 54929.55794288 45.505
 79 309.125063  -0.037892     2.130     2.124  3 54964.55797995 20.775
 80 309.122655  -0.038606     2.972     2.948  3 54999.55800101 43.222
 81 309.126282  -0.037581     1.416     1.416  2 55034.55798676 20.529
 82 309.125924  -0.038256     1.974     1.974  2 55069.55797653 20.071
 83 309.124177  -0.038123     1.867     1.867  2 55104.55791773 14.725
 84 309.125669  -0.038307     0.704     0.710  3 55139.55792418 21.217
 85 309.126778  -0.038332     2.392     2.392  2 55174.55788446 37.661
 86 309.125555  -0.037675     0.597     0.597  2 55209.55791973 25.509
 87 309.124704  -0.038606     1.863     1.863  2 55244.55789149 18.249
 88 309.125130  -0.037248     2.805     2.786  3 55279.55791291 26.329
 89 309.125223  -0.037628     1.016     1.016  2 55314.55787743 42.494
 90 309.125896  -0.037947     1.772     1.725  3 55349.55788448 21.724
 91 309.124623  -0.037641     2.415     2.415  2 55384.55787697 21.153
 92 309.126590  -0.037525     1.054     0.979  3 55419.55790261 34.039
 93 309.125874  -0.038870     2.098     2.098  2 55454.55788132 20.215
 94 309.127039  -0.037515     1.202     1.202  2 55489.55780068 26.283
