# NaN NaN NaN ;Mean Elev.(m), Avg Gradient(m/km), RMS Gradient(m/km) - SRTM1     
#   25.499   0.819   5.149 ;Mean Elev.(m), Avg Gradient(m/km), RMS Gradient(m/km) - ASTER GDEM
#    1.374   0.158   2.850 ;Mean Elev.(m), Avg Gradient(m/km), RMS Gradient(m/km) - GMTED2010 
  8 308.161857  -1.159267     3.736     3.665  6 52498.56024506 20.560
 10 308.162075  -1.159336     2.235     2.306  6 52568.56025976 19.114
 11 308.157236  -1.159656     2.747     2.785  6 52603.56025134 15.238
 12 308.157518  -1.160214     1.546     1.571  6 52638.56022749 19.338
 13 308.159432  -1.159748     3.050     3.011  5 52673.56022600 16.642
 14 308.160010  -1.158796     3.456     3.399  5 52708.56023609 15.381
 15 308.154065  -1.161099     3.162     3.130  6 52743.56026655 14.931
 17 308.156706  -1.160462     2.915     2.882  6 52813.56028608 15.597
 18 308.159724  -1.158482     2.956     2.957  6 52848.56033911 23.922
 19 308.156974  -1.159460     3.632     3.655  6 52883.56037528 18.689
 20 308.161353  -1.159557     1.894     1.841  5 52918.56033186 18.728
 21 308.165412  -1.158344     1.957     1.931  5 52953.56029424 25.288
 22 308.169690  -1.158211     2.417     2.274  5 52988.56030296 19.290
 23 308.166801  -1.158126     2.228     2.060  5 53023.56029004 18.544
 24 308.168270  -1.158417     3.448     3.377  5 53058.56028557 20.748
 25 308.152765  -1.160259     2.525     2.475  7 53093.56032398 39.331
 26 308.165040  -1.158617     3.322     3.231  5 53128.56029434 19.863
 28 308.160871  -1.158922     2.824     2.772  5 53198.56036193 14.788
 29 308.169010  -1.157152     2.846     2.852  5 53233.56033397 17.268
 30 308.159687  -1.159478     3.302     3.253  6 53268.56030226 17.909
 31 308.151666  -1.160952     1.902     1.947  6 53303.56036157 22.455
 32 308.159602  -1.159196     1.999     1.909  6 53338.56033035 17.142
 33 308.163186  -1.157639     2.640     2.646  5 53373.56026306 16.440
 34 308.162976  -1.158463     2.538     2.580  6 53408.56030355 17.326
 35 308.160764  -1.158729     3.974     3.979  5 53443.56028780 33.903
 36 308.154367  -1.159371     3.126     3.063  6 53478.56036326 15.422
 37 308.160079  -1.158906     3.440     3.381  6 53513.56037216 17.759
 38 308.154704  -1.161308     4.093     4.104  6 53548.56039149 20.498
 39 308.161248  -1.158887     2.757     2.753  6 53583.56035662 16.349
 40 308.157218  -1.160595     2.602     2.601  6 53618.56031308 14.565
 41 308.159878  -1.158834     2.486     2.484  6 53653.56033545 20.118
 42 308.156622  -1.160600    -3.093    -3.157  6 53688.56033456 18.009
 43 308.163179  -1.158490     2.689     2.695  6 53723.56025878 17.334
 44 308.168113  -1.157171     2.564     2.420  5 53758.56019676 27.366
 45 308.164619  -1.157714     3.263     3.184  5 53793.56021834 19.783
 46 308.164262  -1.159645     4.181     4.087  5 53828.56018989 21.661
 47 308.157022  -1.160270     3.430     3.489  6 53863.56027295 36.056
 48 308.160591  -1.158746     3.619     3.534  5 53898.56029623 18.868
 49 308.149595  -1.162984     3.699     3.680  7 53933.56034316 16.349
 50 308.154380  -1.160738     2.723     2.755  7 53968.56031489 16.091
 51 308.163397  -1.157454     2.681     2.576  5 54003.56028380 15.198
 52 308.163084  -1.159962     2.034     2.005  5 54038.56031957 19.139
 53 308.161389  -1.159802     2.120     2.005  5 54073.56031408 16.180
 54 308.159309  -1.159899     3.253     3.225  5 54108.56026077 16.985
 55 308.160041  -1.159414     2.109     1.959  5 54143.56025032 15.967
 56 308.159584  -1.159163     3.472     3.453  6 54178.56024472 18.569
 58 308.159861  -1.159024     3.255     3.239  5 54248.56028561 36.151
 59 308.161177  -1.158887     3.443     3.371  6 54283.56029453 19.136
 60 308.162100  -1.159098     3.251     3.205  5 54318.56029215 18.691
 61 308.161504  -1.158675     2.618     2.597  5 54353.56025632 16.354
 62 308.161508  -1.158975     2.686     2.696  6 54388.56023231 16.172
 63 308.160471  -1.158586     1.528     1.352  6 54423.56020650 16.185
 64 308.161484  -1.158889     2.457     2.397  5 54458.56020697 16.353
 65 308.161593  -1.158618     3.821     3.880  6 54493.56021039 20.586
 66 308.162651  -1.158439     2.901     2.838  5 54528.56021959 17.012
 67 308.160372  -1.159379     3.910     3.980  6 54563.56021743 20.434
 68 308.160490  -1.158943     3.648     3.678  5 54598.56021506 49.255
 69 308.159290  -1.158285     3.343     3.366  6 54633.56022827 19.907
 70 308.159467  -1.158280     3.674     3.692  6 54668.56023308 19.685
 71 308.162073  -1.159257     2.721     2.730  6 54703.56019798 18.108
 72 308.160799  -1.158504     1.694     2.022  5 54738.56019525 17.444
 73 308.161616  -1.159431     2.819     2.800  6 54773.56017971 16.441
 74 308.159778  -1.159278     1.757     1.680  5 54808.56018860 15.294
 75 308.160675  -1.159617     2.959     2.921  6 54843.56017713 19.592
 76 308.159163  -1.158285     3.565     3.567  6 54878.56019188 18.201
 77 308.158629  -1.159940     3.297     3.246  6 54913.56018136 17.882
 78 308.159029  -1.158713     4.120     4.026  5 54948.56018337 19.221
 79 308.158605  -1.159717     3.565     3.496  5 54983.56020936 21.056
 80 308.161015  -1.159472     3.595     3.634  6 55018.56020665 19.309
 81 308.161598  -1.159821     3.868     3.823  5 55053.56020207 22.183
 82 308.159930  -1.159031     2.507     2.352  5 55088.56016398 15.935
 83 308.161400  -1.159823     2.476     2.432  5 55123.56013917 15.655
 84 308.159419  -1.159654     2.723     2.656  5 55158.56012494 14.843
 85 308.160265  -1.158434     1.990     1.982  5 55193.56012850 14.151
 86 308.159463  -1.159057     3.294     3.210  5 55228.56012701 20.286
 87 308.161235  -1.158815     2.828     2.812  6 55263.56012395 16.845
 88 308.161369  -1.158170     3.207     3.128  5 55298.56010933 28.647
 89 308.159303  -1.159040     4.076     4.074  6 55333.56010221 32.672
 90 308.161190  -1.158855     2.916     2.817  5 55368.56009391 20.466
 91 308.161243  -1.158631     3.151     3.104  5 55403.56010941 17.855
 92 308.161984  -1.159733     3.360     3.349  5 55438.56011180 18.019
 93 308.161311  -1.159416     1.358     1.316  5 55473.56005982 17.714
