-223399.745    42.574     0.00    3.88
-223023.686    42.917     0.91    3.78
-222647.626    43.861     2.51    3.26
-222271.565    45.726     4.96    3.35
-221895.503    47.093     3.63    3.04
-221519.440    47.120     0.07    2.94
-221143.376    45.763    -3.61    4.04
-220767.311    43.822    -5.16    3.95
-220391.245    43.071    -2.00    3.57
-220015.178    43.302     0.61    4.16
-219639.110    45.282     5.26    5.14
-219263.040    47.805     6.71    4.72
-218886.970    47.866     0.16    5.04
-218510.899    48.174     0.82    4.60
-218134.827    47.984    -0.50    4.86
-217758.754    49.200     3.23    5.46
-217382.680    50.714     4.03    5.38
-217006.605    52.930     5.89    5.14
-216630.529    55.390     6.54    5.03
-216254.451    57.361     5.24    4.11
-215878.373    56.866    -1.32    4.34
-215502.294    57.328     1.23    4.75
-215126.214    59.007     4.47    4.05
-214750.132    60.404     3.72    4.03
-214374.050    62.146     4.63    3.19
-213997.967    63.251     2.94    4.02
-213621.882    64.358     2.94    6.16
-213245.797    65.700     3.57    6.74
-212869.710    65.552    -0.39    6.75
-212493.623    63.276    -6.05    7.84
-212117.534    61.052    -5.91    6.48
-211741.445    59.757    -3.44    5.43
-211365.354    59.552    -0.54    6.37
-210989.262    59.633     0.22    6.69
-210613.169    58.822    -2.16    6.13
-210237.076    57.903    -2.44    6.45
-209860.981    57.031    -2.32    6.22
-209484.885    54.379    -7.05    6.66
-209108.788    52.815    -4.16    5.30
-208732.690    52.118    -1.85    4.76
-208356.591    54.020     5.06    5.31
-207980.490    54.729     1.89    4.74
-207604.389    55.095     0.97    5.72
-207228.287    56.020     2.46    6.24
-206852.184    58.430     6.41    6.23
-206476.079    61.255     7.51    5.40
-206099.974    62.279     2.72    3.73
-205723.867    60.020    -6.01    6.01
-205347.759    57.957    -5.48    6.93
-204971.651    57.148    -2.15    6.58
-204595.541    55.984    -3.09    5.78
-204219.430    57.741     4.67    5.03
-203843.318    60.849     8.26    5.56
-203467.205    62.674     4.85    5.31
-203091.091    63.840     3.10    5.21
-202714.976    61.449    -6.36    8.29
-202338.860    58.039    -9.07    8.91
-201962.742    56.874    -3.10    7.98
-201586.624    58.147     3.39    8.05
-201210.504    60.558     6.41    6.10
-200834.383    60.066    -1.31    7.14
-200458.262    57.738    -6.19    6.91
-200082.139    55.896    -4.90    6.73
-199706.015    55.363    -1.42    7.59
-199329.890    56.805     3.83    7.46
-198953.764    57.974     3.11    7.00
-198577.636    56.610    -3.63    7.02
-198201.508    55.276    -3.54    7.07
-197825.379    53.507    -4.70    7.29
-197449.248    54.174     1.77    7.22
-197073.116    54.849     1.80    6.95
-196696.984    56.226     3.66    6.39
-196320.850    57.699     3.91    4.70
-195944.715    57.363    -0.89    5.07
-195568.579    58.815     3.86    5.22
-195192.441    59.674     2.28    5.18
-194816.303    59.411    -0.70    5.16
-194440.163    58.714    -1.85    5.92
-194064.023    56.074    -7.02    7.06
-193687.881    52.016   -10.79    8.63
-193311.738    50.424    -4.23    8.46
-192935.594    49.012    -3.75    8.60
-192559.449    50.285     3.39    8.75
-192183.303    54.456    11.09    7.27
-191807.155    56.251     4.77    7.31
-191431.007    57.231     2.61    5.78
-191054.857    54.552    -7.12    7.95
-190678.706    50.741   -10.13    8.88
-190302.554    49.822    -2.44    8.46
-189926.401    50.724     2.40    8.24
-189550.247    52.498     4.72    7.20
-189174.092    54.302     4.80    5.08
-188797.935    52.437    -4.96    5.93
-188421.777    50.097    -6.22    6.58
-188045.619    48.741    -3.60    6.59
-187669.459    46.274    -6.56    6.99
-187293.297    44.989    -3.41    6.79
-186917.135    44.063    -2.46    7.22
-186540.972    41.228    -7.54    6.19
-186164.807    40.146    -2.88    5.14
-185788.641    39.201    -2.51    2.77
-185412.474    39.071    -0.34    2.95
-185036.306    36.821    -5.98    6.36
-184660.137    35.353    -3.90    8.21
-184283.967    35.726     0.99    9.38
-183907.795    38.924     8.50   11.09
-183531.622    43.558    12.32    9.89
-183155.448    46.714     8.39    7.05
-182779.273    47.917     3.20    6.54
-182403.097    47.404    -1.36    5.73
-182026.919    46.353    -2.79    5.15
-181650.741    46.228    -0.33    4.32
-181274.561    43.763    -6.55    5.24
-180898.380    42.071    -4.50    5.00
-180522.197    39.646    -6.45    5.17
-180146.014    37.984    -4.42    4.07
-179769.829    37.039    -2.51    3.56
-179393.644    35.606    -3.81    2.64
-179017.457    34.516    -2.90    2.53
-178641.269    33.374    -3.04    2.55
-178265.079    32.924    -1.20    2.35
-177888.889    32.516    -1.08    2.11
-177512.697    32.471    -0.12    2.15
-177136.504    32.815     0.91    2.06
-176760.310    32.095    -1.91    3.20
-176384.114    32.437     0.91    4.07
-176007.918    33.437     2.66    4.94
-175631.720    34.994     4.14    5.60
-175255.521    37.417     6.44    5.45
-174879.321    38.463     2.78    5.21
-174503.120    40.549     5.54    5.99
-174126.917    42.745     5.84    5.54
-173750.713    44.174     3.80    5.58
-173374.508    46.336     5.75    5.55
-172998.302    46.984     1.72    5.23
-172622.094    46.849    -0.36    5.23
-172245.886    47.174     0.86    5.22
-171869.676    46.045    -3.00    4.84
-171493.464    44.068    -5.26    4.95
-171117.252    44.687     1.64    4.90
-170741.038    44.866     0.48    4.62
-170364.824    45.384     1.38    4.33
-169988.608    48.071     7.14    4.35
-169612.390    50.309     5.95    4.02
-169236.289    51.738     3.80    3.39
-168860.323    52.090     0.94    3.31
-168484.357    49.516    -6.85    5.00
-168108.389    47.121    -6.37    5.65
-167732.420    45.830    -3.43    5.92
-167356.449    46.738     2.41    6.60
-166980.477    47.903     3.10    6.18
-166604.505    48.951     2.79    4.50
-166228.530    45.363    -9.54    6.43
-165852.555    38.590   -18.01   10.52
-165476.578    32.805   -15.39    9.75
-165100.600    29.994    -7.48    7.19
-164724.621    30.363     0.98    5.81
-164348.641    33.251     7.68    3.76
-163972.659    33.892     1.70    3.37
-163596.676    34.533     1.70    3.44
-163220.692    33.201    -3.54    4.32
-162844.706    31.404    -4.78    4.65
-162468.720    28.039    -8.95    6.26
-162092.732    23.795   -11.29    7.99
-161716.742    20.741    -8.12    8.56
-161340.752    21.799     2.81    8.90
-160964.760    23.815     5.36    9.91
-160588.767    26.279     6.55   10.38
-160212.773    28.479     5.85    9.72
-159836.777    28.016    -1.23   10.94
-159460.780    25.174    -7.56   11.44
-159084.782    22.700    -6.58   11.01
-158708.783    21.328    -3.65   10.29
-158332.782    22.120     2.11    9.45
-157956.780    22.542     1.12   10.19
-157580.776    23.892     3.59    9.87
-157204.772    26.225     6.21   10.94
-156828.766    28.660     6.48   11.36
-156452.759    30.815     5.73   10.89
-156076.750    33.336     6.70    9.25
-155700.740    34.646     3.48    8.71
-155324.729    37.147     6.65    5.73
-154948.717    33.659    -9.27    8.74
-154572.703    30.302    -8.93    9.97
-154196.688    27.969    -6.21   10.33
-153820.672    26.257    -4.55   10.06
-153444.655    27.635     3.67   10.32
-153068.636    28.229     1.58    9.85
-152692.615    30.411     5.80   10.68
-152316.594    33.097     7.14   10.22
-151940.571    34.039     2.50   10.59
-151564.547    32.989    -2.79   11.08
-151188.522    31.430    -4.15   10.76
-150812.495    29.524    -5.07   10.04
-150436.467    27.957    -4.17    8.63
-150060.437    28.449     1.31    9.16
-149684.407    31.045     6.91    9.73
-149308.375    34.646     9.57    7.55
-148932.341    37.552     7.73    5.10
-148556.306    38.563     2.69    4.01
-148180.270    38.542    -0.05    3.40
-147804.233    38.174    -0.98    3.09
-147428.194    37.813    -0.96    2.81
-147052.154    36.949    -2.30    2.50
-146676.113    37.417     1.25    2.63
-146300.070    38.471     2.80    3.04
-145924.026    40.016     4.11    3.82
-145547.981    41.411     3.71    3.50
-145171.934    42.012     1.60    3.54
-144795.886    42.646     1.69    3.12
-144419.837    41.328    -3.51    3.81
-144043.786    39.313    -5.36    3.99
-143667.734    38.558    -2.01    3.48
-143291.680    37.647    -2.42    2.98
-142915.626    37.174    -1.26    2.90
-142539.569    37.633     1.22    2.62
-142163.512    37.618    -0.04    2.67
-141787.453    38.071     1.20    2.51
-141411.393    39.738     4.43    2.98
-141035.331    41.120     3.67    3.57
-140659.268    42.599     3.93    3.72
-140283.204    43.674     2.86    3.64
-139907.138    43.568    -0.28    4.40
-139531.071    42.768    -2.13    5.33
-139155.003    42.276    -1.31    5.18
-138778.933    42.700     1.13    5.48
-138402.862    43.257     1.48    5.02
-138026.789    43.610     0.94    4.12
-137650.715    41.951    -4.41    4.99
-137274.640    40.456    -3.98    5.49
-136898.563    39.045    -3.75    6.34
-136522.485    38.262    -2.08    6.47
-136146.406    37.687    -1.53    6.99
-135770.325    40.363     7.11    5.77
-135394.243    41.147     2.08    4.75
-135018.159    40.949    -0.53    3.69
-134642.074    40.336    -1.63    3.04
-134265.988    40.148    -0.50    2.85
-133889.900    40.071    -0.20    2.64
-133513.811    39.866    -0.55    2.50
-133137.720    39.849    -0.04    2.19
-132761.628    39.430    -1.11    1.96
-132385.535    39.068    -0.96    2.05
-132009.440    38.535    -1.42    2.26
-131633.344    37.444    -2.90    2.27
-131257.246    35.957    -3.95    2.89
-130881.147    35.411    -1.45    2.90
-130505.047    34.276    -3.02    2.72
-130128.945    33.705    -1.52    2.57
-129752.842    33.963     0.69    2.26
-129376.737    34.012     0.13    2.02
-129000.631    34.309     0.79    2.29
-128624.524    34.430     0.32    2.11
-128248.415    34.822     1.04    2.07
-127872.305    34.969     0.39    2.03
-127496.193    35.148     0.48    2.19
-127120.080    35.712     1.50    2.22
-126743.965    36.093     1.01    2.18
-126367.849    35.892    -0.53    2.48
-125991.732    36.305     1.10    2.48
-125615.613    35.951    -0.94    2.36
-125239.493    35.552    -1.06    2.42
-124863.371    34.957    -1.58    2.56
-124487.248    34.282    -1.80    2.66
-124111.123    34.328     0.12    2.48
-123734.997    34.361     0.09    2.57
-123358.870    33.774    -1.56    2.74
-122982.741    33.989     0.57    3.31
-122606.611    35.229     3.30    4.82
-122230.479    36.969     4.62    4.83
-121854.346    38.714     4.64    4.27
-121478.211    40.148     3.81    3.16
-121102.075    40.095    -0.14    2.94
-120725.937    40.815     1.91    3.80
-120349.798    41.255     1.17    4.10
-119973.658    41.042    -0.57    4.15
-119597.516    41.299     0.68    3.62
-119221.372    42.174     2.33    3.93
-118845.227    43.255     2.87    4.35
-118469.081    43.363     0.29    4.10
-118092.933    42.849    -1.37    4.18
-117716.784    43.120     0.72    3.83
-117340.633    42.945    -0.46    3.93
-116964.481    43.099     0.41    3.59
-116588.327    44.251     3.06    3.59
-116212.172    44.228    -0.06    3.93
-115836.015    43.892    -0.89    4.10
-115459.857    44.016     0.33    4.08
-115083.698    42.911    -2.94    3.91
-114707.537    42.674    -0.63    3.26
-114331.374    41.610    -2.83    3.57
-113955.210    41.174    -1.16    3.63
-113579.045    41.779     1.61    3.98
-113202.878    42.424     1.71    3.79
-112826.709    42.859     1.16    3.44
-112450.539    42.858    -0.00    4.10
-112074.368    42.147    -1.89    3.94
-111698.195    41.309    -2.23    3.77
-111322.020    40.984    -0.86    4.12
-110945.844    40.451    -1.42    4.06
-110569.667    37.328    -8.30    7.45
-110193.488    33.969    -8.93    8.22
-109817.307    32.471    -3.98    8.43
-109441.125    30.199    -6.04    7.50
-109064.942    28.661    -4.09    6.14
-108688.757    27.994    -1.77    4.96
-108312.570    29.358     3.63    4.16
-107936.382    31.199     4.89    3.87
-107560.193    31.590     1.04    4.00
-107184.002    30.957    -1.68    4.22
-106807.809    30.805    -0.40    3.86
-106431.615    28.859    -5.17    4.15
-106055.420    27.738    -2.98    3.63
-105679.223    26.358    -3.67    4.14
-105303.024    23.924    -6.47    5.14
-104926.824    18.390   -14.71    9.56
-104550.622    10.507   -20.95   11.69
-104174.419     3.568   -18.44   10.49
-103798.214    -1.651   -13.87    6.02
-103422.008    -2.097    -1.18    4.11
-103045.800    -2.083     0.04    3.94
-102669.591    -3.168    -2.89    4.03
-102293.380    -5.274    -5.60    2.96
-101917.168    -4.610     1.76    4.81
-101540.954    -2.551     5.47    7.08
-101164.738     3.093    15.00   10.71
-100788.521    11.876    23.35   14.22
-100412.303    19.309    19.76   14.39
-100036.083    24.717    14.37   12.40
 -99659.861    25.122     1.08   12.08
 -99283.638    26.943     4.84    9.91
 -98907.413    28.674     4.60    7.92
 -98531.187    30.309     4.35    4.77
 -98154.959    29.795    -1.36    5.27
 -97778.730    29.937     0.38    5.34
 -97402.499    31.099     3.09    5.54
 -97026.266    31.768     1.78    4.28
 -96650.032    31.963     0.52    5.24
 -96273.796    32.621     1.75    4.40
 -95897.559    33.661     2.76    2.79
 -95521.320    34.417     2.01    2.89
 -95145.080    34.999     1.55    3.72
 -94768.838    35.279     0.74    4.28
 -94392.595    36.701     3.78    3.70
 -94016.611    35.417    -3.42    3.90
 -93640.679    34.618    -2.12    3.71
 -93264.744    34.097    -1.39    3.23
 -92888.809    34.071    -0.07    2.31
 -92512.872    34.174     0.27    2.61
 -92136.933    33.840    -0.89    3.21
 -91760.992    33.471    -0.98    3.24
 -91385.050    33.201    -0.72    3.13
 -91009.107    32.533    -1.78    2.28
 -90633.162    31.779    -2.00    2.22
 -90257.215    31.610    -0.45    2.19
 -89881.267    31.858     0.66    2.09
 -89505.317    31.674    -0.49    2.11
 -89129.365    32.012     0.90    2.27
 -88753.412    31.624    -1.03    2.26
 -88377.457    30.738    -2.36    2.63
 -88001.501    30.035    -1.87    2.51
 -87625.543    29.687    -0.92    2.08
 -87249.584    29.849     0.43    2.15
 -86873.622    30.795     2.52    2.33
 -86497.660    31.507     1.89    1.95
 -86121.695    32.012     1.34    1.89
 -85745.729    32.533     1.39    1.51
 -85369.762    32.753     0.59    1.90
 -84993.793    32.471    -0.75    2.23
 -84617.822    31.840    -1.68    2.31
 -84241.850    31.302    -1.43    2.20
 -83865.876    31.884     1.55    2.51
 -83489.900    32.090     0.55    2.35
 -83113.923    32.815     1.93    2.31
 -82737.944    33.390     1.53    1.93
 -82361.963    33.738     0.93    2.07
 -81985.981    33.712    -0.07    2.22
 -81609.998    33.317    -1.05    2.29
 -81234.012    33.093    -0.60    2.40
 -80858.025    32.444    -1.73    2.38
 -80482.037    32.822     1.01    2.70
 -80106.046    32.384    -1.17    2.95
 -79730.055    32.146    -0.63    3.26
 -79354.061    32.540     1.05    3.25
 -78978.066    31.994    -1.45    2.94
 -78602.069    31.795    -0.53    2.51
 -78226.071    32.012     0.58    2.09
 -77850.071    31.121    -2.37    2.31
 -77474.069    31.097    -0.06    2.41
 -77098.065    30.896    -0.53    3.06
 -76722.060    29.969    -2.47    4.13
 -76346.054    30.035     0.18    4.55
 -75970.045    30.610     1.53    4.08
 -75594.035    29.866    -1.98    5.26
 -75218.024    26.299    -9.49    7.63
 -74842.010    21.984   -11.47    7.45
 -74465.996    19.336    -7.04    5.69
 -74089.979    21.012     4.46    6.84
 -73713.961    23.779     7.36    7.47
 -73337.941    26.120     6.22    7.32
 -72961.919    27.379     3.35    6.87
 -72585.896    27.738     0.95    6.56
 -72209.871    27.147    -1.57    6.39
 -71833.844    26.687    -1.22    6.17
 -71457.816    26.411    -0.74    6.16
 -71081.786    26.020    -1.04    5.75
 -70705.754    27.368     3.59    5.13
 -70329.721    29.302     5.14    4.67
 -69953.686    31.714     6.42    3.75
 -69577.649    33.147     3.81    3.29
 -69201.611    34.328     3.14    2.37
 -68825.571    33.892    -1.16    2.17
 -68449.529    34.226     0.89    2.55
 -68073.486    34.332     0.28    2.32
 -67697.441    34.633     0.80    2.22
 -67321.394    35.404     2.05    2.18
 -66945.345    35.579     0.46    2.03
 -66569.295    35.276    -0.81    2.10
 -66193.243    34.840    -1.16    2.39
 -65817.190    34.805    -0.09    2.66
 -65441.135    34.674    -0.35    2.85
 -65065.078    35.225     1.47    2.75
 -64689.019    35.404     0.48    2.42
 -64312.959    35.741     0.90    2.12
 -63936.896    35.305    -1.16    2.09
 -63560.833    35.066    -0.64    2.18
 -63184.767    35.120     0.14    2.12
 -62808.700    35.309     0.50    2.23
 -62432.631    35.392     0.22    1.90
 -62056.560    35.507     0.30    2.17
 -61680.488    35.943     1.16    2.29
 -61304.414    36.063     0.32    2.67
 -60928.338    35.610    -1.20    2.89
 -60552.261    35.147    -1.23    2.81
 -60176.181    34.430    -1.91    2.78
 -59800.100    33.542    -2.36    3.00
 -59424.018    31.911    -4.34    4.38
 -59047.933    31.741    -0.45    4.66
 -58671.847    31.840     0.26    5.45
 -58295.759    32.349     1.35    5.44
 -57919.669    32.674     0.86    5.58
 -57543.578    32.606    -0.18    5.19
 -57167.485    31.849    -2.01    4.43
 -56791.390    31.066    -2.08    4.09
 -56415.294    30.498    -1.51    3.23
 -56039.195    31.488     2.63    2.75
 -55663.095    30.999    -1.30    4.43
 -55286.993    29.943    -2.81    5.85
 -54910.890    29.039    -2.40    6.25
 -54534.785    26.840    -5.84    7.00
 -54158.677    27.840     2.66    6.85
 -53782.569    28.489     1.73    6.65
 -53406.458    25.858    -7.00    7.37
 -53030.346    23.994    -4.96    7.96
 -52654.232    20.444    -9.44    7.49
 -52278.116    18.437    -5.34    6.77
 -51901.998    15.430    -7.99    6.72
 -51525.879    11.646   -10.06    8.23
 -51149.758     5.595   -16.09    8.74
 -50773.635     0.849   -12.62    8.03
 -50397.510    -1.448    -6.11    6.46
 -50021.384     1.417     7.62    8.07
 -49645.256     7.146    15.23    9.18
 -49269.126    14.353    19.16    9.47
 -48892.994    20.249    15.67    8.37
 -48516.860    23.285     8.07    7.63
 -48140.725    26.635     8.91    6.67
 -47764.588    28.463     4.86    5.66
 -47388.449    28.174    -0.77    6.03
 -47012.308    26.437    -4.62    6.87
 -46636.166    24.174    -6.02    7.48
 -46260.022    20.535    -9.67    7.76
 -45883.876    19.858    -1.80    7.32
 -45507.728    17.122    -7.27    7.22
 -45131.578    13.688    -9.13    6.13
 -44755.427    12.225    -3.89    6.00
 -44379.274     8.647    -9.51    5.37
 -44003.119     5.390    -8.66    6.18
 -43626.962     5.282    -0.29    7.43
 -43250.803     7.552     6.04    9.18
 -42874.643    12.379    12.83    8.52
 -42498.481    17.076    12.49    5.84
 -42122.317    20.066     7.95    5.36
 -41746.151    21.610     4.10    5.53
 -41369.983    21.937     0.87    6.87
 -40993.814    20.700    -3.29    7.44
 -40617.643    19.309    -3.70    7.88
 -40241.470    17.024    -6.07    7.95
 -39865.295    16.832    -0.51    6.88
 -39489.118    17.633     2.13    6.42
 -39112.940    18.595     2.56    5.70
 -38736.759    19.868     3.39    4.12
 -38360.577    21.225     3.61    4.41
 -37984.393    23.328     5.59    4.77
 -37608.208    25.031     4.53    5.07
 -37232.020    25.930     2.39    4.15
 -36855.830    25.660    -0.72    3.75
 -36479.639    25.726     0.18    3.45
 -36103.446    25.174    -1.47    2.85
 -35727.251    25.417     0.65    2.98
 -35351.054    26.305     2.36    3.99
 -34974.856    24.989    -3.50    4.60
 -34598.655    25.071     0.22    4.94
 -34222.453    25.957     2.36    4.63
 -33846.249    26.074     0.31    4.35
 -33470.043    27.358     3.41    4.08
 -33093.835    27.757     1.06    3.97
 -32717.625    28.201     1.18    3.33
 -32341.414    28.368     0.45    3.93
 -31965.200    27.687    -1.81    4.40
 -31588.985    27.097    -1.57    4.50
 -31212.768    26.174    -2.45    4.95
 -30836.549    23.363    -7.47    6.07
 -30460.328    21.876    -3.95    7.15
 -30084.106    20.012    -4.96    7.85
 -29707.881    17.840    -5.77    7.71
 -29331.655    16.542    -3.45    7.57
 -28955.426    13.558    -7.93    7.13
 -28579.196    11.199    -6.27    7.01
 -28202.964     8.840    -6.27    6.05
 -27826.730     8.282    -1.48    5.80
 -27450.495     9.225     2.51    7.10
 -27074.257    12.858     9.66    6.08
 -26698.018    15.813     7.85    4.62
 -26321.776    17.336     4.05    4.21
 -25945.533    16.930    -1.08    4.27
 -25569.288    15.201    -4.60    5.95
 -25193.041    13.635    -4.16    5.34
 -24816.792    13.628    -0.02    4.66
 -24440.541    15.148     4.04    3.94
 -24064.289    16.121     2.59    3.34
 -23688.034    16.479     0.95    2.93
 -23311.778    17.251     2.05    2.39
 -22935.519    15.903    -3.58    3.70
 -22559.259    16.430     1.40    3.70
 -22182.997    15.963    -1.24    4.24
 -21806.733    16.148     0.49    4.35
 -21430.467    16.120    -0.08    4.29
 -21054.199    16.042    -0.21    3.97
 -20677.929    16.635     1.58    4.14
 -20301.658    16.451    -0.49    4.27
 -19925.384    16.255    -0.52    4.02
 -19549.109    15.903    -0.93    4.19
 -19172.913    16.120     0.57    3.83
 -18797.022    16.822     1.87    4.33
 -18421.130    16.802    -0.05    4.51
 -18045.235    16.924     0.32    4.38
 -17669.338    16.832    -0.25    4.64
 -17293.439    16.741    -0.24    3.78
 -16917.539    15.661    -2.87    4.14
 -16541.636    14.411    -3.33    4.83
 -16165.732    14.779     0.98    4.91
 -15789.826    16.384     4.27    5.26
 -15413.918    17.584     3.19    4.39
 -15038.007    18.039     1.21    4.70
 -14662.095    17.700    -0.90    4.54
 -14286.181    16.674    -2.73    4.96
 -13910.265    16.202    -1.25    5.22
 -13534.348    16.687     1.29    4.23
 -13158.428    16.768     0.22    3.28
 -12782.506    17.174     1.08    3.27
 -12406.582    17.876     1.87    3.85
 -12030.657    18.035     0.42    4.32
 -11654.729    17.399    -1.69    4.54
 -11278.800    16.911    -1.30    4.54
 -10902.868    15.147    -4.69    4.26
 -10526.935    10.994   -11.05    6.40
 -10151.000     7.068   -10.44    7.48
  -9775.062     2.994   -10.84    6.29
  -9399.123    -0.556    -9.44    0.90
  -9023.182    -0.211     0.92    1.27
  -8647.239     1.479     4.50    2.78
  -8271.294     4.042     6.82    3.90
  -7895.347     7.481     9.15    4.53
  -7519.398    10.736     8.66    4.10
  -7143.447    11.148     1.10    5.29
  -6767.494    11.147    -0.00    6.24
  -6391.539    10.633    -1.37    6.74
  -6015.582     8.417    -5.89    6.53
  -5639.623     6.701    -4.56    5.87
  -5263.663     6.226    -1.26    5.51
  -4887.700     5.789    -1.16    5.22
  -4511.735     5.039    -2.00    3.90
  -4135.768     4.884    -0.41    4.01
  -3759.800     5.020     0.36    3.70
  -3383.829     5.071     0.14    3.49
  -3007.857     5.201     0.34    3.56
  -2631.882     4.789    -1.09    3.13
  -2255.905     3.876    -2.43    2.92
  -1879.927     3.437    -1.17    2.55
  -1503.946     2.963    -1.26    2.45
  -1127.964     2.892    -0.19    2.85
   -751.979     2.379    -1.37    3.53
   -375.993     1.095    -3.42    3.12
     -0.004     0.066    -2.74    2.01
    375.986    -0.799    -2.30    0.16
    751.979    -0.160     1.70    4.00
   1127.974     2.595     7.33    8.14
   1503.970     5.225     7.00    9.35
   1879.969    10.201    13.23   10.37
   2255.969    13.071     7.63    9.03
   2631.972    15.507     6.48    6.58
   3007.976    16.994     3.96    5.57
   3383.983    16.785    -0.56    4.95
   3759.991    17.558     2.06    4.88
   4136.002    17.903     0.92    4.43
   4512.014    16.963    -2.50    3.90
   4888.029    17.606     1.71    3.75
   5264.046    16.236    -3.64    3.21
   5640.064    12.199   -10.74    7.38
   6016.085     7.963   -11.27    9.50
   6392.107     3.396   -12.15    9.58
   6768.132    -1.416   -12.80    6.38
   7144.159    -2.910    -3.97    3.74
   7520.188     1.635    12.09    7.89
   7896.218     7.020    14.32    9.35
   8272.251    11.282    11.33    8.39
   8648.286    13.621     6.22    5.87
   9024.323    12.199    -3.78    6.19
   9400.362    12.049    -0.40    5.24
   9776.403    11.633    -1.11    3.03
  10152.446    11.763     0.35    3.08
  10528.491    12.358     1.58    3.10
  10904.538    13.714     3.61    4.02
  11280.587    14.282     1.51    4.65
  11656.638    14.145    -0.36    5.25
  12032.691    12.097    -5.45    5.12
  12408.747    10.974    -2.99    4.36
  12784.804    10.979     0.01    4.58
  13160.863    13.763     7.40    3.82
  13536.925    14.174     1.09    4.80
  13912.988    13.332    -2.24    5.43
  14289.054    12.045    -3.42    5.55
  14665.121    10.516    -4.07    4.83
  15041.191    11.200     1.82    4.73
  15417.263    12.635     3.82    4.60
  15793.336    13.149     1.37    4.46
  16169.412    13.363     0.57    4.48
  16545.490    12.774    -1.57    4.52
  16921.570    11.404    -3.64    4.69
  17297.652    11.282    -0.33    4.53
  17673.736    10.795    -1.29    4.75
  18049.823    11.785     2.63    4.44
  18425.911    13.068     3.41    4.69
  18802.001    13.474     1.08    4.67
  19178.094    12.868    -1.61    4.99
  19554.188    12.499    -0.98    5.03
  19930.285    12.147    -0.94    4.87
  20306.383    11.489    -1.75    4.82
  20682.484    11.411    -0.21    5.19
  21058.587    11.016    -1.05    5.01
  21434.692    11.174     0.42    4.56
  21810.799    12.282     2.95    3.97
  22186.908    12.474     0.51    3.86
  22563.020    12.813     0.90    3.41
  22939.133    11.274    -4.09    4.08
  23315.248     9.437    -4.88    4.25
  23691.366     6.896    -6.76    4.13
  24067.485     4.930    -5.23    3.85
  24443.607     2.924    -5.34    4.72
  24819.731     0.584    -6.22    4.92
  25195.857    -1.576    -5.74    4.63
  25571.985    -3.745    -5.77    2.64
  25948.115    -4.751    -2.67    0.53
  26324.248    -4.826    -0.20    0.23
  26700.382    -4.774     0.14    0.23
  27076.519    -4.610     0.43    0.82
  27452.657    -4.083     1.40    1.39
  27828.798    -3.116     2.57    2.15
  28204.941    -2.187     2.47    2.77
  28581.086    -0.724     3.89    3.97
  28957.233     0.229     2.53    4.41
  29333.382     0.917     1.83    5.30
  29709.534     2.943     5.39    5.19
  30085.687     4.229     3.42    4.60
  30461.843     2.768    -3.88    4.51
  30838.001     0.741    -5.39    4.27
  31214.161    -1.537    -6.06    2.95
  31590.323    -2.519    -2.61    2.36
  31966.487    -2.529    -0.03    3.01
  32342.653    -2.211     0.85    3.31
  32718.822    -1.390     2.18    4.06
  33094.992    -1.168     0.59    4.44
  33471.165     0.255     3.78    4.52
  33847.340     1.097     2.24    4.69
  34223.517     1.542     1.18    5.95
  34599.696     0.924    -1.64    6.55
  34975.878     0.097    -2.20    6.67
  35352.061     1.118     2.72    7.91
  35728.247     2.516     3.72    8.07
  36104.435     2.584     0.18    8.98
  36480.625     4.517     5.14   10.58
  36856.817     4.741     0.59   10.76
  37233.011     5.174     1.15   10.95
  37609.208     4.525    -1.72   10.05
  37985.406     4.763     0.63   10.09
  38361.607     4.146    -1.64    9.55
  38737.810     3.302    -2.24    8.94
  39114.015     4.789     3.95    9.30
  39490.223     5.276     1.29    8.89
  39866.432     7.660     6.34    8.82
  40242.644     7.892     0.62    8.77
  40618.858     8.937     2.78    8.23
  40995.074     7.618    -3.51    8.26
  41371.292     4.533    -8.20    9.01
  41747.513     1.822    -7.20    7.67
  42123.735     2.226     1.07    7.79
  42499.960     3.071     2.25    8.07
  42876.187     5.830     7.33    8.49
  43252.416     7.411     4.20    8.27
  43628.647     9.045     4.35    7.63
  44004.881     8.957    -0.23    7.31
  44381.117     8.199    -2.02    7.52
  44757.355     6.525    -4.45    8.16
  45133.595     4.328    -5.84    8.12
  45509.837     3.174    -3.07    8.11
  45886.082     2.253    -2.45    8.27
  46262.329     1.674    -1.54    8.01
  46638.577     2.481     2.15    8.75
  47014.829     3.456     2.59    8.78
  47391.082     4.646     3.16    8.77
  47767.338     4.989     0.91    9.47
  48143.595     4.660    -0.88    9.62
  48519.855     5.417     2.01   10.22
  48896.118     4.417    -2.66   10.93
  49272.382     2.361    -5.46   10.69
  49648.649     2.635     0.73   10.06
  50024.918     3.251     1.64   10.02
  50401.189     7.118    10.28   11.17
  50777.462    11.738    12.28   12.17
  51153.738    18.120    16.96   11.20
  51530.016    22.251    10.98   10.01
  51906.296    25.858     9.59    8.47
  52282.578    27.700     4.90    9.14
  52658.862    31.471    10.02    7.65
  53035.149    33.251     4.73    6.81
  53411.438    34.637     3.68    5.12
  53787.729    35.868     3.27    3.15
  54164.023    36.255     1.03    3.55
  54540.318    35.417    -2.23    5.17
  54916.616    35.930     1.36    6.08
  55292.917    35.768    -0.43    6.05
  55669.219    34.317    -3.86    7.66
  56045.257    33.430    -2.36    7.19
  56421.112    32.610    -2.18    6.69
  56796.969    33.282     1.79    6.29
  57172.829    34.481     3.19    4.59
  57548.690    35.007     1.40    3.96
  57924.555    36.463     3.87    3.56
  58300.421    36.726     0.70    4.00
  58676.290    35.328    -3.72    6.08
  59052.160    30.255   -13.50   10.29
  59428.033    23.147   -18.91   12.76
  59803.909    16.533   -17.60   12.85
  60179.787    10.924   -14.92   10.15
  60555.666     8.463    -6.55    5.96
  60931.549     8.633     0.45    6.03
  61307.433    10.471     4.89    6.35
  61683.320    12.174     4.53    7.30
  62059.209    13.535     3.62    8.09
  62435.100    15.149     4.29    8.87
  62810.994    17.687     6.75    8.58
  63186.889    20.147     6.54    5.92
  63562.787    18.687    -3.88    8.13
  63938.688    16.255    -6.47    9.62
  64314.590    14.404    -4.92   10.44
  64690.495    11.789    -6.96   11.31
  65066.403    11.097    -1.84   11.16
  65442.312    10.174    -2.46   11.45
  65818.224     9.805    -0.98   11.16
  66194.138     9.943     0.37   10.13
  66570.054    10.202     0.69    9.59
  66945.973    11.481     3.40    8.50
  67321.894    13.687     5.87    7.56
  67697.817    16.876     8.48    9.23
  68073.743    20.957    10.86   10.64
  68449.671    24.285     8.85   10.60
  68825.601    24.045    -0.64   10.14
  69201.533    24.274     0.61   10.58
  69577.468    23.957    -0.84   11.43
  69953.405    25.699     4.63   12.71
  70329.344    27.753     5.46   12.42
  70705.286    30.866     8.28   12.66
  71081.230    34.937    10.83   11.95
  71457.176    37.943     8.00   10.04
  71833.125    39.424     3.94    7.31
  72209.076    39.016    -1.08    5.89
  72585.029    38.276    -1.97    5.99
  72960.985    37.517    -2.02    5.24
  73336.943    37.840     0.86    4.94
  73712.903    38.840     2.66    4.47
  74088.866    39.896     2.81    4.19
  74464.831    41.795     5.05    2.92
  74840.798    42.313     1.38    2.10
  75216.767    42.489     0.47    1.73
  75592.739    42.369    -0.32    2.03
  75968.713    41.984    -1.02    2.28
  76344.690    41.635    -0.93    2.82
  76720.669    41.963     0.87    2.94
  77096.650    42.122     0.42    3.03
  77472.634    41.093    -2.74    4.30
  77848.620    40.624    -1.25    4.50
  78224.608    40.444    -0.48    4.91
  78600.599    41.579     3.02    4.83
  78976.591    42.984     3.74    3.83
  79352.587    43.374     1.04    2.78
  79728.584    42.712    -1.76    2.49
  80104.584    42.404    -0.82    2.80
  80480.587    42.888     1.29    2.48
  80856.592    43.066     0.47    1.85
  81232.599    43.007    -0.16    1.84
  81608.608    43.463     1.21    1.78
  81984.620    43.749     0.76    2.10
  82360.634    44.363     1.63    1.93
  82736.651    43.763    -1.59    2.05
  83112.670    43.437    -0.87    2.63
  83488.691    43.253    -0.49    2.97
  83864.715    42.741    -1.36    2.87
  84240.741    42.324    -1.11    2.69
  84616.769    42.200    -0.33    2.39
  84992.800    41.849    -0.93    2.72
  85368.833    41.849     0.00    3.14
  85744.869    41.859     0.03    3.41
  86120.906    41.687    -0.46    3.09
  86496.947    42.251     1.50    2.83
  86872.989    42.868     1.64    2.16
  87249.034    43.489     1.65    1.56
  87625.082    44.444     2.54    1.54
  88001.132    44.937     1.31    1.82
  88377.184    45.524     1.56    1.83
  88753.239    45.768     0.65    1.69
  89129.296    45.753    -0.04    1.65
  89505.355    45.674    -0.21    1.48
  89881.417    45.379    -0.78    1.40
  90257.481    45.282    -0.26    1.61
  90633.548    44.824    -1.22    1.85
  91009.617    44.584    -0.64    2.02
  91385.688    44.255    -0.88    2.25
  91761.762    43.579    -1.80    2.89
  92137.838    43.768     0.50    3.30
  92513.917    44.328     1.49    3.13
  92889.998    44.456     0.34    3.22
  93266.082    44.831     1.00    3.59
  93642.168    44.358    -1.26    3.06
  94018.256    44.093    -0.71    2.94
  94394.347    44.007    -0.23    2.69
  94770.440    43.635    -0.99    2.32
  95146.536    43.336    -0.80    2.08
  95522.634    43.276    -0.16    2.07
  95898.734    43.753     1.27    1.95
  96274.837    43.899     0.39    2.00
  96650.942    44.201     0.80    1.98
  97027.050    44.124    -0.20    1.99
  97403.160    43.969    -0.41    2.24
  97779.273    43.813    -0.41    2.51
  98155.388    43.768    -0.12    2.66
  98531.505    43.741    -0.07    3.07
  98907.625    43.989     0.66    2.89
  99283.748    44.610     1.65    3.09
  99659.872    45.118     1.35    2.88
 100036.000    45.738     1.65    2.39
 100412.129    45.832     0.25    2.50
 100788.261    44.896    -2.49    2.33
 101164.396    44.430    -1.24    2.19
 101540.533    44.071    -0.95    2.49
 101916.673    43.763    -0.82    2.76
 102292.815    43.989     0.60    2.94
 102668.959    44.020     0.08    2.85
 103045.106    43.903    -0.31    2.97
 103421.255    41.324    -6.86    5.78
 103797.407    39.071    -5.99    6.09
 104173.561    37.590    -3.94    5.65
 104549.718    38.336     1.98    6.14
 104925.877    42.687    11.57    3.95
 105302.039    43.201     1.37    3.09
 105678.203    43.463     0.70    3.27
 106054.370    43.813     0.93    3.25
 106430.539    44.122     0.82    3.18
 106806.710    44.858     1.96    2.99
 107182.885    45.444     1.56    3.07
 107559.061    45.738     0.78    2.81
 107935.240    45.384    -0.94    3.13
 108311.422    44.253    -3.01    3.89
 108687.606    43.924    -0.87    4.27
 109063.792    44.071     0.39    4.45
 109439.981    42.552    -4.04    5.94
 109816.172    43.045     1.31    5.91
 110192.366    41.324    -4.58    6.99
 110568.563    41.802     1.27    7.41
 110944.762    42.714     2.42    7.17
 111320.963    43.444     1.94    7.12
 111697.167    43.390    -0.14    7.13
 112073.374    42.687    -1.87    6.65
 112449.582    43.174     1.29    5.79
 112825.794    43.149    -0.07    5.07
 113202.008    42.302    -2.25    4.30
 113578.224    42.417     0.31    3.81
 113954.443    43.584     3.10    3.53
 114330.665    43.832     0.66    3.30
 114706.889    44.430     1.59    2.53
 115083.115    43.147    -3.41    3.60
 115459.344    41.071    -5.52    3.97
 115835.576    38.896    -5.78    4.53
 116211.810    37.199    -4.51    6.02
 116588.046    33.687    -9.34    8.67
 116964.286    29.321   -11.60    9.70
 117340.527    25.930    -9.01    8.77
 117716.771    26.984     2.80    8.88
 118093.018    30.417     9.12    9.69
 118469.267    36.012    14.87    8.13
 118845.519    39.757     9.95    4.90
 119221.773    40.815     2.81    2.31
 119598.030    40.917     0.27    2.23
 119974.290    41.411     1.31    2.57
 120350.551    41.411     0.00    2.76
 120726.816    41.969     1.48    2.59
 121103.083    42.379     1.09    2.70
 121479.352    42.930     1.47    3.24
 121855.624    44.045     2.96    3.15
 122231.899    44.146     0.27    3.19
 122608.176    44.584     1.16    2.94
 122984.456    45.251     1.77    2.73
 123360.738    45.205    -0.12    2.63
 123737.023    45.815     1.62    3.12
 124113.310    46.201     1.03    3.06
 124489.600    46.525     0.86    2.75
 124865.893    46.687     0.43    2.33
 125242.188    46.451    -0.63    1.94
 125618.486    46.753     0.80    1.87
 125994.786    46.866     0.30    1.70
 126371.089    46.498    -0.98    1.89
 126747.394    46.097    -1.07    2.13
 127123.702    45.994    -0.27    2.25
 127500.012    46.917     2.45    2.87
 127876.325    47.741     2.19    2.93
 128252.641    48.353     1.63    2.80
 128628.959    48.741     1.03    2.76
 129005.280    48.147    -1.58    2.53
 129381.603    47.552    -1.58    2.10
 129757.929    47.486    -0.18    1.64
 130134.258    47.635     0.40    1.59
 130510.589    47.963     0.87    1.76
 130886.923    48.120     0.42    2.00
 131262.750    48.120     0.00    2.20
 131638.567    48.340     0.59    2.31
 132014.386    48.200    -0.37    2.41
 132390.208    48.225     0.07    2.37
 132766.033    49.228     2.67    2.36
 133141.860    49.661     1.15    2.11
 133517.690    49.635    -0.07    2.02
 133893.523    49.276    -0.96    2.50
 134269.358    48.309    -2.57    2.51
 134645.195    48.049    -0.69    2.53
 135021.035    47.255    -2.11    2.49
 135396.878    46.795    -1.22    1.98
 135772.724    47.174     1.01    1.80
 136148.572    47.477     0.81    1.61
 136524.422    47.943     1.24    1.35
 136900.276    47.969     0.07    1.45
 137276.131    47.618    -0.93    1.68
 137651.990    47.328    -0.77    1.58
 138027.851    47.063    -0.70    1.85
 138403.715    47.305     0.65    2.13
 138779.581    47.328     0.06    2.15
 139155.450    47.525     0.53    2.06
 139531.321    48.016     1.31    1.92
 139907.196    48.122     0.28    1.73
 140283.072    48.533     1.09    2.15
 140658.952    48.390    -0.38    2.45
 141034.834    48.276    -0.30    2.75
 141410.719    47.332    -2.51    2.95
 141786.606    46.876    -1.21    2.85
 142162.496    47.417     1.44    3.08
 142538.388    48.202     2.09    3.35
 142914.284    48.507     0.81    3.54
 143290.181    48.533     0.07    3.65
 143666.082    48.701     0.45    3.44
 144041.985    47.635    -2.84    3.10
 144417.891    47.535    -0.27    2.51
 144793.799    47.610     0.20    2.28
 145169.710    47.892     0.75    1.93
 145545.624    48.471     1.54    2.20
 145921.540    49.174     1.87    2.37
 146297.459    49.763     1.57    2.33
 146673.381    50.349     1.56    2.05
 147049.305    50.660     0.83    1.92
 147425.232    50.738     0.21    1.79
 147801.162    50.489    -0.66    1.88
 148177.094    50.768     0.74    2.13
 148553.029    50.228    -1.44    2.89
 148928.967    50.145    -0.22    2.91
 149304.907    49.404    -1.97    3.53
 149680.850    48.599    -2.14    4.30
 150056.796    48.201    -1.06    4.40
 150432.744    48.430     0.61    4.08
 150808.695    46.674    -4.67    8.34
 151184.649    43.200    -9.24   10.19
 151560.605    39.379   -10.16   10.73
 151936.564    37.016    -6.29    9.51
 152312.526    38.121     2.94    9.46
 152688.490    39.456     3.55    9.06
 153064.457    42.674     8.56    8.64
 153440.427    44.471     4.78    8.28
 153816.399    44.249    -0.59    9.47
 154192.374    43.937    -0.83   10.23
 154568.352    41.174    -7.35   11.43
 154944.333    38.174    -7.98   11.05
 155320.316    37.924    -0.66   10.58
 155696.302    37.456    -1.24   10.24
 156072.290    39.324     4.97   10.15
 156448.282    39.285    -0.10   10.28
 156824.276    38.274    -2.69    9.60
 157200.272    40.595     6.17    9.93
 157576.272    42.174     4.20    8.55
 157952.274    46.148    10.57    5.84
 158328.279    46.937     2.10    5.54
 158704.286    46.674    -0.70    4.86
 159080.296    47.200     1.40    4.89
 159456.309    48.524     3.52    4.76
 159832.325    50.896     6.31    3.13
 160208.343    52.302     3.74    2.24
 160584.364    53.042     1.97    2.15
 160960.388    53.093     0.13    2.25
 161336.415    52.633    -1.22    2.58
 161712.444    52.368    -0.70    2.32
 162088.476    52.302    -0.18    1.96
 162464.510    52.299    -0.01    2.44
 162840.548    52.255    -0.12    2.35
 163216.588    52.399     0.38    2.45
 163592.631    52.542     0.38    2.25
 163968.677    52.332    -0.56    2.16
 164344.725    51.516    -2.17    1.95
 164720.776    51.353    -0.43    2.04
 165096.830    51.201    -0.40    1.78
 165472.886    50.951    -0.66    2.07
 165848.946    50.917    -0.09    2.20
 166225.008    50.563    -0.94    2.07
 166601.073    50.533    -0.08    2.03
 166977.140    50.456    -0.20    2.25
 167353.210    50.336    -0.32    2.34
 167729.283    50.282    -0.14    2.54
 168105.359    47.147    -8.34    6.23
 168481.438    41.276   -15.61    9.01
 168857.519    36.148   -13.64    8.46
 169233.603    35.525    -1.66    8.54
 169609.690    39.224     9.83    9.64
 169985.780    44.805    14.84    8.10
 170361.872    48.489     9.80    3.99
 170737.967    49.228     1.96    3.32
 171114.065    49.994     2.04    2.58
 171490.166    50.963     2.58    2.55
 171866.269    51.285     0.86    2.47
 172242.375    50.700    -1.55    3.34
 172618.484    50.313    -1.03    3.27
 172994.596    49.763    -1.46    3.82
 173370.711    50.148     1.02    4.17
 173746.828    51.488     3.56    3.35
 174122.948    51.363    -0.33    3.11
 174499.071    50.822    -1.44    3.15
 174875.196    50.042    -2.07    3.07
 175251.325    49.574    -1.25    2.87
 175627.456    49.120    -1.21    3.89
 176003.590    47.430    -4.49    5.73
 176379.727    44.763    -7.09    7.54
 176755.867    45.121     0.95    6.92
 177132.009    46.444     3.52    5.98
 177508.154    47.815     3.64    4.37
 177884.302    48.568     2.00    4.66
 178260.453    48.563    -0.02    5.48
 178636.607    48.674     0.30    5.00
 179012.763    49.146     1.26    4.72
 179388.922    48.687    -1.22    4.75
 179765.084    49.456     2.05    3.46
 180141.249    50.446     2.63    1.99
 180517.417    51.201     2.01    1.96
 180893.587    51.228     0.07    2.15
 181269.760    51.687     1.22    2.06
 181645.936    51.674    -0.04    2.05
 182022.115    51.552    -0.32    2.09
 182398.297    51.635     0.22    2.01
 182774.482    51.507    -0.34    1.68
 183150.669    51.148    -0.95    1.58
 183526.859    51.228     0.21    1.47
 183903.052    51.020    -0.55    1.41
 184279.248    50.332    -1.83    1.78
 184655.447    50.007    -0.86    2.16
 185031.648    49.516    -1.31    2.22
 185407.852    49.417    -0.26    2.13
 185784.060    49.595     0.47    2.15
 186160.270    50.071     1.27    1.52
 186536.482    49.955    -0.31    1.62
 186912.698    49.858    -0.26    1.56
 187288.917    49.989     0.35    1.37
 187665.138    50.417     1.14    1.79
 188041.362    50.302    -0.31    1.58
 188417.589    50.741     1.17    1.82
 188793.819    51.174     1.15    1.95
 189170.052    51.481     0.82    1.78
 189546.288    51.738     0.68    1.94
 189922.526    51.633    -0.28    1.91
 190298.767    51.917     0.76    2.15
 190675.011    51.621    -0.79    2.26
 191051.259    51.368    -0.67    2.14
 191427.508    51.068    -0.80    2.05
 191803.761    50.471    -1.59    1.70
 192180.017    50.674     0.54    1.62
 192556.275    50.866     0.51    1.51
 192932.537    51.205     0.90    1.66
 193308.801    51.276     0.19    1.85
 193685.068    51.174    -0.27    1.65
 194061.338    51.066    -0.29    1.71
 194437.611    50.635    -1.14    1.39
 194813.887    50.552    -0.22    1.50
 195190.165    50.533    -0.05    1.83
 195566.447    50.610     0.20    1.82
 195942.731    50.647     0.10    1.81
 196319.018    50.621    -0.07    2.34
 196695.309    50.533    -0.23    2.36
 197071.602    50.430    -0.27    2.47
 197447.897    50.174    -0.68    2.27
 197824.196    49.674    -1.33    1.52
 198200.498    49.498    -0.47    1.31
 198576.803    49.633     0.36    1.41
 198953.110    49.700     0.18    1.86
 199329.421    50.017     0.84    2.03
 199705.734    50.379     0.96    1.76
 200082.050    50.456     0.20    1.79
 200458.369    50.396    -0.16    1.40
 200834.691    50.199    -0.52    1.46
 201211.016    50.606     1.08    1.59
 201587.344    50.610     0.01    2.02
 201963.675    50.516    -0.25    2.37
 202340.008    50.516     0.00    2.15
 202716.345    50.253    -0.70    2.01
 203092.684    50.020    -0.62    1.83
 203469.027    49.905    -0.30    1.73
 203845.372    49.646    -0.69    1.90
 204221.720    49.805     0.42    1.96
 204598.071    50.437     1.68    1.93
 204974.426    50.822     1.02    1.80
 205350.783    51.120     0.79    1.81
 205727.142    51.688     1.51    1.74
 206103.295    51.789     0.27    1.80
 206479.075    51.840     0.14    1.66
 206854.859    52.090     0.67    1.56
 207230.646    52.148     0.15    1.40
 207606.435    52.118    -0.08    1.51
 207982.228    51.866    -0.67    1.59
 208358.023    51.753    -0.30    1.81
 208733.821    51.516    -0.63    1.71
 209109.623    51.984     1.25    1.60
 209485.427    52.251     0.71    1.40
 209861.234    52.466     0.57    1.54
 210237.044    52.840     1.00    1.72
 210612.857    52.763    -0.20    1.52
 210988.673    53.042     0.74    1.46
 211364.492    53.174     0.35    1.41
 211740.314    53.471     0.79    1.45
 212116.139    53.917     1.19    1.79
 212491.966    54.430     1.37    1.67
 212867.797    54.610     0.48    1.68
 213243.631    55.120     1.36    1.60
 213619.467    54.661    -1.22    1.62
 213995.307    54.840     0.48    1.69
 214371.149    55.121     0.75    1.94
 214746.995    55.200     0.21    2.15
 215122.843    54.815    -1.03    2.22
 215498.695    54.498    -0.84    2.24
 215874.549    54.225    -0.73    1.89
 216250.407    54.649     1.13    1.87
 216626.267    54.896     0.66    2.41
 217002.130    53.016    -5.00    4.55
 217377.996    52.255    -2.02    4.43
 217753.866    51.795    -1.22    4.43
 218129.738    51.066    -1.94    4.05
 218505.613    51.007    -0.16    3.64
 218881.491    49.674    -3.55    4.41
 219257.372    49.635    -0.10    4.36
 219633.257    49.849     0.57    5.06
 220009.144    50.738     2.36    6.07
 220385.034    52.042     3.47    6.24
 220760.927    51.595    -1.19    6.21
 221136.823    51.016    -1.54    6.99
 221512.722    50.481    -1.42    7.44
 221888.624    50.147    -0.89    6.73
 222264.529    49.989    -0.42    5.95
 222640.437    49.574    -1.11    5.65
 223016.348    50.396     2.19    5.37
 223392.263    52.016     4.31    5.53
 223768.180    53.417     3.73    3.99
 224144.100    53.984     1.51    2.93
 224520.023    53.687    -0.79    2.67
 224895.949    52.840    -2.25    2.53
 225271.878    52.249    -1.57    2.73
 225647.810    51.840    -1.09    2.90
 226023.745    51.849     0.02    3.11
 226399.683    51.994     0.39    3.52
 226775.625    50.805    -3.16    5.14
 227151.569    50.251    -1.48    5.49
 227527.516    49.516    -1.95    6.07
 227903.466    48.558    -2.55    6.16
 228279.419    47.309    -3.32    6.52
 228655.376    44.147    -8.41    7.04
 229031.335    38.840   -14.12    9.17
 229407.297    33.340   -14.63    8.28
 229783.263    32.148    -3.17    8.39
 230159.231    34.031     5.01    9.13
 230535.203    37.618     9.54    8.30
