-232259.779    -0.038     0.00    0.00
-231883.596    -0.038     0.00    0.00
-231507.415    -0.038     0.00    0.00
-231131.234    -0.038     0.00    0.00
-230755.054    -0.038     0.00    0.00
-230378.876    -0.038     0.00    0.00
-230002.698    -0.038     0.00    0.00
-229626.521    -0.038     0.00    0.00
-229250.345    -0.038     0.00    0.00
-228874.171    -0.038     0.00    0.00
-228497.997    -0.038     0.00    0.00
-228121.824    -0.038     0.00    0.00
-227745.653    -0.038     0.00    0.00
-227369.482    -0.038     0.00    0.00
-226993.312    -0.038     0.00    0.00
-226617.144    -0.038     0.00    0.00
-226240.976    -0.038     0.00    0.00
-225864.809    -0.038     0.00    0.00
-225488.643    -0.038     0.00    0.00
-225112.479    -0.038     0.00    0.00
-224736.315    -0.038     0.00    0.00
-224360.152    -0.038     0.00    0.00
-223983.990    -0.038     0.00    0.00
-223607.829    -0.038     0.00    0.00
-223231.669    -0.038     0.00    0.00
-222855.510    -0.038     0.00    0.00
-222479.352    -0.038     0.00    0.00
-222103.195    -0.038     0.00    0.00
-221727.039    -0.038     0.00    0.00
-221350.884    -0.038     0.00    0.00
-220974.730    -0.038     0.00    0.00
-220598.577    -0.038     0.00    0.00
-220222.425    -0.038     0.00    0.00
-219846.274    -0.038     0.00    0.00
-219470.124    -0.038     0.00    0.00
-219093.974    -0.038     0.00    0.00
-218717.826    -0.038     0.00    0.00
-218341.679    -0.038     0.00    0.00
-217965.532    -0.038     0.00    0.00
-217589.387    -0.038     0.00    0.00
-217213.242    -0.038     0.00    0.00
-216837.099    -0.038     0.00    0.00
-216460.956    -0.038     0.00    0.00
-216084.814    -0.038     0.00    0.00
-215708.674    -0.038     0.00    0.00
-215332.534    -0.038     0.00    0.00
-214956.395    -0.038     0.00    0.00
-214580.257    -0.038     0.00    0.00
-214204.120    -0.038     0.00    0.00
-213827.984    -0.038     0.00    0.00
-213451.849    -0.038     0.00    0.00
-213075.715    -0.038     0.00    0.00
-212699.581    -0.038     0.00    0.00
-212323.449    -0.038     0.00    0.00
-211947.318    -0.038     0.00    0.00
-211571.187    -0.038     0.00    0.00
-211195.058    -0.038     0.00    0.00
-210818.929    -0.038     0.00    0.00
-210442.801    -0.038     0.00    0.00
-210066.674    -0.038     0.00    0.00
-209690.548    -0.038     0.00    0.00
-209314.423    -0.038     0.00    0.00
-208938.299    -0.038     0.00    0.00
-208562.176    -0.038     0.00    0.00
-208186.054    -0.038     0.00    0.00
-207809.933    -0.038     0.00    0.00
-207433.812    -0.038     0.00    0.00
-207057.693    -0.038     0.00    0.00
-206681.574    -0.038     0.00    0.00
-206305.456    -0.038     0.00    0.00
-205929.339    -0.038     0.00    0.00
-205553.223    -0.038     0.00    0.00
-205177.108    -0.038     0.00    0.00
-204800.994    -0.038     0.00    0.00
-204424.881    -0.038     0.00    0.00
-204048.768    -0.038     0.00    0.00
-203672.657    -0.038     0.00    0.00
-203296.546    -0.038     0.00    0.00
-202920.436    -0.038     0.00    0.00
-202544.328    -0.038     0.00    0.00
-202168.220    -0.038     0.00    0.00
-201792.113    -0.038     0.00    0.00
-201416.006    -0.038     0.00    0.00
-201039.901    -0.038     0.00    0.00
-200663.796    -0.038     0.00    0.00
-200287.693    -0.038     0.00    0.00
-199911.590    -0.038     0.00    0.00
-199535.488    -0.038     0.00    0.00
-199159.387    -0.038     0.00    0.00
-198783.287    -0.038     0.00    0.00
-198407.188    -0.038     0.00    0.00
-198031.089    -0.038     0.00    0.00
-197654.992    -0.038     0.00    0.00
-197278.895    -0.038     0.00    0.00
-196902.799    -0.038     0.00    0.00
-196526.704    -0.038     0.00    0.00
-196150.610    -0.038     0.00    0.00
-195774.517    -0.038     0.00    0.00
-195398.425    -0.038     0.00    0.00
-195022.333    -0.038     0.00    0.00
-194646.242    -0.038     0.00    0.00
-194270.152    -0.038     0.00    0.00
-193894.063    -0.038     0.00    0.00
-193517.975    -0.038     0.00    0.00
-193141.888    -0.038     0.00    0.00
-192765.801    -0.038     0.00    0.00
-192389.716    -0.038     0.00    0.00
-192013.631    -0.038     0.00    0.00
-191637.547    -0.038     0.00    0.00
-191261.464    -0.038     0.00    0.00
-190885.381    -0.038     0.00    0.00
-190509.300    -0.038     0.00    0.00
-190133.219    -0.038     0.00    0.00
-189757.139    -0.038     0.00    0.00
-189381.060    -0.038     0.00    0.00
-189004.982    -0.038     0.00    0.00
-188628.904    -0.038     0.00    0.00
-188252.828    -0.038     0.00    0.00
-187876.752    -0.038     0.00    0.00
-187500.677    -0.038     0.00    0.00
-187124.603    -0.038     0.00    0.00
-186748.530    -0.038     0.00    0.00
-186372.457    -0.038     0.00    0.00
-185996.385    -0.038     0.00    0.00
-185620.315    -0.038     0.00    0.00
-185244.244    -0.038     0.00    0.00
-184868.175    -0.038     0.00    0.00
-184492.107    -0.038     0.00    0.00
-184116.039    -0.038     0.00    0.00
-183739.972    -0.038     0.00    0.00
-183363.906    -0.038     0.00    0.00
-182987.841    -0.038     0.00    0.00
-182611.776    -0.038     0.00    0.00
-182235.712    -0.038     0.00    0.00
-181859.649    -0.038     0.00    0.00
-181483.587    -0.038     0.00    0.00
-181107.526    -0.038     0.00    0.00
-180731.465    -0.038     0.00    0.00
-180355.406    -0.038     0.00    0.00
-179979.347    -0.038     0.00    0.00
-179603.288    -0.038     0.00    0.00
-179227.231    -0.038     0.00    0.00
-178851.174    -0.038     0.00    0.00
-178475.118    -0.038     0.00    0.00
-178099.063    -0.038     0.00    0.00
-177723.009    -0.038     0.00    0.00
-177346.955    -0.038     0.00    0.00
-176970.902    -0.038     0.00    0.00
-176594.850    -0.038     0.00    0.00
-176218.799    -0.038     0.00    0.00
-175842.749    -0.038     0.00    0.00
-175466.642    -0.038     0.00    0.00
-175090.438    -0.038     0.00    0.00
-174714.235    -0.038     0.00    0.00
-174338.033    -0.038     0.00    0.00
-173961.831    -0.038     0.00    0.00
-173585.631    -0.038     0.00    0.00
-173209.430    -0.038     0.00    0.00
-172833.231    -0.038     0.00    0.00
-172457.033    -0.038     0.00    0.00
-172080.835    -0.038     0.00    0.00
-171704.638    -0.038     0.00    0.00
-171328.441    -0.038     0.00    0.00
-170952.246    -0.038     0.00    0.00
-170576.051    -0.038     0.00    0.00
-170199.857    -0.038     0.00    0.00
-169823.663    -0.038     0.00    0.00
-169447.471    -0.038     0.00    0.00
-169071.279    -0.038     0.00    0.00
-168695.088    -0.038     0.00    0.00
-168318.897    -0.038     0.00    0.00
-167942.707    -0.038     0.00    0.00
-167566.518    -0.038     0.00    0.00
-167190.330    -0.038     0.00    0.00
-166814.143    -0.038     0.00    0.00
-166437.956    -0.038     0.00    0.00
-166061.770    -0.038     0.00    0.00
-165685.584    -0.038     0.00    0.00
-165309.400    -0.038     0.00    0.00
-164933.216    -0.038     0.00    0.00
-164557.032    -0.038     0.00    0.00
-164180.850    -0.038     0.00    0.00
-163804.668    -0.038     0.00    0.00
-163428.487    -0.038     0.00    0.00
-163052.306    -0.038     0.00    0.00
-162676.127    -0.038     0.00    0.00
-162299.948    -0.038     0.00    0.00
-161923.769    -0.038     0.00    0.00
-161547.592    -0.038     0.00    0.00
-161171.415    -0.038     0.00    0.00
-160795.239    -0.038     0.00    0.00
-160419.063    -0.038     0.00    0.00
-160042.888    -0.038     0.00    0.00
-159666.714    -0.038     0.00    0.00
-159290.541    -0.038     0.00    0.00
-158914.368    -0.038     0.00    0.00
-158538.196    -0.038     0.00    0.00
-158162.025    -0.038     0.00    0.00
-157785.854    -0.038     0.00    0.00
-157409.684    -0.038     0.00    0.00
-157033.514    -0.038     0.00    0.00
-156657.346    -0.038     0.00    0.00
-156281.178    -0.038     0.00    0.00
-155905.010    -0.038     0.00    0.00
-155528.844    -0.038     0.00    0.00
-155152.678    -0.038     0.00    0.00
-154776.513    -0.038     0.00    0.00
-154400.348    -0.038     0.00    0.00
-154024.184    -0.038     0.00    0.00
-153648.021    -0.038     0.00    0.00
-153271.858    -0.038     0.00    0.00
-152895.696    -0.038     0.00    0.00
-152519.535    -0.038     0.00    0.00
-152143.374    -0.038     0.00    0.00
-151767.214    -0.038     0.00    0.00
-151391.055    -0.038     0.00    0.00
-151014.896    -0.038     0.00    0.00
-150638.738    -0.038     0.00    0.00
-150262.580    -0.038     0.00    0.00
-149886.424    -0.038     0.00    0.00
-149510.268    -0.038     0.00    0.00
-149134.112    -0.038     0.00    0.00
-148757.957    -0.038     0.00    0.00
-148381.803    -0.038     0.00    0.00
-148005.649    -0.038     0.00    0.00
-147629.497    -0.038     0.00    0.00
-147253.344    -0.038     0.00    0.00
-146877.193    -0.038     0.00    0.00
-146501.042    -0.038     0.00    0.00
-146124.891    -0.038     0.00    0.00
-145748.741     0.062     0.27    0.50
-145372.592     0.304     0.64    0.78
-144996.444     0.854     1.46    1.58
-144620.296     1.142     0.76    1.62
-144244.149     1.252     0.29    1.75
-143868.002     1.094    -0.42    1.44
-143491.856     1.045    -0.13    1.38
-143115.711     1.372     0.87    1.35
-142739.566     1.323    -0.13    1.10
-142363.422     1.244    -0.21    1.05
-141987.278     1.090    -0.41    1.00
-141611.135     0.993    -0.26    1.00
-141234.993     1.746     2.00    1.73
-140858.851     2.043     0.79    1.75
-140482.710     2.124     0.22    1.74
-140106.569     1.936    -0.50    1.57
-139730.430     1.773    -0.43    1.58
-139354.290     1.526    -0.66    1.48
-138978.151     1.808     0.75    1.77
-138602.013     2.357     1.46    1.79
-138225.876     3.436     2.87    2.50
-137849.739     4.357     2.45    2.85
-137473.602     6.116     4.68    3.35
-137097.467     7.151     2.75    3.20
-136721.332     8.372     3.25    2.41
-136345.197     8.740     0.98    1.94
-135969.063     7.962    -2.07    2.68
-135592.930     6.603    -3.61    4.07
-135216.797     5.681    -2.45    4.85
-134840.664     4.398    -3.41    5.26
-134464.533     2.584    -4.82    4.76
-134088.402     1.016    -4.17    2.87
-133712.271    -0.038    -2.80    0.00
-133336.141    -0.038     0.00    0.00
-132960.012    -0.038     0.00    0.00
-132583.883    -0.038     0.00    0.00
-132207.755     0.286     0.86    1.13
-131831.627     0.783     1.32    1.65
-131455.500     1.783     2.66    2.88
-131079.373     2.603     2.18    2.82
-130703.247     2.638     0.09    2.70
-130327.122     2.541    -0.26    2.39
-129950.997     2.638     0.26    1.42
-129574.873     2.827     0.50    1.46
-129198.749     3.367     1.44    2.71
-128822.626     4.462     2.91    3.07
-128446.503     4.706     0.65    2.75
-128070.381     4.552    -0.41    2.29
-127694.260     3.768    -2.08    2.18
-127318.139     3.757    -0.03    2.40
-126942.018     3.879     0.32    2.79
-126565.898     5.120     3.30    3.09
-126189.779     5.936     2.17    3.03
-125813.660     5.881    -0.15    2.98
-125437.542     5.151    -1.94    2.95
-125061.424     4.167    -2.62    2.26
-124685.307     3.837    -0.88    1.26
-124309.190     4.313     1.27    1.75
-123933.074     5.424     2.95    3.00
-123556.958     5.151    -0.72    3.27
-123180.843     5.773     1.65    3.52
-122804.728     6.638     2.30    3.47
-122428.614     6.305    -0.88    3.17
-122052.501     8.015     4.55    2.73
-121676.388     9.087     2.85    2.31
-121300.275     9.795     1.88    2.67
-120924.163     9.654    -0.37    3.28
-120548.052     9.018    -1.69    3.81
-120171.941     7.909    -2.95    4.10
-119795.830     7.270    -1.70    3.87
-119419.720     6.594    -1.80    3.59
-119043.611     5.518    -2.86    3.44
-118667.502     5.515    -0.01    3.58
-118291.394     4.834    -1.81    3.78
-117915.286     4.684    -0.40    3.94
-117539.178     4.936     0.67    4.18
-117163.072     4.383    -1.47    3.87
-116786.965     5.070     1.83    3.57
-116410.859     4.665    -1.08    3.40
-116034.754     3.935    -1.94    3.51
-115658.649     3.218    -1.91    3.64
-115282.544     1.936    -3.41    3.38
-114906.441     0.584    -3.60    2.03
-114530.337     0.013    -1.52    0.22
-114154.234    -0.038    -0.14    0.00
-113778.132    -0.038     0.00    0.00
-113402.030    -0.038     0.00    0.00
-113025.928    -0.038     0.00    0.00
-112649.827    -0.038     0.00    0.00
-112273.727    -0.038     0.00    0.00
-111897.627    -0.038     0.00    0.00
-111521.527    -0.038     0.00    0.00
-111145.428    -0.038     0.00    0.00
-110769.329    -0.038     0.00    0.00
-110393.231    -0.038     0.00    0.00
-110017.133    -0.038     0.00    0.00
-109641.036    -0.038     0.00    0.00
-109264.939    -0.038     0.00    0.00
-108888.843    -0.038     0.00    0.00
-108512.747    -0.038     0.00    0.00
-108136.652    -0.038     0.00    0.00
-107760.557    -0.038     0.00    0.00
-107384.462    -0.038     0.00    0.00
-107008.368    -0.038     0.00    0.00
-106632.275    -0.038     0.00    0.00
-106256.182    -0.038     0.00    0.00
-105880.089    -0.038     0.00    0.00
-105503.997    -0.038     0.00    0.00
-105127.905    -0.038     0.00    0.00
-104751.814    -0.038     0.00    0.00
-104375.723    -0.038     0.00    0.00
-103999.633    -0.038     0.00    0.00
-103623.543    -0.038     0.00    0.00
-103247.453    -0.038     0.00    0.00
-102871.364    -0.038     0.00    0.00
-102495.275    -0.038     0.00    0.00
-102119.187    -0.038     0.00    0.00
-101743.099    -0.038     0.00    0.00
-101367.012    -0.038     0.00    0.00
-100990.925    -0.038     0.00    0.00
-100614.838    -0.038     0.00    0.00
-100238.696    -0.038     0.00    0.00
 -99862.533    -0.038     0.00    0.00
 -99486.370    -0.038     0.00    0.00
 -99110.207    -0.038     0.00    0.00
 -98734.045    -0.038     0.00    0.00
 -98357.883    -0.038     0.00    0.00
 -97981.722    -0.038     0.00    0.00
 -97605.561    -0.038     0.00    0.00
 -97229.400    -0.038     0.00    0.00
 -96853.240    -0.038     0.00    0.00
 -96477.080    -0.038     0.00    0.00
 -96100.921    -0.038     0.00    0.00
 -95724.762    -0.038     0.00    0.00
 -95348.604    -0.038     0.00    0.00
 -94972.446    -0.038     0.00    0.00
 -94596.288    -0.038     0.00    0.00
 -94220.130    -0.038     0.00    0.00
 -93843.974    -0.038     0.00    0.00
 -93467.817    -0.038     0.00    0.00
 -93091.661    -0.038     0.00    0.00
 -92715.505    -0.038     0.00    0.00
 -92339.350    -0.038     0.00    0.00
 -91963.195    -0.038     0.00    0.00
 -91587.040    -0.038     0.00    0.00
 -91210.886    -0.038     0.00    0.00
 -90834.732    -0.038     0.00    0.00
 -90458.579    -0.038     0.00    0.00
 -90082.426    -0.038     0.00    0.00
 -89706.273    -0.038     0.00    0.00
 -89330.121    -0.038     0.00    0.00
 -88953.969    -0.038     0.00    0.00
 -88577.817    -0.038     0.00    0.00
 -88201.666    -0.038     0.00    0.00
 -87825.515    -0.038     0.00    0.00
 -87449.365    -0.038     0.00    0.00
 -87073.215    -0.038     0.00    0.00
 -86697.065    -0.038     0.00    0.00
 -86320.916    -0.038     0.00    0.00
 -85944.767    -0.038     0.00    0.00
 -85568.618    -0.038     0.00    0.00
 -85192.470    -0.038     0.00    0.00
 -84816.322    -0.038     0.00    0.00
 -84440.175    -0.038     0.00    0.00
 -84064.027    -0.038     0.00    0.00
 -83687.881    -0.038     0.00    0.00
 -83311.734    -0.038     0.00    0.00
 -82935.588    -0.038     0.00    0.00
 -82559.442    -0.038     0.00    0.00
 -82183.297    -0.038     0.00    0.00
 -81807.152    -0.038     0.00    0.00
 -81431.007    -0.038     0.00    0.00
 -81054.862    -0.038     0.00    0.00
 -80678.718    -0.038     0.00    0.00
 -80302.574    -0.038     0.00    0.00
 -79926.431    -0.038     0.00    0.00
 -79550.288    -0.038     0.00    0.00
 -79174.145    -0.038     0.00    0.00
 -78798.003    -0.038     0.00    0.00
 -78421.861    -0.038     0.00    0.00
 -78045.719    -0.038     0.00    0.00
 -77669.577    -0.038     0.00    0.00
 -77293.436    -0.038     0.00    0.00
 -76917.296    -0.038     0.00    0.00
 -76541.155    -0.038     0.00    0.00
 -76165.015    -0.038     0.00    0.00
 -75788.875    -0.038     0.00    0.00
 -75412.736    -0.038     0.00    0.00
 -75036.596    -0.038     0.00    0.00
 -74660.457    -0.038     0.00    0.00
 -74284.319    -0.038     0.00    0.00
 -73908.181    -0.038     0.00    0.00
 -73532.043    -0.038     0.00    0.00
 -73155.905    -0.038     0.00    0.00
 -72779.767    -0.038     0.00    0.00
 -72403.630    -0.038     0.00    0.00
 -72027.494    -0.038     0.00    0.00
 -71651.357    -0.038     0.00    0.00
 -71275.221    -0.038     0.00    0.00
 -70899.085    -0.038     0.00    0.00
 -70522.949    -0.038     0.00    0.00
 -70146.814    -0.038     0.00    0.00
 -69770.679    -0.038     0.00    0.00
 -69394.544    -0.038     0.00    0.00
 -69018.410    -0.038     0.00    0.00
 -68642.276    -0.038     0.00    0.00
 -68266.142    -0.038     0.00    0.00
 -67890.008    -0.038     0.00    0.00
 -67513.875    -0.038     0.00    0.00
 -67137.742    -0.038     0.00    0.00
 -66761.609    -0.038     0.00    0.00
 -66385.477    -0.038     0.00    0.00
 -66009.345    -0.038     0.00    0.00
 -65633.213    -0.038     0.00    0.00
 -65257.081    -0.038     0.00    0.00
 -64880.950    -0.038     0.00    0.00
 -64504.818    -0.038     0.00    0.00
 -64128.688    -0.038     0.00    0.00
 -63752.557    -0.038     0.00    0.00
 -63376.427    -0.038     0.00    0.00
 -63000.296    -0.038     0.00    0.00
 -62624.167    -0.038     0.00    0.00
 -62248.037    -0.038     0.00    0.00
 -61871.908    -0.038     0.00    0.00
 -61495.779    -0.038     0.00    0.00
 -61119.650    -0.038     0.00    0.00
 -60743.521    -0.038     0.00    0.00
 -60367.393    -0.038     0.00    0.00
 -59991.265    -0.038     0.00    0.00
 -59615.137    -0.038     0.00    0.00
 -59239.009    -0.038     0.00    0.00
 -58862.882    -0.038     0.00    0.00
 -58486.755    -0.038     0.00    0.00
 -58110.628    -0.038     0.00    0.00
 -57734.501    -0.038     0.00    0.00
 -57358.375    -0.038     0.00    0.00
 -56982.249    -0.038     0.00    0.00
 -56606.123    -0.038     0.00    0.00
 -56229.997    -0.038     0.00    0.00
 -55853.872    -0.038     0.00    0.00
 -55477.746    -0.038     0.00    0.00
 -55101.621    -0.038     0.00    0.00
 -54725.497    -0.038     0.00    0.00
 -54349.372    -0.038     0.00    0.00
 -53973.248    -0.038     0.00    0.00
 -53597.123    -0.038     0.00    0.00
 -53221.000    -0.038     0.00    0.00
 -52844.876    -0.038     0.00    0.00
 -52468.752    -0.038     0.00    0.00
 -52092.629    -0.038     0.00    0.00
 -51716.506    -0.038     0.00    0.00
 -51340.383    -0.038     0.00    0.00
 -50964.260    -0.038     0.00    0.00
 -50588.138    -0.038     0.00    0.00
 -50212.016    -0.038     0.00    0.00
 -49835.893    -0.038     0.00    0.00
 -49459.772    -0.038     0.00    0.00
 -49083.650    -0.038     0.00    0.00
 -48707.528    -0.038     0.00    0.00
 -48331.407    -0.038     0.00    0.00
 -47955.286    -0.038     0.00    0.00
 -47579.165    -0.038     0.00    0.00
 -47203.044    -0.038     0.00    0.00
 -46826.924    -0.038     0.00    0.00
 -46450.803    -0.038     0.00    0.00
 -46074.683    -0.038     0.00    0.00
 -45698.563    -0.038     0.00    0.00
 -45322.444    -0.038     0.00    0.00
 -44946.324    -0.038     0.00    0.00
 -44570.204    -0.038     0.00    0.00
 -44194.085    -0.038     0.00    0.00
 -43817.966    -0.038     0.00    0.00
 -43441.847    -0.038     0.00    0.00
 -43065.728    -0.038     0.00    0.00
 -42689.610    -0.038     0.00    0.00
 -42313.491    -0.038     0.00    0.00
 -41937.373    -0.038     0.00    0.00
 -41561.255    -0.038     0.00    0.00
 -41185.137    -0.038     0.00    0.00
 -40809.019    -0.038     0.00    0.00
 -40432.902    -0.038     0.00    0.00
 -40056.784    -0.038     0.00    0.00
 -39680.667    -0.038     0.00    0.00
 -39304.550    -0.038     0.00    0.00
 -38928.433    -0.038     0.00    0.00
 -38552.316    -0.038     0.00    0.00
 -38176.199    -0.038     0.00    0.00
 -37800.083    -0.038     0.00    0.00
 -37423.966    -0.038     0.00    0.00
 -37047.850    -0.038     0.00    0.00
 -36671.734    -0.038     0.00    0.00
 -36295.618    -0.038     0.00    0.00
 -35919.502    -0.038     0.00    0.00
 -35543.386    -0.038     0.00    0.00
 -35167.271    -0.038     0.00    0.00
 -34791.155    -0.038     0.00    0.00
 -34415.040    -0.038     0.00    0.00
 -34038.925    -0.038     0.00    0.00
 -33662.810    -0.038     0.00    0.00
 -33286.695    -0.038     0.00    0.00
 -32910.580     2.101     5.69    6.28
 -32534.465     5.503     9.04    8.92
 -32158.351     9.881    11.64    9.81
 -31782.236    16.139    16.64   10.44
 -31406.122    20.552    11.73    8.11
 -31030.008    23.398     7.57    5.10
 -30653.894    22.791    -1.61    6.61
 -30277.780    18.584   -11.19    8.72
 -29901.666    14.768   -10.15    8.57
 -29525.552    12.094    -7.11    8.49
 -29149.439     9.612    -6.60    6.84
 -28773.325     8.746    -2.30    6.29
 -28397.212     9.304     1.48    6.48
 -28021.098    10.831     4.06    7.10
 -27644.985    12.357     4.06    8.28
 -27268.872    13.719     3.62    8.14
 -26892.759    13.037    -1.81    8.14
 -26516.646    11.673    -3.63    7.22
 -26140.533     9.367    -6.13    5.59
 -25764.420     7.259    -5.60    2.80
 -25388.307     6.705    -1.47    1.52
 -25012.182     6.680    -0.07    1.49
 -24636.058     6.860     0.48    2.14
 -24259.933     7.601     1.97    4.04
 -23883.809    10.857     8.66    6.53
 -23507.684    13.151     6.10    7.30
 -23131.560    17.268    10.94    7.78
 -22755.436    19.587     6.17    6.10
 -22379.311    20.043     1.21    5.50
 -22003.187    18.673    -3.64    6.47
 -21627.063    16.804    -4.97    5.89
 -21250.939    14.062    -7.29    5.27
 -20874.816    11.665    -6.37    3.94
 -20498.692    11.437    -0.61    4.40
 -20122.568    12.372     2.49    5.10
 -19746.444    13.657     3.41    4.56
 -19370.321    13.935     0.74    4.05
 -18994.197    13.340    -1.58    4.15
 -18618.074    13.719     1.01    4.55
 -18241.950    12.988    -1.94    4.75
 -17865.827    12.407    -1.55    4.84
 -17489.704    13.706     3.45    4.48
 -17113.581    15.988     6.07    4.49
 -16737.457    18.240     5.99    4.71
 -16361.334    20.680     6.49    3.32
 -15985.211    21.142     1.23    2.79
 -15609.088    20.594    -1.46    2.34
 -15232.965    20.157    -1.16    2.24
 -14856.842    19.936    -0.59    2.19
 -14480.719    19.449    -1.30    1.94
 -14104.596    19.706     0.68    2.35
 -13728.474    19.887     0.48    2.89
 -13352.351    19.962     0.20    2.96
 -12976.228    20.124     0.43    3.03
 -12600.105    20.043    -0.22    3.24
 -12223.983    20.530     1.29    3.25
 -11847.860    20.278    -0.67    3.26
 -11471.737    19.851    -1.14    3.75
 -11095.615    19.840    -0.03    3.45
 -10719.492    18.680    -3.08    4.03
 -10343.370    16.881    -4.78    6.01
  -9967.247    12.541   -11.54    8.96
  -9591.125     7.199   -14.20    9.19
  -9215.002     2.116   -13.51    5.42
  -8838.880    -0.038    -5.73    0.00
  -8462.757    -0.038     0.00    0.00
  -8086.635    -0.038     0.00    0.00
  -7710.512    -0.038     0.00    0.00
  -7334.390    -0.038     0.00    0.00
  -6958.268    -0.038     0.00    0.00
  -6582.145    -0.038     0.00    0.00
  -6206.023    -0.038     0.00    0.00
  -5829.900    -0.038     0.00    0.00
  -5453.778    -0.038     0.00    0.00
  -5077.656    -0.038     0.00    0.00
  -4701.533    -0.038     0.00    0.00
  -4325.411    -0.038     0.00    0.00
  -3949.288    -0.038     0.00    0.00
  -3573.166    -0.038     0.00    0.00
  -3197.044    -0.038     0.00    0.00
  -2820.921    -0.038     0.00    0.00
  -2444.799    -0.038     0.00    0.00
  -2068.676    -0.038     0.00    0.00
  -1692.554    -0.038     0.00    0.00
  -1316.431    -0.038     0.00    0.00
   -940.309    -0.038     0.00    0.00
   -564.186    -0.038     0.00    0.00
   -188.064    -0.038     0.00    0.00
    188.059    -0.038     0.00    0.00
    564.181    -0.038     0.00    0.00
    940.304    -0.038     0.00    0.00
   1316.426    -0.038     0.00    0.00
   1692.549    -0.038     0.00    0.00
   2068.672    -0.038     0.00    0.00
   2444.794    -0.038     0.00    0.00
   2820.917    -0.038     0.00    0.00
   3197.040    -0.038     0.00    0.00
   3573.163    -0.038     0.00    0.00
   3949.286    -0.038     0.00    0.00
   4325.409    -0.038     0.00    0.00
   4701.532    -0.038     0.00    0.00
   5077.655    -0.038     0.00    0.00
   5453.778    -0.038     0.00    0.00
   5829.901    -0.038     0.00    0.00
   6206.024    -0.038     0.00    0.00
   6582.147    -0.038     0.00    0.00
   6958.270    -0.038     0.00    0.00
   7334.394    -0.038     0.00    0.00
   7710.517    -0.038     0.00    0.00
   8086.640    -0.038     0.00    0.00
   8462.764    -0.038     0.00    0.00
   8838.887    -0.038     0.00    0.00
   9215.011     0.043     0.22    0.36
   9591.135     1.567     4.05    3.28
   9967.258     5.062     9.29    5.59
  10343.382     7.962     7.71    5.10
  10719.506     9.988     5.39    4.17
  11095.630    10.692     1.87    3.75
  11471.754    11.178     1.29    4.31
  11847.878    10.881    -0.79    4.51
  12224.002    10.248    -1.68    4.77
  12600.126    10.706     1.22    4.43
  12976.251    10.287    -1.11    4.79
  13352.375     9.573    -1.90    5.07
  13728.500     8.637    -2.49    4.59
  14104.624     8.278    -0.96    4.45
  14480.749    10.885     6.93    5.65
  14856.874    14.340     9.19    5.70
  15232.998    16.808     6.56    4.05
  15609.123    17.934     2.99    2.54
  15985.248    17.935     0.00    2.44
  16361.374    18.067     0.35    2.24
  16737.499    17.648    -1.12    2.14
  17113.624    17.475    -0.46    1.71
  17489.749    16.706    -2.05    3.02
  17865.875    14.740    -5.23    4.86
  18242.001    15.178     1.17    4.82
  18618.126    16.178     2.66    4.71
  18994.252    16.173    -0.02    4.30
  19370.378    14.987    -3.15    5.15
  19746.504    14.530    -1.22    5.12
  20122.630    14.142    -1.03    4.62
  20498.757    14.252     0.29    4.09
  20874.883    15.225     2.59    2.84
  21251.009    15.232     0.02    3.38
  21627.136    15.312     0.21    3.40
  22003.263    16.383     2.85    2.69
  22379.390    16.157    -0.60    2.62
  22755.517    16.259     0.27    2.57
  23131.644    16.462     0.54    2.08
  23507.771    15.988    -1.26    1.97
  23883.898    16.424     1.16    2.11
  24260.026    16.705     0.75    2.13
  24636.153    14.935    -4.71    4.72
  25012.281    14.367    -1.51    5.33
  25388.409    14.773     1.08    5.46
  25764.537    15.731     2.55    5.05
  26140.665    16.367     1.69    3.98
  26516.794    16.321    -0.12    2.80
  26892.922    15.594    -1.93    2.77
  27269.051    15.142    -1.20    2.50
  27645.179    14.773    -0.98    2.82
  28021.308    14.572    -0.53    3.38
  28397.437    14.041    -1.41    3.31
  28773.567    13.962    -0.21    2.67
  29149.696    14.557     1.58    2.50
  29525.825    14.768     0.56    2.35
  29901.955    15.043     0.73    2.10
  30278.085    15.193     0.40    2.22
  30654.215    15.256     0.17    2.17
  31030.345    15.142    -0.30    1.85
  31406.475    15.015    -0.34    2.57
  31782.606    15.073     0.16    3.02
  32158.736    15.552     1.27    3.13
  32534.867    15.989     1.16    3.14
  32910.998    17.808     4.84    3.38
  33287.129    19.173     3.63    3.39
  33663.261    19.936     2.03    3.11
  34039.392    19.422    -1.37    3.86
  34415.524    18.783    -1.70    4.49
  34791.655    18.270    -1.36    4.88
  35167.787    17.907    -0.97    4.90
  35543.920    18.638     1.94    4.55
  35920.052    19.989     3.59    3.36
  36296.185    20.422     1.15    3.07
  36672.317    21.557     3.02    2.22
  37048.450    21.705     0.39    2.31
  37424.583    21.587    -0.31    2.85
  37800.717    20.936    -1.73    3.50
  38176.850    19.557    -3.67    3.68
  38552.984    18.244    -3.49    4.41
  38929.118    15.462    -7.40    4.37
  39305.252    14.804    -1.75    3.86
  39681.386    14.611    -0.51    3.37
  40057.521    14.783     0.46    3.54
  40433.655    15.379     1.58    3.77
  40809.790    15.218    -0.43    3.77
  41185.925    14.862    -0.95    3.70
  41562.060    14.114    -1.99    3.55
  41938.196    13.503    -1.62    2.66
  42314.332    12.881    -1.65    2.33
  42690.468    12.611    -0.72    2.23
  43066.604    12.935     0.86    1.77
  43442.740    12.684    -0.67    1.91
  43818.877    12.962     0.74    1.97
  44195.014    13.116     0.41    1.80
  44571.151    13.515     1.06    1.94
  44947.288    14.015     1.33    2.18
  45323.425    14.090     0.20    2.38
  45699.563    14.295     0.55    2.32
  46075.701    14.395     0.26    2.12
  46451.839    14.577     0.49    2.72
  46827.977    15.879     3.46    3.40
  47204.116    16.800     2.45    3.83
  47580.255    16.146    -1.74    4.60
  47956.394    15.181    -2.57    4.49
  48332.533    15.065    -0.31    3.69
  48708.673    14.725    -0.90    3.52
  49084.813    14.449    -0.74    2.69
  49460.953    14.232    -0.57    2.05
  49837.072    14.712     1.28    2.48
  50213.163    15.094     1.01    2.75
  50589.255    15.225     0.35    3.20
  50965.347    15.719     1.31    3.36
  51341.439    15.193    -1.40    4.40
  51717.532    15.860     1.77    4.16
  52093.625    16.577     1.91    3.82
  52469.718    17.259     1.81    4.01
  52845.811    17.731     1.25    3.98
  53221.905    17.935     0.54    3.68
  53597.998    17.124    -2.16    3.66
  53974.093    16.097    -2.73    3.87
  54350.187    14.780    -3.50    3.38
  54726.281    14.424    -0.95    3.19
  55102.376    14.116    -0.82    2.48
  55478.471    13.990    -0.34    2.29
  55854.567    14.039     0.13    2.21
  56230.663    13.990    -0.13    2.31
  56606.759    13.436    -1.47    2.44
  56982.855    13.193    -0.65    2.41
  57358.951    13.286     0.25    2.42
  57735.048    13.383     0.26    2.23
  58111.145    13.603     0.58    2.06
  58487.243    13.937     0.89    1.93
  58863.340    13.719    -0.58    1.77
  59239.438    13.398    -0.85    1.60
  59615.536    13.501     0.27    1.43
  59991.635    13.657     0.41    2.08
  60367.734    13.422    -0.62    2.58
  60743.833    13.240    -0.48    2.61
  61119.932    12.699    -1.44    2.58
  61496.032    12.312    -1.03    1.66
  61872.132    11.740    -1.52    1.46
  62248.232    11.812     0.19    1.42
  62624.333    12.124     0.83    1.24
  63000.434    12.124     0.00    1.36
  63376.535    12.015    -0.29    1.29
  63752.636    11.883    -0.35    1.32
  64128.738    11.719    -0.44    1.36
  64504.840    11.665    -0.14    1.37
  64880.943    11.757     0.25    1.51
  65257.045    11.601    -0.41    1.81
  65633.148    11.762     0.43    1.65
  66009.252    11.646    -0.31    1.45
  66385.355    11.462    -0.49    1.42
  66761.459    11.935     1.26    1.48
  67137.564    11.907    -0.08    1.60
  67513.668    12.090     0.49    1.64
  67889.773    12.398     0.82    1.62
  68265.879    12.259    -0.37    1.70
  68641.984    12.187    -0.19    1.94
  69018.090    12.065    -0.33    1.92
  69394.197    12.199     0.36    1.72
  69770.303    12.692     1.31    1.39
  70146.410    12.962     0.72    1.30
  70522.517    12.594    -0.98    1.76
  70898.625    12.268    -0.87    1.97
  71274.733    11.449    -2.18    2.22
  71650.841    10.768    -1.81    2.25
  72026.950    11.244     1.27    2.44
  72403.059    11.321     0.20    2.81
  72779.168    11.841     1.38    2.88
  73155.278    12.611     2.05    3.28
  73531.388    12.800     0.50    2.83
  73907.499    12.692    -0.29    2.87
  74283.609    13.193     1.33    2.58
  74659.720    12.800    -1.04    3.05
  75035.832    12.398    -1.07    3.70
  75411.944    12.321    -0.20    3.59
  75788.056    12.603     0.75    2.73
  76164.168    12.205    -1.06    2.62
  76540.281    11.962    -0.65    2.03
  76916.395    12.252     0.77    2.17
  77292.508    12.851     1.59    2.03
  77668.622    12.449    -1.07    3.98
  78044.737    12.205    -0.65    4.73
  78420.851    12.094    -0.30    4.62
  78796.967    12.475     1.01    4.44
  79173.082    13.650     3.12    2.21
  79549.198    14.041     1.04    2.99
  79925.314    15.331     3.43    3.72
  80301.431    16.518     3.16    4.15
  80677.548    17.808     3.43    4.43
  81053.665    18.124     0.84    4.18
  81429.783    17.013    -2.95    3.97
  81805.901    15.244    -4.70    2.65
  82182.020    14.515    -1.94    2.23
  82558.139    14.067    -1.19    2.08
  82934.258    14.218     0.40    2.21
  83310.378    14.244     0.07    2.05
  83686.498    13.879    -0.97    2.50
  84062.618    14.259     1.01    2.90
  84438.739    14.989     1.94    3.83
  84814.861    16.854     4.96    4.46
  85190.982    19.340     6.61    4.54
  85567.105    21.934     6.89    4.86
  85943.227    23.937     5.33    3.92
  86319.350    25.167     3.27    2.58
  86695.473    24.573    -1.58    3.25
  87071.597    23.449    -2.99    4.03
  87447.721    22.395    -2.80    5.39
  87823.846    22.725     0.88    5.08
  88199.971    23.594     2.31    5.17
  88576.096    24.757     3.09    4.96
  88952.222    25.854     2.92    2.97
  89328.349    26.225     0.99    2.56
  89704.475    25.887    -0.90    2.57
  90080.602    24.362    -4.05    3.40
  90456.730    23.746    -1.64    3.21
  90832.858    22.800    -2.51    3.03
  91208.986    21.935    -2.30    3.12
  91585.115    22.043     0.29    2.88
  91961.244    22.073     0.08    3.13
  92337.374    23.065     2.64    3.72
  92713.504    23.654     1.57    3.83
  93089.635    23.773     0.32    3.34
  93465.766    23.270    -1.34    3.50
  93841.897    22.515    -2.01    3.49
  94218.029    22.218    -0.79    3.24
  94594.161    22.043    -0.47    3.37
  94970.294    22.193     0.40    3.15
  95346.427    21.684    -1.35    2.72
  95722.561    20.725    -2.55    1.94
  96098.695    20.295    -1.14    1.51
  96474.830    20.598     0.81    2.13
  96850.965    21.295     1.85    2.84
  97227.100    22.692     3.71    3.40
  97603.236    24.073     3.67    2.59
  97979.373    24.827     2.00    2.94
  98355.510    24.518    -0.82    3.29
  98731.647    23.409    -2.95    2.88
  99107.785    22.645    -2.03    2.90
  99483.923    22.340    -0.81    3.10
  99860.062    21.218    -2.98    3.18
 100236.201    19.646    -4.18    3.50
 100612.341    18.449    -3.18    2.96
 100988.481    16.854    -4.24    4.78
 101364.621    17.347     1.31    4.71
 101740.762    18.881     4.08    4.88
 102116.904    19.827     2.51    5.33
 102493.046    20.827     2.66    4.50
 102869.189    19.876    -2.53    3.83
 103245.332    19.860    -0.04    3.21
 103621.475    16.680    -8.45    6.84
 103997.619    12.407   -11.36    9.30
 104373.763    10.340    -5.49   10.00
 104749.908    11.407     2.83   10.20
 105126.054    15.909    11.97    9.03
 105502.200    19.812    10.38    3.08
 105878.346    19.746    -0.18    3.03
 106254.493    19.804     0.16    2.68
 106630.641    21.146     3.57    2.82
 107006.789    22.295     3.05    2.63
 107382.937    23.043     1.99    2.61
 107759.086    22.937    -0.28    2.55
 108135.235    21.804    -3.01    3.02
 108511.385    20.962    -2.24    2.68
 108887.536    20.611    -0.93    2.63
 109263.687    20.268    -0.91    2.45
 109639.838    20.142    -0.34    2.45
 110015.990    19.783    -0.95    2.36
 110392.143    19.534    -0.66    2.58
 110768.296    19.778     0.65    2.35
 111144.449    19.719    -0.16    2.25
 111520.603    18.351    -3.64    3.50
 111896.758    16.424    -5.12    3.98
 112272.913    15.503    -2.45    3.42
 112649.069    14.808    -1.85    3.12
 113025.225    15.752     2.51    3.62
 113401.381    16.637     2.35    3.71
 113777.539    17.684     2.78    2.90
 114153.696    18.012     0.87    2.24
 114529.855    17.449    -1.50    1.85
 114906.013    17.048    -1.07    1.58
 115282.173    16.908    -0.37    1.27
 115658.333    16.773    -0.36    1.33
 116034.493    17.395     1.65    1.83
 116410.654    18.252     2.28    2.14
 116786.816    18.313     0.16    2.11
 117162.978    18.706     1.04    1.83
 117539.140    18.594    -0.30    2.11
 117915.303    18.692     0.26    2.51
 118291.467    18.552    -0.37    3.02
 118667.631    18.321    -0.61    3.81
 119043.796    17.278    -2.77    4.15
 119419.962    16.823    -1.21    3.97
 119796.127    17.065     0.64    3.50
 120172.294    16.601    -1.23    3.44
 120548.461    16.936     0.89    2.96
 120924.629    17.372     1.16    2.74
 121300.797    17.334    -0.10    2.87
 121676.965    18.530     3.18    3.47
 122053.135    20.259     4.60    3.53
 122429.305    21.409     3.06    3.09
 122805.475    21.462     0.14    3.05
 123181.646    21.295    -0.44    2.61
 123557.818    20.936    -0.95    2.38
 123933.990    20.193    -1.98    2.10
 124310.162    19.827    -0.97    2.00
 124686.336    19.988     0.43    2.47
 125062.415    20.857     2.31    2.96
 125438.469    22.526     4.44    3.20
 125814.525    23.854     3.53    2.86
 126190.580    24.783     2.47    2.09
 126566.637    25.573     2.10    1.25
 126942.694    25.449    -0.33    1.48
 127318.751    25.244    -0.55    1.43
 127694.810    25.087    -0.42    1.64
 128070.868    24.936    -0.40    1.81
 128446.928    25.205     0.72    1.44
 128822.988    25.449     0.65    1.24
 129199.048    25.347    -0.27    1.33
 129575.109    25.773     1.13    1.58
 129951.171    25.936     0.43    1.63
 130327.234    26.090     0.41    1.61
 130703.296    26.151     0.16    1.56
 131079.360    25.409    -1.97    1.86
 131455.424    24.526    -2.35    2.28
 131831.489    24.424    -0.27    2.46
 132207.554    24.124    -0.80    2.65
 132583.620    22.962    -3.09    4.45
 132959.687    21.340    -4.31    5.00
 133335.754    19.151    -5.82    4.61
 133711.822    15.611    -9.41    5.75
 134087.891    14.337    -3.39    6.37
 134463.960    13.885    -1.20    7.14
 134840.030    13.116    -2.05    7.27
 135216.100    12.740    -1.00    7.11
 135592.171    13.552     2.16    7.44
 135968.243    14.379     2.20    7.45
 136344.315    13.629    -1.99    8.02
 136720.388    14.199     1.52    8.25
 137096.461    14.567     0.98    8.29
 137472.535    16.097     4.07    7.25
 137848.610    17.783     4.48    5.23
 138224.686    20.011     5.93    4.53
 138600.762    22.295     6.07    4.31
 138976.838    23.422     2.99    3.74
 139352.916    24.259     2.23    2.60
 139728.994    23.935    -0.86    3.03
 140105.072    24.422     1.29    3.15
 140481.152    24.876     1.21    3.52
 140857.232    24.412    -1.23    3.49
 141233.312    23.885    -1.40    3.54
 141609.393    23.395    -1.30    3.66
 141985.475    22.449    -2.51    4.56
 142361.558    21.323    -2.99    4.94
 142737.641    19.015    -6.14    4.93
 143113.725    16.577    -6.48    6.12
 143489.810    16.013    -1.50    6.61
 143865.895    14.851    -3.09    6.88
 144241.981    16.383     4.07    7.82
 144618.067    16.295    -0.23    8.07
 144994.154    15.490    -2.14    7.37
 145370.242    14.808    -1.81    7.01
 145746.331    14.665    -0.38    5.90
 146122.420    14.313    -0.93    5.88
 146498.510    14.989     1.80    6.70
 146874.601    17.157     5.76    6.82
 147250.692    20.116     7.87    6.75
 147626.784    23.187     8.17    3.67
 148002.876    23.503     0.84    3.52
 148378.970    21.412    -5.56    4.21
 148755.064    19.936    -3.93    4.02
 149131.158    20.757     2.18    5.59
 149507.254    21.313     1.48    5.98
 149883.350    23.039     4.59    5.94
 150259.447    23.351     0.83    5.79
 150635.544    22.232    -2.97    5.66
 151011.642    20.331    -5.06    4.96
 151387.741    19.876    -1.21    4.06
 151763.841    18.731    -3.04    3.77
 152139.941    18.885     0.41    3.62
 152516.042    17.962    -2.45    3.85
 152892.143    16.908    -2.80    3.86
 153268.246    16.340    -1.51    2.99
 153644.349    17.173     2.21    4.47
 154020.453    18.512     3.56    4.16
 154396.557    19.908     3.71    4.60
 154772.662    20.752     2.24    4.78
 155148.768    20.699    -0.14    4.70
 155524.875    21.857     3.08    4.42
 155900.982    21.340    -1.37    4.39
 156277.090    19.462    -4.99    5.28
 156653.199    17.041    -6.44    5.66
 157029.308    14.827    -5.89    4.24
 157405.419    14.827     0.00    3.53
 157781.530    15.934     2.94    4.20
 158157.641    17.065     3.01    4.11
 158533.754    17.962     2.39    4.59
 158909.867    18.727     2.03    4.40
 159285.981    19.259     1.42    4.76
 159662.095    21.908     7.04    4.88
 160038.211    23.773     4.96    4.58
 160414.327    26.526     7.32    4.58
 160790.444    28.043     4.03    3.65
 161166.561    28.270     0.60    3.17
 161542.680    26.883    -3.69    4.88
 161918.799    25.936    -2.52    4.57
 162294.918    25.881    -0.15    4.99
 162671.039    23.938    -5.17    5.84
 163047.160    20.757    -8.46    7.70
 163423.282    18.045    -7.21    6.31
 163799.405    17.422    -1.66    5.84
 164175.529    16.476    -2.52    4.83
 164551.653    17.503     2.73    4.41
 164927.778    18.860     3.61    5.77
 165303.904    20.403     4.10    5.90
 165680.030    23.321     7.76    5.39
 166056.158    23.857     1.42    4.56
 166432.286    22.851    -2.67    4.23
 166808.415    21.526    -3.52    4.13
 167184.545    19.746    -4.73    3.75
 167560.675    19.909     0.43    4.94
 167936.806    18.278    -4.34    5.10
 168312.938    17.347    -2.48    5.25
 168689.071    16.719    -1.67    5.14
 169065.204    16.116    -1.60    3.55
 169441.339    16.137     0.06    3.28
 169817.474    16.545     1.09    3.53
 170193.610    19.178     7.00    5.64
 170569.746    21.232     5.46    6.52
 170945.884    23.773     6.75    6.35
 171322.022    22.422    -3.59    6.24
 171698.161    20.934    -3.95    5.42
 172074.301    21.687     2.00    6.25
 172450.441    21.409    -0.74    6.36
 172826.583    21.286    -0.33    6.56
 173202.725    20.321    -2.57    6.31
 173578.868    18.436    -5.01    4.48
 173955.012    17.436    -2.66    3.41
 174331.156    16.881    -1.47    3.56
 174707.302    16.475    -1.08    3.31
 175083.448    16.101    -0.99    3.65
 175459.595    15.911    -0.51    3.52
 175835.743    15.552    -0.95    3.71
 176211.891    16.431     2.34    3.84
 176588.041    17.422     2.63    3.91
 176964.191    17.935     1.37    3.85
 177340.342    18.043     0.29    4.65
 177716.494    16.665    -3.66    5.37
 178092.646    16.129    -1.43    5.31
 178468.800    15.673    -1.21    4.57
 178844.954    16.475     2.13    3.25
 179221.109    17.304     2.20    2.78
 179597.265    17.752     1.19    2.91
 179973.422    18.244     1.31    2.32
 180349.580    19.424     3.14    2.16
 180725.738    19.908     1.29    2.91
 181101.897    20.090     0.48    2.95
 181478.057    20.157     0.18    3.25
 181854.218    20.462     0.81    3.73
 182230.380    20.962     1.33    3.15
 182606.543    21.368     1.08    2.88
 182982.706    21.552     0.49    3.65
 183358.870    20.146    -3.74    4.06
 183735.036    16.746    -9.04    7.18
 184111.202    11.962   -12.72    8.62
 184487.368     9.157    -7.46    7.82
 184863.536     9.885     1.94    7.67
 185239.705    13.173     8.74    6.70
 185615.874    16.530     8.92    3.40
 185992.044    16.577     0.13    3.07
 186368.215    16.449    -0.34    2.80
 186744.387    17.270     2.18    3.10
 187120.560    18.129     2.28    3.25
 187496.734    18.699     1.52    2.74
 187872.908    18.205    -1.31    3.70
 188249.083    18.043    -0.43    4.55
 188625.260    17.773    -0.72    4.86
 189001.437    16.598    -3.12    4.20
 189377.615    15.706    -2.37    4.03
 189753.794    15.065    -1.70    4.17
 190129.973    15.518     1.20    4.59
 190506.154    17.603     5.54    4.90
 190882.335    18.962     3.61    3.78
 191258.518    19.304     0.91    3.19
 191634.701    18.936    -0.98    2.90
 192010.885    17.503    -3.81    3.62
 192387.070    14.015    -9.27    6.73
 192763.256    12.629    -3.68    7.14
 193139.443    12.612    -0.04    7.34
 193515.630    13.611     2.65    7.01
 193891.819    14.629     2.71    5.64
 194268.008    16.654     5.38    2.54
 194644.198    16.629    -0.07    2.66
 195020.390    16.908     0.74    2.78
 195396.582    18.018     2.95    2.55
 195772.775    18.673     1.74    2.45
 196148.968    19.162     1.30    2.42
 196525.163    19.490     0.87    2.21
 196901.359    19.687     0.52    2.17
 197277.555    19.313    -0.99    2.41
 197653.753    18.584    -1.94    3.34
 198029.951    17.804    -2.07    3.53
 198406.151    17.252    -1.47    3.93
 198782.351    13.800    -9.18    7.06
 199158.552    13.232    -1.51    7.36
 199534.754    13.262     0.08    7.15
 199910.928    15.462     5.85    5.94
 200286.947    16.662     3.19    3.67
 200662.966    15.199    -3.89    3.91
 201038.987    14.629    -1.52    4.01
 201415.008    13.016    -4.29    3.30
 201791.031    12.018    -2.66    2.06
 202167.054    12.270     0.67    1.99
 202543.079    12.424     0.41    1.80
 202919.104    12.719     0.79    1.69
 203295.130    13.137     1.11    1.63
 203671.157    13.244     0.28    1.72
 204047.185    13.594     0.93    1.62
 204423.214    13.989     1.05    1.48
 204799.244    14.398     1.09    1.19
 205175.275    14.831     1.15    0.53
 205551.307    14.962     0.35    0.00
 205927.339    14.962     0.00    0.00
 206303.373    14.962     0.00    0.00
 206679.408    14.962     0.00    0.00
 207055.443    14.885    -0.20    0.27
 207431.480    14.580    -0.81    0.74
 207807.517    13.935    -1.71    1.12
 208183.556    13.557    -1.01    1.26
 208559.595    13.611     0.14    2.12
 208935.635    14.112     1.33    2.20
 209311.677    15.070     2.55    2.69
 209687.719    15.783     1.89    3.31
 210063.762    14.372    -3.75    4.25
 210439.806    12.808    -4.16    4.86
 210815.851    10.232    -6.85    3.45
 211191.897     9.039    -3.17    2.75
 211567.944     8.173    -2.30    2.95
 211943.992     7.684    -1.30    3.03
 212320.041     6.692    -2.64    1.61
 212696.091     6.340    -0.93    1.28
 213072.142     6.173    -0.45    1.28
 213448.194     7.654     3.94    3.97
 213824.247     8.275     1.65    4.25
 214200.301     8.199    -0.20    3.40
 214576.356     8.178    -0.05    2.69
 214952.411     8.545     0.98    4.32
 215328.468    11.116     6.84    7.24
 215704.526    10.881    -0.62    7.57
 216080.585    11.321     1.17    8.13
 216456.645    11.244    -0.20    8.22
 216832.705    13.673     6.46    9.27
 217208.767    16.638     7.88   10.12
 217584.830    20.142     9.32   10.24
 217960.893    23.244     8.25    8.03
 218336.958    24.879     4.35    5.65
 218713.024    24.638    -0.64    5.27
 219089.091    25.313     1.80    2.51
 219465.158    24.773    -1.44    4.68
 219841.227    24.883     0.29    5.15
 220217.297    26.174     3.43    4.90
 220593.368    26.962     2.10    4.72
 220969.439    27.935     2.59    2.84
 221345.512    28.616     1.81    2.67
