# NaN NaN NaN ;Mean Elev.(m), Avg Gradient(m/km), RMS Gradient(m/km) - SRTM1     
#   69.441   0.291   3.435 ;Mean Elev.(m), Avg Gradient(m/km), RMS Gradient(m/km) - ASTER GDEM
#   65.935  -0.157   4.552 ;Mean Elev.(m), Avg Gradient(m/km), RMS Gradient(m/km) - GMTED2010 
  7    65.013 52469.11318675 40.80 289.886687  -4.066654 33.868
  7    65.068 52469.11318740 45.41 289.885957  -4.063354 33.868
  7    65.224 52469.11318804 47.84 289.885227  -4.060044 33.868
  7    64.863 52469.11318868 40.99 289.884507  -4.056744 33.868
  7    65.029 52469.11318933 37.89 289.883777  -4.053434 33.868
  7    65.140 52469.11318997 51.53 289.883047  -4.050134 33.868
  7    65.105 52469.11319062 50.57 289.882317  -4.046824 33.868
  7    65.128 52469.11319126 52.14 289.881587  -4.043524 33.868
  7    65.184 52469.11319191 52.08 289.880857  -4.040214 33.868
  7    65.282 52469.11319255 50.88 289.880137  -4.036914 33.868
  7    65.229 52469.11319320 52.39 289.879407  -4.033614 33.868
  7    65.324 52469.11319384 52.82 289.878677  -4.030304 33.868
  7    65.290 52469.11319449 51.12 289.877947  -4.027004 33.868
  7    65.461 52469.11319513 52.19 289.877218  -4.023695 10.746
  8    68.594 52504.11317350 21.27 289.886633  -4.065607 11.184
  8    66.663 52504.11317414 24.15 289.885903  -4.062297 11.184
  8    66.472 52504.11317478 29.91 289.885173  -4.058997 11.184
  8    66.456 52504.11317543 36.37 289.884443  -4.055687 11.184
  8    66.420 52504.11317607 26.60 289.883723  -4.052387 11.184
  8    66.597 52504.11317672 22.09 289.882993  -4.049077 11.184
  8    65.819 52504.11317736 21.42 289.882263  -4.045777 11.184
  8    66.144 52504.11317801 20.39 289.881533  -4.042467 11.184
  8    66.565 52504.11317865 20.36 289.880803  -4.039167 11.184
  8    66.375 52504.11317930 19.87 289.880073  -4.035867 11.184
  8    66.203 52504.11317994 19.75 289.879353  -4.032557 11.184
  8    65.725 52504.11318059 20.87 289.878623  -4.029257 11.184
  8    68.558 52504.11318123 20.15 289.877893  -4.025947 11.184
  8    68.780 52504.11318188 23.11 289.877163  -4.022647 11.184
  9    62.148 52539.11315634 44.91 289.891666  -4.068445 20.247
  9    62.463 52539.11315698 52.09 289.890936  -4.065135 20.247
  9    62.467 52539.11315763 48.08 289.890206  -4.061835 20.247
  9    62.214 52539.11315827 34.92 289.889476  -4.058525 20.247
  9    62.224 52539.11315892 35.44 289.888746  -4.055225 20.247
  9    62.318 52539.11315956 49.63 289.888016  -4.051925 20.247
  9    62.423 52539.11316021 49.85 289.887286  -4.048615 20.247
  9    62.451 52539.11316085 45.92 289.886556  -4.045315 20.247
  9    62.322 52539.11316150 42.29 289.885826  -4.042005 20.247
  9    62.393 52539.11316214 43.48 289.885096  -4.038705 20.247
 10    63.652 52574.11319979 37.72 289.884991  -4.065197 20.385
 10    63.034 52574.11320044 42.06 289.884261  -4.061897 20.385
 10    63.175 52574.11320108 46.24 289.883531  -4.058587 20.385
 10    63.218 52574.11320173 32.93 289.882811  -4.055287 20.385
 10    63.117 52574.11320237 32.42 289.882081  -4.051977 20.385
 10    63.286 52574.11320302 37.38 289.881351  -4.048677 20.385
 10    63.368 52574.11320366 38.98 289.880621  -4.045377 20.385
 10    63.320 52574.11320431 35.87 289.879891  -4.042067 20.385
 10    63.100 52574.11320495 32.17 289.879161  -4.038767 20.385
 10    62.935 52574.11320560 30.20 289.878431  -4.035457 20.385
 10    62.951 52574.11320624 29.07 289.877711  -4.032157 20.385
 10    63.150 52574.11320689 26.06 289.876981  -4.028847 20.385
 10    63.359 52574.11320753 24.53 289.876251  -4.025547 20.385
 10    63.397 52574.11320817 23.59 289.875521  -4.022237 20.385
 11    67.627 52609.11315843 47.65 289.889687  -4.067756 30.306
 11    67.620 52609.11315907 48.75 289.888957  -4.064456 30.306
 11    67.670 52609.11315972 50.64 289.888227  -4.061146 30.306
 11    67.564 52609.11316036 45.69 289.887497  -4.057846 30.306
 11    67.569 52609.11316101 49.62 289.886767  -4.054536 30.306
 11    67.673 52609.11316165 49.51 289.886037  -4.051236 30.306
 11    67.651 52609.11316230 50.70 289.885317  -4.047936 30.306
 11    67.648 52609.11316294 49.81 289.884587  -4.044626 30.306
 11    67.660 52609.11316359 51.62 289.883857  -4.041326 30.306
 11    67.753 52609.11316423 48.51 289.883129  -4.038017 19.059
 12    68.286 52644.11315142 48.37 289.888599  -4.068033 28.328
 12    68.568 52644.11315206 46.02 289.887879  -4.064733 28.328
 12    68.361 52644.11315271 49.21 289.887149  -4.061423 28.328
 12    68.259 52644.11315335 50.24 289.886419  -4.058123 28.328
 12    68.380 52644.11315400 42.92 289.885689  -4.054813 28.328
 12    68.519 52644.11315464 45.88 289.884959  -4.051513 28.328
 12    68.526 52644.11315529 41.46 289.884229  -4.048213 28.328
 12    68.451 52644.11315593 39.08 289.883499  -4.044903 28.328
 12    68.334 52644.11315658 31.05 289.882769  -4.041603 28.328
 12    68.252 52644.11315722 31.28 289.882049  -4.038293 28.328
 12    68.474 52644.11315786 34.54 289.881319  -4.034993 28.328
 12    68.491 52644.11315851 32.88 289.880585  -4.031686 20.486
 12    68.447 52644.11315915 37.41 289.879855  -4.028386 20.486
 12    68.456 52644.11315980 43.00 289.879135  -4.025076 20.486
 13    66.668 52679.11313142 49.01 289.893087  -4.066170 23.746
 13    66.658 52679.11313206 49.50 289.892357  -4.062870 23.746
 13    66.710 52679.11313271 50.32 289.891627  -4.059560 23.746
 13    66.715 52679.11313335 42.30 289.890907  -4.056260 23.746
 13    66.683 52679.11313400 43.78 289.890177  -4.052950 23.746
 13    66.682 52679.11313464 37.94 289.889447  -4.049650 23.746
 13    66.713 52679.11313529 34.47 289.888717  -4.046340 23.746
 13    66.802 52679.11313593 37.35 289.887987  -4.043040 23.746
 15    69.176 52749.11320524 36.00 289.872651  -4.040767 13.208
 15    69.089 52749.11320589 34.68 289.871921  -4.037467 13.208
 15    69.089 52749.11320653 33.32 289.871191  -4.034157 13.208
 15    69.055 52749.11320718 32.08 289.870461  -4.030857 13.208
 15    69.008 52749.11320782 30.31 289.869741  -4.027557 13.208
 15    69.158 52749.11320847 29.98 289.869011  -4.024247 13.208
 15    69.172 52749.11320911 28.82 289.868281  -4.020947 13.208
 15    69.231 52749.11320976 30.01 289.867551  -4.017637 13.208
 16    70.117 52784.11314178 36.93 289.887347  -4.066776 33.926
 16    69.803 52784.11314243 31.67 289.886617  -4.063466 33.926
 16    70.087 52784.11314307 37.99 289.885887  -4.060166 33.926
 16    70.185 52784.11314372 43.27 289.885157  -4.056866 33.926
 16    70.240 52784.11314436 49.80 289.884427  -4.053556 33.926
 16    70.080 52784.11314501 42.59 289.883697  -4.050256 33.926
 16    70.073 52784.11314565 33.49 289.882967  -4.046946 33.926
 16    69.869 52784.11314630 27.75 289.882237  -4.043646 33.926
 16    69.855 52784.11314694 27.66 289.881518  -4.040340 17.952
 16    69.872 52784.11314759 27.47 289.880788  -4.037040 17.952
 16    69.945 52784.11314823 27.32 289.880058  -4.033730 17.952
 16    70.063 52784.11314888 27.79 289.879328  -4.030430 17.952
 16    70.089 52784.11314952 29.62 289.878598  -4.027120 17.952
 16    70.246 52784.11315017 34.73 289.877868  -4.023820 17.952
 17    69.484 52819.11321855 44.79 289.886845  -4.065488 35.453
 17    69.504 52819.11321920 38.54 289.886115  -4.062178 35.453
 17    69.542 52819.11321984 46.87 289.885385  -4.058878 35.453
 17    69.534 52819.11322049 38.53 289.884655  -4.055578 35.453
 17    69.572 52819.11322113 38.26 289.883925  -4.052268 35.453
 17    69.633 52819.11322178 47.61 289.883195  -4.048968 35.453
 17    69.649 52819.11322242 51.61 289.882465  -4.045658 35.453
 17    69.579 52819.11322306 49.17 289.881735  -4.042358 35.453
 17    69.539 52819.11322371 51.14 289.881007  -4.039051 27.550
 17    69.520 52819.11322435 50.95 289.880277  -4.035751 27.550
 17    69.561 52819.11322500 52.67 289.879557  -4.032441 27.550
 17    69.589 52819.11322564 55.23 289.878827  -4.029141 27.550
 17    69.602 52819.11322629 52.63 289.878097  -4.025831 27.550
 17    69.613 52819.11322693 49.35 289.877367  -4.022531 27.550
 18    64.328 52854.11326740 48.96 289.890429  -4.065563 26.413
 18    64.338 52854.11326805 46.44 289.889699  -4.062263 26.413
 18    67.519 52854.11326869 42.18 289.888969  -4.058953 26.413
 18    67.485 52854.11326934 36.79 289.888239  -4.055653 26.413
 18    64.207 52854.11326998 49.51 289.887509  -4.052353 26.413
 18    64.288 52854.11327063 52.79 289.886779  -4.049043 26.413
 18    64.378 52854.11327127 47.98 289.886049  -4.045743 26.413
 18    64.468 52854.11327192 49.61 289.885329  -4.042433 26.413
 18    64.338 52854.11327256 48.12 289.884599  -4.039133 26.413
 20    62.989 52924.11325444 52.25 289.887573  -4.067088 30.512
 20    62.964 52924.11325509 52.03 289.886843  -4.063778 30.512
 20    62.987 52924.11325573 46.07 289.886113  -4.060478 30.512
 20    62.782 52924.11325638 36.70 289.885383  -4.057168 30.512
 20    62.980 52924.11325702 36.21 289.884653  -4.053868 30.512
 20    63.266 52924.11325767 46.38 289.883923  -4.050568 30.512
 20    63.286 52924.11325831 50.47 289.883203  -4.047258 30.512
 20    63.299 52924.11325896 50.93 289.882473  -4.043958 30.512
 20    63.265 52924.11325960 48.08 289.881743  -4.040648 30.512
 20    63.252 52924.11326025 49.20 289.881013  -4.037348 30.512
 20    63.243 52924.11326089 49.96 289.880288  -4.034039 14.508
 20    63.394 52924.11326153 44.29 289.879558  -4.030739 14.508
 20    63.486 52924.11326218 41.92 289.878828  -4.027429 14.508
 20    63.468 52924.11326282 45.11 289.878098  -4.024129 14.508
 21    64.983 52959.11322072 49.06 289.895653  -4.067284 24.513
 21    64.947 52959.11322137 52.07 289.894923  -4.063974 24.513
 21    64.889 52959.11322201 50.97 289.894193  -4.060674 24.513
 21    64.842 52959.11322266 45.08 289.893463  -4.057364 24.513
 21    64.812 52959.11322330 50.91 289.892733  -4.054064 24.513
 21    64.904 52959.11322395 50.05 289.892003  -4.050764 24.513
 21    65.032 52959.11322459 46.26 289.891273  -4.047454 24.513
 21    65.100 52959.11322524 47.72 289.890543  -4.044154 24.513
 22    66.165 52994.11325096 43.44 289.890315  -4.065279 29.348
 22    66.238 52994.11325160 53.25 289.889585  -4.061979 29.348
 22    66.344 52994.11325225 39.87 289.888855  -4.058679 29.348
 22    66.113 52994.11325289 38.48 289.888125  -4.055369 29.348
 22    66.409 52994.11325354 49.61 289.887405  -4.052069 29.348
 22    66.417 52994.11325418 50.36 289.886675  -4.048759 29.348
 22    66.413 52994.11325483 46.89 289.885945  -4.045459 29.348
 22    66.454 52994.11325547 45.53 289.885212  -4.042152 15.336
 22    66.399 52994.11325612 46.09 289.884482  -4.038852 15.336
 23    68.108 53029.11321495 47.91 289.891322  -4.067604 38.587
 23    68.106 53029.11321560 44.48 289.890592  -4.064294 38.587
 23    68.130 53029.11321624 50.08 289.889862  -4.060994 38.587
 23    68.083 53029.11321689 43.95 289.889132  -4.057694 38.587
 23    68.229 53029.11321753 50.97 289.888412  -4.054384 38.587
 23    68.208 53029.11321818 49.23 289.887682  -4.051084 38.587
 23    68.115 53029.11321882 50.75 289.886952  -4.047774 38.587
 23    68.134 53029.11321947 51.77 289.886222  -4.044474 38.587
 23    68.156 53029.11322011 51.75 289.885498  -4.041165 23.956
 24    64.642 53064.11322241 44.35 289.894724  -4.068547 22.108
 24    64.889 53064.11322305 37.31 289.893994  -4.065237 22.108
 24    64.787 53064.11322370 46.46 289.893264  -4.061937 22.108
 24    64.580 53064.11322434 35.80 289.892534  -4.058637 22.108
 24    64.706 53064.11322498 44.79 289.891804  -4.055327 22.108
 24    64.819 53064.11322563 46.73 289.891074  -4.052027 22.108
 24    64.910 53064.11322627 39.94 289.890354  -4.048717 22.108
 24    64.844 53064.11322692 35.04 289.889624  -4.045417 22.108
 24    64.940 53064.11322756 39.55 289.888892  -4.042108 20.099
 25    67.804 53099.11323525 38.51 289.883181  -4.065509 32.269
 25    67.886 53099.11323590 39.67 289.882461  -4.062209 32.269
 25    67.894 53099.11323654 48.34 289.881731  -4.058899 32.269
 25    67.863 53099.11323719 53.23 289.881001  -4.055599 32.269
 25    67.965 53099.11323783 52.64 289.880271  -4.052289 32.269
 25    68.052 53099.11323848 50.80 289.879541  -4.048989 32.269
 25    67.880 53099.11323912 51.79 289.878811  -4.045689 32.269
 25    67.891 53099.11323977 53.02 289.878091  -4.042379 32.269
 25    67.928 53099.11324041 51.79 289.877361  -4.039079 32.269
 25    67.942 53099.11324106 52.89 289.876631  -4.035769 32.269
 25    67.949 53099.11324170 52.00 289.875901  -4.032469 32.269
 25    67.963 53099.11324234 52.61 289.875176  -4.029161 20.998
 25    67.972 53099.11324299 53.44 289.874446  -4.025861 20.998
 25    67.977 53099.11324363 51.34 289.873716  -4.022551 20.998
 26    67.723 53134.11322200 38.33 289.896025  -4.066597 25.499
 26    67.582 53134.11322264 28.51 289.895295  -4.063297 25.499
 26    67.801 53134.11322329 40.44 289.894565  -4.059997 25.499
 26    67.777 53134.11322393 30.30 289.893835  -4.056687 25.499
 26    67.463 53134.11322457 23.49 289.893105  -4.053387 25.499
 26    67.260 53134.11322522 24.11 289.892385  -4.050077 25.499
 26    67.564 53134.11322586 22.63 289.891655  -4.046777 25.499
 26    67.676 53134.11322651 29.40 289.890922  -4.043470 21.789
 28    66.896 53204.11329451 45.98 289.887043  -4.065458 22.519
 28    66.873 53204.11329516 48.67 289.886313  -4.062148 22.519
 28    66.951 53204.11329580 44.73 289.885583  -4.058848 22.519
 28    66.934 53204.11329645 40.83 289.884853  -4.055548 22.519
 28    67.023 53204.11329709 41.07 289.884123  -4.052238 22.519
 28    66.941 53204.11329774 37.23 289.883393  -4.048938 22.519
 28    66.850 53204.11329838 35.55 289.882673  -4.045628 22.519
 28    66.713 53204.11329902 34.46 289.881943  -4.042328 22.519
 28    66.600 53204.11329967 34.35 289.881212  -4.039019  9.390
 28    66.599 53204.11330031 33.59 289.880482  -4.035719  9.390
 28    66.740 53204.11330096 35.13 289.879752  -4.032409  9.390
 28    66.968 53204.11330160 36.16 289.879032  -4.029109  9.390
 28    66.887 53204.11330225 34.19 289.878302  -4.025809  9.390
 29    62.398 53239.11326177 43.66 289.894634  -4.068444 22.852
 29    62.476 53239.11326242 43.32 289.893904  -4.065134 22.852
 29    62.389 53239.11326306 47.22 289.893174  -4.061834 22.852
 29    65.343 53239.11326371 37.61 289.892444  -4.058524 22.852
 29    62.373 53239.11326435 49.31 289.891714  -4.055224 22.852
 29    62.381 53239.11326500 53.39 289.890984  -4.051924 22.852
 29    62.547 53239.11326564 52.07 289.890264  -4.048614 22.852
 29    62.534 53239.11326629 48.21 289.889534  -4.045314 22.852
 29    62.476 53239.11326693 47.32 289.888804  -4.042004 22.852
 30    63.167 53274.11322522 41.75 289.891185  -4.065476 15.614
 30    63.116 53274.11322586 45.75 289.890455  -4.062176 15.614
 30    65.698 53274.11322651 37.27 289.889725  -4.058866 15.614
 30    62.798 53274.11322715 40.24 289.888995  -4.055566 15.614
 30    63.100 53274.11322780 48.50 289.888265  -4.052256 15.614
 30    63.102 53274.11322844 48.72 289.887535  -4.048956 15.614
 30    63.146 53274.11322909 45.22 289.886805  -4.045649 12.816
 30    63.192 53274.11322973 39.79 289.886085  -4.042349 12.816
 30    63.156 53274.11323037 40.00 289.885355  -4.039039 12.816
 31    65.109 53309.11327952 42.72 289.884188  -4.065705 21.182
 31    64.581 53309.11328016 43.78 289.883468  -4.062405 21.182
 31    64.958 53309.11328081 48.11 289.882738  -4.059095 21.182
 31    64.755 53309.11328145 51.17 289.882008  -4.055795 21.182
 31    64.913 53309.11328210 51.63 289.881278  -4.052485 21.182
 31    64.883 53309.11328274 47.78 289.880548  -4.049185 21.182
 31    64.901 53309.11328338 47.90 289.879818  -4.045885 21.182
 31    64.943 53309.11328403 47.24 289.879088  -4.042575 21.182
 31    64.841 53309.11328467 44.47 289.878358  -4.039275 21.182
 31    64.836 53309.11328532 42.58 289.877638  -4.035965 21.182
 31    64.873 53309.11328596 44.22 289.876908  -4.032665 21.182
 31    64.902 53309.11328661 42.53 289.876175  -4.029356 10.697
 31    64.935 53309.11328725 41.22 289.875445  -4.026056 10.697
 31    64.980 53309.11328790 40.98 289.874715  -4.022746 10.697
 32    67.190 53344.11324539 52.23 289.888864  -4.067080 27.858
 32    67.093 53344.11324603 49.92 289.888144  -4.063780 27.858
 32    67.162 53344.11324668 51.16 289.887414  -4.060470 27.858
 32    67.008 53344.11324732 42.94 289.886684  -4.057170 27.858
 32    67.091 53344.11324797 47.13 289.885954  -4.053860 27.858
 32    67.180 53344.11324861 51.85 289.885224  -4.050560 27.858
 32    67.209 53344.11324926 52.07 289.884494  -4.047260 27.858
 32    67.198 53344.11324990 46.87 289.883764  -4.043950 27.858
 32    67.217 53344.11325055 45.09 289.883044  -4.040650 27.858
 32    67.186 53344.11325119 41.68 289.882314  -4.037340 27.858
 33    66.882 53379.11319078 45.01 289.893312  -4.067190 17.136
 33    66.883 53379.11319142 49.89 289.892582  -4.063880 17.136
 33    66.855 53379.11319207 51.72 289.891852  -4.060580 17.136
 33    66.823 53379.11319271 39.35 289.891122  -4.057270 17.136
 33    66.900 53379.11319336 37.98 289.890402  -4.053970 17.136
 33    66.748 53379.11319400 36.24 289.889663  -4.050663 15.134
 33    66.679 53379.11319465 35.72 289.888943  -4.047363 15.134
 33    66.614 53379.11319529 33.77 289.888213  -4.044053 15.134
 33    66.462 53379.11319594 34.43 289.887483  -4.040753 15.134
 34    65.830 53414.11322185 37.13 289.894007  -4.067211 18.318
 34    65.687 53414.11322250 48.08 289.893287  -4.063911 18.318
 34    65.905 53414.11322314 50.20 289.892557  -4.060601 18.318
 34    65.690 53414.11322379 39.51 289.891827  -4.057301 18.318
 34    65.935 53414.11322443 44.37 289.891097  -4.053991 18.318
 34    65.794 53414.11322508 40.18 289.890367  -4.050691 18.318
 34    65.828 53414.11322572 38.08 289.889637  -4.047381 18.318
 34    65.839 53414.11322637 37.56 289.888907  -4.044081 18.318
 34    66.000 53414.11322701 36.40 289.888187  -4.040781 18.318
 35    68.575 53449.11321276 56.57 289.890147  -4.065778 44.144
 35    68.499 53449.11321341 49.38 289.889417  -4.062468 44.144
 35    68.498 53449.11321405 46.40 289.888687  -4.059168 44.144
 35    68.507 53449.11321470 46.23 289.887957  -4.055858 44.144
 35    68.542 53449.11321534 50.83 289.887237  -4.052558 44.144
 35    68.544 53449.11321599 53.24 289.886507  -4.049248 44.144
 35    68.621 53449.11321663 54.01 289.885777  -4.045948 44.144
 35    68.674 53449.11321728 51.94 289.885047  -4.042638 44.144
 35    68.729 53449.11321792 51.85 289.884317  -4.039338 44.144
 37    67.832 53519.11329602 46.12 289.890395  -4.067738 19.910
 37    67.853 53519.11329666 37.31 289.889665  -4.064428 19.910
 37    67.894 53519.11329731 40.65 289.888935  -4.061128 19.910
 37    67.975 53519.11329795 39.72 289.888205  -4.057818 19.910
 37    68.534 53519.11329860 31.31 289.887475  -4.054518 19.910
 37    67.664 53519.11329924 25.98 289.886745  -4.051208 19.910
 37    67.607 53519.11329989 25.94 289.886015  -4.047908 19.910
 37    67.597 53519.11330053 24.99 289.885295  -4.044608 19.910
 37    67.700 53519.11330118 25.17 289.884565  -4.041298 19.910
 37    67.909 53519.11330182 26.35 289.883835  -4.037998 19.910
 38    65.712 53554.11332106 46.52 289.879312  -4.054957 18.927
 38    65.774 53554.11332170 48.82 289.878592  -4.051657 18.927
 38    65.788 53554.11332234 49.11 289.877862  -4.048357 18.927
 38    65.779 53554.11332299 50.92 289.877132  -4.045047 18.927
 38    65.810 53554.11332363 50.26 289.876402  -4.041747 18.927
 38    65.902 53554.11332428 48.71 289.875672  -4.038437 19.743
 38    65.890 53554.11332492 50.64 289.874942  -4.035137 19.743
 38    65.877 53554.11332557 49.59 289.874212  -4.031827 19.743
 38    65.858 53554.11332621 47.38 289.873492  -4.028527 19.743
 38    65.892 53554.11332686 49.66 289.872762  -4.025217 19.743
 38    65.935 53554.11332750 47.50 289.872032  -4.021917 19.743
 38    65.937 53554.11332815 48.45 289.871302  -4.018617 19.743
 39    62.225 53589.11326475 43.09 289.894351  -4.067275 22.627
 39    62.152 53589.11326540 48.74 289.893621  -4.063975 22.627
 39    66.035 53589.11326604 43.85 289.892901  -4.060665 22.627
 39    66.041 53589.11326669 35.31 289.892171  -4.057365 22.627
 39    62.064 53589.11326733 36.07 289.891441  -4.054055 22.627
 39    61.812 53589.11326798 41.14 289.890711  -4.050755 22.627
 39    61.981 53589.11326862 43.17 289.889981  -4.047445 22.627
 39    62.087 53589.11326927 36.96 289.889251  -4.044145 22.627
 39    61.794 53589.11326991 34.78 289.888521  -4.040845 22.627
 40    59.323 53624.11324296 34.89 289.880817  -4.057582 15.077
 40    59.070 53624.11324360 34.57 289.880087  -4.054272 15.077
 40    59.252 53624.11324425 31.20 289.879357  -4.050972 15.077
 40    59.263 53624.11324489 34.44 289.878627  -4.047662 15.077
 40    59.267 53624.11324554 34.36 289.877897  -4.044362 15.077
 40    59.189 53624.11324618 27.31 289.877168  -4.041055 15.283
 40    58.651 53624.11324682 26.42 289.876448  -4.037755 15.283
 40    58.781 53624.11324747 32.11 289.875718  -4.034445 15.283
 40    59.088 53624.11324811 33.97 289.874988  -4.031145 15.283
 40    59.128 53624.11324876 34.48 289.874258  -4.027835 15.283
 40    59.210 53624.11324940 27.15 289.873528  -4.024535 15.283
 40    59.466 53624.11325005 28.26 289.872798  -4.021235 15.283
 41    59.468 53659.11326810 25.72 289.886854  -4.065477 25.049
 41    59.692 53659.11326875 30.50 289.886124  -4.062167 25.049
 41    59.799 53659.11326939 36.16 289.885394  -4.058867 25.049
 41    60.159 53659.11327004 34.76 289.884664  -4.055567 25.049
 41    59.950 53659.11327068 24.76 289.883934  -4.052257 25.049
 41    59.972 53659.11327132 28.57 289.883204  -4.048957 25.049
 41    59.910 53659.11327197 22.48 289.882484  -4.045647 25.049
 41    60.104 53659.11327261 17.56 289.881754  -4.042347 25.049
 41    60.246 53659.11327326 19.57 289.881019  -4.039039 15.410
 41    59.809 53659.11327390 20.59 289.880289  -4.035739 15.410
 41    60.078 53659.11327455 32.10 289.879569  -4.032429 15.410
 41    60.053 53659.11327519 44.58 289.878839  -4.029129 15.410
 41    60.117 53659.11327584 43.01 289.878109  -4.025819 15.410
 41    60.241 53659.11327648 41.66 289.877379  -4.022519 15.410
 42    64.927 53694.11324585 20.44 289.887492  -4.065222 11.653
 42    65.277 53694.11324649 21.24 289.886772  -4.061922 11.653
 42    65.236 53694.11324714 21.53 289.886042  -4.058612 11.653
 42    64.711 53694.11324778 21.03 289.885312  -4.055312 11.653
 42    64.719 53694.11324842 21.79 289.884582  -4.052002 11.653
 42    64.693 53694.11324907 21.95 289.883852  -4.048702 11.653
 42    64.666 53694.11324971 21.79 289.883122  -4.045392 11.653
 42    64.662 53694.11325036 21.46 289.882402  -4.042092 11.653
 42    64.511 53694.11325100 22.72 289.881672  -4.038792 11.653
 42    64.492 53694.11325165 23.86 289.880942  -4.035482 11.653
 42    64.789 53694.11325229 24.27 289.880212  -4.032182 11.653
 42    65.051 53694.11325294 22.88 289.879485  -4.028872  9.243
 42    67.985 53694.11325358 23.57 289.878755  -4.025572  9.243
 43    64.560 53729.11316845 44.55 289.891845  -4.067130 23.736
 43    64.462 53729.11316910 50.20 289.891115  -4.063820 23.736
 43    65.890 53729.11316974 38.59 289.890395  -4.060520 23.736
 43    64.415 53729.11317039 39.18 289.889665  -4.057210 23.736
 43    64.538 53729.11317103 49.34 289.888935  -4.053910 23.736
 43    64.530 53729.11317168 52.18 289.888205  -4.050600 23.736
 43    64.529 53729.11317232 47.93 289.887475  -4.047300 23.736
 43    64.516 53729.11317297 45.00 289.886745  -4.043990 23.736
 43    64.675 53729.11317361 43.62 289.886025  -4.040690 23.736
 44    67.095 53764.11313032 39.49 289.896669  -4.068251 36.245
 44    67.099 53764.11313096 48.49 289.895939  -4.064941 36.245
 44    67.119 53764.11313160 53.60 289.895209  -4.061641 36.245
 44    67.140 53764.11313225 49.65 289.894479  -4.058331 36.245
 44    67.341 53764.11313289 53.21 289.893749  -4.055031 36.245
 44    67.387 53764.11313354 52.48 289.893019  -4.051731 36.245
 44    67.399 53764.11313418 49.81 289.892289  -4.048421 36.245
 44    67.422 53764.11313483 51.53 289.891559  -4.045121 36.245
 45    67.543 53799.11313770 26.08 289.893163  -4.068565 32.015
 45    67.738 53799.11313834 26.61 289.892443  -4.065265 32.015
 45    67.933 53799.11313899 38.92 289.891713  -4.061955 32.015
 45    67.917 53799.11313963 47.27 289.890983  -4.058655 32.015
 45    67.984 53799.11314028 36.92 289.890253  -4.055345 32.015
 45    67.576 53799.11314092 25.25 289.889523  -4.052045 32.015
 45    67.246 53799.11314157 23.86 289.888793  -4.048735 32.015
 45    67.636 53799.11314221 22.26 289.888073  -4.045435 32.015
 45    67.937 53799.11314286 23.28 289.887343  -4.042135 32.015
 46    69.994 53834.11313562 34.99 289.890779  -4.065808 37.668
 46    69.923 53834.11313626 42.73 289.890049  -4.062498 37.668
 46    69.959 53834.11313691 48.00 289.889319  -4.059198 37.668
 46    69.983 53834.11313755 44.03 289.888600  -4.055890 28.770
 46    69.914 53834.11313820 35.20 289.887870  -4.052590 28.770
 46    70.014 53834.11313884 31.87 289.887140  -4.049280 28.770
 46    69.790 53834.11313949 27.24 289.886410  -4.045980 28.770
 46    69.917 53834.11314013 29.89 289.885680  -4.042670 28.770
 46    70.121 53834.11314078 37.66 289.884950  -4.039370 28.770
 47    70.267 53869.11319945 49.35 289.887341  -4.065241 39.754
 47    70.341 53869.11320009 49.26 289.886611  -4.061931 39.754
 47    70.302 53869.11320074 48.36 289.885881  -4.058631 39.754
 47    70.145 53869.11320138 45.05 289.885151  -4.055321 39.754
 47    70.283 53869.11320203 47.39 289.884431  -4.052021 39.754
 47    70.269 53869.11320267 52.27 289.883701  -4.048711 39.754
 47    70.238 53869.11320332 49.32 289.882971  -4.045411 39.754
 47    70.261 53869.11320396 50.73 289.882241  -4.042101 39.754
 47    70.275 53869.11320461 47.54 289.881511  -4.038801 39.754
 47    70.299 53869.11320525 50.09 289.880781  -4.035501 39.754
 47    70.344 53869.11320590 47.53 289.880051  -4.032191 39.754
 47    70.372 53869.11320654 49.82 289.879321  -4.028891 39.754
 47    70.409 53869.11320719 50.85 289.878601  -4.025581 39.754
 48    65.242 53904.11323265 48.56 289.887092  -4.066804 28.600
 48    65.302 53904.11323330 51.54 289.886362  -4.063494 28.600
 48    65.245 53904.11323394 50.63 289.885632  -4.060194 28.600
 48    65.108 53904.11323459 47.75 289.884902  -4.056894 28.600
 48    65.150 53904.11323523 46.54 289.884172  -4.053584 28.600
 48    65.205 53904.11323588 49.88 289.883452  -4.050284 28.600
 48    65.258 53904.11323652 48.39 289.882722  -4.046974 28.600
 48    65.352 53904.11323717 48.44 289.881992  -4.043674 28.600
 48    65.374 53904.11323781 43.71 289.881261  -4.040366 19.329
 48    65.408 53904.11323846 42.25 289.880531  -4.037066 19.329
 48    65.350 53904.11323910 42.11 289.879801  -4.033756 19.329
 48    65.282 53904.11323975 44.40 289.879081  -4.030456 19.329
 48    65.475 53904.11324039 45.42 289.878351  -4.027146 19.329
 48    65.498 53904.11324103 43.01 289.877621  -4.023846 19.329
 49    63.408 53939.11327257 49.61 289.872960  -4.040713 31.742
 49    63.331 53939.11327322 51.55 289.872230  -4.037413 31.742
 49    63.333 53939.11327386 52.85 289.871510  -4.034103 31.742
 49    63.475 53939.11327451 50.13 289.870780  -4.030803 31.742
 49    63.467 53939.11327515 49.16 289.870050  -4.027493 31.742
 49    63.483 53939.11327579 50.46 289.869320  -4.024193 31.742
 49    63.486 53939.11327644 51.37 289.868589  -4.020884 14.486
 49    63.505 53939.11327708 53.11 289.867859  -4.017584 14.486
 50    61.468 53974.11322765 37.32 289.885517  -4.065887 22.146
 50    61.112 53974.11322829 37.92 289.884787  -4.062577 22.146
 50    61.157 53974.11322893 44.43 289.884057  -4.059277 22.146
 50    61.196 53974.11322958 46.78 289.883327  -4.055967 22.146
 50    61.420 53974.11323022 43.08 289.882597  -4.052667 22.146
 50    61.310 53974.11323087 45.78 289.881867  -4.049357 22.146
 50    61.425 53974.11323151 40.93 289.881147  -4.046057 22.146
 50    61.349 53974.11323216 34.86 289.880417  -4.042747 22.146
 50    61.134 53974.11323280 29.04 289.879687  -4.039447 22.146
 50    61.034 53974.11323345 24.72 289.878957  -4.036137 22.146
 50    60.790 53974.11323409 22.80 289.878227  -4.032837 22.146
 50    61.056 53974.11323474 22.18 289.877497  -4.029527 22.146
 50    61.466 53974.11323538 20.82 289.876777  -4.026227 22.146
 50    68.003 53974.11323603 21.30 289.876047  -4.022927 22.146
 52    62.385 54044.11323991 41.09 289.895156  -4.068060 26.638
 52    62.469 54044.11324056 42.24 289.894426  -4.064760 26.638
 52    65.641 54044.11324120 36.07 289.893696  -4.061460 26.638
 52    65.669 54044.11324184 40.01 289.892966  -4.058150 26.638
 52    62.630 54044.11324249 47.05 289.892236  -4.054850 26.638
 52    62.545 54044.11324313 42.73 289.891506  -4.051540 26.638
 52    62.479 54044.11324378 36.84 289.890786  -4.048240 26.638
 52    62.241 54044.11324442 30.98 289.890056  -4.044930 26.638
 52    62.650 54044.11324507 28.62 289.889326  -4.041630 26.638
 53    66.469 54079.11323353 43.72 289.888914  -4.066354 20.670
 53    66.533 54079.11323417 47.17 289.888184  -4.063054 20.670
 53    66.490 54079.11323482 44.79 289.887454  -4.059754 20.670
 53    66.322 54079.11323546 39.79 289.886724  -4.056444 20.670
 53    66.467 54079.11323611 44.61 289.885994  -4.053144 20.670
 53    66.628 54079.11323675 43.14 289.885264  -4.049834 20.670
 53    66.501 54079.11323740 38.91 289.884544  -4.046534 20.670
 53    66.407 54079.11323804 34.73 289.883814  -4.043224 20.670
 53    66.253 54079.11323869 32.75 289.883084  -4.039924 20.670
 53    66.332 54079.11323933 33.51 289.882354  -4.036614 20.670
 54    68.744 54114.11317028 28.68 289.888466  -4.066469 20.250
 54    68.836 54114.11317092 33.95 289.887746  -4.063159 20.250
 54    68.885 54114.11317156 39.50 289.887016  -4.059859 20.250
 54    68.867 54114.11317221 39.74 289.886286  -4.056559 20.250
 54    69.034 54114.11317285 27.21 289.885556  -4.053249 20.250
 54    68.663 54114.11317350 23.25 289.884826  -4.049949 20.250
 54    68.543 54114.11317414 23.06 289.884096  -4.046639 20.250
 54    68.698 54114.11317479 23.82 289.883376  -4.043339 20.250
 54    68.838 54114.11317543 25.09 289.882646  -4.040029 20.250
 54    68.989 54114.11317608 26.81 289.881916  -4.036729 20.250
 56    68.164 54184.11316003 50.78 289.888869  -4.066858 22.469
 56    68.201 54184.11316067 47.78 289.888145  -4.063549 32.324
 56    68.146 54184.11316132 51.10 289.887415  -4.060249 32.324
 56    68.105 54184.11316196 44.72 289.886685  -4.056939 32.324
 56    68.187 54184.11316261 47.57 289.885955  -4.053639 32.324
 56    68.206 54184.11316325 49.50 289.885235  -4.050329 32.324
 56    68.225 54184.11316390 49.87 289.884505  -4.047029 32.324
 56    68.235 54184.11316454 47.42 289.883775  -4.043729 32.324
 56    68.233 54184.11316518 41.95 289.883045  -4.040419 32.324
 56    68.177 54184.11316583 39.09 289.882315  -4.037119 32.324
 57    69.161 54219.11318909 27.31 289.887728  -4.065107 20.799
 57    69.317 54219.11318974 28.77 289.887008  -4.061807 20.799
 57    69.498 54219.11319038 31.66 289.886278  -4.058497 20.799
 57    69.595 54219.11319103 33.65 289.885548  -4.055197 20.799
 57    69.165 54219.11319167 24.53 289.884818  -4.051897 20.799
 57    68.963 54219.11319232 22.70 289.884088  -4.048587 20.799
 57    68.939 54219.11319296 22.78 289.883358  -4.045287 20.799
 57    69.080 54219.11319360 22.96 289.882628  -4.041977 20.799
 57    69.289 54219.11319425 22.81 289.881898  -4.038677 20.799
 57    69.440 54219.11319489 24.36 289.881178  -4.035367 20.799
 57    69.226 54219.11319554 26.04 289.880448  -4.032067 20.799
 57    69.337 54219.11319618 26.04 289.879718  -4.028757 20.799
 57    69.592 54219.11319683 28.70 289.878988  -4.025457 20.799
 58    68.875 54254.11321381 34.56 289.888433  -4.067231 22.123
 58    68.579 54254.11321446 30.13 289.887703  -4.063931 22.123
 58    68.784 54254.11321510 30.74 289.886983  -4.060631 22.123
 58    68.816 54254.11321574 31.10 289.886253  -4.057321 22.123
 58    68.673 54254.11321639 29.22 289.885523  -4.054021 22.123
 58    68.634 54254.11321703 26.16 289.884793  -4.050711 22.123
 58    68.436 54254.11321768 27.05 289.884063  -4.047411 22.123
 58    68.377 54254.11321832 27.05 289.883333  -4.044101 22.123
 58    68.610 54254.11321897 26.33 289.882613  -4.040801 22.123
 58    68.627 54254.11321961 28.22 289.881883  -4.037491 22.123
 58    68.656 54254.11322026 31.57 289.881153  -4.034191 22.123
 58    69.022 54254.11322090 36.17 289.880423  -4.030881 22.123
 58    69.071 54254.11322155 42.91 289.879693  -4.027581 22.123
 58    68.942 54254.11322219 46.31 289.878963  -4.024281 22.123
 59    65.559 54289.11321709 46.28 289.890761  -4.066255 29.456
 59    65.490 54289.11321773 51.86 289.890031  -4.062955 29.456
 59    65.656 54289.11321838 43.79 289.889301  -4.059645 29.456
 59    65.618 54289.11321902 46.52 289.888581  -4.056345 29.456
 59    65.504 54289.11321966 47.68 289.887851  -4.053045 29.456
 59    65.679 54289.11322031 48.20 289.887121  -4.049735 29.456
 59    65.554 54289.11322095 50.32 289.886391  -4.046435 29.456
 59    65.672 54289.11322160 48.55 289.885661  -4.043125 29.456
 59    65.663 54289.11322224 49.05 289.884931  -4.039825 29.456
 60    61.625 54324.11321384 47.55 289.891191  -4.068281 33.592
 60    61.557 54324.11321448 52.40 289.890461  -4.064981 33.592
 60    61.289 54324.11321512 42.55 289.889731  -4.061671 33.592
 60    61.408 54324.11321577 41.51 289.889001  -4.058371 33.592
 60    61.659 54324.11321641 47.40 289.888281  -4.055061 33.592
 60    61.695 54324.11321706 50.98 289.887551  -4.051761 33.592
 60    61.604 54324.11321770 50.27 289.886821  -4.048461 33.592
 60    61.742 54324.11321835 51.84 289.886091  -4.045151 33.592
 60    61.636 54324.11321899 51.20 289.885361  -4.041851 33.592
 60    61.769 54324.11321964 48.34 289.884631  -4.038541 33.592
 61    61.289 54359.11316992 49.38 289.889624  -4.065469 22.163
 61    61.371 54359.11317056 44.02 289.888894  -4.062169 22.163
 61    61.221 54359.11317121 41.56 289.888164  -4.058859 22.163
 61    61.292 54359.11317185 44.20 289.887434  -4.055559 22.163
 61    61.630 54359.11317250 47.71 289.886714  -4.052249 22.163
 61    61.409 54359.11317314 43.90 289.885984  -4.048949 22.163
 61    61.497 54359.11317379 45.97 289.885254  -4.045649 22.163
 61    61.530 54359.11317443 43.33 289.884524  -4.042339 22.163
 61    61.432 54359.11317507 37.98 289.883794  -4.039039 22.163
 62    60.970 54394.11315459 50.28 289.889982  -4.065324 15.239
 62    61.022 54394.11315523 43.08 289.889252  -4.062024 15.239
 62    60.934 54394.11315588 42.03 289.888520  -4.058715 29.008
 62    61.003 54394.11315652 48.05 289.887790  -4.055415 29.008
 62    61.283 54394.11315717 51.22 289.887060  -4.052105 29.008
 62    61.210 54394.11315781 50.28 289.886340  -4.048805 29.008
 62    61.323 54394.11315846 51.74 289.885610  -4.045495 29.008
 62    61.238 54394.11315910 50.24 289.884880  -4.042195 29.008
 62    61.255 54394.11315975 49.84 289.884150  -4.038895 29.008
 63    66.229 54429.11311938 47.76 289.890945  -4.067711 18.903
 63    66.286 54429.11312002 49.54 289.890225  -4.064411 18.903
 63    66.193 54429.11312067 44.12 289.889495  -4.061101 18.903
 63    66.217 54429.11312131 42.54 289.888765  -4.057801 18.903
 63    66.247 54429.11312196 51.13 289.888038  -4.054492 23.892
 63    66.278 54429.11312260 49.67 289.887308  -4.051192 23.892
 63    66.269 54429.11312325 51.17 289.886578  -4.047882 23.892
 63    66.264 54429.11312389 48.67 289.885848  -4.044582 23.892
 63    66.310 54429.11312454 46.35 289.885118  -4.041272 23.892
 63    66.411 54429.11312518 43.26 289.884398  -4.037972 23.892
 64    66.954 54464.11313336 52.14 289.890836  -4.066806 17.272
 64    66.880 54464.11313400 54.25 289.890106  -4.063506 17.272
 64    66.744 54464.11313465 46.08 289.889371  -4.060198 32.522
 64    66.805 54464.11313529 46.89 289.888641  -4.056898 32.522
 64    66.913 54464.11313594 51.98 289.887911  -4.053588 32.522
 64    66.922 54464.11313658 53.05 289.887191  -4.050288 32.522
 64    66.803 54464.11313723 51.70 289.886461  -4.046978 32.522
 64    66.903 54464.11313787 51.13 289.885731  -4.043678 32.522
 64    66.895 54464.11313852 51.57 289.885001  -4.040378 32.522
 65    68.512 54499.11313016 48.49 289.890401  -4.065846 36.299
 65    68.523 54499.11313080 53.22 289.889671  -4.062536 36.299
 65    68.329 54499.11313145 49.65 289.888941  -4.059236 36.299
 65    68.363 54499.11313209 48.89 289.888211  -4.055926 36.299
 65    68.405 54499.11313274 51.08 289.887481  -4.052626 36.299
 65    68.442 54499.11313338 53.31 289.886751  -4.049316 36.299
 65    68.473 54499.11313403 52.69 289.886031  -4.046016 36.299
 65    68.513 54499.11313467 49.34 289.885301  -4.042716 36.299
 65    68.551 54499.11313532 51.49 289.884571  -4.039406 36.299
 66    69.231 54534.11314755 46.44 289.890860  -4.065798 32.916
 66    69.279 54534.11314819 51.27 289.890130  -4.062488 32.916
 66    69.111 54534.11314884 50.47 289.889400  -4.059188 32.916
 66    69.131 54534.11314948 47.85 289.888670  -4.055878 32.916
 66    69.178 54534.11315012 51.63 289.887950  -4.052578 32.916
 66    69.197 54534.11315077 50.20 289.887220  -4.049268 32.916
 66    69.226 54534.11315141 49.47 289.886490  -4.045968 32.916
 66    69.252 54534.11315206 47.41 289.885758  -4.042661 18.146
 66    69.291 54534.11315270 48.59 289.885028  -4.039361 18.146
 67    69.603 54569.11313368 47.03 289.890052  -4.067562 43.795
 67    69.579 54569.11313432 47.87 289.889322  -4.064262 43.795
 67    69.574 54569.11313497 51.46 289.888592  -4.060952 43.795
 67    69.535 54569.11313561 47.00 289.887862  -4.057652 43.795
 67    69.576 54569.11313626 51.08 289.887132  -4.054342 43.795
 67    69.534 54569.11313690 53.94 289.886412  -4.051042 43.795
 67    69.499 54569.11313755 53.63 289.885682  -4.047742 43.795
 67    69.515 54569.11313819 52.31 289.884952  -4.044432 43.795
 67    69.531 54569.11313884 54.24 289.884222  -4.041132 43.795
 67    69.552 54569.11313948 51.13 289.883498  -4.037823 25.207
 68    69.417 54604.11314251 42.66 289.889050  -4.067609 26.500
 68    69.486 54604.11314315 45.83 289.888320  -4.064309 26.500
 68    69.453 54604.11314379 46.53 289.887590  -4.061009 26.500
 68    69.296 54604.11314444 41.91 289.886860  -4.057699 26.500
 68    69.345 54604.11314508 45.62 289.886140  -4.054399 26.500
 68    69.403 54604.11314573 51.80 289.885410  -4.051089 26.500
 68    69.478 54604.11314637 52.73 289.884680  -4.047789 26.500
 68    69.526 54604.11314702 52.17 289.883948  -4.044480 24.464
 68    69.521 54604.11314766 50.01 289.883218  -4.041180 24.464
 68    69.555 54604.11314831 49.76 289.882498  -4.037870 24.464
 69    65.876 54639.11315302 36.98 289.888071  -4.065412 18.723
 69    65.832 54639.11315367 41.65 289.887341  -4.062112 18.723
 69    65.828 54639.11315431 39.77 289.886611  -4.058812 18.723
 69    65.921 54639.11315496 37.06 289.885881  -4.055502 18.723
 69    65.939 54639.11315560 32.91 289.885161  -4.052202 18.723
 69    65.915 54639.11315625 27.90 289.884431  -4.048892 18.723
 69    65.898 54639.11315689 26.66 289.883701  -4.045592 18.723
 69    66.179 54639.11315754 25.82 289.882972  -4.042283 13.033
 69    66.462 54639.11315818 25.80 289.882242  -4.038983 13.033
 69    65.982 54639.11315883 26.00 289.881512  -4.035673 13.033
 69    66.169 54639.11316011 38.36 289.880062  -4.029073 13.033
 69    66.168 54639.11316076 40.30 289.879332  -4.025763 13.033
 70    64.420 54674.11315521 47.50 289.888266  -4.067714 21.234
 70    64.521 54674.11315585 47.80 289.887536  -4.064404 21.234
 70    64.458 54674.11315650 48.22 289.886806  -4.061104 21.234
 70    64.413 54674.11315714 45.56 289.886076  -4.057804 21.234
 70    64.440 54674.11315779 47.29 289.885346  -4.054494 21.234
 70    64.569 54674.11315843 49.90 289.884626  -4.051194 21.234
 70    64.658 54674.11315908 51.16 289.883896  -4.047884 21.234
 70    64.586 54674.11315972 48.51 289.883166  -4.044584 21.234
 70    64.599 54674.11316037 48.94 289.882436  -4.041276 17.692
 70    64.679 54674.11316101 48.70 289.881706  -4.037976 17.692
 70    64.579 54674.11316165 44.55 289.880976  -4.034666 17.692
 70    64.534 54674.11316230 46.07 289.880246  -4.031366 17.692
 70    64.652 54674.11316294 44.49 289.879526  -4.028066 17.692
 70    64.705 54674.11316359 42.92 289.878796  -4.024756 17.692
 71    60.239 54709.11311315 41.98 289.891227  -4.067333 18.447
 71    60.400 54709.11311380 43.17 289.890497  -4.064033 18.447
 71    60.450 54709.11311444 38.46 289.889767  -4.060723 18.447
 71    60.285 54709.11311509 37.70 289.889037  -4.057423 18.447
 71    60.381 54709.11311573 35.76 289.888307  -4.054123 18.447
 71    60.408 54709.11311637 33.24 289.887587  -4.050813 18.447
 71    60.364 54709.11311702 31.15 289.886857  -4.047513 18.447
 71    60.361 54709.11311766 28.27 289.886127  -4.044203 18.447
 71    66.063 54709.11311831 27.36 289.885397  -4.040903 18.447
 72    62.944 54744.11312188 48.87 289.889336  -4.067164 22.813
 72    62.979 54744.11312252 50.03 289.888606  -4.063864 22.813
 72    63.026 54744.11312316 47.63 289.887876  -4.060554 22.813
 72    63.007 54744.11312381 42.68 289.887146  -4.057254 22.813
 72    62.954 54744.11312445 50.88 289.886416  -4.053954 22.813
 72    62.818 54744.11312510 54.76 289.885696  -4.050644 22.813
 72    63.080 54744.11312574 50.36 289.884966  -4.047344 22.813
 72    62.933 54744.11312639 50.51 289.884233  -4.044034 23.385
 72    62.891 54744.11312703 51.91 289.883503  -4.040734 23.385
 72    62.947 54744.11312768 50.98 289.882773  -4.037424 23.385
 73    64.552 54779.11309588 33.38 289.890716  -4.065721 17.991
 73    64.452 54779.11309653 35.09 289.889986  -4.062411 17.991
 73    64.525 54779.11309717 38.74 289.889256  -4.059111 17.991
 73    64.568 54779.11309782 49.00 289.888526  -4.055801 17.991
 73    64.852 54779.11309846 53.22 289.887796  -4.052501 17.991
 73    64.921 54779.11309911 51.48 289.887076  -4.049201 17.991
 73    64.774 54779.11309975 50.47 289.886346  -4.045891 17.991
 73    64.828 54779.11310040 50.26 289.885616  -4.042591 17.991
 73    64.768 54779.11310104 52.69 289.884888  -4.039282 18.177
 74    66.089 54814.11311520 51.89 289.889526  -4.065189 27.514
 74    66.127 54814.11311584 51.68 289.888796  -4.061889 27.514
 74    66.061 54814.11311649 44.73 289.888066  -4.058589 27.514
 74    66.129 54814.11311713 47.27 289.887336  -4.055279 27.514
 74    66.129 54814.11311778 47.88 289.886606  -4.051979 27.514
 74    66.162 54814.11311842 52.54 289.885886  -4.048669 27.514
 74    66.145 54814.11311906 49.22 289.885156  -4.045369 27.514
 74    66.114 54814.11311971 45.61 289.884422  -4.042062 22.480
 74    66.078 54814.11312035 51.45 289.883692  -4.038762 22.480
 75    67.230 54849.11309572 49.64 289.889406  -4.065734 33.382
 75    67.309 54849.11309637 49.70 289.888676  -4.062424 33.382
 75    67.220 54849.11309701 48.26 289.887946  -4.059124 33.382
 75    67.123 54849.11309766 44.99 289.887216  -4.055814 33.382
 75    67.158 54849.11309830 51.46 289.886496  -4.052514 33.382
 75    67.168 54849.11309894 54.21 289.885766  -4.049214 33.382
 75    67.185 54849.11309959 51.96 289.885036  -4.045904 33.382
 75    67.193 54849.11310023 54.51 289.884306  -4.042604 33.382
 75    67.198 54849.11310088 52.69 289.883579  -4.039294 25.261
 76    69.824 54884.11311861 53.09 289.888378  -4.066331 34.863
 76    69.749 54884.11311926 51.55 289.887648  -4.063031 34.863
 76    69.763 54884.11311990 51.67 289.886918  -4.059731 34.863
 76    69.816 54884.11312055 42.45 289.886188  -4.056421 34.863
 76    69.776 54884.11312119 50.59 289.885458  -4.053121 34.863
 76    69.818 54884.11312184 51.22 289.884738  -4.049811 34.863
 76    69.855 54884.11312248 50.89 289.884008  -4.046511 34.863
 76    69.880 54884.11312312 53.02 289.883276  -4.043202 26.917
 76    69.874 54884.11312377 50.87 289.882546  -4.039902 26.917
 76    69.876 54884.11312441 50.15 289.881816  -4.036592 26.917
 77    70.178 54919.11309713 35.33 289.887004  -4.066784 31.738
 77    70.313 54919.11309777 38.21 289.886274  -4.063484 31.738
 77    70.517 54919.11309842 42.34 289.885544  -4.060174 31.738
 77    70.499 54919.11309906 44.52 289.884814  -4.056874 31.738
 77    70.525 54919.11309970 44.05 289.884084  -4.053574 31.738
 77    70.387 54919.11310035 41.30 289.883364  -4.050264 31.738
 77    70.293 54919.11310099 39.60 289.882634  -4.046964 31.738
 77    70.305 54919.11310164 40.18 289.881904  -4.043654 31.738
 77    70.325 54919.11310228 39.68 289.881174  -4.040354 31.738
 77    70.356 54919.11310293 39.05 289.880451  -4.037047 16.713
 77    70.316 54919.11310357 39.30 289.879721  -4.033747 16.713
 77    70.337 54919.11310422 41.70 289.878991  -4.030437 16.713
 77    70.392 54919.11310486 37.90 289.878261  -4.027137 16.713
 77    70.404 54919.11310551 37.04 289.877531  -4.023827 16.713
 78    71.072 54954.11311394 51.51 289.888026  -4.065618 39.675
 78    70.913 54954.11311458 52.28 289.887296  -4.062318 39.675
 78    70.914 54954.11311523 49.45 289.886566  -4.059018 39.675
 78    70.934 54954.11311587 45.30 289.885836  -4.055708 39.675
 78    70.948 54954.11311652 49.98 289.885106  -4.052408 39.675
 78    70.971 54954.11311716 49.31 289.884386  -4.049098 39.675
 78    71.000 54954.11311781 49.85 289.883656  -4.045798 39.675
 78    71.028 54954.11311845 50.33 289.882923  -4.042491 25.920
 78    71.064 54954.11311909 50.04 289.882193  -4.039191 25.920
 78    71.087 54954.11311974 50.12 289.881473  -4.035881 25.920
 78    71.121 54954.11312038 50.05 289.880743  -4.032581 25.920
 78    71.144 54954.11312103 50.38 289.880013  -4.029271 25.920
 78    71.170 54954.11312167 50.21 289.879283  -4.025971 25.920
 79    70.528 54989.11313750 44.16 289.886821  -4.068157 35.489
 79    70.349 54989.11313814 36.68 289.886091  -4.064857 35.489
 79    70.319 54989.11313879 28.30 289.885361  -4.061557 35.489
 79    70.434 54989.11313943 25.48 289.884631  -4.058247 35.489
 79    70.201 54989.11314008 24.66 289.883901  -4.054947 35.489
 79    70.091 54989.11314072 23.55 289.883181  -4.051637 35.489
 79    70.083 54989.11314137 22.90 289.882451  -4.048337 35.489
 79    70.039 54989.11314201 22.84 289.881719  -4.045028 18.516
 79    70.056 54989.11314266 23.62 289.880989  -4.041728 18.516
 79    70.326 54989.11314330 23.77 289.880259  -4.038418 18.516
 79    70.437 54989.11314395 26.69 289.879539  -4.035118 18.516
 79    70.516 54989.11314459 29.78 289.878809  -4.031808 18.516
 79    70.560 54989.11314524 28.67 289.878079  -4.028508 18.516
 79    70.487 54989.11314588 29.89 289.877349  -4.025198 18.516
 80    68.135 55024.11312863 48.69 289.890922  -4.068336 37.150
 80    68.027 55024.11312928 48.63 289.890192  -4.065026 37.150
 80    68.024 55024.11312992 48.21 289.889462  -4.061726 37.150
 80    68.027 55024.11313057 47.07 289.888732  -4.058426 37.150
 80    68.084 55024.11313121 52.85 289.888002  -4.055116 37.150
 80    68.142 55024.11313186 49.56 289.887282  -4.051816 37.150
 80    68.176 55024.11313250 50.72 289.886552  -4.048506 37.150
 80    68.182 55024.11313315 49.62 289.885822  -4.045206 37.150
 80    68.194 55024.11313379 49.11 289.885093  -4.041897 19.869
 80    68.195 55024.11313444 50.56 289.884363  -4.038597 19.869
 81    63.912 55059.11312388 40.47 289.889735  -4.067451 25.061
 81    63.853 55059.11312452 41.32 289.889005  -4.064141 25.061
 81    63.893 55059.11312517 41.52 289.888275  -4.060841 25.061
 81    63.863 55059.11312581 40.96 289.887545  -4.057541 25.061
 81    63.850 55059.11312646 37.08 289.886815  -4.054231 25.061
 81    63.853 55059.11312710 34.12 289.886095  -4.050931 25.061
 81    63.769 55059.11312775 31.88 289.885365  -4.047621 25.061
 81    63.715 55059.11312839 30.81 289.884635  -4.044321 25.061
 81    63.591 55059.11312904 31.22 289.883905  -4.041013 10.514
 81    63.593 55059.11312968 30.92 289.883175  -4.037713 10.514
 82    61.136 55094.11307744 37.23 289.888757  -4.067402 27.475
 82    61.262 55094.11307809 40.29 289.888027  -4.064102 27.475
 82    61.338 55094.11307873 38.85 289.887297  -4.060792 27.475
 82    61.198 55094.11307938 34.90 289.886567  -4.057492 27.475
 82    61.153 55094.11308002 32.63 289.885837  -4.054182 27.475
 82    61.342 55094.11308067 29.94 289.885117  -4.050882 27.475
 82    61.399 55094.11308131 30.75 289.884387  -4.047582 27.475
 82    61.594 55094.11308196 32.82 289.883657  -4.044272 27.475
 82    61.527 55094.11308260 34.00 289.882927  -4.040972 27.475
 82    61.507 55094.11308325 35.77 289.882203  -4.037661 16.682
 83    63.084 55129.11306506 19.90 289.889161  -4.065649 20.171
 83    63.070 55129.11306571 22.13 289.888431  -4.062349 20.171
 83    63.229 55129.11306635 20.40 289.887701  -4.059049 20.171
 83    63.063 55129.11306700 19.33 289.886971  -4.055739 20.171
 83    63.032 55129.11306764 18.31 289.886251  -4.052439 20.171
 83    62.903 55129.11306829 18.65 289.885521  -4.049129 20.171
 83    63.043 55129.11306893 19.28 289.884791  -4.045829 20.171
 83    65.711 55129.11306958 19.84 289.884059  -4.042521 17.888
 83    66.755 55129.11307022 22.30 289.883329  -4.039221 17.888
 84    63.688 55164.11303896 44.90 289.889645  -4.065119 25.258
 84    63.936 55164.11303960 48.52 289.888915  -4.061819 25.258
 84    63.826 55164.11304025 48.19 289.888185  -4.058509 25.258
 84    64.025 55164.11304089 48.23 289.887455  -4.055209 25.258
 84    63.892 55164.11304154 49.32 289.886725  -4.051909 25.258
 84    63.913 55164.11304218 49.43 289.885995  -4.048599 25.258
 84    63.871 55164.11304283 49.77 289.885275  -4.045299 25.258
 84    64.003 55164.11304347 47.73 289.884545  -4.041989 25.258
 84    63.903 55164.11304412 45.64 289.883815  -4.038689 25.258
 85    68.325 55199.11305667 24.53 289.888943  -4.067202 18.814
 85    68.362 55199.11305731 24.07 289.888213  -4.063902 18.814
 85    68.088 55199.11305796 25.36 289.887483  -4.060602 18.814
 85    68.070 55199.11305860 26.59 289.886753  -4.057292 18.814
 85    68.100 55199.11305925 26.03 289.886033  -4.053992 18.814
 85    68.298 55199.11305989 26.95 289.885303  -4.050682 18.814
 85    68.458 55199.11306053 26.68 289.884573  -4.047382 18.814
 85    68.526 55199.11306118 28.08 289.883840  -4.044073 17.430
 85    68.519 55199.11306182 30.09 289.883110  -4.040773 17.430
 85    68.550 55199.11306247 33.18 289.882390  -4.037463 17.430
 87    67.483 55269.11305111 24.90 289.889312  -4.065092 14.888
 87    67.559 55269.11305175 27.12 289.888582  -4.061792 14.888
 87    67.373 55269.11305240 26.05 289.887852  -4.058492 14.888
 87    67.307 55269.11305304 25.46 289.887122  -4.055182 14.888
 87    67.256 55269.11305369 25.78 289.886402  -4.051882 14.888
 87    67.285 55269.11305433 24.79 289.885672  -4.048572 14.888
 87    67.419 55269.11305498 24.48 289.884942  -4.045272 14.888
 87    67.355 55269.11305562 25.75 289.884211  -4.041966 11.286
 87    67.398 55269.11305626 25.78 289.883481  -4.038666 11.286
 88    69.076 55304.11302443 45.15 289.890272  -4.066041 27.117
 88    69.051 55304.11302507 48.30 289.889542  -4.062731 27.117
 88    68.953 55304.11302572 44.81 289.888812  -4.059431 27.117
 88    68.914 55304.11302636 48.46 289.888082  -4.056131 27.117
 88    68.937 55304.11302701 45.55 289.887362  -4.052821 27.117
 88    69.018 55304.11302765 46.78 289.886632  -4.049521 27.117
 88    69.038 55304.11302830 48.71 289.885902  -4.046211 27.117
 88    69.014 55304.11302894 49.03 289.885172  -4.042911 27.117
 88    68.965 55304.11302959 46.77 289.884449  -4.039603 15.119
 89    68.935 55339.11302394 31.37 289.889711  -4.068284 30.388
 89    68.768 55339.11302458 36.22 289.888981  -4.064974 30.388
 89    68.891 55339.11302523 47.60 289.888251  -4.061674 30.388
 89    69.024 55339.11302587 52.19 289.887521  -4.058374 30.388
 89    69.020 55339.11302652 52.48 289.886791  -4.055064 30.388
 89    68.854 55339.11302716 50.70 289.886071  -4.051764 30.388
 89    68.895 55339.11302781 52.45 289.885341  -4.048454 30.388
 89    68.967 55339.11302845 51.73 289.884611  -4.045154 30.388
 89    69.030 55339.11302910 50.72 289.883880  -4.041844 22.104
 89    69.025 55339.11302974 52.21 289.883150  -4.038544 22.104
 90    65.210 55374.11301536 44.80 289.889851  -4.065239 23.467
 90    65.411 55374.11301601 49.79 289.889121  -4.061939 23.467
 90    65.323 55374.11301665 52.44 289.888391  -4.058639 23.467
 90    65.449 55374.11301730 51.12 289.887661  -4.055329 23.467
 90    65.391 55374.11301794 51.48 289.886941  -4.052029 23.467
 90    65.482 55374.11301859 51.61 289.886211  -4.048719 23.467
 90    65.451 55374.11301923 51.19 289.885481  -4.045419 23.467
 90    65.411 55374.11301988 49.20 289.884752  -4.042110 19.413
 90    65.490 55374.11302052 50.77 289.884022  -4.038810 19.413
 91    62.891 55409.11303658 51.87 289.890786  -4.066173 24.426
 91    62.875 55409.11303722 49.83 289.890056  -4.062863 24.426
 91    63.068 55409.11303787 50.01 289.889326  -4.059563 24.426
 91    63.069 55409.11303851 47.72 289.888596  -4.056253 24.426
 91    62.970 55409.11303916 49.19 289.887866  -4.052953 24.426
 91    63.101 55409.11303980 53.04 289.887146  -4.049643 24.426
 91    63.041 55409.11304045 51.64 289.886416  -4.046343 24.426
 91    62.991 55409.11304109 52.94 289.885684  -4.043036 19.473
 91    63.138 55409.11304173 50.85 289.884954  -4.039736 19.473
 92    58.613 55444.11303270 46.81 289.889943  -4.067168 20.329
 92    58.598 55444.11303335 47.84 289.889213  -4.063858 20.329
 92    58.602 55444.11303399 48.65 289.888483  -4.060558 20.329
 92    58.579 55444.11303464 47.08 289.887753  -4.057258 20.329
 92    58.739 55444.11303528 49.15 289.887033  -4.053948 20.329
 92    58.653 55444.11303593 51.95 289.886303  -4.050648 20.329
 92    58.702 55444.11303657 48.26 289.885573  -4.047338 20.329
 92    58.608 55444.11303721 48.88 289.884843  -4.044038 20.329
 92    58.514 55444.11303786 47.30 289.884113  -4.040728 14.522
 92    58.513 55444.11303850 51.29 289.883383  -4.037428 14.522
 93    58.124 55479.11296935 44.28 289.890801  -4.068104 25.759
 93    58.019 55479.11296999 49.02 289.890071  -4.064794 25.759
 93    58.168 55479.11297064 48.15 289.889341  -4.061494 25.759
 93    57.994 55479.11297128 51.60 289.888611  -4.058184 25.759
 93    58.248 55479.11297193 49.57 289.887881  -4.054884 25.759
 93    58.194 55479.11297257 47.68 289.887151  -4.051574 25.759
 93    58.168 55479.11297321 49.54 289.886431  -4.048274 25.759
 93    58.108 55479.11297386 48.67 289.885701  -4.044974 25.759
 93    58.126 55479.11297450 47.48 289.884971  -4.041664 25.759
 93    57.871 55479.11297515 49.94 289.884241  -4.038364 25.759
