# NaN NaN NaN ;Mean Elev.(m), Avg Gradient(m/km), RMS Gradient(m/km) - SRTM1     
#    0.163   0.049   2.674 ;Mean Elev.(m), Avg Gradient(m/km), RMS Gradient(m/km) - ASTER GDEM
#    1.619   0.008   1.873 ;Mean Elev.(m), Avg Gradient(m/km), RMS Gradient(m/km) - GMTED2010 
  7     9.778 52469.56843495 33.88 305.071742  -2.122570 18.232
  7     9.542 52469.56843560 24.98 305.071012  -2.125870 18.232
  7     9.478 52469.56843624 21.65 305.070282  -2.129180 18.232
  7     9.804 52469.56843689 23.08 305.069552  -2.132480 18.232
  7     9.795 52469.56843753 26.19 305.068832  -2.135790 18.232
  7     9.571 52469.56843817 31.31 305.068102  -2.139090 18.232
  7     9.665 52469.56843882 34.29 305.067372  -2.142400 18.232
  7     9.866 52469.56843946 40.51 305.066655  -2.145705 23.828
  7    10.185 52469.56844011 43.57 305.065925  -2.149015 23.828
  7    10.000 52469.56844075 45.18 305.065195  -2.152315 23.828
  7     9.833 52469.56844140 47.43 305.064465  -2.155625 23.828
  7     9.840 52469.56844204 36.48 305.063745  -2.158925 23.828
  7     9.522 52469.56844269 29.99 305.063015  -2.162235 23.828
  7     9.194 52469.56844333 25.83 305.062285  -2.165535 23.828
  7     8.643 52469.56844398 20.53 305.061565  -2.168845 23.828
  7     8.002 52469.56844462 20.07 305.060835  -2.172145 23.828
  7     8.765 52469.56844527 18.90 305.060105  -2.175455 23.828
  7     9.206 52469.56844591 17.72 305.059385  -2.178755 23.828
  7     9.450 52469.56844656 20.24 305.058655  -2.182065 23.828
  7     9.582 52469.56844720 22.64 305.057925  -2.185365 23.828
  7     9.711 52469.56844785 23.91 305.057205  -2.188675 23.828
  8     7.006 52504.56842041 28.91 305.072097  -2.123325 30.573
  8     6.511 52504.56842105 23.87 305.071367  -2.126635 30.573
  8     6.825 52504.56842170 22.30 305.070637  -2.129935 30.573
  8     7.163 52504.56842234 29.12 305.069917  -2.133245 30.573
  8     7.106 52504.56842299 30.17 305.069187  -2.136545 30.573
  8     6.852 52504.56842363 27.27 305.068457  -2.139855 30.573
  8     6.902 52504.56842428 29.97 305.067737  -2.143165 30.573
  8     7.083 52504.56842492 39.66 305.067007  -2.146465 30.573
  8     7.171 52504.56842556 49.63 305.066277  -2.149765 30.573
  8     7.164 52504.56842621 50.37 305.065557  -2.153075 30.573
  8     7.145 52504.56842685 37.47 305.064831  -2.156382 24.655
  8     6.986 52504.56842750 35.42 305.064101  -2.159682 24.655
  8     6.714 52504.56842814 30.03 305.063371  -2.162992 24.655
  8     6.116 52504.56842879 25.97 305.062641  -2.166292 24.655
  8     5.708 52504.56842943 19.02 305.061921  -2.169602 24.655
  8     4.944 52504.56843008 19.24 305.061191  -2.172912 24.655
  8     6.312 52504.56843072 16.98 305.060461  -2.176212 24.655
  8     6.680 52504.56843137 15.88 305.059741  -2.179522 24.655
  8     6.842 52504.56843201 17.29 305.059011  -2.182822 24.655
  8     6.935 52504.56843266 20.45 305.058281  -2.186132 24.655
  9     7.454 52539.56840390 17.82 305.075816  -2.124501 15.951
  9     7.058 52539.56840454 19.45 305.075086  -2.127801 15.951
  9     7.222 52539.56840518 22.58 305.074366  -2.131111 15.951
  9     7.623 52539.56840583 27.25 305.073636  -2.134411 15.951
  9     7.638 52539.56840647 32.58 305.072906  -2.137721 15.951
  9     7.564 52539.56840712 32.37 305.072180  -2.141026 25.718
  9     7.553 52539.56840776 35.99 305.071450  -2.144336 25.718
  9     7.669 52539.56840841 41.25 305.070720  -2.147636 25.718
  9     7.576 52539.56840905 39.04 305.070000  -2.150946 25.718
  9     7.491 52539.56840970 36.33 305.069270  -2.154246 25.718
  9     7.492 52539.56841034 35.44 305.068540  -2.157556 25.718
  9     7.115 52539.56841099 26.23 305.067820  -2.160856 25.718
  9     6.860 52539.56841163 25.76 305.067090  -2.164166 25.718
  9     6.309 52539.56841228 21.84 305.066360  -2.167466 25.718
  9     5.670 52539.56841292 17.14 305.065630  -2.170776 25.718
  9     6.626 52539.56841357 18.77 305.064910  -2.174076 25.718
  9     7.578 52539.56841421 18.51 305.064180  -2.177386 25.718
  9     7.998 52539.56841486 21.26 305.063450  -2.180686 25.718
  9     8.225 52539.56841550 24.78 305.062730  -2.183996 25.718
 10     6.400 52574.56844800 18.31 305.069685  -2.124068 18.665
 10     5.627 52574.56844864 19.45 305.068965  -2.127378 18.665
 10     4.924 52574.56844928 22.80 305.068235  -2.130678 18.665
 10     4.978 52574.56844993 21.65 305.067505  -2.133988 18.665
 10     4.779 52574.56845057 23.55 305.066785  -2.137288 18.665
 10     5.166 52574.56845122 21.27 305.066055  -2.140598 18.665
 10     5.081 52574.56845186 25.28 305.065325  -2.143898 18.665
 10     5.300 52574.56845251 22.04 305.064605  -2.147208 18.665
 10     4.564 52574.56845315 22.41 305.063875  -2.150508 18.665
 10     4.516 52574.56845380 25.07 305.063145  -2.153818 18.665
 10     4.871 52574.56845444 34.97 305.062415  -2.157118 18.665
 10     4.962 52574.56845509 33.79 305.061695  -2.160428 18.665
 10     4.896 52574.56845573 30.22 305.060965  -2.163728 18.665
 10     4.538 52574.56845638 27.62 305.060235  -2.167038 18.665
 10     4.163 52574.56845702 26.94 305.059516  -2.170343 15.012
 10     3.657 52574.56845767 23.63 305.058786  -2.173653 15.012
 10     3.379 52574.56845831 20.99 305.058056  -2.176953 15.012
 10     2.663 52574.56845895 20.99 305.057336  -2.180263 15.012
 10     7.840 52574.56845960 18.76 305.056606  -2.183563 15.012
 10     8.445 52574.56846024 16.41 305.055876  -2.186873 15.012
 10     8.646 52574.56846089 17.28 305.055146  -2.190173 15.012
 12     2.472 52644.56839897 24.87 305.073306  -2.121911 35.567
 12     4.836 52644.56839962 24.22 305.072576  -2.125221 35.567
 12     5.984 52644.56840026 25.35 305.071846  -2.128521 35.567
 12     6.534 52644.56840091 26.18 305.071126  -2.131831 35.567
 12     6.260 52644.56840155 25.64 305.070396  -2.135131 35.567
 12     6.514 52644.56840220 28.33 305.069666  -2.138441 35.567
 12     6.500 52644.56840284 36.93 305.068944  -2.141747 17.581
 12     6.619 52644.56840349 40.72 305.068214  -2.145057 17.581
 12     6.381 52644.56840413 26.88 305.067484  -2.148357 17.581
 12     6.250 52644.56840478 25.46 305.066764  -2.151667 17.581
 12     6.606 52644.56840542 37.52 305.066034  -2.154967 17.581
 12     6.538 52644.56840607 49.47 305.065304  -2.158277 17.581
 12     6.601 52644.56840671 32.91 305.064574  -2.161577 17.581
 12     5.879 52644.56840736 25.06 305.063854  -2.164887 17.581
 12     5.647 52644.56840800 26.21 305.063124  -2.168187 17.581
 12     5.278 52644.56840864 25.81 305.062394  -2.171497 17.581
 12     4.823 52644.56840929 25.63 305.061674  -2.174797 17.581
 12     4.383 52644.56840993 25.00 305.060944  -2.178107 17.581
 12     3.985 52644.56841058 24.10 305.060214  -2.181407 17.581
 12     8.431 52644.56841122 20.82 305.059494  -2.184717 17.581
 12     8.819 52644.56841187 19.85 305.058764  -2.188017 17.581
 15     8.540 52749.56844893 26.11 305.063076  -2.124925 47.300
 15     8.288 52749.56844958 25.04 305.062343  -2.128232 21.620
 15     7.751 52749.56845022 26.61 305.061623  -2.131542 21.620
 15     8.341 52749.56845087 29.14 305.060893  -2.134842 21.620
 15     8.817 52749.56845151 31.38 305.060163  -2.138152 21.620
 15     9.071 52749.56845216 33.44 305.059443  -2.141452 21.620
 15     9.313 52749.56845280 31.31 305.058713  -2.144762 21.620
 15     9.445 52749.56845345 47.28 305.057983  -2.148062 21.620
 15     9.569 52749.56845409 51.13 305.057263  -2.151372 21.620
 15     9.418 52749.56845474 50.44 305.056533  -2.154672 21.620
 15     9.463 52749.56845538 40.05 305.055803  -2.157982 21.620
 15     9.117 52749.56845602 35.74 305.055083  -2.161282 21.620
 15     9.045 52749.56845667 30.54 305.054353  -2.164592 21.620
 15     9.268 52749.56845731 29.90 305.053623  -2.167892 21.620
 15     9.124 52749.56845796 28.31 305.052903  -2.171202 21.620
 15     8.823 52749.56845860 23.85 305.052173  -2.174502 21.620
 15     8.359 52749.56845925 25.07 305.051443  -2.177812 21.620
 15     8.216 52749.56845989 22.58 305.050723  -2.181122 21.620
 15     8.719 52749.56846054 22.95 305.049993  -2.184422 21.620
 15     8.963 52749.56846118 25.87 305.049263  -2.187732 21.620
 15     9.223 52749.56846183 23.34 305.048543  -2.191032 21.620
 15     9.343 52749.56846247 25.21 305.047809  -2.194339 19.727
 16     9.789 52784.56838999 39.64 305.071812  -2.122634 47.114
 16     9.768 52784.56839063 33.74 305.071082  -2.125944 47.114
 16     9.716 52784.56839127 33.87 305.070357  -2.129249 22.972
 16     9.832 52784.56839192 43.54 305.069627  -2.132559 22.972
 16     9.826 52784.56839256 52.69 305.068897  -2.135859 22.972
 16     9.809 52784.56839321 49.23 305.068177  -2.139169 22.972
 16     9.796 52784.56839385 48.57 305.067447  -2.142469 22.972
 16     9.787 52784.56839450 45.39 305.066717  -2.145779 22.972
 16     9.784 52784.56839514 49.79 305.065987  -2.149079 22.972
 16     9.752 52784.56839579 48.93 305.065267  -2.152389 22.972
 16     9.742 52784.56839643 49.49 305.064537  -2.155689 22.972
 16     9.594 52784.56839708 34.74 305.063807  -2.158999 22.972
 16     9.416 52784.56839772 25.61 305.063087  -2.162299 22.972
 16     8.832 52784.56839837 25.00 305.062357  -2.165609 22.972
 16     8.032 52784.56839901 24.45 305.061627  -2.168909 22.972
 16     8.101 52784.56839966 23.74 305.060897  -2.172219 22.972
 16     7.944 52784.56840030 23.87 305.060177  -2.175519 22.972
 16     8.949 52784.56840094 23.03 305.059447  -2.178829 22.972
 16     9.175 52784.56840159 23.09 305.058717  -2.182129 22.972
 16     9.629 52784.56840223 22.85 305.057997  -2.185439 22.972
 16     9.790 52784.56840288 23.50 305.057267  -2.188739 22.972
 17     9.201 52819.56846637 28.40 305.071476  -2.124359 25.948
 17     9.172 52819.56846702 28.87 305.070746  -2.127669 25.948
 17     9.507 52819.56846766 31.63 305.070016  -2.130969 25.948
 17     9.619 52819.56846831 44.85 305.069296  -2.134279 25.948
 17     9.709 52819.56846895 52.30 305.068566  -2.137579 25.948
 17     9.638 52819.56846960 31.23 305.067836  -2.140889 25.948
 17     9.661 52819.56847024 33.90 305.067106  -2.144189 25.948
 17     9.750 52819.56847089 45.89 305.066386  -2.147499 25.948
 17     9.795 52819.56847153 47.45 305.065656  -2.150799 25.948
 17     9.738 52819.56847217 48.43 305.064926  -2.154109 25.948
 17     9.694 52819.56847282 44.05 305.064206  -2.157409 25.948
 17     9.452 52819.56847346 28.67 305.063476  -2.160719 25.948
 17     9.117 52819.56847411 23.54 305.062746  -2.164019 25.948
 17     8.813 52819.56847475 19.75 305.062016  -2.167329 25.948
 17     8.076 52819.56847540 20.09 305.061296  -2.170629 25.948
 17     8.731 52819.56847604 17.88 305.060566  -2.173939 25.948
 17     9.004 52819.56847669 17.99 305.059836  -2.177239 25.948
 17     9.307 52819.56847733 16.99 305.059106  -2.180549 25.948
 17     9.366 52819.56847798 20.01 305.058386  -2.183849 25.948
 17     9.435 52819.56847862 22.41 305.057656  -2.187159 25.948
 18     8.650 52854.56851474 27.56 305.075541  -2.123284 27.431
 18     8.558 52854.56851539 27.25 305.074820  -2.126589 28.511
 18     9.037 52854.56851603 32.62 305.074090  -2.129899 28.511
 18     9.205 52854.56851668 41.35 305.073360  -2.133199 28.511
 18     9.151 52854.56851732 47.85 305.072640  -2.136509 28.511
 18     9.013 52854.56851796 34.05 305.071910  -2.139809 28.511
 18     8.865 52854.56851861 33.16 305.071180  -2.143119 28.511
 18     9.098 52854.56851925 38.34 305.070450  -2.146419 28.511
 18     9.120 52854.56851990 43.94 305.069730  -2.149729 28.511
 18     9.176 52854.56852054 38.70 305.069000  -2.153029 28.511
 18     9.008 52854.56852119 36.46 305.068270  -2.156339 28.511
 18     8.843 52854.56852183 33.82 305.067550  -2.159639 28.511
 18     8.536 52854.56852248 29.51 305.066820  -2.162949 28.511
 18     8.065 52854.56852312 26.99 305.066090  -2.166249 28.511
 18     7.234 52854.56852377 22.81 305.065370  -2.169559 28.511
 18     6.601 52854.56852441 20.91 305.064640  -2.172859 28.511
 18     8.188 52854.56852506 17.69 305.063910  -2.176169 28.511
 18     8.797 52854.56852570 16.61 305.063180  -2.179469 28.511
 18     9.068 52854.56852635 16.83 305.062460  -2.182779 28.511
 20     7.788 52924.56850185 16.75 305.072815  -2.123162 20.569
 20     5.371 52924.56850250 20.46 305.072083  -2.126468 11.552
 20     5.526 52924.56850314 20.35 305.071363  -2.129768 11.552
 20     5.734 52924.56850379 22.00 305.070633  -2.133078 11.552
 20     6.021 52924.56850443 23.63 305.069903  -2.136388 11.552
 20     6.098 52924.56850508 25.42 305.069183  -2.139688 11.552
 20     6.157 52924.56850572 26.41 305.068453  -2.142998 11.552
 20     6.236 52924.56850636 26.22 305.067723  -2.146298 11.552
 20     5.788 52924.56850701 20.39 305.067003  -2.149608 11.552
 20     5.874 52924.56850765 18.86 305.066273  -2.152908 11.552
 20     6.064 52924.56850830 24.85 305.065543  -2.156218 11.552
 20     6.051 52924.56850894 28.26 305.064823  -2.159518 11.552
 20     5.897 52924.56850959 23.82 305.064093  -2.162828 11.552
 20     5.653 52924.56851023 20.39 305.063363  -2.166128 11.552
 20     5.066 52924.56851088 22.60 305.062643  -2.169438 11.552
 20     4.973 52924.56851152 20.41 305.061913  -2.172738 11.552
 20     5.668 52924.56851217 16.87 305.061183  -2.176048 11.552
 20     7.084 52924.56851281 20.20 305.060463  -2.179348 11.552
 20     1.016 52924.56851346 24.04 305.059733  -2.182658 11.552
 20     8.721 52924.56851410 16.07 305.059003  -2.185968 11.552
 21     4.834 52959.56846893 17.85 305.079775  -2.124351 34.797
 21     5.134 52959.56846957 18.34 305.079055  -2.127661 34.797
 21     5.224 52959.56847022 23.36 305.078325  -2.130961 34.797
 21     5.174 52959.56847086 28.56 305.077595  -2.134271 34.797
 21     5.044 52959.56847151 28.67 305.076872  -2.137576 14.549
 21     5.055 52959.56847215 25.85 305.076142  -2.140886 14.549
 21     5.109 52959.56847279 21.35 305.075412  -2.144186 14.549
 21     4.944 52959.56847344 17.57 305.074692  -2.147496 14.549
 21     4.723 52959.56847408 18.42 305.073962  -2.150796 14.549
 21     4.982 52959.56847473 17.56 305.073232  -2.154106 14.549
 21     5.054 52959.56847537 21.15 305.072502  -2.157406 14.549
 21     5.062 52959.56847602 20.82 305.071782  -2.160716 14.549
 21     4.959 52959.56847666 20.57 305.071052  -2.164016 14.549
 21     4.600 52959.56847731 20.52 305.070322  -2.167326 14.549
 21     4.314 52959.56847795 20.01 305.069602  -2.170626 14.549
 21     4.370 52959.56847860 18.42 305.068872  -2.173936 14.549
 21     6.349 52959.56847924 17.97 305.068142  -2.177236 14.549
 21     7.985 52959.56847989 30.48 305.067412  -2.180546 14.549
 22     5.260 52994.56850110 16.89 305.074264  -2.124274  9.349
 22     5.337 52994.56850174 22.74 305.073544  -2.127584  9.349
 22     5.403 52994.56850239 25.12 305.072814  -2.130884  9.349
 22     5.207 52994.56850303 20.49 305.072084  -2.134194  9.349
 22     5.129 52994.56850367 19.66 305.071354  -2.137494  9.349
 22     5.253 52994.56850432 23.40 305.070634  -2.140804  9.349
 22     5.205 52994.56850496 24.56 305.069904  -2.144104  9.349
 22     5.229 52994.56850561 15.88 305.069174  -2.147414  9.349
 22     4.942 52994.56850625 21.29 305.068454  -2.150714  9.349
 22     5.150 52994.56850690 20.06 305.067724  -2.154024  9.349
 22     5.267 52994.56850754 28.08 305.066994  -2.157324  9.349
 22     5.194 52994.56850819 27.48 305.066274  -2.160634  9.349
 22     5.066 52994.56850883 15.03 305.065544  -2.163934  9.349
 22     4.878 52994.56850948 15.47 305.064814  -2.167244  9.349
 22     5.164 52994.56851012 16.09 305.064084  -2.170544  9.349
 22     6.219 52994.56851077 15.20 305.063364  -2.173854  9.349
 22     7.473 52994.56851141 13.17 305.062634  -2.177154  9.349
 22     8.074 52994.56851206 16.66 305.061904  -2.180464  9.349
 22     8.461 52994.56851270 19.73 305.061184  -2.183770 17.315
 23     6.070 53029.56846444 21.18 305.075805  -2.122688 22.051
 23     5.935 53029.56846509 22.49 305.075085  -2.125998 22.051
 23     6.052 53029.56846573 27.06 305.074355  -2.129298 22.051
 23     6.740 53029.56846638 25.30 305.073625  -2.132608 22.051
 23     6.978 53029.56846702 29.57 305.072905  -2.135908 22.051
 23     6.453 53029.56846767 43.07 305.072175  -2.139218 22.051
 23     7.302 53029.56846831 49.78 305.071445  -2.142518 22.051
 23     7.306 53029.56846896 46.80 305.070725  -2.145828 22.051
 23     6.331 53029.56846960 25.96 305.069995  -2.149128 22.051
 23     6.429 53029.56847025 21.50 305.069265  -2.152438 22.051
 23     6.859 53029.56847089 44.15 305.068545  -2.155738 22.051
 23     7.104 53029.56847154 40.10 305.067815  -2.159048 22.051
 23     6.787 53029.56847218 21.59 305.067085  -2.162348 22.051
 23     6.141 53029.56847283 25.05 305.066365  -2.165658 22.051
 23     5.679 53029.56847347 26.56 305.065635  -2.168958 22.051
 23     5.106 53029.56847412 27.88 305.064905  -2.172268 22.051
 23     4.507 53029.56847476 27.60 305.064185  -2.175578 22.051
 23     3.947 53029.56847540 28.35 305.063455  -2.178878 22.051
 23     3.505 53029.56847605 26.02 305.062725  -2.182188 22.051
 24     8.405 53064.56847190 23.91 305.078862  -2.122102 26.736
 24     7.587 53064.56847254 22.49 305.078132  -2.125412 26.736
 24     7.932 53064.56847319 25.02 305.077402  -2.128712 26.736
 24     7.949 53064.56847383 30.16 305.076682  -2.132022 26.736
 24     8.004 53064.56847448 42.64 305.075952  -2.135322 26.736
 24     8.020 53064.56847512 47.42 305.075222  -2.138632 26.736
 24     8.117 53064.56847577 43.11 305.074492  -2.141932 26.736
 24     8.100 53064.56847641 44.81 305.073772  -2.145242 26.736
 24     8.072 53064.56847706 46.73 305.073042  -2.148542 26.736
 24     8.064 53064.56847770 47.57 305.072312  -2.151852 26.736
 24     8.064 53064.56847834 45.04 305.071592  -2.155152 26.736
 24     7.876 53064.56847899 30.98 305.070862  -2.158462 26.736
 24     7.725 53064.56847963 33.31 305.070132  -2.161762 26.736
 24     7.360 53064.56848028 27.45 305.069412  -2.165072 26.736
 24     7.035 53064.56848092 28.80 305.068682  -2.168372 26.736
 24     6.209 53064.56848157 24.36 305.067952  -2.171682 26.736
 24     5.401 53064.56848221 24.85 305.067222  -2.174982 26.736
 24     4.383 53064.56848286 24.29 305.066502  -2.178292 26.736
 24     8.208 53064.56848350 23.16 305.065772  -2.181592 26.736
 25     8.976 53099.56848152 28.02 305.069215  -2.122359 32.568
 25     8.304 53099.56848217 27.74 305.068495  -2.125669 32.568
 25     8.384 53099.56848281 31.15 305.067765  -2.128969 32.568
 25     8.908 53099.56848346 31.20 305.067035  -2.132279 32.568
 25     8.919 53099.56848410 40.62 305.066315  -2.135589 32.568
 25     8.971 53099.56848475 45.67 305.065585  -2.138889 32.568
 25     8.998 53099.56848539 36.82 305.064855  -2.142199 32.568
 25     9.043 53099.56848603 40.34 305.064135  -2.145499 32.568
 25     9.057 53099.56848668 46.98 305.063402  -2.148807 28.184
 25     9.053 53099.56848732 46.31 305.062682  -2.152117 28.184
 25     9.005 53099.56848797 44.50 305.061952  -2.155417 28.184
 25     8.971 53099.56848861 35.87 305.061222  -2.158727 28.184
 25     8.708 53099.56848926 32.67 305.060502  -2.162027 28.184
 25     8.134 53099.56848990 31.97 305.059772  -2.165337 28.184
 25     7.911 53099.56849055 28.92 305.059042  -2.168637 28.184
 25     7.782 53099.56849119 25.86 305.058322  -2.171947 28.184
 25     7.857 53099.56849184 21.13 305.057592  -2.175247 28.184
 25     8.180 53099.56849248 19.21 305.056862  -2.178557 28.184
 25     8.433 53099.56849313 19.56 305.056142  -2.181857 28.184
 25     8.546 53099.56849377 24.10 305.055412  -2.185167 28.184
 25     8.845 53099.56849442 25.04 305.054682  -2.188467 28.184
 25     9.107 53099.56849506 32.48 305.053962  -2.191777 28.184
 26     9.503 53134.56847084 32.83 305.080851  -2.121599 23.921
 26     9.202 53134.56847149 31.19 305.080121  -2.124909 23.921
 26     9.338 53134.56847213 30.10 305.079391  -2.128209 23.921
 26     9.784 53134.56847278 40.57 305.078671  -2.131509 23.921
 26     9.798 53134.56847342 49.07 305.077941  -2.134819 23.921
 26     9.695 53134.56847407 45.42 305.077211  -2.138129 23.921
 26     9.766 53134.56847471 43.68 305.076481  -2.141429 23.921
 26     9.725 53134.56847536 41.05 305.075761  -2.144739 23.921
 26     9.746 53134.56847600 43.97 305.075031  -2.148039 23.921
 26     9.742 53134.56847665 43.92 305.074301  -2.151349 23.921
 26     9.749 53134.56847729 47.07 305.073581  -2.154649 23.921
 26     9.637 53134.56847794 40.72 305.072851  -2.157959 23.921
 26     9.497 53134.56847858 32.08 305.072121  -2.161259 23.921
 26     9.022 53134.56847922 30.39 305.071401  -2.164569 23.921
 26     8.706 53134.56847987 26.24 305.070671  -2.167869 23.921
 26     8.009 53134.56848051 21.96 305.069941  -2.171179 23.921
 26     7.382 53134.56848116 21.19 305.069211  -2.174479 23.921
 26     9.012 53134.56848180 20.71 305.068491  -2.177789 23.921
 28     8.824 53204.56854207 35.58 305.072473  -2.122038 32.840
 28     8.334 53204.56854272 22.91 305.071743  -2.125338 32.840
 28     8.660 53204.56854336 22.39 305.071013  -2.128648 32.840
 28     8.860 53204.56854401 33.65 305.070295  -2.131953 31.009
 28     8.833 53204.56854465 43.55 305.069565  -2.135263 31.009
 28     8.698 53204.56854529 38.60 305.068835  -2.138563 31.009
 28     8.686 53204.56854594 37.51 305.068115  -2.141873 31.009
 28     8.719 53204.56854658 41.96 305.067385  -2.145173 31.009
 28     8.745 53204.56854723 45.38 305.066655  -2.148483 31.009
 28     8.781 53204.56854787 46.76 305.065925  -2.151783 31.009
 28     8.807 53204.56854852 42.61 305.065205  -2.155093 31.009
 28     8.741 53204.56854916 36.73 305.064475  -2.158393 31.009
 28     8.539 53204.56854981 29.70 305.063745  -2.161703 31.009
 28     8.014 53204.56855045 25.08 305.063025  -2.165003 31.009
 28     7.804 53204.56855110 22.50 305.062295  -2.168313 31.009
 28     6.982 53204.56855174 21.54 305.061565  -2.171613 31.009
 28     7.387 53204.56855239 19.17 305.060845  -2.174923 31.009
 28     7.747 53204.56855303 18.53 305.060115  -2.178223 31.009
 28     8.327 53204.56855368 16.54 305.059385  -2.181533 31.009
 28     8.593 53204.56855432 18.73 305.058655  -2.184833 31.009
 28     8.759 53204.56855496 29.52 305.057935  -2.188143 31.009
 29     8.661 53239.56850998 23.01 305.079439  -2.122286 27.442
 29     7.832 53239.56851062 22.63 305.078709  -2.125586 27.442
 29     7.780 53239.56851127 28.98 305.077979  -2.128896 27.442
 29     8.381 53239.56851191 30.36 305.077259  -2.132196 27.442
 29     8.052 53239.56851256 38.45 305.076525  -2.135503 24.612
 29     8.089 53239.56851320 31.34 305.075805  -2.138813 24.612
 29     8.006 53239.56851384 29.28 305.075075  -2.142113 24.612
 29     8.058 53239.56851449 35.74 305.074345  -2.145423 24.612
 29     8.087 53239.56851513 43.98 305.073625  -2.148723 24.612
 29     8.107 53239.56851578 45.20 305.072895  -2.152033 24.612
 29     8.120 53239.56851642 43.19 305.072165  -2.155333 24.612
 29     7.970 53239.56851707 30.42 305.071445  -2.158643 24.612
 29     7.520 53239.56851771 24.73 305.070715  -2.161943 24.612
 29     7.243 53239.56851836 21.44 305.069985  -2.165253 24.612
 29     6.939 53239.56851900 19.04 305.069265  -2.168553 24.612
 29     6.867 53239.56851965 17.95 305.068535  -2.171863 24.612
 29     5.329 53239.56852029 20.27 305.067805  -2.175163 24.612
 29     7.933 53239.56852094 16.79 305.067085  -2.178473 24.612
 29     8.076 53239.56852158 27.91 305.066355  -2.181773 24.612
 30     6.552 53274.56847471 15.66 305.075025  -2.124309  9.890
 30     6.103 53274.56847536 14.50 305.074305  -2.127619  9.890
 30     6.147 53274.56847600 15.09 305.073575  -2.130919  9.890
 30     6.382 53274.56847665 16.24 305.072845  -2.134229  9.890
 30     7.296 53274.56847729 24.93 305.072125  -2.137529  9.890
 30     6.611 53274.56847793 31.01 305.071395  -2.140839  9.890
 30     6.553 53274.56847858 28.37 305.070665  -2.144139  9.890
 30     6.520 53274.56847922 23.20 305.069935  -2.147449  9.890
 30     6.372 53274.56847987 18.52 305.069215  -2.150749  9.890
 30     6.475 53274.56848051 17.53 305.068485  -2.154059  9.890
 30     6.513 53274.56848116 25.25 305.067755  -2.157359  9.890
 30     6.441 53274.56848180 20.95 305.067025  -2.160669  9.890
 30     6.153 53274.56848245 17.90 305.066305  -2.163969  9.890
 30     5.978 53274.56848309 14.27 305.065575  -2.167279  9.890
 30     5.547 53274.56848374 16.11 305.064845  -2.170579  9.890
 30     6.367 53274.56848438 14.11 305.064125  -2.173889  9.890
 30     7.638 53274.56848503 13.14 305.063395  -2.177189  9.890
 30     8.055 53274.56848567 13.55 305.062665  -2.180499  9.890
 30     8.188 53274.56848632 21.86 305.061937  -2.183803 17.032
 31     6.507 53309.56852631 13.83 305.069456  -2.122895 22.864
 31     5.177 53309.56852695 14.61 305.068726  -2.126205 22.864
 31     5.274 53309.56852760 14.75 305.068006  -2.129510  9.273
 31     5.550 53309.56852824 15.23 305.067276  -2.132820  9.273
 31     5.737 53309.56852889 18.25 305.066546  -2.136120  9.273
 31     6.365 53309.56852953 24.42 305.065826  -2.139430  9.273
 31     6.377 53309.56853018 29.14 305.065096  -2.142730  9.273
 31     6.290 53309.56853082 17.40 305.064366  -2.146040  9.273
 31     5.348 53309.56853147 16.80 305.063636  -2.149340  9.273
 31     5.137 53309.56853211 19.27 305.062916  -2.152650  9.273
 31     5.237 53309.56853276 18.07 305.062186  -2.155950  9.273
 31     5.234 53309.56853340 20.77 305.061456  -2.159260  9.273
 31     5.198 53309.56853405 19.94 305.060736  -2.162560  9.273
 31     4.939 53309.56853469 22.66 305.060006  -2.165870  9.273
 31     5.024 53309.56853533 20.58 305.059276  -2.169170  9.273
 31     4.937 53309.56853598 19.32 305.058556  -2.172480  9.273
 31     4.811 53309.56853662 15.69 305.057826  -2.175780  9.273
 31     4.798 53309.56853727 15.63 305.057096  -2.179090  9.273
 31     7.529 53309.56853791 12.53 305.056376  -2.182390  9.273
 31     7.974 53309.56853856 12.74 305.055646  -2.185700  9.273
 31     8.114 53309.56853920 13.03 305.054916  -2.189000  9.273
 32     5.384 53344.56849257 12.61 305.073981  -2.123550 23.667
 32     5.196 53344.56849321 11.73 305.073261  -2.126860 23.667
 32     5.261 53344.56849386 13.57 305.072526  -2.130166 10.110
 32     5.075 53344.56849450 15.20 305.071806  -2.133476 10.110
 32     5.095 53344.56849515 17.88 305.071076  -2.136776 10.110
 32     5.209 53344.56849579 14.40 305.070346  -2.140076 10.110
 32     5.432 53344.56849644 14.74 305.069626  -2.143386 10.110
 32     5.040 53344.56849708 11.88 305.068896  -2.146696 10.110
 32     4.760 53344.56849773 12.06 305.068166  -2.149996 10.110
 32     5.073 53344.56849837 19.10 305.067446  -2.153306 10.110
 32     5.339 53344.56849902 31.25 305.066716  -2.156606 10.110
 32     5.384 53344.56849966 37.61 305.065986  -2.159916 10.110
 32     5.202 53344.56850030 20.13 305.065266  -2.163216 10.110
 32     4.965 53344.56850095 16.72 305.064536  -2.166526 10.110
 32     4.665 53344.56850159 13.76 305.063806  -2.169826 10.110
 32     4.863 53344.56850224 12.88 305.063086  -2.173136 10.110
 32     7.096 53344.56850288 12.24 305.062356  -2.176436 10.110
 32     7.502 53344.56850353 10.49 305.061626  -2.179746 10.110
 32     7.969 53344.56850417 12.24 305.060906  -2.183046 10.110
 32     8.473 53344.56850482  9.99 305.060176  -2.186356 10.110
 33     5.955 53379.56844058 14.65 305.076689  -2.124467 24.635
 33     6.038 53379.56844122 15.88 305.075959  -2.127777 24.635
 33     6.162 53379.56844187 21.16 305.075239  -2.131077 24.635
 33     6.162 53379.56844251 32.07 305.074509  -2.134387 24.635
 33     6.215 53379.56844315 42.17 305.073779  -2.137687 24.635
 33     6.344 53379.56844380 47.00 305.073049  -2.140997 24.635
 33     6.421 53379.56844444 43.11 305.072329  -2.144297 24.635
 33     6.214 53379.56844509 24.93 305.071599  -2.147607 24.635
 33     5.774 53379.56844573 19.81 305.070869  -2.150907 24.635
 33     6.266 53379.56844638 23.42 305.070139  -2.154217 24.635
 33     6.319 53379.56844702 40.12 305.069419  -2.157517 24.635
 33     6.249 53379.56844767 24.88 305.068689  -2.160827 24.635
 33     5.857 53379.56844831 17.05 305.067959  -2.164127 24.635
 33     5.560 53379.56844896 20.57 305.067239  -2.167437 24.635
 33     5.036 53379.56844960 22.48 305.066509  -2.170737 24.635
 33     4.149 53379.56845025 21.03 305.065779  -2.174047 24.635
 33     3.548 53379.56845089 21.74 305.065052  -2.177351 12.510
 33     7.738 53379.56845154 20.01 305.064322  -2.180661 12.510
 33     8.150 53379.56845218 18.64 305.063592  -2.183961 12.510
 34     8.336 53414.56846935 20.50 305.078963  -2.123622 35.609
 34     7.201 53414.56846999 20.96 305.078243  -2.126932 35.609
 34     7.268 53414.56847064 26.54 305.077515  -2.130237 26.396
 34     7.246 53414.56847128 38.10 305.076785  -2.133547 26.396
 34     7.344 53414.56847193 45.44 305.076055  -2.136847 26.396
 34     7.356 53414.56847257 50.51 305.075335  -2.140157 26.396
 34     7.359 53414.56847322 44.54 305.074605  -2.143457 26.396
 34     7.214 53414.56847386 31.42 305.073875  -2.146767 26.396
 34     7.222 53414.56847451 42.90 305.073145  -2.150067 26.396
 34     7.172 53414.56847515 35.28 305.072425  -2.153377 26.396
 34     7.377 53414.56847580 40.42 305.071695  -2.156677 26.396
 34     7.028 53414.56847644 25.26 305.070965  -2.159987 26.396
 34     6.601 53414.56847709 22.57 305.070245  -2.163287 26.396
 34     6.297 53414.56847773 24.71 305.069515  -2.166597 26.396
 34     5.719 53414.56847838 26.72 305.068785  -2.169897 26.396
 34     5.113 53414.56847902 23.17 305.068065  -2.173207 26.396
 34     4.237 53414.56847966 22.45 305.067335  -2.176507 26.396
 34     8.177 53414.56848031 24.03 305.066605  -2.179817 26.396
 35     8.059 53449.56846142 28.99 305.074271  -2.124275 24.382
 35     8.519 53449.56846207 29.44 305.073541  -2.127585 24.382
 35     8.838 53449.56846271 32.50 305.072811  -2.130885 24.382
 35     9.020 53449.56846335 37.31 305.072091  -2.134195 24.382
 35     9.116 53449.56846400 48.68 305.071361  -2.137495 24.382
 35     8.964 53449.56846464 43.29 305.070631  -2.140805 24.382
 35     9.009 53449.56846529 47.50 305.069901  -2.144105 24.382
 35     9.094 53449.56846593 44.61 305.069181  -2.147415 24.382
 35     9.065 53449.56846658 46.45 305.068451  -2.150715 24.382
 35     9.063 53449.56846722 45.36 305.067721  -2.154025 24.382
 35     8.715 53449.56846787 38.80 305.067001  -2.157325 24.382
 35     8.467 53449.56846851 37.21 305.066271  -2.160635 24.382
 35     8.156 53449.56846916 33.82 305.065541  -2.163935 24.382
 35     7.514 53449.56846980 30.03 305.064811  -2.167245 24.382
 35     7.148 53449.56847045 26.00 305.064091  -2.170545 24.382
 35     5.869 53449.56847109 25.05 305.063361  -2.173855 24.382
 35     8.221 53449.56847174 25.04 305.062631  -2.177155 24.382
 35     8.590 53449.56847238 23.98 305.061901  -2.180465 24.382
 35     8.787 53449.56847303 24.09 305.061181  -2.183765 24.382
 37     9.668 53519.56854328 28.28 305.075303  -2.124707 23.929
 37     9.596 53519.56854393 25.94 305.074577  -2.128013 15.778
 37     9.913 53519.56854457 26.79 305.073847  -2.131323 15.778
 37    10.061 53519.56854522 35.63 305.073117  -2.134623 15.778
 37    10.029 53519.56854586 34.55 305.072387  -2.137933 15.778
 37     9.730 53519.56854651 29.13 305.071667  -2.141233 15.778
 37     9.893 53519.56854715 28.27 305.070937  -2.144543 15.778
 37    10.023 53519.56854780 29.33 305.070207  -2.147843 15.778
 37     9.942 53519.56854844 29.46 305.069487  -2.151153 15.778
 37     9.904 53519.56854909 29.62 305.068757  -2.154453 15.778
 37     9.690 53519.56854973 26.84 305.068027  -2.157763 15.778
 37     9.406 53519.56855037 24.69 305.067307  -2.161063 15.778
 37     9.186 53519.56855102 22.44 305.066577  -2.164373 15.778
 37     8.259 53519.56855166 22.10 305.065847  -2.167673 15.778
 37     8.063 53519.56855231 21.65 305.065127  -2.170983 15.778
 37     8.940 53519.56855295 20.10 305.064397  -2.174283 15.778
 37     9.687 53519.56855360 18.69 305.063667  -2.177593 15.778
 37     9.932 53519.56855424 20.72 305.062937  -2.180903 15.778
 37     9.993 53519.56855489 25.46 305.062217  -2.184203 15.778
 38     9.119 53554.56856660 27.94 305.066627  -2.124418 16.597
 38     8.740 53554.56856724 25.40 305.065907  -2.127728 16.597
 38     8.869 53554.56856789 25.64 305.065177  -2.131028 16.597
 38     9.291 53554.56856853 25.78 305.064447  -2.134338 16.597
 38     9.354 53554.56856918 27.26 305.063727  -2.137638 16.597
 38     9.097 53554.56856982 29.20 305.062997  -2.140948 16.597
 38     9.428 53554.56857047 40.01 305.062267  -2.144248 16.597
 38     9.501 53554.56857111 48.18 305.061547  -2.147558 16.597
 38     9.551 53554.56857176 48.54 305.060817  -2.150858 16.597
 38     9.556 53554.56857240 41.19 305.060087  -2.154168 16.597
 38     9.310 53554.56857305 30.89 305.059367  -2.157468 16.597
 38     8.937 53554.56857369 24.17 305.058637  -2.160778 16.597
 38     8.418 53554.56857434 24.67 305.057907  -2.164078 16.597
 38     7.815 53554.56857498 24.07 305.057187  -2.167388 16.597
 38     7.175 53554.56857562 23.88 305.056457  -2.170688 16.597
 38     6.757 53554.56857627 23.30 305.055727  -2.173998 16.597
 38     8.028 53554.56857691 21.06 305.054997  -2.177298 16.597
 38     8.690 53554.56857756 18.82 305.054277  -2.180608 16.597
 38     9.036 53554.56857820 18.90 305.053547  -2.183908 16.597
 38     9.170 53554.56857885 19.26 305.052817  -2.187218 16.597
 38     9.348 53554.56857949 24.96 305.052099  -2.190522 20.860
 38     9.468 53554.56858014 34.36 305.051369  -2.193832 20.860
 39     7.425 53589.56851146 21.95 305.079666  -2.124377 22.435
 39     7.837 53589.56851210 20.75 305.078936  -2.127677 22.435
 39     8.184 53589.56851275 23.06 305.078216  -2.130987 22.435
 39     8.184 53589.56851339 33.06 305.077483  -2.134294 26.380
 39     7.971 53589.56851404 27.28 305.076763  -2.137594 26.380
 39     7.820 53589.56851468 25.54 305.076033  -2.140904 26.380
 39     8.160 53589.56851533 32.52 305.075303  -2.144214 26.380
 39     8.150 53589.56851597 35.95 305.074583  -2.147514 26.380
 39     8.107 53589.56851662 34.64 305.073853  -2.150824 26.380
 39     8.176 53589.56851726 38.71 305.073123  -2.154124 26.380
 39     8.146 53589.56851791 33.04 305.072403  -2.157434 26.380
 39     7.817 53589.56851855 24.14 305.071673  -2.160734 26.380
 39     7.445 53589.56851919 20.42 305.070943  -2.164044 26.380
 39     7.118 53589.56851984 19.91 305.070223  -2.167344 26.380
 39     7.059 53589.56852048 16.83 305.069493  -2.170654 26.380
 39     6.939 53589.56852113 17.25 305.068763  -2.173954 26.380
 39     7.661 53589.56852177 14.89 305.068043  -2.177264 26.380
 39     8.129 53589.56852242 31.54 305.067313  -2.180564 26.380
 40     6.475 53624.56848944 16.66 305.067137  -2.122726 13.231
 40     6.012 53624.56849009 17.04 305.066407  -2.126036 13.231
 40     5.593 53624.56849073 16.31 305.065677  -2.129336 13.231
 40     5.815 53624.56849138 18.84 305.064957  -2.132646 13.231
 40     6.240 53624.56849202 20.86 305.064227  -2.135946 13.231
 40     6.521 53624.56849267 25.71 305.063497  -2.139256 13.231
 40     6.752 53624.56849331 32.46 305.062777  -2.142556 13.231
 40     7.074 53624.56849395 29.58 305.062047  -2.145866 13.231
 40     4.293 53624.56849460 25.40 305.061317  -2.149166 13.231
 40     5.558 53624.56849524 23.72 305.060587  -2.152476 13.231
 40     5.420 53624.56849589 24.87 305.059867  -2.155776 13.231
 40     5.290 53624.56849653 25.31 305.059137  -2.159086 13.231
 40     5.320 53624.56849718 26.97 305.058407  -2.162386 13.231
 40     5.426 53624.56849782 27.56 305.057687  -2.165696 13.231
 40     5.521 53624.56849847 25.80 305.056957  -2.168996 13.231
 40     5.207 53624.56849911 20.59 305.056227  -2.172306 13.231
 40     5.051 53624.56849976 18.24 305.055497  -2.175606 13.231
 40     4.797 53624.56850040 18.47 305.054777  -2.178916 13.231
 40     7.377 53624.56850105 16.11 305.054047  -2.182216 13.231
 40     7.999 53624.56850169 14.74 305.053317  -2.185526 13.231
 40     8.140 53624.56850234 16.17 305.052591  -2.188830 17.837
 40     7.550 53624.56850298 21.27 305.051861  -2.192140 17.837
 41     4.153 53659.56851648 17.86 305.071413  -2.124020 14.301
 41     3.880 53659.56851712 19.52 305.070683  -2.127330 14.301
 41     3.646 53659.56851777 27.12 305.069953  -2.130630 14.301
 41     3.705 53659.56851841 23.44 305.069233  -2.133930 14.301
 41     5.869 53659.56851905 18.51 305.068503  -2.137240 14.301
 41     6.255 53659.56851970 16.61 305.067773  -2.140550 14.301
 41     5.837 53659.56852034 16.98 305.067043  -2.143850 14.301
 41     2.162 53659.56852099 21.06 305.066323  -2.147160 14.301
 41     2.346 53659.56852163 26.20 305.065593  -2.150460 14.301
 41     3.053 53659.56852228 26.02 305.064863  -2.153770 14.301
 41     3.757 53659.56852292 25.13 305.064143  -2.157070 14.301
 41     3.939 53659.56852357 26.50 305.063413  -2.160380 14.301
 41     4.000 53659.56852421 27.26 305.062683  -2.163680 14.301
 41     4.068 53659.56852486 25.95 305.061963  -2.166990 14.301
 41     4.224 53659.56852550 24.28 305.061233  -2.170290 14.301
 41     4.109 53659.56852615 21.33 305.060503  -2.173600 14.301
 41     4.053 53659.56852679 19.22 305.059773  -2.176900 14.301
 41     7.451 53659.56852744 18.33 305.059053  -2.180210 14.301
 41     8.224 53659.56852808 16.85 305.058323  -2.183510 14.301
 41     8.753 53659.56852873 20.75 305.057593  -2.186820 14.301
 42     4.185 53694.56849269 17.47 305.072807  -2.124595 23.706
 42     4.155 53694.56849334 20.23 305.072087  -2.127895 23.706
 42     4.307 53694.56849398 24.68 305.071352  -2.131202 13.983
 42     4.369 53694.56849463 22.84 305.070632  -2.134512 13.983
 42     4.131 53694.56849527 17.39 305.069902  -2.137812 13.983
 42     4.342 53694.56849592 13.36 305.069172  -2.141122 13.983
 42     2.154 53694.56849656 19.61 305.068452  -2.144422 13.983
 42     2.631 53694.56849721 17.21 305.067722  -2.147732 13.983
 42     3.705 53694.56849785 13.59 305.066992  -2.151032 13.983
 42     4.142 53694.56849850 13.68 305.066272  -2.154342 13.983
 42     4.413 53694.56849914 14.38 305.065542  -2.157642 13.983
 42     4.354 53694.56849978 29.40 305.064812  -2.160952 13.983
 42     4.311 53694.56850043 35.83 305.064092  -2.164252 13.983
 42     4.158 53694.56850107 26.01 305.063362  -2.167562 13.983
 42     4.022 53694.56850172 21.07 305.062632  -2.170862 13.983
 42     3.832 53694.56850236 20.95 305.061912  -2.174172 13.983
 42     3.645 53694.56850301 16.53 305.061182  -2.177472 13.983
 42     7.568 53694.56850365 13.91 305.060452  -2.180782 13.983
 42     8.329 53694.56850430 13.63 305.059732  -2.184082 13.983
 42     8.776 53694.56850494 12.04 305.059002  -2.187392 13.983
 43     5.377 53729.56841505 19.66 305.077652  -2.122244 37.541
 43     5.596 53729.56841569 16.21 305.076932  -2.125554 37.541
 43     5.826 53729.56841634 17.12 305.076202  -2.128854 37.541
 43     5.731 53729.56841698 21.36 305.075471  -2.132161 19.390
 43     5.718 53729.56841763 24.38 305.074751  -2.135471 19.390
 43     5.761 53729.56841827 27.09 305.074021  -2.138771 19.390
 43     5.838 53729.56841892 33.16 305.073291  -2.142081 19.390
 43     5.902 53729.56841956 27.28 305.072571  -2.145381 19.390
 43     5.351 53729.56842021 26.75 305.071841  -2.148691 19.390
 43     5.150 53729.56842085 25.90 305.071111  -2.151991 19.390
 43     5.847 53729.56842150 27.82 305.070391  -2.155301 19.390
 43     5.911 53729.56842214 37.63 305.069661  -2.158601 19.390
 43     5.890 53729.56842278 25.76 305.068931  -2.161911 19.390
 43     4.709 53729.56842343 25.14 305.068211  -2.165211 19.390
 43     4.921 53729.56842407 24.74 305.067481  -2.168521 19.390
 43     4.292 53729.56842472 26.34 305.066751  -2.171821 19.390
 43     3.983 53729.56842536 25.85 305.066031  -2.175131 19.390
 43     3.575 53729.56842601 24.23 305.065301  -2.178431 19.390
 43     7.673 53729.56842665 23.95 305.064571  -2.181741 19.390
 44     7.683 53764.56837895 42.37 305.080876  -2.122007 48.072
 44     7.764 53764.56837959 45.00 305.080154  -2.125311 26.328
 44     7.792 53764.56838024 48.89 305.079424  -2.128621 26.328
 44     7.801 53764.56838088 45.63 305.078694  -2.131921 26.328
 44     7.652 53764.56838153 48.33 305.077974  -2.135231 26.328
 44     7.650 53764.56838217 49.09 305.077244  -2.138531 26.328
 44     7.625 53764.56838282 51.49 305.076514  -2.141841 26.328
 44     7.701 53764.56838346 47.85 305.075784  -2.145141 26.328
 44     7.756 53764.56838411 44.71 305.075064  -2.148451 26.328
 44     7.592 53764.56838475 49.01 305.074334  -2.151751 26.328
 44     7.623 53764.56838540 47.74 305.073604  -2.155061 26.328
 44     7.680 53764.56838604 38.47 305.072884  -2.158361 26.328
 44     7.621 53764.56838668 31.65 305.072154  -2.161671 26.328
 44     7.339 53764.56838733 30.67 305.071424  -2.164971 26.328
 44     7.304 53764.56838797 28.63 305.070704  -2.168281 26.328
 44     6.982 53764.56838862 28.17 305.069974  -2.171581 26.328
 44     6.792 53764.56838926 29.06 305.069244  -2.174891 26.328
 44     6.268 53764.56838991 29.42 305.068514  -2.178191 26.328
 45     8.930 53799.56838542 29.48 305.078306  -2.122569 35.557
 45     8.943 53799.56838606 28.09 305.077586  -2.125869 35.557
 45     9.346 53799.56838671 29.59 305.076854  -2.129176 32.033
 45     9.427 53799.56838735 38.89 305.076134  -2.132476 32.033
 45     9.501 53799.56838800 49.33 305.075404  -2.135786 32.033
 45     9.510 53799.56838864 44.37 305.074674  -2.139096 32.033
 45     9.487 53799.56838929 41.33 305.073954  -2.142396 32.033
 45     9.484 53799.56838993 48.39 305.073224  -2.145706 32.033
 45     9.429 53799.56839058 49.90 305.072494  -2.149006 32.033
 45     9.420 53799.56839122 49.42 305.071774  -2.152316 32.033
 45     9.400 53799.56839187 46.86 305.071044  -2.155616 32.033
 45     9.214 53799.56839251 43.61 305.070314  -2.158926 32.033
 45     9.110 53799.56839316 40.44 305.069594  -2.162226 32.033
 45     8.811 53799.56839380 31.91 305.068864  -2.165536 32.033
 45     8.390 53799.56839445 27.17 305.068134  -2.168836 32.033
 45     7.958 53799.56839509 21.63 305.067414  -2.172146 32.033
 45     6.744 53799.56839573 23.56 305.066684  -2.175446 32.033
 45     9.077 53799.56839638 23.18 305.065954  -2.178756 32.033
 45     9.510 53799.56839702 23.18 305.065234  -2.182066 32.033
 46    10.193 53834.56838491 44.00 305.074712  -2.124600 50.738
 46    10.186 53834.56838556 45.12 305.073982  -2.127900 50.738
 46    10.184 53834.56838620 48.90 305.073252  -2.131210 50.738
 46    10.146 53834.56838685 46.36 305.072526  -2.134515 29.689
 46    10.224 53834.56838749 46.16 305.071796  -2.137825 29.689
 46    10.141 53834.56838814 46.26 305.071066  -2.141125 29.689
 46    10.105 53834.56838878 48.65 305.070346  -2.144435 29.689
 46    10.223 53834.56838943 39.41 305.069616  -2.147735 29.689
 46    10.092 53834.56839007 45.57 305.068886  -2.151045 29.689
 46    10.080 53834.56839072 50.34 305.068166  -2.154345 29.689
 46    10.126 53834.56839136 49.00 305.067436  -2.157655 29.689
 46    10.199 53834.56839200 35.11 305.066706  -2.160955 29.689
 46    10.253 53834.56839265 45.54 305.065976  -2.164265 29.689
 46    10.166 53834.56839329 52.24 305.065256  -2.167565 29.689
 46    10.070 53834.56839394 51.26 305.064526  -2.170875 29.689
 46    10.133 53834.56839458 47.68 305.063796  -2.174175 29.689
 46    10.200 53834.56839523 37.05 305.063076  -2.177485 29.689
 46    10.209 53834.56839587 36.01 305.062346  -2.180785 29.689
 46    10.211 53834.56839652 34.48 305.061616  -2.184095 29.689
 47    10.592 53869.56844673 30.72 305.072666  -2.122793 29.847
 47    10.346 53869.56844738 32.97 305.071936  -2.126093 29.847
 47    10.567 53869.56844802 30.70 305.071216  -2.129403 29.847
 47    10.937 53869.56844867 41.56 305.070486  -2.132703 29.847
 47    10.922 53869.56844931 48.99 305.069756  -2.136013 29.847
 47    10.832 53869.56844996 46.32 305.069035  -2.139319 23.915
 47    10.871 53869.56845060 43.88 305.068305  -2.142629 23.915
 47    10.878 53869.56845125 42.23 305.067575  -2.145929 23.915
 47    10.792 53869.56845189 42.27 305.066855  -2.149239 23.915
 47    10.849 53869.56845254 43.91 305.066125  -2.152539 23.915
 47    10.729 53869.56845318 38.35 305.065395  -2.155849 23.915
 47    10.620 53869.56845382 36.46 305.064665  -2.159149 23.915
 47    10.506 53869.56845447 32.66 305.063945  -2.162459 23.915
 47    10.020 53869.56845511 32.71 305.063215  -2.165759 23.915
 47     9.470 53869.56845576 25.83 305.062485  -2.169069 23.915
 47     8.662 53869.56845640 27.35 305.061765  -2.172369 23.915
 47     7.914 53869.56845705 26.65 305.061035  -2.175679 23.915
 47    10.212 53869.56845769 24.48 305.060305  -2.178979 23.915
 47    10.676 53869.56845834 24.45 305.059585  -2.182289 23.915
 47    10.763 53869.56845898 32.16 305.058855  -2.185589 23.915
 48    10.285 53904.56848083 32.71 305.071859  -2.123306 24.428
 48    10.102 53904.56848147 32.83 305.071129  -2.126616 24.428
 48    10.331 53904.56848212 30.55 305.070399  -2.129916 24.428
 48    10.660 53904.56848276 35.75 305.069669  -2.133216 24.428
 48    10.723 53904.56848341 42.52 305.068949  -2.136526 24.428
 48    10.676 53904.56848405 41.10 305.068219  -2.139836 24.428
 48    10.467 53904.56848469 33.00 305.067489  -2.143136 24.428
 48    10.689 53904.56848534 39.55 305.066769  -2.146446 24.428
 48    10.651 53904.56848598 44.72 305.066039  -2.149746 24.428
 48    10.576 53904.56848663 45.47 305.065309  -2.153056 24.428
 48    10.499 53904.56848727 36.72 305.064589  -2.156356 24.428
 48    10.325 53904.56848792 26.56 305.063859  -2.159666 24.428
 48     9.900 53904.56848856 22.40 305.063129  -2.162966 24.428
 48     9.560 53904.56848921 19.78 305.062409  -2.166276 24.428
 48     8.851 53904.56848985 19.13 305.061679  -2.169576 24.428
 48     9.071 53904.56849050 20.54 305.060949  -2.172886 24.428
 48     9.888 53904.56849114 19.39 305.060219  -2.176186 24.428
 48    10.110 53904.56849179 19.98 305.059499  -2.179496 24.428
 48    10.289 53904.56849243 23.11 305.058769  -2.182796 24.428
 48    10.418 53904.56849308 24.85 305.058039  -2.186106 24.428
 49     9.148 53939.56851505 26.37 305.063420  -2.124825 38.721
 49     8.995 53939.56851570 26.25 305.062700  -2.128135 38.721
 49     9.309 53939.56851634 27.92 305.061970  -2.131435 38.721
 49     9.544 53939.56851699 32.19 305.061240  -2.134745 38.721
 49     9.628 53939.56851763 39.77 305.060521  -2.138050 20.402
 49     9.582 53939.56851828 43.46 305.059791  -2.141360 20.402
 49     9.659 53939.56851892 40.48 305.059061  -2.144660 20.402
 49     9.735 53939.56851957 45.12 305.058341  -2.147970 20.402
 49     9.744 53939.56852021 46.40 305.057611  -2.151270 20.402
 49     9.628 53939.56852086 42.43 305.056881  -2.154580 20.402
 49     9.556 53939.56852150 33.32 305.056151  -2.157880 20.402
 49     9.059 53939.56852214 22.37 305.055431  -2.161190 20.402
 49     8.935 53939.56852279 20.73 305.054701  -2.164490 20.402
 49     8.400 53939.56852343 21.41 305.053971  -2.167800 20.402
 49     8.574 53939.56852408 20.01 305.053251  -2.171100 20.402
 49     8.662 53939.56852472 19.81 305.052521  -2.174410 20.402
 49     8.504 53939.56852537 18.26 305.051791  -2.177710 20.402
 49     8.838 53939.56852601 17.65 305.051071  -2.181020 20.402
 49     9.012 53939.56852666 18.98 305.050341  -2.184320 20.402
 49     9.373 53939.56852730 17.92 305.049611  -2.187630 20.402
 49     9.519 53939.56852795 20.35 305.048881  -2.190930 20.402
 49     9.592 53939.56852859 22.31 305.048161  -2.194240 20.402
 50     7.480 53974.56847429 19.39 305.071196  -2.123219 31.532
 50     7.159 53974.56847493 20.70 305.070466  -2.126529 31.532
 50     7.886 53974.56847558 25.74 305.069746  -2.129829 31.532
 50     8.456 53974.56847622 30.03 305.069016  -2.133139 31.532
 50     8.364 53974.56847687 33.40 305.068286  -2.136439 31.532
 50     8.080 53974.56847751 42.24 305.067566  -2.139749 31.532
 50     8.031 53974.56847816 44.97 305.066833  -2.143056 24.407
 50     8.109 53974.56847880 44.48 305.066113  -2.146366 24.407
 50     7.876 53974.56847945 36.43 305.065383  -2.149666 24.407
 50     8.040 53974.56848009 41.31 305.064653  -2.152976 24.407
 50     7.911 53974.56848074 31.29 305.063933  -2.156276 24.407
 50     7.665 53974.56848138 26.12 305.063203  -2.159586 24.407
 50     7.329 53974.56848203 20.87 305.062473  -2.162886 24.407
 50     7.053 53974.56848267 17.79 305.061753  -2.166196 24.407
 50     6.425 53974.56848331 18.61 305.061023  -2.169496 24.407
 50     7.099 53974.56848396 17.13 305.060293  -2.172806 24.407
 50     7.557 53974.56848460 15.73 305.059573  -2.176106 24.407
 50     7.833 53974.56848525 15.99 305.058843  -2.179416 24.407
 50     8.374 53974.56848589 16.73 305.058113  -2.182716 24.407
 50     8.722 53974.56848654 19.64 305.057393  -2.186026 24.407
 50     8.940 53974.56848718 27.90 305.056663  -2.189326 24.407
 51     7.107 54009.56846841 16.06 305.075343  -2.123419 18.450
 51     5.721 54009.56846905 15.97 305.074623  -2.126729 18.450
 51     4.963 54009.56846970 18.71 305.073893  -2.130029 18.450
 51     5.475 54009.56847034 18.93 305.073163  -2.133339 18.450
 51     6.151 54009.56847099 25.39 305.072437  -2.136644 16.640
 51     6.269 54009.56847163 26.83 305.071707  -2.139954 16.640
 51     6.314 54009.56847228 26.24 305.070977  -2.143254 16.640
 51     5.697 54009.56847292 20.12 305.070257  -2.146564 16.640
 51     4.826 54009.56847357 20.57 305.069527  -2.149864 16.640
 51     5.119 54009.56847421 22.82 305.068797  -2.153174 16.640
 51     5.416 54009.56847486 31.23 305.068077  -2.156474 16.640
 51     5.441 54009.56847550 32.93 305.067347  -2.159784 16.640
 51     5.171 54009.56847615 27.38 305.066617  -2.163084 16.640
 51     4.838 54009.56847679 23.39 305.065887  -2.166394 16.640
 51     4.821 54009.56847744 24.24 305.065167  -2.169694 16.640
 51     4.466 54009.56847808 21.32 305.064437  -2.173004 16.640
 51     6.982 54009.56847872 21.35 305.063707  -2.176304 16.640
 51     7.698 54009.56847937 22.81 305.062987  -2.179614 16.640
 51     8.292 54009.56848001 22.14 305.062257  -2.182914 16.640
 52     5.621 54044.56848771 18.90 305.079760  -2.122339 32.471
 52     4.358 54044.56848836 20.11 305.079030  -2.125649 32.471
 52     4.498 54044.56848900 29.33 305.078300  -2.128949 32.471
 52     4.503 54044.56848965 35.18 305.077580  -2.132259 32.471
 52     4.390 54044.56849029 27.03 305.076850  -2.135559 32.471
 52     5.070 54044.56849094 20.96 305.076120  -2.138869 32.471
 52     5.071 54044.56849158 29.26 305.075399  -2.142174 13.157
 52     4.868 54044.56849223 29.01 305.074669  -2.145484 13.157
 52     4.836 54044.56849287 17.93 305.073939  -2.148784 13.157
 52     4.466 54044.56849352 13.79 305.073219  -2.152094 13.157
 52     4.391 54044.56849416 13.51 305.072489  -2.155394 13.157
 52     4.521 54044.56849480 14.40 305.071759  -2.158704 13.157
 52     4.577 54044.56849545 16.26 305.071029  -2.162004 13.157
 52     4.344 54044.56849609 20.07 305.070309  -2.165314 13.157
 52     4.222 54044.56849674 17.48 305.069579  -2.168614 13.157
 52     3.898 54044.56849738 19.29 305.068849  -2.171924 13.157
 52     6.575 54044.56849803 16.24 305.068129  -2.175224 13.157
 52     7.870 54044.56849867 14.66 305.067399  -2.178534 13.157
 53     5.234 54079.56848126 15.05 305.074017  -2.122997 21.023
 53     5.328 54079.56848190 14.95 305.073287  -2.126307 21.023
 53     5.177 54079.56848255 15.28 305.072567  -2.129607 21.023
 53     5.175 54079.56848319 16.81 305.071837  -2.132917 21.023
 53     5.311 54079.56848384 17.91 305.071107  -2.136217 21.023
 53     5.170 54079.56848448 16.90 305.070387  -2.139527 21.023
 53     4.769 54079.56848512 19.87 305.069652  -2.142834 22.992
 53     5.222 54079.56848577 20.15 305.068932  -2.146144 22.992
 53     4.727 54079.56848641 24.69 305.068202  -2.149444 22.992
 53     5.038 54079.56848706 20.90 305.067472  -2.152754 22.992
 53     5.535 54079.56848770 31.40 305.066752  -2.156054 22.992
 53     5.602 54079.56848835 44.82 305.066022  -2.159364 22.992
 53     5.557 54079.56848899 34.29 305.065292  -2.162664 22.992
 53     5.029 54079.56848964 30.38 305.064572  -2.165974 22.992
 53     4.895 54079.56849028 30.02 305.063842  -2.169274 22.992
 53     4.682 54079.56849093 33.44 305.063112  -2.172584 22.992
 53     4.400 54079.56849157 28.26 305.062392  -2.175884 22.992
 53     3.835 54079.56849222 21.94 305.061662  -2.179194 22.992
 53     8.101 54079.56849286 19.18 305.060932  -2.182494 22.992
 53     8.617 54079.56849351 17.19 305.060212  -2.185804 22.992
 54     6.471 54114.56841648 27.05 305.074638  -2.121674 31.470
 54     6.859 54114.56841712 30.75 305.073908  -2.124974 31.470
 54     6.872 54114.56841777 44.22 305.073178  -2.128284 31.470
 54     6.960 54114.56841841 47.56 305.072458  -2.131594 31.470
 54     6.788 54114.56841906 31.40 305.071728  -2.134894 31.470
 54     6.743 54114.56841970 30.65 305.070998  -2.138204 31.470
 54     6.873 54114.56842035 46.55 305.070278  -2.141504 31.470
 54     6.967 54114.56842099 50.28 305.069548  -2.144813 17.210
 54     6.666 54114.56842164 24.43 305.068828  -2.148113 17.210
 54     6.564 54114.56842228 22.69 305.068098  -2.151423 17.210
 54     6.934 54114.56842293 35.80 305.067368  -2.154733 17.210
 54     6.989 54114.56842357 45.86 305.066648  -2.158033 17.210
 54     7.113 54114.56842422 25.73 305.065918  -2.161343 17.210
 54     6.395 54114.56842486 24.78 305.065188  -2.164643 17.210
 54     5.874 54114.56842551 27.02 305.064468  -2.167953 17.210
 54     5.549 54114.56842615 26.88 305.063738  -2.171253 17.210
 54     5.271 54114.56842679 25.63 305.063008  -2.174563 17.210
 54     5.175 54114.56842744 24.07 305.062288  -2.177863 17.210
 54     7.403 54114.56842808 21.10 305.061558  -2.181173 17.210
 54     8.189 54114.56842873 20.51 305.060828  -2.184473 17.210
 56     8.137 54184.56840767 24.97 305.074158  -2.124225 32.792
 56     8.634 54184.56840831 26.04 305.073428  -2.127525 32.792
 56     8.876 54184.56840896 39.48 305.072698  -2.130835 32.792
 56     8.902 54184.56840960 46.64 305.071978  -2.134145 32.792
 56     8.857 54184.56841025 43.43 305.071248  -2.137445 32.792
 56     8.928 54184.56841089 42.12 305.070518  -2.140755 32.792
 56     8.917 54184.56841154 41.97 305.069798  -2.144055 32.792
 56     8.950 54184.56841218 44.92 305.069067  -2.147363 26.552
 56     8.934 54184.56841283 47.49 305.068337  -2.150663 26.552
 56     8.941 54184.56841347 49.39 305.067617  -2.153973 26.552
 56     8.877 54184.56841412 43.93 305.066887  -2.157273 26.552
 56     8.683 54184.56841476 38.52 305.066167  -2.160583 26.552
 56     8.651 54184.56841541 30.41 305.065437  -2.163893 26.552
 56     7.797 54184.56841605 28.39 305.064707  -2.167193 26.552
 56     7.262 54184.56841670 26.57 305.063987  -2.170503 26.552
 56     6.778 54184.56841734 22.86 305.063257  -2.173803 26.552
 56     7.954 54184.56841799 23.95 305.062527  -2.177113 26.552
 56     8.344 54184.56841863 22.40 305.061807  -2.180413 26.552
 56     8.794 54184.56841927 20.39 305.061077  -2.183723 26.552
 57     9.204 54219.56843671 26.69 305.072794  -2.123164 29.356
 57     9.057 54219.56843735 28.00 305.072064  -2.126464 29.356
 57     9.366 54219.56843800 28.78 305.071334  -2.129774 29.356
 57     9.661 54219.56843864 41.10 305.070604  -2.133084 29.356
 57     9.587 54219.56843929 50.99 305.069884  -2.136384 29.356
 57     9.637 54219.56843993 34.26 305.069154  -2.139694 29.356
 57     9.639 54219.56844058 35.22 305.068424  -2.142994 29.356
 57     9.659 54219.56844122 43.70 305.067702  -2.146301 25.619
 57     9.710 54219.56844187 46.92 305.066972  -2.149611 25.619
 57     9.708 54219.56844251 49.16 305.066242  -2.152911 25.619
 57     9.715 54219.56844316 48.84 305.065522  -2.156211 25.619
 57     9.693 54219.56844380 44.93 305.064792  -2.159521 25.619
 57     9.410 54219.56844444 27.60 305.064062  -2.162831 25.619
 57     8.766 54219.56844509 24.53 305.063332  -2.166131 25.619
 57     8.206 54219.56844573 21.58 305.062612  -2.169441 25.619
 57     7.345 54219.56844638 22.60 305.061882  -2.172741 25.619
 57     6.711 54219.56844702 23.45 305.061152  -2.176051 25.619
 57     8.977 54219.56844767 21.86 305.060432  -2.179351 25.619
 57     9.300 54219.56844831 21.55 305.059702  -2.182661 25.619
 57     9.523 54219.56844896 22.56 305.058972  -2.185961 25.619
 58     9.352 54254.56846129 33.48 305.073297  -2.124538 26.829
 58     9.771 54254.56846194 32.73 305.072567  -2.127838 26.829
 58    10.032 54254.56846258 32.64 305.071837  -2.131148 26.829
 58    10.169 54254.56846323 37.75 305.071107  -2.134448 26.829
 58    10.257 54254.56846387 42.59 305.070387  -2.137758 26.829
 58    10.035 54254.56846452 37.66 305.069657  -2.141058 26.829
 58    10.119 54254.56846516 38.88 305.068927  -2.144368 26.829
 58    10.184 54254.56846580 43.32 305.068209  -2.147674 24.807
 58    10.274 54254.56846645 46.10 305.067479  -2.150984 24.807
 58    10.275 54254.56846709 45.31 305.066749  -2.154284 24.807
 58    10.056 54254.56846774 37.14 305.066029  -2.157584 24.807
 58     9.996 54254.56846838 29.60 305.065299  -2.160894 24.807
 58     9.394 54254.56846903 26.64 305.064569  -2.164204 24.807
 58     9.012 54254.56846967 21.59 305.063839  -2.167504 24.807
 58     8.825 54254.56847032 19.73 305.063119  -2.170814 24.807
 58     8.362 54254.56847096 20.50 305.062389  -2.174114 24.807
 58     9.532 54254.56847161 19.72 305.061659  -2.177424 24.807
 58     9.808 54254.56847225 19.98 305.060939  -2.180724 24.807
 58    10.010 54254.56847290 21.54 305.060209  -2.184034 24.807
 58    10.081 54254.56847354 24.19 305.059479  -2.187334 24.807
 59     9.127 54289.56846450 32.25 305.075836  -2.123715 28.395
 59     9.376 54289.56846514 30.95 305.075106  -2.127015 28.395
 59     9.566 54289.56846579 32.45 305.074376  -2.130325 28.395
 59     9.878 54289.56846643 38.55 305.073656  -2.133625 28.395
 59     9.867 54289.56846708 48.66 305.072926  -2.136935 28.395
 59     9.829 54289.56846772 42.42 305.072196  -2.140235 28.395
 59     9.802 54289.56846836 36.60 305.071466  -2.143545 28.395
 59     9.842 54289.56846901 44.83 305.070749  -2.146849 27.453
 59     9.887 54289.56846965 48.09 305.070019  -2.150159 27.453
 59     9.871 54289.56847030 46.84 305.069289  -2.153459 27.453
 59     9.664 54289.56847094 41.56 305.068559  -2.156769 27.453
 59     9.589 54289.56847159 36.97 305.067839  -2.160069 27.453
 59     9.125 54289.56847223 28.46 305.067109  -2.163379 27.453
 59     8.730 54289.56847288 27.16 305.066379  -2.166679 27.453
 59     7.588 54289.56847352 23.15 305.065659  -2.169989 27.453
 59     8.501 54289.56847417 17.86 305.064929  -2.173289 27.453
 59     9.300 54289.56847481 16.56 305.064199  -2.176599 27.453
 59     9.683 54289.56847546 16.70 305.063479  -2.179899 27.453
 59     9.747 54289.56847610 19.43 305.062749  -2.183209 27.453
 60     8.539 54324.56846179 25.23 305.075800  -2.123820 30.117
 60     8.629 54324.56846244 26.75 305.075070  -2.127120 30.117
 60     8.980 54324.56846308 34.46 305.074340  -2.130430 30.117
 60     9.022 54324.56846373 42.06 305.073610  -2.133730 30.117
 60     9.098 54324.56846437 46.61 305.072890  -2.137040 30.117
 60     9.132 54324.56846502 45.77 305.072160  -2.140340 30.117
 60     8.924 54324.56846566 38.32 305.071440  -2.143650 30.117
 60     8.958 54324.56846631 46.68 305.070712  -2.146956 25.611
 60     8.928 54324.56846695 46.85 305.069982  -2.150266 25.611
 60     8.926 54324.56846760 47.49 305.069252  -2.153566 25.611
 60     8.932 54324.56846824 40.04 305.068522  -2.156866 25.611
 60     8.721 54324.56846889 28.69 305.067802  -2.160176 25.611
 60     8.383 54324.56846953 23.27 305.067072  -2.163486 25.611
 60     7.783 54324.56847017 19.87 305.066342  -2.166786 25.611
 60     7.301 54324.56847082 18.79 305.065622  -2.170096 25.611
 60     8.004 54324.56847146 18.17 305.064892  -2.173396 25.611
 60     8.119 54324.56847211 19.31 305.064162  -2.176706 25.611
 60     8.583 54324.56847275 17.00 305.063442  -2.180006 25.611
 60     9.043 54324.56847340 16.36 305.062712  -2.183316 25.611
 61     8.004 54359.56841587 19.54 305.075936  -2.121566 21.383
 61     7.278 54359.56841652 19.12 305.075206  -2.124866 21.383
 61     6.586 54359.56841716 18.58 305.074486  -2.128176 21.383
 61     6.771 54359.56841781 21.84 305.073756  -2.131476 21.383
 61     6.852 54359.56841845 28.52 305.073026  -2.134786 21.383
 61     6.927 54359.56841909 32.77 305.072306  -2.138086 21.383
 61     6.989 54359.56841974 41.50 305.071576  -2.141396 21.383
 61     6.882 54359.56842038 43.55 305.070846  -2.144706 21.383
 61     7.404 54359.56842103 29.98 305.070126  -2.148006 21.383
 61     7.671 54359.56842167 30.82 305.069395  -2.151314 15.384
 61     7.698 54359.56842232 29.29 305.068675  -2.154614 15.384
 61     7.017 54359.56842296 28.97 305.067945  -2.157924 15.384
 61     6.523 54359.56842361 23.44 305.067215  -2.161234 15.384
 61     6.269 54359.56842425 21.37 305.066495  -2.164534 15.384
 61     5.857 54359.56842490 21.53 305.065765  -2.167844 15.384
 61     5.535 54359.56842554 21.78 305.065035  -2.171144 15.384
 61     6.479 54359.56842619 19.06 305.064315  -2.174454 15.384
 61     7.549 54359.56842683 20.13 305.063585  -2.177754 15.384
 61     8.201 54359.56842748 20.66 305.062855  -2.181064 15.384
 61     8.345 54359.56842812 23.36 305.062135  -2.184364 15.384
 62     5.551 54394.56840202 18.08 305.075129  -2.123034 19.658
 62     5.013 54394.56840267 15.69 305.074399  -2.126334 19.658
 62     4.456 54394.56840331 19.14 305.073679  -2.129644 19.658
 62     5.323 54394.56840396 19.27 305.072949  -2.132944 19.658
 62     5.937 54394.56840460 17.01 305.072219  -2.136254 19.658
 62     6.006 54394.56840525 31.83 305.071489  -2.139554 19.658
 62     6.189 54394.56840589 31.78 305.070769  -2.142864 19.658
 62     5.606 54394.56840654 18.76 305.070039  -2.146164 19.658
 62     3.720 54394.56840718 15.41 305.069309  -2.149474 19.658
 62     4.115 54394.56840783 16.86 305.068589  -2.152780 17.673
 62     4.339 54394.56840847 21.29 305.067859  -2.156090 17.673
 62     4.608 54394.56840912 22.28 305.067129  -2.159390 17.673
 62     4.611 54394.56840976 25.93 305.066409  -2.162700 17.673
 62     4.633 54394.56841041 22.24 305.065679  -2.166000 17.673
 62     4.046 54394.56841105 21.56 305.064949  -2.169310 17.673
 62     3.851 54394.56841169 18.86 305.064219  -2.172610 17.673
 62     3.253 54394.56841234 19.38 305.063499  -2.175920 17.673
 62     7.864 54394.56841298 17.97 305.062769  -2.179220 17.673
 62     8.334 54394.56841363 17.38 305.062039  -2.182530 17.673
 62     8.538 54394.56841427 20.61 305.061319  -2.185830 17.673
 63     5.222 54429.56836666 13.83 305.075954  -2.123204 21.544
 63     4.948 54429.56836730 14.45 305.075224  -2.126514 21.544
 63     5.186 54429.56836795 20.23 305.074494  -2.129814 21.544
 63     5.125 54429.56836859 15.73 305.073774  -2.133124 21.544
 63     4.741 54429.56836924 20.94 305.073044  -2.136424 21.544
 63     5.145 54429.56836988 22.85 305.072314  -2.139734 21.544
 63     5.188 54429.56837053 30.94 305.071594  -2.143044 21.544
 63     5.195 54429.56837117 27.45 305.070864  -2.146344 21.544
 63     4.866 54429.56837181 17.45 305.070134  -2.149654 21.544
 63     4.748 54429.56837246 15.68 305.069414  -2.152954 21.544
 63     5.011 54429.56837310 28.36 305.068679  -2.156262 20.535
 63     5.092 54429.56837375 39.89 305.067959  -2.159562 20.535
 63     4.940 54429.56837439 34.61 305.067229  -2.162872 20.535
 63     4.851 54429.56837504 23.49 305.066499  -2.166172 20.535
 63     4.732 54429.56837568 17.65 305.065779  -2.169482 20.535
 63     5.317 54429.56837633 13.49 305.065049  -2.172792 20.535
 63     7.282 54429.56837697 15.81 305.064319  -2.176092 20.535
 63     8.052 54429.56837762 14.76 305.063599  -2.179402 20.535
 63     8.390 54429.56837826 14.24 305.062869  -2.182702 20.535
 64     6.008 54464.56838119 16.61 305.075711  -2.122089 15.402
 64     5.597 54464.56838184 17.73 305.074981  -2.125389 15.402
 64     5.779 54464.56838248 19.30 305.074261  -2.128699 15.402
 64     6.066 54464.56838313 20.69 305.073531  -2.131999 15.402
 64     6.345 54464.56838377 24.03 305.072801  -2.135309 15.402
 64     6.467 54464.56838442 30.75 305.072071  -2.138609 15.402
 64     6.494 54464.56838506 42.60 305.071351  -2.141919 15.402
 64     6.375 54464.56838571 32.91 305.070621  -2.145219 15.402
 64     5.988 54464.56838635 25.84 305.069891  -2.148529 15.402
 64     5.971 54464.56838700 22.88 305.069170  -2.151834 20.494
 64     6.473 54464.56838764 29.06 305.068440  -2.155144 20.494
 64     6.582 54464.56838828 39.67 305.067710  -2.158444 20.494
 64     5.996 54464.56838893 25.89 305.066990  -2.161754 20.494
 64     5.870 54464.56838957 25.01 305.066260  -2.165054 20.494
 64     5.801 54464.56839022 27.30 305.065530  -2.168364 20.494
 64     5.686 54464.56839086 28.66 305.064800  -2.171664 20.494
 64     5.278 54464.56839151 25.50 305.064080  -2.174974 20.494
 64     4.747 54464.56839215 25.42 305.063350  -2.178274 20.494
 64     8.098 54464.56839280 21.55 305.062620  -2.181584 20.494
 64     8.482 54464.56839344 20.13 305.061900  -2.184884 20.494
 65     8.686 54499.56837739 20.84 305.075991  -2.121629 25.045
 65     7.244 54499.56837804 22.77 305.075271  -2.124939 25.045
 65     7.530 54499.56837868 22.71 305.074541  -2.128239 25.045
 65     8.144 54499.56837933 24.41 305.073811  -2.131539 25.045
 65     8.175 54499.56837997 34.67 305.073091  -2.134849 25.045
 65     8.344 54499.56838062 44.56 305.072361  -2.138159 25.045
 65     8.145 54499.56838126 51.52 305.071631  -2.141459 25.045
 65     8.204 54499.56838190 48.15 305.070911  -2.144769 25.045
 65     8.183 54499.56838255 49.47 305.070181  -2.148069 25.045
 65     8.123 54499.56838319 51.31 305.069451  -2.151379 25.045
 65     8.123 54499.56838384 48.25 305.068731  -2.154679 25.045
 65     7.976 54499.56838448 34.38 305.068001  -2.157989 25.045
 65     7.843 54499.56838513 36.90 305.067271  -2.161289 25.045
 65     7.390 54499.56838577 31.99 305.066551  -2.164599 25.045
 65     6.828 54499.56838642 28.99 305.065821  -2.167899 25.045
 65     6.325 54499.56838706 26.98 305.065091  -2.171209 25.045
 65     5.375 54499.56838771 27.21 305.064371  -2.174509 25.045
 65     4.687 54499.56838835 24.98 305.063641  -2.177819 25.045
 65     7.813 54499.56838900 25.27 305.062911  -2.181119 25.045
 65     8.155 54499.56838964 23.02 305.062191  -2.184429 25.045
 66     8.994 54534.56839576 26.54 305.075691  -2.123723 35.425
 66     8.902 54534.56839640 30.07 305.074972  -2.127029 29.222
 66     9.307 54534.56839705 32.76 305.074242  -2.130339 29.222
 66     9.489 54534.56839769 45.87 305.073512  -2.133639 29.222
 66     9.504 54534.56839834 51.42 305.072792  -2.136949 29.222
 66     9.495 54534.56839898 47.81 305.072062  -2.140249 29.222
 66     9.451 54534.56839963 42.65 305.071332  -2.143559 29.222
 66     9.480 54534.56840027 48.10 305.070602  -2.146859 29.222
 66     9.321 54534.56840091 45.34 305.069882  -2.150169 29.222
 66     9.342 54534.56840156 46.14 305.069152  -2.153469 29.222
 66     9.318 54534.56840220 37.92 305.068422  -2.156779 29.222
 66     9.146 54534.56840285 39.75 305.067702  -2.160079 29.222
 66     8.803 54534.56840349 36.02 305.066972  -2.163389 29.222
 66     8.566 54534.56840414 28.59 305.066242  -2.166689 29.222
 66     7.899 54534.56840478 25.75 305.065522  -2.169999 29.222
 66     7.349 54534.56840543 23.90 305.064792  -2.173299 29.222
 66     6.251 54534.56840607 24.51 305.064062  -2.176609 29.222
 66     9.068 54534.56840672 24.23 305.063332  -2.179909 29.222
 66     9.158 54534.56840736 24.00 305.062612  -2.183219 29.222
 67    10.360 54569.56838060 39.91 305.075516  -2.123501 37.715
 67    10.381 54569.56838125 39.10 305.074796  -2.126801 37.715
 67    10.373 54569.56838189 43.85 305.074066  -2.130111 37.715
 67    10.282 54569.56838254 48.02 305.073336  -2.133421 37.715
 67    10.254 54569.56838318 50.11 305.072616  -2.136721 37.715
 67    10.255 54569.56838383 50.18 305.071884  -2.140029 17.582
 67    10.292 54569.56838447 52.02 305.071164  -2.143329 17.582
 67    10.311 54569.56838511 51.17 305.070434  -2.146639 17.582
 67    10.324 54569.56838576 47.86 305.069704  -2.149949 17.582
 67    10.384 54569.56838640 47.35 305.068984  -2.153249 17.582
 67    10.398 54569.56838705 45.83 305.068254  -2.156559 17.582
 67    10.194 54569.56838769 33.51 305.067524  -2.159859 17.582
 67    10.130 54569.56838834 30.07 305.066804  -2.163169 17.582
 67    10.199 54569.56838898 28.12 305.066074  -2.166469 17.582
 67    10.137 54569.56838963 26.87 305.065344  -2.169779 17.582
 67    10.101 54569.56839027 27.19 305.064624  -2.173079 17.582
 67     9.842 54569.56839092 27.47 305.063894  -2.176389 17.582
 67     9.928 54569.56839156 26.97 305.063164  -2.179689 17.582
 67    10.053 54569.56839221 26.77 305.062444  -2.182999 17.582
 68    10.249 54604.56839007 33.49 305.073807  -2.123614 26.311
 68    10.335 54604.56839072 34.06 305.073077  -2.126924 26.311
 68    10.555 54604.56839136 32.93 305.072358  -2.130229 28.277
 68    10.606 54604.56839201 42.98 305.071628  -2.133539 28.277
 68    10.672 54604.56839265 48.34 305.070898  -2.136839 28.277
 68    10.770 54604.56839330 45.68 305.070178  -2.140149 28.277
 68    10.625 54604.56839394 40.92 305.069448  -2.143449 28.277
 68    10.642 54604.56839459 49.05 305.068718  -2.146759 28.277
 68    10.595 54604.56839523 48.26 305.067988  -2.150059 28.277
 68    10.586 54604.56839587 42.40 305.067268  -2.153369 28.277
 68    10.587 54604.56839652 37.92 305.066538  -2.156669 28.277
 68    10.256 54604.56839716 36.78 305.065808  -2.159979 28.277
 68     9.970 54604.56839781 31.38 305.065088  -2.163279 28.277
 68     9.371 54604.56839845 25.47 305.064358  -2.166589 28.277
 68     9.009 54604.56839910 22.66 305.063628  -2.169889 28.277
 68     8.270 54604.56839974 21.44 305.062908  -2.173199 28.277
 68     9.344 54604.56840039 21.35 305.062178  -2.176499 28.277
 68     8.508 54604.56840103 23.21 305.061448  -2.179809 28.277
 68    10.527 54604.56840168 21.35 305.060718  -2.183109 28.277
 68    10.575 54604.56840232 24.69 305.059998  -2.186419 28.277
 69    10.296 54639.56840059 30.47 305.073385  -2.123647 39.532
 69    10.181 54639.56840124 32.09 305.072655  -2.126957 39.532
 69    10.487 54639.56840188 34.20 305.071938  -2.130262 24.438
 69    10.557 54639.56840252 45.63 305.071208  -2.133572 24.438
 69    10.575 54639.56840317 48.33 305.070478  -2.136872 24.438
 69    10.644 54639.56840381 49.20 305.069758  -2.140182 24.438
 69    10.633 54639.56840446 47.41 305.069028  -2.143482 24.438
 69    10.602 54639.56840510 45.78 305.068298  -2.146792 24.438
 69    10.554 54639.56840575 46.89 305.067568  -2.150092 24.438
 69    10.590 54639.56840639 46.56 305.066848  -2.153402 24.438
 69    10.414 54639.56840704 40.06 305.066118  -2.156702 24.438
 69    10.344 54639.56840768 29.72 305.065388  -2.160012 24.438
 69     9.925 54639.56840833 26.89 305.064668  -2.163312 24.438
 69     9.403 54639.56840897 26.91 305.063938  -2.166622 24.438
 69     9.300 54639.56840962 23.56 305.063208  -2.169922 24.438
 69     9.045 54639.56841026 24.59 305.062488  -2.173232 24.438
 69     9.833 54639.56841091 21.71 305.061758  -2.176532 24.438
 69     9.966 54639.56841155 22.86 305.061028  -2.179842 24.438
 69    10.425 54639.56841220 20.95 305.060308  -2.183142 24.438
 69    10.580 54639.56841284 23.37 305.059578  -2.186452 24.438
 70     9.195 54674.56840278 25.33 305.073039  -2.123570 23.302
 70     9.267 54674.56840342 26.84 305.072309  -2.126870 23.302
 70     9.504 54674.56840407 30.76 305.071579  -2.130180 23.302
 70     9.608 54674.56840471 42.35 305.070861  -2.133486 28.311
 70     9.664 54674.56840535 45.34 305.070131  -2.136796 28.311
 70     9.756 54674.56840600 40.62 305.069401  -2.140096 28.311
 70     9.719 54674.56840664 39.55 305.068681  -2.143406 28.311
 70     9.737 54674.56840729 44.73 305.067951  -2.146706 28.311
 70     9.713 54674.56840793 44.37 305.067221  -2.150016 28.311
 70     9.584 54674.56840858 39.50 305.066491  -2.153316 28.311
 70     9.485 54674.56840922 34.88 305.065771  -2.156626 28.311
 70     9.199 54674.56840987 31.18 305.065041  -2.159926 28.311
 70     8.820 54674.56841051 29.61 305.064311  -2.163236 28.311
 70     8.325 54674.56841116 24.58 305.063591  -2.166536 28.311
 70     7.646 54674.56841180 21.40 305.062861  -2.169846 28.311
 70     6.929 54674.56841245 19.96 305.062131  -2.173146 28.311
 70     8.708 54674.56841309 17.17 305.061411  -2.176456 28.311
 70     9.248 54674.56841374 16.44 305.060681  -2.179756 28.311
 70     9.415 54674.56841438 17.25 305.059951  -2.183066 28.311
 70     9.453 54674.56841502 22.15 305.059231  -2.186366 28.311
 71     8.054 54709.56836007 17.77 305.076503  -2.124099 21.508
 71     7.675 54709.56836072 18.40 305.075783  -2.127399 21.508
 71     8.534 54709.56836136 21.21 305.075053  -2.130709 21.508
 71     8.139 54709.56836201 31.94 305.074323  -2.134019 21.508
 71     8.202 54709.56836265 40.49 305.073603  -2.137319 21.508
 71     8.289 54709.56836330 38.76 305.072870  -2.140626 27.533
 71     8.062 54709.56836394 38.85 305.072150  -2.143936 27.533
 71     8.099 54709.56836459 44.87 305.071420  -2.147236 27.533
 71     8.117 54709.56836523 43.78 305.070690  -2.150546 27.533
 71     8.154 54709.56836588 43.20 305.069970  -2.153846 27.533
 71     8.173 54709.56836652 29.22 305.069240  -2.157156 27.533
 71     7.775 54709.56836717 24.42 305.068510  -2.160456 27.533
 71     7.362 54709.56836781 23.70 305.067790  -2.163766 27.533
 71     6.831 54709.56836846 22.39 305.067060  -2.167066 27.533
 71     6.070 54709.56836910 20.59 305.066330  -2.170376 27.533
 71     7.493 54709.56836974 16.22 305.065610  -2.173676 27.533
 71     7.921 54709.56837039 17.19 305.064880  -2.176986 27.533
 71     8.118 54709.56837103 24.03 305.064150  -2.180286 27.533
 71     8.276 54709.56837168 25.98 305.063430  -2.183596 27.533
 72     6.257 54744.56837009 16.39 305.073761  -2.123750 19.149
 72     5.538 54744.56837073 15.75 305.073042  -2.127053 13.962
 72     5.557 54744.56837138 17.36 305.072312  -2.130363 13.962
 72     5.950 54744.56837202 18.04 305.071582  -2.133663 13.962
 72     6.220 54744.56837267 23.79 305.070862  -2.136973 13.962
 72     6.294 54744.56837331 21.54 305.070132  -2.140273 13.962
 72     6.280 54744.56837396 18.79 305.069402  -2.143583 13.962
 72     5.602 54744.56837460 18.54 305.068672  -2.146883 13.962
 72     5.352 54744.56837525 19.45 305.067952  -2.150193 13.962
 72     5.356 54744.56837589 26.39 305.067222  -2.153493 13.962
 72     5.566 54744.56837654 30.67 305.066492  -2.156803 13.962
 72     5.504 54744.56837718 33.08 305.065772  -2.160103 13.962
 72     5.576 54744.56837782 31.10 305.065042  -2.163413 13.962
 72     5.123 54744.56837847 27.67 305.064312  -2.166713 13.962
 72     6.299 54744.56837911 18.51 305.063592  -2.170023 13.962
 72     6.527 54744.56837976 17.88 305.062862  -2.173323 13.962
 72     7.375 54744.56838040 18.55 305.062132  -2.176633 13.962
 72     8.096 54744.56838105 17.99 305.061402  -2.179933 13.962
 72     8.362 54744.56838169 21.41 305.060682  -2.183243 13.962
 72     8.980 54744.56838234 20.30 305.059952  -2.186543 13.962
 73     5.295 54779.56834410 13.23 305.075582  -2.123974 27.150
 73     4.549 54779.56834474 15.65 305.074862  -2.127284 27.150
 73     4.573 54779.56834539 16.94 305.074126  -2.130591 18.441
 73     5.246 54779.56834603 17.99 305.073406  -2.133891 18.441
 73     5.744 54779.56834668 19.34 305.072676  -2.137201 18.441
 73     5.849 54779.56834732 34.27 305.071956  -2.140501 18.441
 73     6.125 54779.56834797 32.70 305.071226  -2.143811 18.441
 73     5.870 54779.56834861 17.29 305.070496  -2.147121 18.441
 73     4.924 54779.56834925 16.91 305.069766  -2.150421 18.441
 73     4.610 54779.56834990 16.83 305.069046  -2.153731 18.441
 73     4.816 54779.56835054 24.02 305.068316  -2.157031 18.441
 73     4.812 54779.56835119 29.01 305.067586  -2.160341 18.441
 73     4.735 54779.56835183 28.23 305.066866  -2.163641 18.441
 73     4.519 54779.56835248 27.81 305.066136  -2.166951 18.441
 73     4.156 54779.56835312 22.57 305.065406  -2.170251 18.441
 73     5.726 54779.56835377 17.82 305.064686  -2.173561 18.441
 73     7.547 54779.56835441 16.40 305.063956  -2.176861 18.441
 73     8.043 54779.56835506 18.99 305.063226  -2.180171 18.441
 73     8.382 54779.56835570 18.27 305.062506  -2.183471 18.441
 74     6.045 54814.56836270 13.23 305.074503  -2.122847 16.554
 74     5.436 54814.56836334 15.60 305.073773  -2.126157 16.554
 74     5.447 54814.56836398 15.55 305.073053  -2.129457 16.554
 74     8.424 54814.56836463 19.05 305.072323  -2.132767 16.554
 74     5.677 54814.56836527 21.79 305.071593  -2.136067 16.554
 74     5.854 54814.56836592 23.59 305.070873  -2.139377 16.554
 74     5.903 54814.56836656 24.24 305.070143  -2.142677 16.554
 74     5.912 54814.56836721 20.03 305.069413  -2.145987 16.554
 74     5.521 54814.56836785 17.99 305.068693  -2.149297 16.554
 74     5.694 54814.56836850 17.18 305.067963  -2.152597 16.554
 74     6.018 54814.56836914 33.38 305.067233  -2.155907 16.554
 74     6.021 54814.56836979 39.50 305.066503  -2.159207 16.554
 74     5.847 54814.56837043 25.20 305.065782  -2.162514 16.800
 74     5.784 54814.56837108 19.84 305.065052  -2.165814 16.800
 74     5.681 54814.56837172 17.51 305.064322  -2.169124 16.800
 74     5.878 54814.56837237 15.69 305.063602  -2.172424 16.800
 74     7.226 54814.56837301 16.46 305.062872  -2.175734 16.800
 74     7.943 54814.56837365 16.08 305.062142  -2.179044 16.800
 74     8.357 54814.56837430 16.07 305.061412  -2.182344 16.800
 74     8.722 54814.56837494 18.93 305.060692  -2.185654 16.800
 76     9.222 54884.56836683 27.89 305.073217  -2.122086 37.052
 76     8.674 54884.56836747 22.73 305.072498  -2.125391 26.982
 76     8.981 54884.56836811 24.24 305.071768  -2.128701 26.982
 76     9.149 54884.56836876 35.78 305.071038  -2.132001 26.982
 76     9.141 54884.56836940 45.26 305.070318  -2.135311 26.982
 76     9.191 54884.56837005 51.20 305.069588  -2.138611 26.982
 76     9.213 54884.56837069 52.05 305.068858  -2.141921 26.982
 76     9.291 54884.56837134 49.20 305.068128  -2.145221 26.982
 76     9.334 54884.56837198 46.83 305.067408  -2.148531 26.982
 76     9.310 54884.56837263 48.64 305.066678  -2.151831 26.982
 76     9.301 54884.56837327 44.67 305.065948  -2.155141 26.982
 76     9.056 54884.56837392 38.26 305.065228  -2.158441 26.982
 76     8.957 54884.56837456 32.00 305.064498  -2.161751 26.982
 76     8.708 54884.56837521 28.26 305.063768  -2.165051 26.982
 76     8.157 54884.56837585 26.38 305.063048  -2.168361 26.982
 76     7.495 54884.56837650 26.31 305.062318  -2.171661 26.982
 76     8.029 54884.56837714 25.51 305.061588  -2.174971 26.982
 76     7.161 54884.56837778 24.25 305.060858  -2.178271 26.982
 76     8.867 54884.56837843 21.99 305.060138  -2.181581 26.982
 76     9.078 54884.56837907 21.77 305.059408  -2.184881 26.982
 77    10.324 54919.56834405 29.38 305.072936  -2.121589 32.416
 77    10.019 54919.56834470 32.82 305.072216  -2.124889 32.416
 77    10.153 54919.56834534 31.86 305.071486  -2.128199 32.416
 77    10.416 54919.56834598 32.78 305.070756  -2.131509 32.416
 77    10.510 54919.56834663 50.92 305.070036  -2.134809 32.416
 77    10.597 54919.56834727 50.18 305.069305  -2.138118 28.064
 77    10.597 54919.56834792 46.15 305.068585  -2.141418 28.064
 77    10.593 54919.56834856 47.56 305.067855  -2.144728 28.064
 77    10.591 54919.56834921 48.55 305.067125  -2.148028 28.064
 77    10.578 54919.56834985 49.62 305.066405  -2.151338 28.064
 77    10.569 54919.56835050 47.30 305.065675  -2.154648 28.064
 77    10.492 54919.56835114 43.73 305.064945  -2.157948 28.064
 77    10.246 54919.56835179 34.53 305.064225  -2.161258 28.064
 77     9.829 54919.56835243 28.06 305.063495  -2.164558 28.064
 77     9.524 54919.56835308 28.17 305.062765  -2.167868 28.064
 77     8.887 54919.56835372 22.36 305.062045  -2.171168 28.064
 77     8.128 54919.56835437 21.77 305.061315  -2.174478 28.064
 77     9.172 54919.56835501 22.44 305.060585  -2.177778 28.064
 77    10.065 54919.56835565 21.65 305.059865  -2.181088 28.064
 77    10.241 54919.56835630 22.93 305.059135  -2.184388 28.064
 77    10.407 54919.56835694 24.71 305.058405  -2.187698 28.064
 78    10.863 54954.56836086 31.81 305.073497  -2.122327 21.665
 78    10.547 54954.56836151 32.35 305.072767  -2.125627 21.665
 78    10.874 54954.56836215 30.20 305.072037  -2.128937 21.665
 78    11.090 54954.56836280 34.47 305.071317  -2.132242 22.734
 78    11.219 54954.56836344 34.73 305.070587  -2.135552 22.734
 78    11.308 54954.56836409 38.81 305.069857  -2.138852 22.734
 78    11.031 54954.56836473 38.03 305.069137  -2.142162 22.734
 78    11.129 54954.56836537 39.55 305.068407  -2.145462 22.734
 78    11.189 54954.56836602 46.42 305.067677  -2.148772 22.734
 78    11.246 54954.56836666 46.44 305.066947  -2.152072 22.734
 78    11.230 54954.56836731 40.56 305.066227  -2.155382 22.734
 78    10.987 54954.56836795 35.89 305.065497  -2.158682 22.734
 78    10.409 54954.56836860 33.60 305.064767  -2.161992 22.734
 78     9.929 54954.56836924 28.94 305.064047  -2.165292 22.734
 78     9.138 54954.56836989 24.52 305.063317  -2.168602 22.734
 78     8.721 54954.56837053 20.27 305.062587  -2.171902 22.734
 78     9.998 54954.56837118 20.80 305.061867  -2.175212 22.734
 78    10.683 54954.56837182 18.87 305.061137  -2.178512 22.734
 78    10.996 54954.56837247 20.67 305.060407  -2.181822 22.734
 78    11.027 54954.56837311 25.18 305.059677  -2.185132 22.734
 79    10.935 54989.56838571 34.58 305.071170  -2.124545 21.805
 79    10.975 54989.56838636 33.89 305.070452  -2.127849 24.119
 79    11.165 54989.56838700 35.77 305.069722  -2.131159 24.119
 79    11.416 54989.56838765 43.15 305.068992  -2.134459 24.119
 79    11.442 54989.56838829 44.69 305.068272  -2.137769 24.119
 79    11.389 54989.56838894 43.32 305.067542  -2.141069 24.119
 79    11.306 54989.56838958 40.25 305.066812  -2.144379 24.119
 79    11.338 54989.56839023 47.81 305.066082  -2.147679 24.119
 79    11.305 54989.56839087 47.07 305.065362  -2.150989 24.119
 79    11.284 54989.56839152 42.91 305.064632  -2.154289 24.119
 79    11.192 54989.56839216 29.68 305.063902  -2.157599 24.119
 79    10.671 54989.56839281 24.51 305.063182  -2.160899 24.119
 79    10.295 54989.56839345 21.13 305.062452  -2.164209 24.119
 79     9.868 54989.56839409 19.34 305.061722  -2.167509 24.119
 79     9.426 54989.56839474 18.69 305.061002  -2.170819 24.119
 79    10.330 54989.56839538 18.25 305.060272  -2.174119 24.119
 79    10.631 54989.56839603 17.15 305.059542  -2.177429 24.119
 79    10.892 54989.56839667 18.79 305.058812  -2.180729 24.119
 79    11.093 54989.56839732 21.15 305.058092  -2.184039 24.119
 79    11.206 54989.56839796 24.12 305.057362  -2.187339 24.119
 80    10.564 55024.56837685 28.85 305.075591  -2.123383 25.010
 80    10.537 55024.56837749 29.03 305.074871  -2.126693 25.010
 80    10.727 55024.56837814 33.54 305.074136  -2.130000 24.500
 80    10.839 55024.56837878 46.79 305.073416  -2.133300 24.500
 80    10.893 55024.56837943 47.07 305.072686  -2.136610 24.500
 80    10.669 55024.56838007 32.56 305.071956  -2.139910 24.500
 80    10.671 55024.56838072 30.66 305.071236  -2.143220 24.500
 80    10.868 55024.56838136 41.91 305.070506  -2.146530 24.500
 80    10.959 55024.56838200 41.96 305.069776  -2.149830 24.500
 80    10.974 55024.56838265 43.09 305.069056  -2.153140 24.500
 80    10.730 55024.56838329 30.15 305.068326  -2.156440 24.500
 80    10.466 55024.56838394 23.03 305.067596  -2.159750 24.500
 80    10.240 55024.56838458 18.24 305.066876  -2.163050 24.500
 80     9.784 55024.56838523 17.48 305.066146  -2.166360 24.500
 80    10.061 55024.56838587 16.81 305.065416  -2.169660 24.500
 80    10.268 55024.56838652 16.29 305.064696  -2.172970 24.500
 80    10.330 55024.56838716 16.42 305.063966  -2.176270 24.500
 80    10.552 55024.56838781 16.79 305.063236  -2.179580 24.500
 80    10.841 55024.56838845 18.27 305.062506  -2.182880 24.500
 81     9.720 55059.56837080 25.62 305.074995  -2.122282 25.008
 81     9.270 55059.56837145 25.92 305.074265  -2.125582 25.008
 81     9.695 55059.56837209 29.05 305.073535  -2.128892 25.008
 81     9.813 55059.56837274 37.85 305.072815  -2.132192 25.008
 81     9.901 55059.56837338 46.90 305.072078  -2.135499 24.926
 81    10.011 55059.56837403 41.17 305.071358  -2.138809 24.926
 81     9.673 55059.56837467 31.34 305.070628  -2.142109 24.926
 81     9.910 55059.56837532 38.53 305.069908  -2.145409 24.926
 81     9.901 55059.56837596 43.17 305.069178  -2.148719 24.926
 81     9.890 55059.56837661 41.11 305.068448  -2.152029 24.926
 81     9.765 55059.56837725 32.61 305.067718  -2.155329 24.926
 81     9.663 55059.56837790 23.82 305.066998  -2.158639 24.926
 81     9.285 55059.56837854 18.28 305.066268  -2.161939 24.926
 81     8.909 55059.56837919 17.47 305.065538  -2.165249 24.926
 81     8.987 55059.56837983 15.99 305.064818  -2.168549 24.926
 81     8.938 55059.56838047 15.63 305.064088  -2.171859 24.926
 81     9.357 55059.56838112 14.34 305.063358  -2.175159 24.926
 81     9.525 55059.56838176 13.76 305.062638  -2.178469 24.926
 81     9.801 55059.56838241 15.84 305.061908  -2.181769 24.926
 81     9.898 55059.56838305 19.37 305.061178  -2.185079 24.926
 82     7.495 55094.56832437 18.72 305.074061  -2.124091 24.302
 82     7.227 55094.56832501 19.74 305.073341  -2.127391 24.302
 82     8.847 55094.56832566 19.96 305.072611  -2.130701 24.302
 82     8.777 55094.56832630 27.86 305.071881  -2.134001 24.302
 82     8.065 55094.56832695 40.16 305.071161  -2.137311 24.302
 82     8.236 55094.56832759 42.25 305.070430  -2.140617 21.126
 82     8.118 55094.56832824 37.02 305.069710  -2.143927 21.126
 82     8.140 55094.56832888 41.91 305.068980  -2.147227 21.126
 82     8.045 55094.56832953 39.83 305.068250  -2.150537 21.126
 82     8.063 55094.56833017 35.31 305.067530  -2.153837 21.126
 82     7.981 55094.56833082 21.26 305.066800  -2.157147 21.126
 82     7.590 55094.56833146 20.37 305.066070  -2.160447 21.126
 82     7.590 55094.56833211 19.46 305.065350  -2.163757 21.126
 82     7.574 55094.56833275 19.45 305.064620  -2.167057 21.126
 82     7.993 55094.56833339 17.08 305.063890  -2.170367 21.126
 82     7.753 55094.56833404 16.37 305.063170  -2.173667 21.126
 82     7.732 55094.56833468 19.27 305.062440  -2.176977 21.126
 82     8.075 55094.56833533 22.19 305.061710  -2.180277 21.126
 82     8.273 55094.56833597 26.59 305.060990  -2.183587 21.126
 83     6.383 55129.56831328 15.51 305.073934  -2.123280 21.192
 83     5.124 55129.56831392 15.94 305.073215  -2.126585 18.270
 83     5.206 55129.56831457 15.80 305.072485  -2.129895 18.270
 83     5.586 55129.56831521 16.61 305.071755  -2.133195 18.270
 83     6.063 55129.56831586 19.90 305.071035  -2.136505 18.270
 83     6.088 55129.56831650 21.55 305.070305  -2.139805 18.270
 83     6.069 55129.56831715 27.04 305.069575  -2.143115 18.270
 83     6.055 55129.56831779 21.57 305.068845  -2.146415 18.270
 83     4.537 55129.56831843 22.85 305.068125  -2.149725 18.270
 83     4.929 55129.56831908 22.78 305.067395  -2.153025 18.270
 83     5.121 55129.56831972 26.26 305.066665  -2.156335 18.270
 83     4.998 55129.56832037 37.14 305.065945  -2.159635 18.270
 83     4.838 55129.56832101 38.22 305.065215  -2.162945 18.270
 83     4.674 55129.56832166 29.28 305.064485  -2.166245 18.270
 83     4.320 55129.56832230 22.91 305.063765  -2.169555 18.270
 83     3.614 55129.56832295 23.74 305.063035  -2.172855 18.270
 83     7.206 55129.56832359 19.56 305.062305  -2.176165 18.270
 83     7.831 55129.56832424 21.68 305.061575  -2.179465 18.270
 83     8.369 55129.56832488 21.59 305.060855  -2.182775 18.270
 83     8.788 55129.56832553 23.00 305.060125  -2.186075 18.270
 84     4.906 55164.56828589 18.72 305.075112  -2.123803 25.326
 84     4.107 55164.56828653 22.19 305.074392  -2.127103 25.326
 84     4.191 55164.56828717 25.25 305.073662  -2.130413 25.326
 84     4.126 55164.56828782 24.67 305.072932  -2.133713 25.326
 84     4.892 55164.56828846 20.20 305.072202  -2.137023 25.326
 84     5.504 55164.56828911 17.73 305.071486  -2.140330 12.265
 84     5.264 55164.56828975 24.14 305.070756  -2.143630 12.265
 84     5.535 55164.56829040 13.10 305.070026  -2.146940 12.265
 84     4.991 55164.56829104 11.02 305.069296  -2.150250 12.265
 84     4.462 55164.56829169 11.22 305.068576  -2.153550 12.265
 84     4.510 55164.56829233 14.69 305.067846  -2.156860 12.265
 84     4.725 55164.56829298 14.42 305.067116  -2.160160 12.265
 84     4.774 55164.56829362 14.86 305.066396  -2.163470 12.265
 84     4.511 55164.56829427 17.65 305.065666  -2.166770 12.265
 84     4.426 55164.56829491 17.32 305.064936  -2.170080 12.265
 84     6.721 55164.56829556 14.39 305.064216  -2.173380 12.265
 84     7.745 55164.56829620 14.20 305.063486  -2.176690 12.265
 84     8.041 55164.56829684 19.97 305.062756  -2.179990 12.265
 84     8.399 55164.56829749 22.86 305.062036  -2.183300 12.265
 85     5.764 55199.56830488 13.04 305.073248  -2.124374 21.825
 85     5.397 55199.56830553 15.35 305.072528  -2.127679 14.085
 85     5.475 55199.56830617 14.12 305.071798  -2.130989 14.085
 85     5.515 55199.56830682 16.29 305.071068  -2.134289 14.085
 85     5.720 55199.56830746 18.63 305.070348  -2.137599 14.085
 85     5.887 55199.56830810 24.41 305.069618  -2.140899 14.085
 85     5.989 55199.56830875 24.49 305.068888  -2.144209 14.085
 85     5.918 55199.56830939 20.88 305.068158  -2.147509 14.085
 85     5.711 55199.56831004 19.99 305.067438  -2.150819 14.085
 85     5.954 55199.56831068 29.46 305.066708  -2.154119 14.085
 85     6.014 55199.56831133 36.09 305.065978  -2.157429 14.085
 85     6.014 55199.56831197 30.97 305.065258  -2.160729 14.085
 85     5.907 55199.56831262 20.69 305.064528  -2.164039 14.085
 85     5.865 55199.56831326 16.72 305.063798  -2.167339 14.085
 85     6.396 55199.56831391 14.12 305.063078  -2.170649 14.085
 85     7.415 55199.56831455 12.02 305.062348  -2.173949 14.085
 85     7.770 55199.56831520 14.69 305.061618  -2.177259 14.085
 85     8.072 55199.56831584 18.33 305.060888  -2.180559 14.085
 85     8.542 55199.56831649 20.13 305.060168  -2.183869 14.085
 85     8.943 55199.56831713 20.51 305.059438  -2.187169 14.085
 86     6.834 55234.56829155 17.94 305.073875  -2.123198 26.659
 86     6.809 55234.56829220 18.73 305.073145  -2.126498 26.659
 86     7.170 55234.56829284 19.59 305.072425  -2.129808 26.659
 86     7.418 55234.56829349 22.33 305.071692  -2.133114 19.751
 86     7.572 55234.56829413 25.62 305.070972  -2.136424 19.751
 86     7.682 55234.56829478 33.89 305.070242  -2.139724 19.751
 86     7.685 55234.56829542 45.08 305.069512  -2.143024 19.751
 86     7.833 55234.56829607 44.94 305.068792  -2.146334 19.751
 86     7.578 55234.56829671 39.40 305.068062  -2.149644 19.751
 86     7.696 55234.56829735 41.02 305.067332  -2.152944 19.751
 86     7.747 55234.56829800 42.98 305.066612  -2.156254 19.751
 86     7.416 55234.56829864 29.22 305.065882  -2.159554 19.751
 86     7.314 55234.56829929 27.63 305.065152  -2.162864 19.751
 86     6.828 55234.56829993 28.83 305.064432  -2.166164 19.751
 86     6.670 55234.56830058 24.86 305.063702  -2.169474 19.751
 86     6.795 55234.56830122 20.16 305.062972  -2.172774 19.751
 86     7.171 55234.56830187 19.94 305.062252  -2.176084 19.751
 86     7.885 55234.56830251 18.57 305.061522  -2.179384 19.751
 86     8.334 55234.56830316 18.83 305.060792  -2.182694 19.751
 86     8.727 55234.56830380 19.21 305.060072  -2.185994 19.751
 87     7.184 55269.56829932 21.00 305.074038  -2.124652 31.717
 87     7.616 55269.56829997 24.12 305.073319  -2.127960 23.541
 87     7.966 55269.56830061 23.94 305.072589  -2.131260 23.541
 87     8.131 55269.56830126 30.04 305.071859  -2.134570 23.541
 87     8.267 55269.56830190 42.15 305.071139  -2.137870 23.541
 87     8.424 55269.56830255 48.24 305.070409  -2.141180 23.541
 87     8.210 55269.56830319 48.21 305.069679  -2.144490 23.541
 87     8.286 55269.56830384 46.94 305.068949  -2.147790 23.541
 87     8.380 55269.56830448 46.74 305.068229  -2.151100 23.541
 87     8.358 55269.56830513 43.68 305.067499  -2.154400 23.541
 87     8.088 55269.56830577 35.81 305.066769  -2.157710 23.541
 87     7.895 55269.56830641 36.32 305.066049  -2.161010 23.541
 87     7.500 55269.56830706 32.45 305.065319  -2.164320 23.541
 87     7.239 55269.56830770 28.49 305.064589  -2.167620 23.541
 87     6.642 55269.56830835 25.25 305.063869  -2.170930 23.541
 87     5.868 55269.56830899 22.58 305.063139  -2.174230 23.541
 87     7.551 55269.56830964 18.80 305.062409  -2.177540 23.541
 87     8.268 55269.56831028 18.98 305.061689  -2.180840 23.541
 87     8.398 55269.56831093 21.44 305.060959  -2.184150 23.541
 88     8.772 55304.56827136 23.79 305.075910  -2.124371 32.595
 88     8.906 55304.56827200 27.99 305.075180  -2.127681 32.595
 88     9.361 55304.56827264 31.52 305.074450  -2.130991 32.595
 88     9.409 55304.56827329 42.20 305.073730  -2.134291 32.595
 88     9.516 55304.56827393 50.12 305.072999  -2.137599 31.443
 88     9.582 55304.56827458 51.93 305.072269  -2.140899 31.443
 88     9.443 55304.56827522 45.47 305.071549  -2.144209 31.443
 88     9.532 55304.56827587 47.04 305.070819  -2.147509 31.443
 88     9.477 55304.56827651 46.14 305.070099  -2.150819 31.443
 88     9.403 55304.56827716 45.72 305.069369  -2.154129 31.443
 88     9.272 55304.56827780 37.25 305.068639  -2.157429 31.443
 88     9.068 55304.56827845 35.12 305.067919  -2.160739 31.443
 88     8.761 55304.56827909 32.48 305.067189  -2.164039 31.443
 88     8.337 55304.56827974 27.30 305.066459  -2.167349 31.443
 88     7.684 55304.56828038 24.78 305.065739  -2.170649 31.443
 88     6.821 55304.56828103 24.75 305.065009  -2.173959 31.443
 88     8.947 55304.56828167 22.22 305.064279  -2.177259 31.443
 88     9.331 55304.56828231 19.92 305.063559  -2.180569 31.443
 88     9.517 55304.56828296 22.55 305.062829  -2.183869 31.443
 89     9.237 55339.56827151 28.28 305.074258  -2.124743 31.361
 89     9.877 55339.56827215 28.65 305.073528  -2.128043 31.361
 89     9.996 55339.56827280 42.04 305.072798  -2.131353 31.361
 89    10.052 55339.56827344 50.94 305.072081  -2.134657 30.555
 89    10.143 55339.56827409 50.66 305.071351  -2.137967 30.555
 89    10.130 55339.56827473 45.06 305.070621  -2.141267 30.555
 89     9.958 55339.56827538 42.20 305.069891  -2.144577 30.555
 89     9.980 55339.56827602 47.45 305.069171  -2.147877 30.555
 89     9.971 55339.56827667 46.41 305.068441  -2.151187 30.555
 89     9.996 55339.56827731 44.91 305.067711  -2.154487 30.555
 89    10.005 55339.56827796 35.54 305.066991  -2.157797 30.555
 89     9.763 55339.56827860 29.21 305.066261  -2.161097 30.555
 89     9.524 55339.56827925 26.47 305.065531  -2.164407 30.555
 89     8.976 55339.56827989 24.85 305.064811  -2.167707 30.555
 89     8.314 55339.56828053 21.90 305.064081  -2.171017 30.555
 89     7.690 55339.56828118 21.50 305.063351  -2.174317 30.555
 89     9.263 55339.56828182 22.27 305.062631  -2.177627 30.555
 89     9.733 55339.56828247 20.68 305.061901  -2.180927 30.555
 89     9.960 55339.56828311 21.77 305.061171  -2.184237 30.555
 90     9.626 55374.56826293 31.31 305.075348  -2.122487 45.590
 90     9.133 55374.56826358 27.74 305.074628  -2.125797 45.590
 90     9.653 55374.56826422 29.40 305.073902  -2.129103 26.631
 90     9.811 55374.56826487 41.92 305.073172  -2.132413 26.631
 90     9.700 55374.56826551 48.77 305.072442  -2.135713 26.631
 90     9.712 55374.56826616 49.71 305.071722  -2.139023 26.631
 90     9.790 55374.56826680 42.27 305.070992  -2.142323 26.631
 90     9.790 55374.56826745 44.91 305.070262  -2.145633 26.631
 90     9.865 55374.56826809 45.38 305.069532  -2.148933 26.631
 90     9.858 55374.56826874 46.27 305.068812  -2.152243 26.631
 90     9.841 55374.56826938 35.91 305.068082  -2.155543 26.631
 90     9.492 55374.56827003 32.16 305.067352  -2.158853 26.631
 90     9.360 55374.56827067 23.88 305.066632  -2.162153 26.631
 90     8.936 55374.56827132 25.38 305.065902  -2.165463 26.631
 90     8.262 55374.56827196 21.50 305.065172  -2.168763 26.631
 90     8.223 55374.56827261 22.20 305.064452  -2.172073 26.631
 90     9.051 55374.56827325 20.16 305.063722  -2.175373 26.631
 90     9.484 55374.56827389 19.82 305.062992  -2.178683 26.631
 90     9.640 55374.56827454 18.91 305.062272  -2.181983 26.631
 90     9.733 55374.56827518 23.09 305.061542  -2.185293 26.631
 91     8.572 55409.56828415 26.37 305.075837  -2.122766 37.737
 91     8.501 55409.56828479 26.05 305.075107  -2.126076 37.737
 91     8.928 55409.56828544 27.51 305.074388  -2.129382 19.240
 91     9.134 55409.56828608 33.58 305.073658  -2.132692 19.240
 91     8.877 55409.56828673 42.43 305.072928  -2.135992 19.240
 91     8.890 55409.56828737 49.55 305.072208  -2.139302 19.240
 91     9.017 55409.56828802 53.67 305.071478  -2.142602 19.240
 91     8.816 55409.56828866 48.01 305.070748  -2.145912 19.240
 91     8.898 55409.56828931 42.37 305.070018  -2.149212 19.240
 91     8.911 55409.56828995 45.20 305.069298  -2.152522 19.240
 91     8.924 55409.56829060 34.32 305.068568  -2.155822 19.240
 91     8.338 55409.56829124 29.88 305.067838  -2.159132 19.240
 91     7.681 55409.56829188 32.39 305.067118  -2.162432 19.240
 91     7.650 55409.56829253 32.28 305.066388  -2.165742 19.240
 91     7.816 55409.56829317 29.84 305.065658  -2.169042 19.240
 91     7.635 55409.56829382 27.32 305.064938  -2.172352 19.240
 91     7.817 55409.56829446 25.16 305.064208  -2.175652 19.240
 91     7.338 55409.56829511 23.41 305.063478  -2.178962 19.240
 91     8.503 55409.56829575 21.04 305.062748  -2.182272 19.240
 92     7.490 55444.56827963 17.27 305.075259  -2.122485 16.519
 92     6.467 55444.56828027 16.50 305.074529  -2.125795 16.519
 92     6.369 55444.56828092 17.77 305.073799  -2.129095 16.519
 92     6.431 55444.56828156 19.71 305.073069  -2.132405 16.519
 92     6.631 55444.56828221 26.70 305.072353  -2.135710 18.831
 92     6.780 55444.56828285 33.55 305.071623  -2.139020 18.831
 92     6.720 55444.56828350 37.39 305.070893  -2.142320 18.831
 92     7.614 55444.56828414 41.66 305.070163  -2.145630 18.831
 92     7.785 55444.56828479 47.06 305.069443  -2.148930 18.831
 92     7.649 55444.56828543 38.81 305.068713  -2.152240 18.831
 92     7.674 55444.56828608 26.80 305.067983  -2.155540 18.831
 92     6.848 55444.56828672 30.52 305.067263  -2.158850 18.831
 92     6.649 55444.56828737 21.44 305.066533  -2.162150 18.831
 92     6.237 55444.56828801 21.78 305.065803  -2.165460 18.831
 92     6.347 55444.56828865 18.56 305.065083  -2.168760 18.831
 92     6.357 55444.56828930 17.66 305.064353  -2.172070 18.831
 92     7.481 55444.56828994 15.96 305.063623  -2.175370 18.831
 92     7.981 55444.56829059 16.48 305.062903  -2.178680 18.831
 92     8.287 55444.56829123 19.86 305.062173  -2.181980 18.831
 92     8.492 55444.56829188 24.06 305.061443  -2.185290 18.831
 93     5.319 55479.56821627 19.30 305.076208  -2.122736 28.120
 93     3.887 55479.56821692 23.63 305.075478  -2.126046 28.120
 93     4.101 55479.56821756 29.77 305.074758  -2.129346 28.120
 93     4.164 55479.56821821 24.59 305.074028  -2.132656 28.120
 93     5.114 55479.56821885 20.14 305.073308  -2.135966 28.120
 93     5.936 55479.56821950 25.34 305.072578  -2.139266 28.120
 93     6.063 55479.56822014 31.13 305.071849  -2.142573 17.234
 93     5.884 55479.56822079 21.76 305.071119  -2.145883 17.234
 93     5.455 55479.56822143 17.31 305.070399  -2.149183 17.234
 93     5.260 55479.56822208 15.57 305.069669  -2.152493 17.234
 93     5.563 55479.56822272 26.85 305.068939  -2.155793 17.234
 93     5.561 55479.56822337 33.51 305.068219  -2.159103 17.234
 93     5.629 55479.56822401 31.83 305.067489  -2.162403 17.234
 93     5.251 55479.56822465 24.20 305.066769  -2.165713 17.234
 93     4.995 55479.56822530 17.10 305.066039  -2.169013 17.234
 93     5.821 55479.56822594 14.36 305.065309  -2.172323 17.234
 93     7.294 55479.56822659 13.63 305.064589  -2.175623 17.234
 93     7.980 55479.56822723 14.06 305.063859  -2.178933 17.234
 93     8.427 55479.56822788 16.00 305.063129  -2.182233 17.234
