# NaN NaN NaN ;Mean Elev.(m), Avg Gradient(m/km), RMS Gradient(m/km) - SRTM1     
#   13.118  -1.210   4.489 ;Mean Elev.(m), Avg Gradient(m/km), RMS Gradient(m/km) - ASTER GDEM
#    8.608  -1.413   5.065 ;Mean Elev.(m), Avg Gradient(m/km), RMS Gradient(m/km) - GMTED2010 
  7    25.000 52467.08732884 36.62 299.122157  -3.581370 26.423
  7    24.894 52467.08732948 31.39 299.121427  -3.578070 26.423
  7    24.469 52467.08733013 31.31 299.120707  -3.574760 26.423
  7    24.115 52467.08733077 28.32 299.119977  -3.571460 26.423
  7    23.545 52467.08733142 26.36 299.119247  -3.568150 26.423
  7    23.406 52467.08733206 26.67 299.118517  -3.564850 26.423
  7    24.281 52467.08733271 25.51 299.117787  -3.561540 26.423
  7    24.610 52467.08733335 28.88 299.117067  -3.558240 26.423
  8    23.726 52502.08732010 46.79 299.122136  -3.583250 31.504
  8    23.453 52502.08732074 31.69 299.121416  -3.579950 31.504
  8    23.203 52502.08732138 25.61 299.120686  -3.576640 31.504
  8    22.873 52502.08732203 25.05 299.119956  -3.573340 31.504
  8    22.748 52502.08732267 23.92 299.119226  -3.570030 31.504
  8    23.018 52502.08732332 24.02 299.118496  -3.566730 31.504
  8    23.344 52502.08732396 22.91 299.117776  -3.563420 31.504
  8    23.415 52502.08732461 23.74 299.117046  -3.560120 31.504
  8    23.579 52502.08732525 26.97 299.116316  -3.556820 31.504
  9    20.595 52537.08730616 33.55 299.122643  -3.580568 39.555
  9    20.429 52537.08730681 21.20 299.121913  -3.577268 39.555
  9    20.214 52537.08730745 20.10 299.121183  -3.573958 30.651
  9    20.220 52537.08730810 20.95 299.120453  -3.570658 30.651
  9    20.389 52537.08730874 20.85 299.119723  -3.567348 30.651
  9    20.526 52537.08730939 20.51 299.118993  -3.564048 30.651
  9    20.727 52537.08731003 19.88 299.118273  -3.560748 30.651
  9    20.867 52537.08731068 23.82 299.117543  -3.557438 30.651
 10    14.214 52572.08734317 32.24 299.120896  -3.581258 32.626
 10    13.947 52572.08734382 25.31 299.120166  -3.577958 32.626
 10    13.844 52572.08734446 23.57 299.119444  -3.574648 30.266
 10    13.493 52572.08734510 24.09 299.118714  -3.571348 30.266
 10    12.912 52572.08734575 26.10 299.117984  -3.568038 30.266
 10    12.863 52572.08734639 26.11 299.117254  -3.564738 30.266
 10    17.867 52572.08734704 23.15 299.116524  -3.561428 30.266
 10    17.987 52572.08734768 38.00 299.115804  -3.558128 30.266
 11    18.434 52607.08730141 30.71 299.125578  -3.580160 18.566
 11    17.039 52607.08730205 36.45 299.124848  -3.576850 18.566
 11    16.908 52607.08730270 27.18 299.124118  -3.573550 18.566
 11    16.721 52607.08730334 26.79 299.123388  -3.570240 18.566
 11    16.536 52607.08730398 27.66 299.122668  -3.566940 18.566
 11    16.523 52607.08730463 28.43 299.121938  -3.563630 18.566
 11    16.581 52607.08730527 27.30 299.121208  -3.560330 18.566
 11    16.708 52607.08730592 26.64 299.120478  -3.557020 18.566
 12    16.832 52642.08729956 26.90 299.121716  -3.580465 29.001
 12    18.255 52642.08730020 26.33 299.120996  -3.577155 29.001
 12    18.171 52642.08730085 27.20 299.120266  -3.573855 29.001
 12    18.182 52642.08730149 29.21 299.119536  -3.570545 29.001
 12    18.480 52642.08730214 28.01 299.118806  -3.567245 29.001
 12    18.621 52642.08730278 29.83 299.118081  -3.563935 33.781
 12    18.729 52642.08730343 29.10 299.117351  -3.560635 33.781
 12    18.984 52642.08730407 32.69 299.116621  -3.557325 33.781
 13    19.074 52677.08728639 28.06 299.124604  -3.579335 35.516
 13    18.659 52677.08728703 14.27 299.123874  -3.576035 35.516
 13    18.781 52677.08728768 15.38 299.123154  -3.572735 35.516
 13    18.642 52677.08728832 13.94 299.122424  -3.569425 35.516
 13    18.836 52677.08728897 13.74 299.121694  -3.566125 35.516
 13    19.059 52677.08728961 14.41 299.120964  -3.562815 35.516
 13    20.008 52677.08729025 14.95 299.120244  -3.559515 35.516
 13    22.145 52677.08729090 15.13 299.119506  -3.556203 42.643
 14    20.127 52712.08731717 38.86 299.121783  -3.582718 33.632
 14    19.953 52712.08731782 24.81 299.121053  -3.579418 33.632
 14    19.530 52712.08731846 21.32 299.120323  -3.576108 33.632
 14    19.562 52712.08731911 21.85 299.119593  -3.572808 33.632
 14    19.679 52712.08731975 21.87 299.118867  -3.569497 33.596
 14    19.826 52712.08732040 22.21 299.118137  -3.566197 33.596
 14    19.912 52712.08732104 23.51 299.117407  -3.562887 33.596
 14    20.020 52712.08732169 24.66 299.116677  -3.559587 33.596
 14    20.524 52712.08732233 25.72 299.115957  -3.556287 33.596
 15    21.925 52747.08734254 29.48 299.115653  -3.589263 33.002
 15    21.599 52747.08734318 23.15 299.114933  -3.585953 33.002
 15    21.749 52747.08734383 20.72 299.114203  -3.582653 33.002
 15    21.374 52747.08734447 19.98 299.113473  -3.579353 33.002
 15    21.394 52747.08734511 19.88 299.112743  -3.576043 33.002
 15    20.663 52747.08734576 20.87 299.112023  -3.572743 33.002
 15    21.196 52747.08734640 20.93 299.111285  -3.569432 35.693
 15    21.482 52747.08734705 19.55 299.110565  -3.566132 35.693
 15    21.830 52747.08734769 20.35 299.109835  -3.562822 35.693
 15    22.142 52747.08734834 19.61 299.109105  -3.559522 35.693
 16    24.073 52782.08728306 44.11 299.121814  -3.582788 28.831
 16    23.909 52782.08728371 40.63 299.121084  -3.579488 28.831
 16    23.906 52782.08728435 41.61 299.120354  -3.576188 28.831
 16    23.988 52782.08728499 37.82 299.119624  -3.572878 28.831
 16    23.731 52782.08728564 35.79 299.118904  -3.569578 28.831
 16    23.621 52782.08728628 34.72 299.118174  -3.566268 28.831
 16    23.660 52782.08728693 33.16 299.117444  -3.562968 28.831
 16    23.836 52782.08728757 33.04 299.116715  -3.559659 38.471
 16    23.877 52782.08728822 37.69 299.115985  -3.556359 38.471
 17    24.754 52817.08736277 35.09 299.120593  -3.581295 39.367
 17    24.582 52817.08736341 30.67 299.119873  -3.577995 39.367
 17    24.276 52817.08736406 30.63 299.119143  -3.574685 39.367
 17    24.263 52817.08736470 29.37 299.118413  -3.571385 39.367
 17    24.435 52817.08736534 29.18 299.117685  -3.568075 38.458
 17    24.570 52817.08736599 27.41 299.116955  -3.564775 38.458
 17    24.494 52817.08736663 27.28 299.116225  -3.561465 38.458
 17    24.471 52817.08736728 30.15 299.115495  -3.558165 38.458
 18    24.317 52852.08741320 46.00 299.124093  -3.581673 32.820
 18    24.261 52852.08741385 32.00 299.123363  -3.578373 32.820
 18    24.150 52852.08741449 31.15 299.122633  -3.575063 32.820
 18    23.834 52852.08741514 31.28 299.121903  -3.571763 32.820
 18    23.920 52852.08741578 29.60 299.121177  -3.568453 32.210
 18    23.977 52852.08741643 28.93 299.120447  -3.565153 32.210
 18    24.064 52852.08741707 28.85 299.119717  -3.561843 32.210
 18    24.089 52852.08741772 28.73 299.118987  -3.558543 32.210
 18    24.083 52852.08741836 30.10 299.118267  -3.555233 32.210
 20    16.286 52922.08740257 36.94 299.122418  -3.580953 22.646
 20    16.199 52922.08740321 29.79 299.121698  -3.577653 22.646
 20    15.938 52922.08740386 29.19 299.120968  -3.574343 22.646
 20    15.851 52922.08740450 28.89 299.120238  -3.571043 22.646
 20    15.911 52922.08740515 28.31 299.119508  -3.567733 22.646
 20    16.049 52922.08740579 27.40 299.118788  -3.564433 22.646
 20    16.059 52922.08740644 26.87 299.118051  -3.561122 22.151
 20    16.140 52922.08740708 25.83 299.117331  -3.557822 22.151
 21    19.872 52957.08736848 20.93 299.128007  -3.576254 26.620
 21    19.599 52957.08736913 18.08 299.127277  -3.572954 26.620
 21    18.713 52957.08736977 18.19 299.126547  -3.569644 26.620
 21    15.469 52957.08737042 18.04 299.125817  -3.566344 26.620
 21    15.463 52957.08737106 18.70 299.125090  -3.563034 29.865
 21    15.556 52957.08737170 18.49 299.124360  -3.559734 29.865
 21    15.501 52957.08737235 18.38 299.123630  -3.556424 29.865
 21    23.619 52957.08737299 17.22 299.122900  -3.553124 29.865
 22    18.065 52992.08738898 24.73 299.126821  -3.576797 24.567
 22    15.835 52992.08738962 24.55 299.126091  -3.573497 24.567
 22    15.686 52992.08739026 24.74 299.125368  -3.570187 25.572
 22    15.652 52992.08739091 24.72 299.124638  -3.566887 25.572
 22    15.884 52992.08739155 24.00 299.123908  -3.563577 25.572
 22    15.926 52992.08739220 23.32 299.123178  -3.560277 25.572
 22    15.953 52992.08739284 23.80 299.122448  -3.556977 25.572
 22    21.121 52992.08739349 21.94 299.121728  -3.553667 25.572
 23    19.555 53027.08735539 18.68 299.128215  -3.574840 25.235
 23    19.395 53027.08735604 18.10 299.127495  -3.571540 25.235
 23    18.615 53027.08735668 17.97 299.126765  -3.568240 25.235
 23    18.501 53027.08735733 17.35 299.126035  -3.564930 25.235
 23    18.715 53027.08735797 17.13 299.125305  -3.561620 25.235
 23    18.804 53027.08735862 16.47 299.124575  -3.558320 25.235
 23    23.431 53027.08735926 15.85 299.123855  -3.555020 25.235
 24    20.193 53062.08736426 22.48 299.128812  -3.575600 25.000
 24    19.821 53062.08736491 19.38 299.128082  -3.572300 25.000
 24    18.133 53062.08736555 19.36 299.127359  -3.568989 25.440
 24    18.174 53062.08736620 18.53 299.126629  -3.565689 25.440
 24    18.087 53062.08736684 18.31 299.125899  -3.562389 25.440
 24    18.020 53062.08736749 17.47 299.125169  -3.559079 25.440
 24    23.477 53062.08736813 16.98 299.124449  -3.555779 25.440
 24    23.761 53062.08736878 17.31 299.123719  -3.552469 25.440
 25    20.341 53097.08738604 22.39 299.117899  -3.585601 29.126
 25    19.980 53097.08738668 19.24 299.117169  -3.582291 29.126
 25    20.243 53097.08738733 18.16 299.116449  -3.578991 29.126
 25    20.155 53097.08738797 18.15 299.115719  -3.575681 29.126
 25    20.242 53097.08738862 18.99 299.114989  -3.572381 29.126
 25    20.339 53097.08738926 18.79 299.114259  -3.569081 29.126
 25    20.541 53097.08738991 19.12 299.113529  -3.565771 29.126
 25    21.216 53097.08739055 19.19 299.112809  -3.562471 29.126
 25    21.908 53097.08739119 20.03 299.112073  -3.559160 40.140
 26    22.514 53132.08736132 38.65 299.130519  -3.574240 32.271
 26    22.469 53132.08736197 29.81 299.129799  -3.570930 32.271
 26    22.078 53132.08736261 27.45 299.129069  -3.567630 32.271
 26    22.262 53132.08736326 26.23 299.128339  -3.564320 32.271
 26    22.396 53132.08736390 25.13 299.127609  -3.561020 32.271
 26    22.484 53132.08736455 24.81 299.126885  -3.557710 38.585
 26    22.514 53132.08736519 25.41 299.126155  -3.554410 38.585
 28    22.944 53202.08743874 35.88 299.121861  -3.580474 31.620
 28    22.643 53202.08743938 31.44 299.121131  -3.577174 31.620
 28    22.444 53202.08744003 28.63 299.120401  -3.573864 31.620
 28    22.018 53202.08744067 29.28 299.119671  -3.570564 31.620
 28    22.247 53202.08744131 27.18 299.118948  -3.567252 34.839
 28    22.588 53202.08744196 25.86 299.118218  -3.563952 34.839
 28    22.658 53202.08744260 25.75 299.117488  -3.560652 34.839
 28    22.656 53202.08744325 25.93 299.116758  -3.557342 34.839
 29    21.482 53237.08740796 32.53 299.129016  -3.577079 26.967
 29    21.443 53237.08740860 25.77 299.128286  -3.573779 26.967
 29    21.151 53237.08740925 26.38 299.127556  -3.570469 26.967
 29    21.098 53237.08740989 25.82 299.126836  -3.567169 26.967
 29    21.224 53237.08741054 25.22 299.126099  -3.563858 37.791
 29    21.329 53237.08741118 25.13 299.125379  -3.560558 37.791
 29    21.361 53237.08741183 23.93 299.124649  -3.557248 37.791
 29    21.392 53237.08741247 24.01 299.123919  -3.553948 37.791
 30    18.367 53272.08736478 25.29 299.125938  -3.578374 28.524
 30    18.106 53272.08736543 21.55 299.125208  -3.575074 28.524
 30    17.854 53272.08736607 20.60 299.124478  -3.571764 28.524
 30    17.718 53272.08736672 18.24 299.123758  -3.568464 28.524
 30    17.612 53272.08736736 18.08 299.123028  -3.565154 28.524
 30    17.702 53272.08736801 17.21 299.122298  -3.561854 28.524
 30    17.759 53272.08736865 14.86 299.121567  -3.558544 43.135
 30    21.225 53272.08736930 14.91 299.120837  -3.555244 43.135
 31    16.220 53307.08742816 15.79 299.118387  -3.585670 19.304
 31    16.254 53307.08742880 15.25 299.117657  -3.582370 19.304
 31    16.158 53307.08742945 14.57 299.116927  -3.579070 19.304
 31    16.192 53307.08743009 14.56 299.116207  -3.575760 19.304
 31    16.114 53307.08743074 14.19 299.115477  -3.572460 19.304
 31    16.169 53307.08743138 13.14 299.114747  -3.569150 19.304
 31    18.691 53307.08743203 12.68 299.114017  -3.565850 19.304
 31    19.610 53307.08743267 12.18 299.113293  -3.562539 28.366
 31    21.462 53307.08743332 11.96 299.112563  -3.559239 28.366
 32    16.897 53342.08739573 27.19 299.122791  -3.582720 17.587
 32    16.867 53342.08739638 28.37 299.122061  -3.579420 17.587
 32    16.777 53342.08739702 29.39 299.121341  -3.576110 17.587
 32    16.756 53342.08739766 28.87 299.120611  -3.572810 17.587
 32    16.793 53342.08739831 28.17 299.119881  -3.569510 17.587
 32    16.776 53342.08739895 27.55 299.119151  -3.566200 17.587
 32    16.828 53342.08739960 26.66 299.118431  -3.562900 17.587
 32    16.820 53342.08740024 25.48 299.117693  -3.559589 29.233
 32    16.794 53342.08740089 24.68 299.116973  -3.556289 29.233
 33    18.536 53377.08733064 26.99 299.124014  -3.579119 20.037
 33    18.400 53377.08733128 26.72 299.123284  -3.575809 20.037
 33    18.433 53377.08733193 26.27 299.122554  -3.572509 20.037
 33    18.444 53377.08733257 25.79 299.121834  -3.569209 20.037
 33    18.375 53377.08733322 24.61 299.121104  -3.565899 20.037
 33    18.244 53377.08733386 24.17 299.120374  -3.562599 20.037
 33    18.202 53377.08733451 23.53 299.119644  -3.559289 20.037
 33    20.551 53377.08733515 22.99 299.118924  -3.555989 20.037
 35    21.790 53447.08735571 40.91 299.123636  -3.581572 45.039
 35    21.478 53447.08735636 25.04 299.122906  -3.578272 45.039
 35    21.395 53447.08735700 23.27 299.122176  -3.574963 31.941
 35    21.032 53447.08735765 22.57 299.121446  -3.571663 31.941
 35    20.679 53447.08735829 22.01 299.120716  -3.568353 31.941
 35    20.855 53447.08735894 22.37 299.119986  -3.565053 31.941
 35    21.334 53447.08735958 20.89 299.119266  -3.561743 31.941
 35    21.554 53447.08736022 20.99 299.118536  -3.558443 31.941
 35    22.157 53447.08736087 21.76 299.117806  -3.555143 31.941
 36    22.933 53482.08744064 28.90 299.117163  -3.584656 25.335
 36    23.009 53482.08744129 27.46 299.116443  -3.581346 25.335
 36    23.029 53482.08744193 28.18 299.115713  -3.578046 25.335
 36    23.109 53482.08744258 27.43 299.114983  -3.574736 25.335
 36    23.113 53482.08744322 26.82 299.114253  -3.571436 25.335
 36    23.096 53482.08744387 27.19 299.113528  -3.568127 32.933
 36    23.133 53482.08744451 27.05 299.112798  -3.564827 32.933
 36    23.015 53482.08744516 27.15 299.112068  -3.561517 32.933
 36    22.944 53482.08744580 26.33 299.111338  -3.558217 32.933
 37    24.223 53517.08744389 32.48 299.123313  -3.580037 36.281
 37    24.018 53517.08744454 28.84 299.122583  -3.576737 36.281
 37    23.641 53517.08744518 28.06 299.121853  -3.573437 36.281
 37    23.383 53517.08744583 24.45 299.121123  -3.570127 36.281
 37    22.939 53517.08744647 24.83 299.120393  -3.566827 36.281
 37    23.792 53517.08744712 22.79 299.119673  -3.563516 39.678
 37    24.008 53517.08744776 23.22 299.118943  -3.560216 39.678
 37    24.096 53517.08744841 27.59 299.118213  -3.556916 39.678
 38    23.720 53552.08746356 33.19 299.117854  -3.586610 25.988
 38    23.662 53552.08746420 32.09 299.117134  -3.583300 25.988
 38    23.702 53552.08746485 30.87 299.116404  -3.580000 25.988
 38    23.647 53552.08746549 29.92 299.115674  -3.576690 25.988
 38    23.560 53552.08746614 29.41 299.114944  -3.573390 25.988
 38    23.724 53552.08746678 28.29 299.114214  -3.570090 25.988
 38    23.531 53552.08746743 27.84 299.113494  -3.566777 33.052
 38    23.516 53552.08746807 27.14 299.112764  -3.563477 33.052
 38    23.468 53552.08746872 26.71 299.112034  -3.560167 33.052
 39    21.185 53587.08741805 35.35 299.126350  -3.579922 29.458
 39    20.969 53587.08741869 29.24 299.125620  -3.576622 29.458
 39    20.857 53587.08741934 25.70 299.124900  -3.573322 29.458
 39    20.867 53587.08741998 24.18 299.124170  -3.570012 29.458
 39    20.776 53587.08742063 25.02 299.123440  -3.566712 29.458
 39    20.767 53587.08742127 24.02 299.122710  -3.563402 29.458
 39    20.861 53587.08742192 22.99 299.121980  -3.560102 29.458
 39    20.950 53587.08742256 22.22 299.121251  -3.556791 39.607
 40    14.078 53622.08738293 23.48 299.118410  -3.587036  9.819
 40    14.393 53622.08738358 23.77 299.117680  -3.583736  9.819
 40    14.455 53622.08738422 24.61 299.116950  -3.580436  9.819
 40    14.520 53622.08738486 25.37 299.116220  -3.577126  9.819
 40    14.584 53622.08738551 25.85 299.115490  -3.573826  9.819
 40    14.608 53622.08738615 26.40 299.114760  -3.570516  9.819
 40    14.616 53622.08738680 26.60 299.114040  -3.567216  9.819
 40    14.622 53622.08738744 26.15 299.113310  -3.563906  9.819
 40    14.544 53622.08738809 24.77 299.112580  -3.560606  9.819
 40    21.555 53622.08738873 24.33 299.111850  -3.557296  9.819
 41    18.272 53657.08741133 11.98 299.122171  -3.583776 34.578
 41    17.702 53657.08741198 12.49 299.121451  -3.580476 34.578
 41    16.061 53657.08741262 12.72 299.120721  -3.577176 34.578
 41    15.804 53657.08741326 13.00 299.119991  -3.573866 34.578
 41    12.285 53657.08741391 13.01 299.119261  -3.570566 34.578
 41    11.095 53657.08741455 13.73 299.118536  -3.567256 27.297
 41    11.192 53657.08741520 12.77 299.117806  -3.563956 27.297
 41    20.625 53657.08741584 11.99 299.117076  -3.560646 27.297
 41    20.869 53657.08741649 17.69 299.116346  -3.557346 27.297
 42    14.024 53692.08739711 20.80 299.121607  -3.582299 19.324
 42    14.114 53692.08739775 20.86 299.120877  -3.578999 19.324
 42    14.110 53692.08739840 20.75 299.120157  -3.575699 19.324
 42    14.114 53692.08739904 21.24 299.119427  -3.572389 19.324
 42    14.103 53692.08739968 20.27 299.118697  -3.569089 19.324
 42    14.167 53692.08740033 20.31 299.117967  -3.565779 19.324
 42    14.159 53692.08740097 20.12 299.117247  -3.562479 19.324
 42    20.527 53692.08740162 19.10 299.116518  -3.559167 17.436
 42    20.975 53692.08740226 19.04 299.115788  -3.555867 17.436
 43    18.195 53727.08732114 27.00 299.125101  -3.579403 18.060
 43    15.965 53727.08732179 28.24 299.124381  -3.576103 18.060
 43    16.071 53727.08732243 27.56 299.123651  -3.572793 18.060
 43    16.069 53727.08732308 27.27 299.122921  -3.569493 18.060
 43    15.979 53727.08732372 28.39 299.122191  -3.566183 18.060
 43    15.838 53727.08732437 27.61 299.121461  -3.562883 18.060
 43    15.876 53727.08732501 26.44 299.120741  -3.559583 18.060
 43    15.893 53727.08732566 25.80 299.120008  -3.556270 29.423
 44    19.414 53762.08727524 25.11 299.129734  -3.575729 22.286
 44    18.775 53762.08727588 24.83 299.129004  -3.572419 22.286
 44    18.364 53762.08727653 25.71 299.128274  -3.569119 22.286
 44    18.611 53762.08727717 26.08 299.127547  -3.565809 29.157
 44    18.859 53762.08727782 26.13 299.126817  -3.562509 29.157
 44    18.975 53762.08727846 28.06 299.126087  -3.559199 29.157
 44    19.082 53762.08727910 27.55 299.125357  -3.555899 29.157
 44    19.133 53762.08727975 29.33 299.124627  -3.552599 29.157
 45    21.827 53797.08728752 28.37 299.125862  -3.577008 39.376
 45    21.572 53797.08728817 21.87 299.125132  -3.573698 39.376
 45    21.324 53797.08728881 18.62 299.124402  -3.570398 39.376
 45    20.962 53797.08728946 18.43 299.123672  -3.567088 39.376
 45    21.296 53797.08729010 17.26 299.122952  -3.563788 39.376
 45    21.212 53797.08729074 18.44 299.122215  -3.560476 39.210
 45    21.460 53797.08729139 19.31 299.121495  -3.557176 39.210
 45    21.970 53797.08729203 26.12 299.120765  -3.553876 39.210
 47    24.308 53867.08734488 43.29 299.121780  -3.584106 27.035
 47    24.159 53867.08734552 32.53 299.121060  -3.580806 27.035
 47    24.026 53867.08734616 31.10 299.120330  -3.577496 27.035
 47    23.962 53867.08734681 29.27 299.119600  -3.574196 27.035
 47    23.883 53867.08734745 28.78 299.118870  -3.570896 27.035
 47    23.954 53867.08734810 26.73 299.118140  -3.567586 27.035
 47    23.916 53867.08734874 25.70 299.117410  -3.564286 27.035
 47    23.787 53867.08734939 26.16 299.116690  -3.560976 27.035
 47    23.869 53867.08735003 25.71 299.115960  -3.557676 27.035
 48    24.781 53902.08737522 38.33 299.122240  -3.582240 34.367
 48    24.626 53902.08737587 32.93 299.121510  -3.578940 34.367
 48    24.463 53902.08737651 30.44 299.120790  -3.575640 34.367
 48    24.379 53902.08737715 28.73 299.120060  -3.572330 34.367
 48    24.317 53902.08737780 28.28 299.119330  -3.569030 34.367
 48    24.624 53902.08737844 27.11 299.118600  -3.565720 34.367
 48    24.646 53902.08737909 26.65 299.117870  -3.562420 34.367
 48    24.619 53902.08737973 28.90 299.117149  -3.559110 39.831
 48    24.693 53902.08738038 36.32 299.116419  -3.555810 39.831
 49    23.052 53937.08741287 26.40 299.114296  -3.587964 28.351
 49    22.598 53937.08741351 22.12 299.113576  -3.584664 28.351
 49    22.404 53937.08741416 19.81 299.112846  -3.581354 28.351
 49    22.204 53937.08741480 17.38 299.112116  -3.578054 28.351
 49    22.585 53937.08741545 17.15 299.111386  -3.574744 28.351
 49    20.961 53937.08741609 18.44 299.110656  -3.571444 28.351
 49    22.695 53937.08741674 17.95 299.109926  -3.568134 28.351
 49    22.635 53937.08741738 18.66 299.109206  -3.564834 28.351
 49    22.584 53937.08741803 21.59 299.108476  -3.561524 28.351
 50    19.565 53972.08737782 21.75 299.119963  -3.585203 19.718
 50    19.317 53972.08737847 17.39 299.119233  -3.581893 19.718
 50    19.307 53972.08737911 16.39 299.118513  -3.578593 19.718
 50    19.215 53972.08737976 15.60 299.117783  -3.575283 19.718
 50    19.363 53972.08738040 15.38 299.117053  -3.571983 19.718
 50    19.754 53972.08738104 14.86 299.116323  -3.568673 19.718
 50    20.310 53972.08738169 14.15 299.115593  -3.565373 19.718
 50    21.467 53972.08738233 15.19 299.114873  -3.562063 19.718
 50    21.979 53972.08738298 14.67 299.114143  -3.558763 19.718
 52    18.979 54042.08738922 16.58 299.127029  -3.576839 21.837
 52    19.028 54042.08738986 12.63 299.126299  -3.573539 21.837
 52    18.870 54042.08739051 12.11 299.125569  -3.570239 21.837
 52    18.554 54042.08739115 12.16 299.124839  -3.566929 21.837
 52    19.441 54042.08739180 11.84 299.124119  -3.563629 21.837
 52    20.351 54042.08739244 11.10 299.123389  -3.560319 21.837
 52    21.021 54042.08739309 11.19 299.122659  -3.557019 21.837
 52    23.768 54042.08739373 18.88 299.121929  -3.553709 21.837
 53    18.376 54077.08738201 22.74 299.123778  -3.582030 15.386
 53    16.479 54077.08738266 23.08 299.123058  -3.578730 15.386
 53    16.525 54077.08738330 23.19 299.122328  -3.575420 15.386
 53    16.588 54077.08738395 23.07 299.121598  -3.572120 15.386
 53    16.426 54077.08738459 23.67 299.120868  -3.568810 15.386
 53    16.428 54077.08738524 22.85 299.120138  -3.565510 15.386
 53    16.385 54077.08738588 22.18 299.119418  -3.562200 15.386
 53    16.381 54077.08738652 21.79 299.118688  -3.558900 15.386
 53    21.527 54077.08738717 21.38 299.117958  -3.555600 15.386
 54    18.739 54112.08732226 16.96 299.122427  -3.581928 22.919
 54    18.925 54112.08732290 15.89 299.121697  -3.578618 22.919
 54    18.920 54112.08732355 16.47 299.120977  -3.575318 22.919
 54    18.917 54112.08732419 16.05 299.120247  -3.572008 22.919
 54    19.032 54112.08732484 15.35 299.119517  -3.568708 22.919
 54    18.973 54112.08732548 15.01 299.118787  -3.565398 22.919
 54    20.919 54112.08732613 14.82 299.118067  -3.562098 22.919
 54    22.089 54112.08732677 14.81 299.117337  -3.558788 22.919
 54    21.945 54112.08732742 19.81 299.116607  -3.555488 22.919
 56    20.205 54182.08731002 22.31 299.122692  -3.581376 25.416
 56    20.236 54182.08731067 19.16 299.121962  -3.578066 25.416
 56    19.889 54182.08731131 15.12 299.121232  -3.574766 25.416
 56    20.071 54182.08731196 14.34 299.120502  -3.571456 25.416
 56    20.152 54182.08731260 13.86 299.119772  -3.568156 25.416
 56    20.168 54182.08731325 14.29 299.119052  -3.564856 25.416
 56    21.244 54182.08731389 14.59 299.118322  -3.561546 25.416
 56    22.211 54182.08731454 15.68 299.117592  -3.558246 25.416
 57    22.440 54217.08733311 27.45 299.122396  -3.581447 29.176
 57    22.324 54217.08733375 21.86 299.121676  -3.578137 29.176
 57    21.975 54217.08733439 24.78 299.120946  -3.574837 29.176
 57    21.488 54217.08733504 20.96 299.120216  -3.571537 29.176
 57    22.035 54217.08733568 16.50 299.119486  -3.568227 29.176
 57    21.752 54217.08733633 18.45 299.118756  -3.564927 29.176
 57    21.815 54217.08733697 18.44 299.118026  -3.561617 29.176
 57    22.195 54217.08733762 18.89 299.117306  -3.558317 29.176
 58    24.027 54252.08735978 32.01 299.122216  -3.580730 32.417
 58    23.850 54252.08736042 30.70 299.121496  -3.577430 32.417
 58    23.578 54252.08736107 28.18 299.120766  -3.574130 32.417
 58    23.043 54252.08736171 28.62 299.120036  -3.570820 32.417
 58    22.600 54252.08736236 24.58 299.119306  -3.567520 32.417
 58    23.162 54252.08736300 24.85 299.118576  -3.564210 32.417
 58    23.648 54252.08736365 23.92 299.117856  -3.560910 32.417
 58    23.931 54252.08736429 25.37 299.117126  -3.557600 32.417
 59    24.222 54287.08736487 32.76 299.124558  -3.580251 26.388
 59    24.053 54287.08736552 27.60 299.123828  -3.576951 26.388
 59    23.707 54287.08736616 29.90 299.123108  -3.573641 26.388
 59    23.722 54287.08736681 28.26 299.122378  -3.570341 26.388
 59    24.070 54287.08736745 27.16 299.121648  -3.567031 26.388
 59    24.064 54287.08736809 26.20 299.120918  -3.563731 26.388
 59    24.107 54287.08736874 27.29 299.120188  -3.560421 26.388
 59    24.149 54287.08736938 28.16 299.119468  -3.557121 26.388
 60    22.572 54322.08736196 29.48 299.124300  -3.578703 28.648
 60    22.389 54322.08736260 26.73 299.123570  -3.575393 28.648
 60    22.499 54322.08736324 25.04 299.122850  -3.572093 28.648
 60    22.297 54322.08736389 25.74 299.122120  -3.568783 28.648
 60    22.491 54322.08736453 25.26 299.121390  -3.565483 28.648
 60    22.530 54322.08736518 24.36 299.120660  -3.562183 28.648
 60    22.543 54322.08736582 24.33 299.119930  -3.558873 28.648
 60    22.928 54322.08736647 26.14 299.119210  -3.555573 28.648
 61    19.512 54357.08732094 24.74 299.123968  -3.579957 20.546
 61    18.864 54357.08732158 19.16 299.123238  -3.576657 20.546
 61    18.168 54357.08732223 17.75 299.122508  -3.573347 20.546
 61    16.781 54357.08732287 18.79 299.121788  -3.570047 20.546
 61    16.628 54357.08732352 18.83 299.121058  -3.566747 20.546
 61    20.109 54357.08732416 17.05 299.120328  -3.563437 20.546
 61    20.985 54357.08732481 17.20 299.119598  -3.560137 20.546
 61    22.760 54357.08732545 17.88 299.118868  -3.556827 20.546
 62    18.469 54392.08730248 18.23 299.123735  -3.578695 18.268
 62    18.219 54392.08730312 13.15 299.123005  -3.575385 18.268
 62    17.768 54392.08730377 12.63 299.122275  -3.572085 18.268
 62    17.830 54392.08730441 13.19 299.121555  -3.568775 18.268
 62    19.437 54392.08730506 12.75 299.120825  -3.565475 18.268
 62    20.185 54392.08730570 12.69 299.120095  -3.562175 18.268
 62    20.707 54392.08730635 12.26 299.119365  -3.558865 18.268
 62    21.001 54392.08730699 19.70 299.118635  -3.555565 18.268
 63    15.549 54427.08727053 21.29 299.124481  -3.581277 26.319
 63    15.561 54427.08727118 21.27 299.123762  -3.577965 22.699
 63    15.328 54427.08727182 21.33 299.123032  -3.574665 22.699
 63    15.419 54427.08727247 21.45 299.122302  -3.571365 22.699
 63    15.336 54427.08727311 20.35 299.121572  -3.568055 22.699
 63    15.294 54427.08727376 19.96 299.120842  -3.564745 22.699
 63    15.189 54427.08727440 19.49 299.120122  -3.561445 22.699
 63    20.285 54427.08727505 18.49 299.119392  -3.558145 22.699
 63    20.929 54427.08727569 21.63 299.118662  -3.554835 22.699
 64    18.289 54462.08727968 18.64 299.124461  -3.580272 22.826
 64    17.927 54462.08728033 17.57 299.123731  -3.576962 22.826
 64    17.628 54462.08728097 17.83 299.123001  -3.573662 22.826
 64    17.642 54462.08728162 17.77 299.122281  -3.570362 22.826
 64    17.685 54462.08728226 17.74 299.121551  -3.567052 22.826
 64    17.889 54462.08728291 17.52 299.120821  -3.563752 22.826
 64    17.963 54462.08728355 17.43 299.120091  -3.560442 22.826
 64    22.637 54462.08728420 18.11 299.119361  -3.557142 22.826
 65    20.515 54497.08727836 29.68 299.124726  -3.581457 34.086
 65    19.868 54497.08727901 21.17 299.124006  -3.578147 34.086
 65    19.224 54497.08727965 16.69 299.123276  -3.574847 34.086
 65    19.972 54497.08728030 14.48 299.122546  -3.571547 34.086
 65    19.881 54497.08728094 13.84 299.121816  -3.568237 34.086
 65    19.999 54497.08728159 14.63 299.121086  -3.564937 34.086
 65    20.408 54497.08728223 15.01 299.120357  -3.561626 37.746
 65    21.144 54497.08728288 15.51 299.119637  -3.558326 37.746
 65    23.175 54497.08728352 17.77 299.118907  -3.555016 37.746
 66    21.796 54532.08729268 35.07 299.125390  -3.580200 43.454
 66    21.588 54532.08729332 23.09 299.124660  -3.576890 43.454
 66    20.983 54532.08729396 22.75 299.123930  -3.573590 43.454
 66    20.614 54532.08729461 18.27 299.123207  -3.570280 34.800
 66    20.800 54532.08729525 15.67 299.122477  -3.566980 34.800
 66    21.224 54532.08729590 15.69 299.121747  -3.563670 34.800
 66    21.111 54532.08729654 16.66 299.121017  -3.560370 34.800
 66    22.695 54532.08729719 17.03 299.120297  -3.557060 34.800
 67    23.009 54567.08728389 30.21 299.123364  -3.580003 34.093
 67    22.813 54567.08728454 24.30 299.122634  -3.576703 34.093
 67    22.582 54567.08728518 25.07 299.121904  -3.573393 34.093
 67    22.254 54567.08728583 23.56 299.121184  -3.570093 34.093
 67    22.826 54567.08728647 20.34 299.120449  -3.566782 36.636
 67    22.952 54567.08728712 20.06 299.119729  -3.563482 36.636
 67    22.982 54567.08728776 19.45 299.118999  -3.560172 36.636
 67    23.082 54567.08728841 20.93 299.118269  -3.556872 36.636
 68    23.920 54602.08728886 31.20 299.122745  -3.579757 31.266
 68    23.741 54602.08728950 29.88 299.122015  -3.576457 31.266
 68    23.339 54602.08729015 28.33 299.121285  -3.573147 31.266
 68    22.813 54602.08729079 26.49 299.120555  -3.569847 31.266
 68    22.099 54602.08729144 25.56 299.119825  -3.566537 31.266
 68    22.635 54602.08729208 22.27 299.119105  -3.563237 31.266
 68    23.657 54602.08729273 21.36 299.118375  -3.559937 31.266
 68    23.805 54602.08729337 23.58 299.117645  -3.556627 31.266
 69    24.516 54637.08729978 31.22 299.122104  -3.580725 37.429
 69    24.310 54637.08730043 29.88 299.121374  -3.577415 37.429
 69    23.843 54637.08730107 30.86 299.120644  -3.574115 37.429
 69    23.491 54637.08730171 27.02 299.119923  -3.570803 35.376
 69    22.913 54637.08730236 26.85 299.119193  -3.567503 35.376
 69    23.552 54637.08730300 25.77 299.118463  -3.564203 35.376
 69    24.321 54637.08730365 22.78 299.117733  -3.560893 35.376
 69    24.458 54637.08730429 27.89 299.117003  -3.557593 35.376
 70    23.776 54672.08730273 41.45 299.122703  -3.582970 25.918
 70    23.577 54672.08730338 32.93 299.121973  -3.579670 25.918
 70    23.429 54672.08730402 32.30 299.121243  -3.576360 25.918
 70    23.443 54672.08730467 31.67 299.120513  -3.573060 25.918
 70    23.418 54672.08730531 29.87 299.119793  -3.569750 27.981
 70    23.343 54672.08730596 29.91 299.119063  -3.566450 27.981
 70    23.267 54672.08730660 29.24 299.118333  -3.563140 27.981
 70    23.276 54672.08730724 28.81 299.117603  -3.559840 27.981
 70    23.351 54672.08730789 28.05 299.116873  -3.556530 27.981
 71    20.536 54707.08726329 26.74 299.124697  -3.579557 36.591
 71    19.470 54707.08726393 22.81 299.123967  -3.576257 36.591
 71    19.839 54707.08726457 15.31 299.123237  -3.572947 36.591
 71    20.306 54707.08726522 13.48 299.122517  -3.569647 36.591
 71    20.001 54707.08726586 13.68 299.121780  -3.566335 32.946
 71    20.382 54707.08726651 13.72 299.121060  -3.563035 32.946
 71    22.432 54707.08726715 14.53 299.120330  -3.559735 32.946
 71    23.112 54707.08726780 18.96 299.119600  -3.556425 32.946
 72    19.232 54742.08726798 20.47 299.123815  -3.581654 26.578
 72    19.104 54742.08726862 16.07 299.123085  -3.578344 26.578
 72    18.655 54742.08726927 14.69 299.122355  -3.575044 26.578
 72    18.063 54742.08726991 14.73 299.121632  -3.571732 23.617
 72    16.744 54742.08727056 14.13 299.120902  -3.568432 23.617
 72    15.432 54742.08727120 14.52 299.120172  -3.565132 23.617
 72    20.005 54742.08727185 14.32 299.119442  -3.561822 23.617
 72    22.490 54742.08727249 14.54 299.118722  -3.558512 23.617
 72    21.069 54742.08727314 22.70 299.117992  -3.555212 23.617
 73    18.622 54777.08724399 20.30 299.124775  -3.578676 26.251
 73    14.884 54777.08724464 20.84 299.124045  -3.575376 26.251
 73    14.851 54777.08724528 21.04 299.123315  -3.572066 26.251
 73    14.787 54777.08724593 21.45 299.122595  -3.568766 26.251
 73    14.741 54777.08724657 20.91 299.121857  -3.565455 27.160
 73    14.758 54777.08724721 21.23 299.121137  -3.562155 27.160
 73    14.820 54777.08724786 20.23 299.120407  -3.558845 27.160
 73    23.212 54777.08724850 19.04 299.119677  -3.555545 27.160
 74    18.672 54812.08726116 15.71 299.123916  -3.580713 27.859
 74    18.375 54812.08726180 14.88 299.123186  -3.577413 27.859
 74    17.871 54812.08726245 14.61 299.122456  -3.574103 27.859
 74    17.386 54812.08726309 14.52 299.121726  -3.570803 27.859
 74    17.227 54812.08726374 13.63 299.121000  -3.567494 28.802
 74    17.217 54812.08726438 13.91 299.120270  -3.564194 28.802
 74    20.858 54812.08726502 13.63 299.119540  -3.560884 28.802
 74    22.912 54812.08726567 13.51 299.118810  -3.557584 28.802
 75    19.333 54847.08724453 25.18 299.123475  -3.581179 33.246
 75    18.755 54847.08724517 16.64 299.122745  -3.577869 33.246
 75    19.049 54847.08724582 14.46 299.122015  -3.574569 33.246
 75    18.995 54847.08724646 14.87 299.121295  -3.571269 33.246
 75    19.126 54847.08724711 14.72 299.120557  -3.567957 34.235
 75    19.290 54847.08724775 13.90 299.119837  -3.564657 34.235
 75    21.123 54847.08724840 14.62 299.119107  -3.561347 34.235
 75    21.650 54847.08724904 15.49 299.118377  -3.558047 34.235
 75    21.674 54847.08724969 20.19 299.117647  -3.554737 34.235
 76    21.898 54882.08726445 25.55 299.122642  -3.581450 41.236
 76    15.002 54882.08726510 23.99 299.121912  -3.578140 41.236
 76    21.387 54882.08726574 15.98 299.121182  -3.574840 41.236
 76    21.444 54882.08726639 15.86 299.120458  -3.571528 33.885
 76    21.630 54882.08726703 15.24 299.119728  -3.568228 33.885
 76    21.697 54882.08726768 15.77 299.118998  -3.564928 33.885
 76    21.845 54882.08726832 16.53 299.118268  -3.561618 33.885
 76    22.359 54882.08726897 17.93 299.117548  -3.558318 33.885
 77    23.538 54917.08724662 28.68 299.121596  -3.582961 38.081
 77    23.469 54917.08724726 24.20 299.120866  -3.579651 38.081
 77    23.123 54917.08724791 21.42 299.120136  -3.576351 38.081
 77    22.732 54917.08724855 27.27 299.119406  -3.573041 38.081
 77    22.285 54917.08724920 21.01 299.118686  -3.569741 38.081
 77    21.557 54917.08724984 21.84 299.117951  -3.566431 32.953
 77    22.321 54917.08725048 20.61 299.117231  -3.563131 32.953
 77    23.055 54917.08725113 20.66 299.116501  -3.559821 32.953
 77    23.381 54917.08725177 23.12 299.115771  -3.556521 32.953
 78    24.978 54952.08725888 29.64 299.121989  -3.580008 25.372
 78    24.841 54952.08725953 29.68 299.121269  -3.576708 25.372
 78    24.621 54952.08726017 28.36 299.120539  -3.573398 25.372
 78    24.632 54952.08726082 28.12 299.119809  -3.570098 25.372
 78    24.709 54952.08726146 27.99 299.119079  -3.566788 25.372
 78    24.793 54952.08726211 27.61 299.118349  -3.563488 25.372
 78    24.759 54952.08726275 28.06 299.117619  -3.560188 25.372
 78    24.855 54952.08726339 29.17 299.116899  -3.556878 25.372
 79    25.562 54987.08728276 35.13 299.121409  -3.583735 43.548
 79    25.425 54987.08728341 33.51 299.120679  -3.580425 43.548
 79    25.167 54987.08728405 34.40 299.119949  -3.577125 43.548
 79    24.737 54987.08728470 30.69 299.119226  -3.573813 40.076
 79    24.026 54987.08728534 29.26 299.118496  -3.570513 40.076
 79    23.871 54987.08728598 29.82 299.117766  -3.567213 40.076
 79    25.096 54987.08728663 26.67 299.117036  -3.563903 40.076
 79    25.326 54987.08728727 30.34 299.116306  -3.560603 40.076
 79    25.701 54987.08728792 34.01 299.115586  -3.557293 40.076
 80    25.813 55022.08727549 36.31 299.124647  -3.579712 41.708
 80    25.680 55022.08727614 30.78 299.123917  -3.576402 41.708
 80    25.360 55022.08727678 30.50 299.123187  -3.573102 41.708
 80    24.775 55022.08727743 27.04 299.122467  -3.569791 39.190
 80    24.460 55022.08727807 28.25 299.121737  -3.566491 39.190
 80    24.995 55022.08727872 27.88 299.121007  -3.563181 39.190
 80    25.453 55022.08727936 29.38 299.120277  -3.559881 39.190
 80    25.696 55022.08728000 32.81 299.119547  -3.556571 39.190
 81    24.488 55057.08727218 31.08 299.123541  -3.579212 37.645
 81    24.276 55057.08727282 27.62 299.122811  -3.575902 37.645
 81    24.216 55057.08727346 24.77 299.122081  -3.572602 37.645
 81    24.225 55057.08727411 24.95 299.121361  -3.569292 38.904
 81    24.324 55057.08727475 24.31 299.120631  -3.565992 38.904
 81    24.353 55057.08727540 23.98 299.119901  -3.562682 38.904
 81    24.358 55057.08727604 26.50 299.119171  -3.559382 38.904
 81    24.339 55057.08727669 32.60 299.118441  -3.556072 38.904
 82    20.528 55092.08722819 25.63 299.123011  -3.582701 31.121
 82    20.329 55092.08722883 21.15 299.122281  -3.579391 31.121
 82    20.017 55092.08722948 16.99 299.121551  -3.576081 31.121
 82    20.355 55092.08723012 15.71 299.120821  -3.572781 31.121
 82    20.352 55092.08723077 13.95 299.120101  -3.569481 31.121
 82    20.477 55092.08723141 14.12 299.119365  -3.566168 31.315
 82    21.049 55092.08723206 14.26 299.118645  -3.562868 31.315
 82    21.980 55092.08723270 15.35 299.117915  -3.559568 31.315
 82    22.237 55092.08723335 19.42 299.117185  -3.556258 31.315
 83    19.113 55127.08721114 24.46 299.123926  -3.580937 23.202
 83    14.413 55127.08721178 24.20 299.123196  -3.577627 23.202
 83    14.444 55127.08721243 23.87 299.122466  -3.574327 23.202
 83    14.356 55127.08721307 24.73 299.121744  -3.571016 19.377
 83    14.370 55127.08721372 24.39 299.121014  -3.567716 19.377
 83    14.357 55127.08721436 24.19 299.120284  -3.564406 19.377
 83    14.379 55127.08721501 23.07 299.119554  -3.561106 19.377
 83    20.475 55127.08721565 22.40 299.118834  -3.557806 19.377
 84    12.598 55162.08718915 19.64 299.123425  -3.581712 24.431
 84    12.344 55162.08718979 20.23 299.122695  -3.578402 24.431
 84    12.378 55162.08719044 20.90 299.121965  -3.575102 24.431
 84    12.385 55162.08719108 21.80 299.121235  -3.571792 24.431
 84    12.348 55162.08719173 20.98 299.120505  -3.568492 24.431
 84    12.270 55162.08719237 20.28 299.119777  -3.565182 11.662
 84    12.187 55162.08719302 19.15 299.119057  -3.561882 11.662
 84    20.500 55162.08719366 18.56 299.118327  -3.558572 11.662
 84    21.241 55162.08719430 21.72 299.117597  -3.555272 11.662
 85    17.291 55197.08720215 42.35 299.123577  -3.582344 30.551
 85    17.263 55197.08720280 37.69 299.122847  -3.579034 30.551
 85    17.251 55197.08720344 41.66 299.122117  -3.575734 30.551
 85    17.273 55197.08720409 44.88 299.121392  -3.572423 23.280
 85    17.268 55197.08720473 43.21 299.120662  -3.569123 23.280
 85    17.295 55197.08720538 43.78 299.119932  -3.565813 23.280
 85    17.303 55197.08720602 41.20 299.119202  -3.562513 23.280
 85    17.251 55197.08720667 41.72 299.118482  -3.559213 23.280
 85    17.259 55197.08720731 39.42 299.117752  -3.555903 23.280
 86    18.497 55232.08719319 20.34 299.122529  -3.581079 30.312
 86    18.655 55232.08719384 16.75 299.121799  -3.577769 30.312
 86    18.671 55232.08719448 16.13 299.121069  -3.574469 30.312
 86    18.650 55232.08719513 16.12 299.120349  -3.571169 30.312
 86    18.719 55232.08719577 15.53 299.119613  -3.567856 33.445
 86    18.830 55232.08719642 14.71 299.118893  -3.564556 33.445
 86    20.111 55232.08719706 15.13 299.118163  -3.561256 33.445
 86    22.486 55232.08719771 15.27 299.117433  -3.557946 33.445
 87    19.976 55267.08719688 23.11 299.123846  -3.580009 30.662
 87    20.009 55267.08719752 21.82 299.123116  -3.576699 30.662
 87    20.053 55267.08719817 21.09 299.122386  -3.573399 30.662
 87    20.034 55267.08719881 21.39 299.121664  -3.570090 32.019
 87    20.062 55267.08719946 21.02 299.120934  -3.566790 32.019
 87    20.024 55267.08720010 20.90 299.120204  -3.563480 32.019
 87    20.127 55267.08720075 20.28 299.119474  -3.560180 32.019
 87    20.862 55267.08720139 20.66 299.118744  -3.556870 32.019
 88    21.973 55302.08717413 27.37 299.124236  -3.580424 30.136
 88    21.254 55302.08717478 22.24 299.123506  -3.577114 30.136
 88    20.839 55302.08717542 19.12 299.122776  -3.573814 30.136
 88    21.278 55302.08717606 17.40 299.122046  -3.570504 30.136
 88    21.462 55302.08717671 16.98 299.121326  -3.567204 30.136
 88    21.655 55302.08717735 16.95 299.120591  -3.563893 35.346
 88    21.764 55302.08717800 17.39 299.119871  -3.560593 35.346
 88    22.610 55302.08717864 18.28 299.119141  -3.557283 35.346
 89    23.660 55337.08717230 29.30 299.122910  -3.580638 22.256
 89    23.588 55337.08717294 29.69 299.122180  -3.577328 22.256
 89    23.561 55337.08717359 30.66 299.121450  -3.574028 22.256
 89    23.601 55337.08717423 29.39 299.120730  -3.570718 22.256
 89    23.695 55337.08717488 30.10 299.120000  -3.567418 22.256
 89    23.698 55337.08717552 29.87 299.119270  -3.564108 22.256
 89    23.598 55337.08717617 29.71 299.118540  -3.560808 22.256
 89    23.603 55337.08717681 29.85 299.117810  -3.557498 22.256
 90    24.050 55372.08716140 38.88 299.124632  -3.581219 32.201
 90    23.987 55372.08716205 32.24 299.123902  -3.577919 32.201
 90    23.738 55372.08716269 27.76 299.123172  -3.574609 32.201
 90    23.758 55372.08716334 27.18 299.122442  -3.571309 32.201
 90    23.841 55372.08716398 26.58 299.121722  -3.567997 34.683
 90    23.950 55372.08716462 27.47 299.120992  -3.564697 34.683
 90    24.002 55372.08716527 27.54 299.120262  -3.561387 34.683
 90    23.933 55372.08716591 27.82 299.119532  -3.558087 34.683
 90    24.019 55372.08716656 29.62 299.118802  -3.554787 34.683
 91    22.269 55407.08718174 33.62 299.124940  -3.579711 36.821
 91    22.012 55407.08718239 25.13 299.124210  -3.576401 36.821
 91    21.717 55407.08718303 25.06 299.123480  -3.573101 36.821
 91    21.983 55407.08718368 25.07 299.122757  -3.569792 32.146
 91    22.219 55407.08718432 24.79 299.122027  -3.566492 32.146
 91    22.162 55407.08718497 26.06 299.121297  -3.563182 32.146
 91    22.298 55407.08718561 25.22 299.120567  -3.559882 32.146
 91    22.347 55407.08718626 25.57 299.119837  -3.556572 32.146
 92    16.714 55442.08718138 27.57 299.123611  -3.579060 17.470
 92    16.663 55442.08718203 28.35 299.122881  -3.575760 17.470
 92    16.650 55442.08718267 28.77 299.122151  -3.572460 17.470
 92    16.616 55442.08718332 29.34 299.121422  -3.569148 20.327
 92    16.628 55442.08718396 29.64 299.120702  -3.565848 20.327
 92    16.708 55442.08718461 28.57 299.119972  -3.562538 20.327
 92    16.684 55442.08718525 28.03 299.119242  -3.559238 20.327
 92    16.655 55442.08718589 27.57 299.118512  -3.555938 20.327
 93    11.347 55477.08712187 18.90 299.124620  -3.581237 24.680
 93    11.458 55477.08712252 19.34 299.123890  -3.577937 24.680
 93    11.386 55477.08712316 19.54 299.123160  -3.574627 24.680
 93    11.369 55477.08712381 20.48 299.122430  -3.571327 24.680
 93    11.261 55477.08712445 21.09 299.121710  -3.568027 24.680
 93    11.390 55477.08712510 20.87 299.120975  -3.564714 11.331
 93    11.395 55477.08712574 19.48 299.120255  -3.561414 11.331
 93    20.441 55477.08712639 18.67 299.119525  -3.558114 11.331
 93    21.543 55477.08712703 19.76 299.118795  -3.554804 11.331
